RetentionTime	Intensity
0.00542333333333333	4518775.85681152
0.0435	4515527.99310303
0.0870383333333333	4360846.42999268
0.13231	4644076.72302246
0.178328333333333	5263813.21508789
0.22473	4651327.1829834
0.271245	3742776.05847168
0.318166666666667	4049180.90093994
0.364613333333333	4733517.49145508
0.410091666666667	4730391.84112549
0.45638	4635730.9932251
0.502928333333333	4463496.73199463
0.549555	4532945.50024414
0.59597	4732825.43621826
0.64238	4569654.66162109
0.688926666666667	4624989.07714844
0.735361666666667	5437092.26855469
0.782161666666667	4605490.2868042
0.828703333333333	3992609.37927246
0.875528333333333	3658980.22540283
0.922473333333333	3538808.16351318
0.96974	4176268.86376953
1.01692166666667	3683228.5993042
1.05804	3674259.1015625
1.10169833333333	3517952.08282471
1.14873166666667	3668427.55670166
1.19556	4181517.06872559
1.24166666666667	3739248.24224854
1.288065	5362293.0123291
1.33419333333333	4393488.82684326
1.38104333333333	3938120.15911865
1.427785	3775330.07061768
1.47442	4651545.77966309
1.52134666666667	3484024.36987305
1.56851666666667	4397893.10388184
1.615005	3994914.19158936
1.6617	3410479.12524414
1.70875333333333	4798119.75524902
1.75544	3820734.90509033
1.80277833333333	4167838.70819092
1.8498	3979808.07324219
1.89661666666667	4393536.8145752
1.943445	5777770.76513672
1.99	4596452.72003174
2.03682666666667	5012750.19665527
2.07444333333333	5057325.9230957
2.11871333333333	4104371.37231445
2.16413166666667	5310453.06738281
2.21062666666667	5171830.2064209
2.25648333333333	6657168.88879395
2.302555	5395630.61401367
2.34955333333333	5356670.35479736
2.39610333333333	6101963.37902832
2.44261333333333	5221013.5604248
2.488525	5592357.74108887
2.53476166666667	5543514.89111328
2.580855	6076297.65881348
2.62738166666667	4651731.26208496
2.67433333333333	4696077.98144531
2.72053833333333	5142669.90258789
2.76747166666667	5187466.72491455
2.81417666666667	5383718.70556641
2.86067166666667	4815382.08288574
2.90698666666667	4504549.42102051
2.95374	4699492.88140869
2.99993666666667	5887196.02832031
3.04687333333333	5672076.64074707
3.08354166666667	5010365.27661133
3.12771166666667	5153607.66748047
3.17391166666667	5258145.04034424
3.220915	5265952.34527588
3.266975	4853754.86358643
3.31330166666667	5022541.94500732
3.35995666666667	5512725.82122803
3.40646833333333	5866323.42871094
3.45298833333333	5345354.84289551
3.49884	5686624.6751709
3.54559833333333	5121162.81481934
3.59292666666667	5640686.63665771
3.63896166666667	5278914.34985352
3.685435	5729216.27880859
3.731295	5358203.04498291
3.77758833333333	5096015.31958008
3.82431833333333	4745545.2321167
3.87008833333333	4940086.39123535
3.91611	4741677.65435791
3.96334666666667	5620176.8458252
4.00784	4969185.92669678
4.05467833333333	5636608.49749756
4.090765	7060075.64929199
4.13497833333333	5681047.00268555
4.18129833333333	5163309.69989014
4.22736333333333	6653335.53027344
4.27328166666667	6486302.39074707
4.319635	5334093.10449219
4.36596	6493399.66448975
4.41238166666667	6055396.98345947
4.45900666666667	4346157.0569458
4.50569666666667	5265091.86401367
4.5521	6329706.57666016
4.59862	5093649.61199951
4.645595	5634836.89544678
4.69207833333333	6112149.82641602
4.73878	4991614.19073486
4.785335	6278510.26452637
4.83145333333333	6436044.21350098
4.87687166666667	5921556.18817139
4.92286833333333	6632673.0012207
4.96802333333333	4629968.77386475
5.01251666666667	5273189.32019043
5.05902666666667	4545711.62316895
5.09960166666667	6223117.22583008
5.14395833333333	5467282.13964844
5.190335	6655167.22338867
5.235225	4803145.31964111
5.28124166666667	4600864.95306396
5.32746833333333	4511720.20947266
5.37425166666667	5519216.1652832
5.42055666666667	5024227.35546875
5.46736166666667	5674315.04321289
5.51395833333333	5582187.24816895
5.56025	4320013.35327148
5.60724166666667	5281887.61987305
5.65355833333333	5245578.14990234
5.69973333333333	4727363.55291748
5.74608833333333	5532327.26757813
5.79277166666667	5283180.48980713
5.83968166666667	3895587.70147705
5.885545	4397839.73565674
5.93148	4390667.14105225
5.97751833333333	4948863.10778809
6.021555	5045686.05938721
6.06757166666667	5832818.93383789
6.108975	6844748.41125488
6.15289833333333	10435632.677124
6.19962	10935178.8267822
6.24368666666667	12840038.0899658
6.28707166666667	19085617.1096191
6.327955	20612768.0617676
6.36986833333333	23072689.345459
6.41327166666667	25988429.6726074
6.45694166666667	30239690.7661133
6.49581333333333	32448918.8007813
6.54257	34337584.6367188
6.58235	36500880.0258789
6.62732166666667	39556908.1435547
6.67151833333333	38978200.0131836
6.71152	44754502.9257813
6.74950166666667	62597980.1884766
6.79122833333333	52501844.3476563
6.83540666666667	61615503.0009766
6.877875	68931013.6147461
6.91291	78805559.2011719
6.95183333333333	79399796.2978516
6.99252666666667	72061223.8466797
7.02700666666667	82664046.6787109
7.05498	79699708.8701172
7.091095	79762100.8251953
7.125495	86311617.7470703
7.15992166666667	85951387.7265625
7.19323666666667	102183600.041016
7.23445833333333	103830479.075195
7.26654666666667	103265288.201172
7.30399	108816397.166016
7.33832666666667	105960021.499023
7.373405	112064202.399414
7.41366666666667	105230582.866211
7.45415	106464920.475586
7.48969	101470657.930664
7.526205	106766957.541992
7.56695833333333	101386330.433594
7.60205666666667	105777341.816406
7.64244333333333	120805383.092773
7.67989	117675194.831055
7.71728666666667	126940021.436523
7.759135	140067383.621094
7.79519666666667	129444583.307617
7.83756333333333	145879137.951172
7.875505	139741840.386719
7.91573833333333	139247189.730469
7.94890833333333	140429963.319336
7.983495	131608987.355469
8.02071666666667	126583493.848633
8.05493166666667	130454498.470703
8.08876666666667	145439142.766602
8.12607333333333	137801431
8.16196	147688113.134766
8.19566833333333	148368920.892578
8.23085	148831328.704102
8.26747666666667	139836803.775391
8.30592666666667	155383161.193359
8.33852333333333	150074305.701172
8.37528	138431836.119141
8.410415	143611281.419922
8.4489	139091371.015625
8.487035	152615597.064453
8.52122666666667	162181529.998047
8.55801833333333	184490409.480469
8.59473166666667	196913685.806641
8.62714833333333	226197454.828125
8.66345833333333	227462186.166016
8.69608833333333	231509495.595703
8.73131166666667	226350298.476563
8.76835833333333	218459290.699219
8.80591833333333	230521616.873047
8.842865	228836787.236328
8.88381333333333	259966730.443359
8.92146333333333	261400700.21875
8.95684666666667	245459948.724609
8.99041833333333	263341609.142578
9.02558666666667	259223148.320313
9.0438	270828699.677734
9.08659166666667	273110942.501953
9.12180833333333	254079860.373047
9.15393666666667	293258385.261719
9.19115666666667	293531398.898438
9.22310833333333	298321815.765625
9.258285	333127914.222656
9.29164666666667	354711189.5
9.328215	390906863.515625
9.363365	453827198.394531
9.39636333333333	503036062.53125
9.432355	511896793.34375
9.46517666666667	506108027.105469
9.50154666666667	506902293.460938
9.534845	514731484.875
9.57081	514979749.558594
9.60463166666667	424309420.617188
9.63533833333333	525418897.554688
9.67041	540456688.0625
9.70316	540406854.574219
9.737015	539367146.058594
9.773595	520553028.160156
9.80569166666667	441047571.773438
9.84075166666667	476545886.453125
9.87396333333333	456372628.410156
9.90652	548695391.339844
9.94150666666667	584239278.527344
9.97753166666667	576357316.683594
10.0136966666667	595298047.726563
10.0464983333333	664553272.601563
10.0816816666667	612324682.511719
10.1148983333333	760395753.015625
10.14767	809181122.328125
10.1799016666667	903598705.398438
10.21261	984497192.34375
10.2469166666667	895601943.886719
10.2764633333333	1105042178.09375
10.3101283333333	1054740074.07813
10.344585	1060610725.25
10.378335	1036199351.3125
10.4134133333333	1044435939.49219
10.44707	994014694.007813
10.4780466666667	1002963058.25781
10.5121683333333	841658408.515625
10.54273	941530529.070313
10.5770416666667	905842836.789063
10.6111833333333	842998023.84375
10.642745	862650217.726563
10.6760383333333	873235306.007813
10.7098016666667	828904136.882813
10.744195	770536592.96875
10.7789183333333	880834387.507813
10.8120216666667	822128439.492188
10.8441783333333	876924260.164063
10.8770066666667	964221224.9375
10.9118983333333	931597177.5625
10.9459183333333	926127863.015625
10.9806816666667	1023425554
11.01224	1040446231.89844
11.04462	1159368753.03906
11.07527	1149646094.67188
11.1068966666667	1105180564.625
11.139	1049581416.70313
11.1733583333333	1325622173.15625
11.20317	1253796066.61719
11.2361683333333	1382018645.99219
11.26881	1387223727.83594
11.3016666666667	1313653501
11.335865	1515629128.59375
11.3683316666667	1397317863.79688
11.40101	1455800430.67969
11.43456	1569361025.5
11.467125	1461577532.89844
11.4993483333333	1525776812.84375
11.5324716666667	1718191342.48438
11.5644566666667	1632278022.59375
11.5984683333333	1687025662.10938
11.6316516666667	1718264303.17188
11.665415	1684117288.03125
11.6986583333333	1972484254.625
11.7306566666667	1631343206.45313
11.7643066666667	1743792882.04688
11.79807	1757516399.875
11.83056	1810399407.76563
11.86437	1931645979.82813
11.8974133333333	1953571619.21875
11.9306666666667	2176168328.03125
11.963555	1906674832.48438
11.99719	2407214890.46875
12.0303966666667	2530121362.9375
12.0635433333333	2898097482.21875
12.0957333333333	2888375214.01563
12.12941	3174364079.125
12.1615433333333	3101723722.51563
12.1936633333333	3294786253.1875
12.2247566666667	3231637173.17188
12.256715	3438155702.82813
12.2899633333333	3499787772.35938
12.322305	3554891324.92188
12.3538233333333	3597017461.71875
12.38778	3424925060.14063
12.4220566666667	3400669041.79688
12.4538066666667	3367240696.54688
12.48757	3519087332.98438
12.5211716666667	3727260540.67188
12.55379	3391917055.98438
12.5866433333333	3513387710.03125
12.6189166666667	3449140297.96875
12.65248	3387358184.95313
12.685175	3522898655.29688
12.7171466666667	3393592109
12.751215	3279533675.4375
12.7819816666667	3151664844.92188
12.8149933333333	3113789498.70313
12.8467733333333	3108811519.84375
12.8784516666667	2966485445.96875
12.9115383333333	3026412586.01563
12.9444383333333	2876275368.0625
12.97672	2937936126.1875
13.0079883333333	2830275800.3125
13.0403983333333	2775572206.07813
13.0715116666667	2642410796.59375
13.1047166666667	2708943614.84375
13.137155	2562426937.1875
13.17091	2711820575.3125
13.2027366666667	2664456481.70313
13.2369833333333	2603306617.53125
13.2696316666667	2633535465.45313
13.3011566666667	2740900115.6875
13.33231	2689643877.79688
13.3634666666667	2692867427.54688
13.3945866666667	3096692423.85938
13.4265966666667	3149849041.96875
13.4608316666667	3112561798.9375
13.4925683333333	3235904019.90625
13.52602	3202670321.32813
13.5579416666667	3333206079.20313
13.5903633333333	3173607651.03125
13.6222466666667	3242763789.29688
13.6558866666667	3141936628.15625
13.6888516666667	3180336047.67188
13.722905	3063994880.59375
13.75453	3070100355.1875
13.78914	3033088262.98438
13.8203583333333	3212219201.09375
13.85415	3189487547.82813
13.8858783333333	3177867428.90625
13.9181816666667	3225929118.10938
13.95186	2937136807.82813
13.98489	3037780474.14063
14.0178516666667	3099069704.07813
14.0493583333333	3344438702.89063
14.082175	3296025085.1875
14.1142233333333	2884826600.48438
14.147075	3640638719.59375
14.18038	2946026566.07813
14.21296	2927559669.17188
14.24395	2870415146.03125
14.276515	2803519822.39063
14.3097266666667	3054994192.25
14.3417783333333	2877886956.79688
14.3736833333333	2973287973.75
14.4065883333333	2696299115.48438
14.43862	2757549422.59375
14.47006	2729943406.67188
14.5032966666667	2533100446
14.5367633333333	2514298802.35938
14.5702633333333	2359077213.32813
14.6026683333333	2465318561.53125
14.6340766666667	2441683106.84375
14.66573	2345023885.76563
14.6963566666667	2180695027.65625
14.7285266666667	2133823922.60938
14.761715	2330142108.14063
14.7942983333333	2433165648.82813
14.827485	2320561896.21875
14.859645	2163048535.65625
14.8933733333333	2469852292.4375
14.9260566666667	2515072752.46875
14.9585016666667	2435139734.10938
14.9912766666667	2491796182
15.0251466666667	2394614340.3125
15.0561133333333	2865700207.125
15.0897466666667	2578910565.29688
15.120125	2738140807.39063
15.1507833333333	2623246207.35938
15.1827766666667	3049203555.45313
15.2141016666667	2966517353.78125
15.245755	3069498804.73438
15.27812	3032344278.73438
15.3119933333333	3154621996.01563
15.3438833333333	3248398134.53125
15.3749733333333	3178426074.45313
15.4071033333333	3496847062.1875
15.4399583333333	3509072720.9375
15.472665	3410098230.60938
15.50456	3587355760.17188
15.537415	3588786617.03125
15.569855	3398169666.04688
15.6011816666667	3640810585.85938
15.6309816666667	3200320963.0625
15.6637933333333	3509958434.95313
15.697355	3389469447.84375
15.7293883333333	3581764310.65625
15.76077	3544111098.01563
15.7925216666667	3060714145.73438
15.8223466666667	3158400763.85938
15.8547633333333	2950415748.28125
15.8855066666667	3216199873.78125
15.91595	3098442078.92188
15.9479316666667	2991220796.73438
15.977135	2756926547.17188
16.0092733333333	2746258086.53125
16.0418783333333	3132769632.3125
16.073545	3042458450.8125
16.10498	3538551300.75
16.1359983333333	3246342068.0625
16.1675466666667	3099930248.34375
16.2003866666667	3119926412.21875
16.2322616666667	3039884119.125
16.266715	3070155126.92188
16.2982233333333	3009150748.625
16.330095	2931742380.82813
16.36085	2796564327.67188
16.3919933333333	2987944682.04688
16.4215383333333	3014751573.89063
16.452175	2905808284.85938
16.4840566666667	3069172168.1875
16.5151316666667	3079390985.76563
16.5444833333333	2997825398.875
16.57584	2881562936.17188
16.6071133333333	2865413146.875
16.6391566666667	3059562442.14063
16.6708883333333	3073594793.40625
16.7023916666667	3129090131.54688
16.733615	3315535868.71875
16.7649816666667	3083331894.125
16.797585	3086082278.78125
16.8287166666667	3124805483.9375
16.8589533333333	3323466037
16.8914083333333	3466668277.14063
16.9235466666667	3539596619.10938
16.953045	3522005784.25
16.9861183333333	3334111659.375
17.016625	3721214670.73438
17.0484616666667	3654502482.65625
17.080905	3613000951.1875
17.1116633333333	3712927860.21875
17.1432583333333	3786064605.01563
17.175485	3967410510.23438
17.2055516666667	3827394508.85938
17.2372816666667	3979285996.15625
17.2709716666667	4012034702.4375
17.3033466666667	3927237936.60938
17.334895	4066646072.17188
17.3666783333333	3857217015.76563
17.400305	3791252509.9375
17.4311683333333	3809594394.96875
17.4636583333333	4043155373.3125
17.496665	3568619360.70313
17.5277533333333	3674222935.48438
17.5582416666667	3437512993.09375
17.58849	3395678898.28125
17.61965	3378191392.1875
17.650045	3289213310.1875
17.681835	3373825233.67188
17.7116233333333	3286330706.79688
17.7426866666667	3543839956.07813
17.7730966666667	3486947722.76563
17.8045766666667	3660392282.59375
17.8371266666667	3841705271.54688
17.8691283333333	3587491909.40625
17.9009766666667	3865702443.96875
17.9331966666667	3658467392.98438
17.9643216666667	3477758584.96875
17.9963466666667	3660634273.78125
18.0275533333333	3621550023.40625
18.0577283333333	3574627604.125
18.0897266666667	3236554039.84375
18.12133	3202131517.92188
18.153855	3143681360.64063
18.1841433333333	3232530545.92188
18.2153983333333	3129869234.5
18.2465766666667	3566286277.03125
18.27976	3261801231.76563
18.3101233333333	3353979330.15625
18.3421966666667	3306855020.76563
18.3732866666667	3094848951.75
18.4046533333333	3358783429.8125
18.4377183333333	3335280459.78125
18.47035	3402717423.21875
18.5034533333333	3325375948.26563
18.5364316666667	3164095714.07813
18.5683383333333	3356674281.76563
18.5998383333333	3392646499
18.6315083333333	3155784127.79688
18.6615766666667	3247385061.125
18.6916266666667	3140440905.0625
18.72223	3319633511.51563
18.753545	3331003431.04688
18.7860616666667	3170184553.3125
18.815115	3630532297.57813
18.8455466666667	3305748279.51563
18.8759316666667	3444589379.23438
18.9072266666667	3473727214.67188
18.9398683333333	3670864556.48438
18.97155	3819395574.76563
19.0029966666667	3661906478.23438
19.03406	3937343140.5
19.065505	4038454895.01563
19.0959666666667	4092351143.73438
19.1279016666667	4018868840.76563
19.1601183333333	4251487478.5625
19.1914483333333	4236589457.4375
19.22317	4283152102.0625
19.25342	4139608282.53125
19.2852383333333	4275253944.875
19.3156966666667	4140190927.09375
19.3469883333333	4065808332.40625
19.378295	3802738543.23438
19.40995	3644732332.46875
19.4415316666667	3873109878.98438
19.4733433333333	3932413514.32813
19.5038383333333	3700906338.01563
19.5353716666667	4076374590.9375
19.5665116666667	4034426537.28125
19.5985033333333	4052025061.64063
19.6301616666667	3970115179.8125
19.6608583333333	4108343990.89063
19.69234	4157601181
19.7238133333333	4047743583.92188
19.7549416666667	3623738796.42188
19.78751	3495928632.92188
19.81965	3563378837.84375
19.8512766666667	3487871967.78125
19.883915	3549706958.54688
19.9135283333333	3864460455.32813
19.9447883333333	3537868645.51563
19.975065	3625904071.5
20.0056033333333	3704740233.5
20.03549	3851380158.45313
20.0668333333333	4016886924.34375
20.0973983333333	4046972355.78125
20.1298566666667	3630207818.84375
20.16171	3850721527.28125
20.1935016666667	3808478432.89063
20.22617	4030872573.65625
20.25586	3772574380.75
20.2873783333333	3931820711.95313
20.3184516666667	4064864441.70313
20.348645	3961000158.34375
20.38026	3858413516.71875
20.4119983333333	3910178539.1875
20.44319	3838898098.59375
20.477085	4047472175.28125
20.5078816666667	3810742081.75
20.53973	4293750096.96875
20.5702283333333	4028229167.45313
20.6021116666667	4142405209.78125
20.6336083333333	4098569489.54688
20.66476	4313571009.09375
20.6970016666667	4109753023.3125
20.727155	4193204826.1875
20.7579366666667	4275504722
20.7900183333333	4502690528.1875
20.820375	3937467557.1875
20.853995	3973563298.65625
20.8861233333333	4012585798.9375
20.9166233333333	4072986876.375
20.94996	3876944916.84375
20.982845	3885920347.59375
21.0137866666667	3821190099.40625
21.042835	4059217419.8125
21.07456	3995807190.25
21.10459	4018025218.25
21.1368566666667	3798595336.84375
21.168205	4123250671.65625
21.1987966666667	3880513633.90625
21.230295	4061540499.17188
21.2611416666667	4500653961.8125
21.2918383333333	4342345175.03125
21.3228416666667	4102595039.84375
21.354535	4611751343.84375
21.386665	4322270353.75
21.41898	4287572777
21.4504916666667	4231672301.28125
21.4843483333333	4589882823.875
21.5143733333333	4549171080.84375
21.546085	4385565097.5
21.5774966666667	4130336873.71875
21.6082133333333	3861695058.03125
21.6400333333333	4131223092.375
21.6693833333333	4023847405.71875
21.699195	4340902002.53125
21.7299066666667	4203374416
21.7613266666667	4477652807.6875
21.7926483333333	4399629665.25
21.8254566666667	4704499874.53125
21.8570516666667	4802510790.78125
21.889175	4853386474.125
21.9218966666667	5042761802.75
21.955075	4469832131.82813
21.9864533333333	5059487729.03125
22.0185233333333	5061961627.9375
22.0498766666667	5073086014.0625
22.0816966666667	5487292439.5
22.1112366666667	5225101294.375
22.1439533333333	5324102063.53125
22.17454	5067000372.09375
22.2072466666667	4987230999.5625
22.2374483333333	5255366035.03125
22.272085	5266256658.59375
22.3031216666667	5140706781.5625
22.3357283333333	5495993218.5625
22.3668833333333	5418327358.21875
22.3980283333333	5254013769.96875
22.4283716666667	5109838832.53125
22.4595483333333	5321095270.09375
22.490745	5156159227.09375
22.5223566666667	4451438533.4375
22.5518266666667	4701509162.3125
22.5850883333333	4454752777.90625
22.6143666666667	4751202984.1875
22.6465733333333	4603389935.125
22.6779966666667	4450109510.25
22.7083783333333	4462847015.28125
22.7391033333333	4588609173.0625
22.77003	4641108874.9375
22.8014533333333	4415251818.375
22.8337816666667	4814678206.25
22.8633066666667	4763476782.59375
22.8949016666667	5308251076.28125
22.926585	5128705828.3125
22.9574133333333	4764841991.375
22.9896633333333	5083454233.8125
23.0210666666667	4654757838.40625
23.0525533333333	4697718560.28125
23.08424	4888705755.4375
23.1169366666667	4886192561.75
23.1476616666667	4799399135.5625
23.1792616666667	4578637234.96875
23.212145	4668713866.3125
23.245225	4339687185.25
23.2775266666667	4495549934.75
23.30944	4691639983.125
23.3414183333333	4494373826.71875
23.3730833333333	4857496193.1875
23.4054316666667	4371969447.21875
23.43633	4506081942.4375
23.4677283333333	4289593616.96875
23.5000516666667	3994304880.67188
23.52933	4691381373.82813
23.561425	4337458659.15625
23.5927683333333	4354563634.53125
23.6222216666667	4252093775
23.652885	4111843126.4375
23.685615	3985557068.375
23.7158233333333	3882255595.84375
23.7466183333333	3574172444.0625
23.7776033333333	4014273768.3125
23.8097833333333	4116282941.78125
23.839545	3813739232.96875
23.870035	3984623671.25
23.9010116666667	3864052344.8125
23.9327333333333	3862276585.32813
23.9654816666667	4319327189.25
23.9964666666667	3760745867.3125
24.0301766666667	3657857257.46875
24.0608	3902127734.67188
24.0908466666667	4005655889.53125
24.1238483333333	4047696529.53125
24.1557616666667	3733834065.8125
24.1875066666667	3888838992.40625
24.2202133333333	3927897493.59375
24.2506283333333	3931842622.92188
24.281945	4004497216.59375
24.3122583333333	4069658966.8125
24.342905	3986233463.65625
24.3723116666667	4245903066.65625
24.4032033333333	3751922900.90625
24.4360283333333	4435462648.125
24.4689266666667	3973003927.78125
24.5003266666667	4528098914.75
24.5329116666667	4479904639.25
24.56534	4061816954.6875
24.598225	4152220116.1875
24.630405	3987128612.34375
24.66152	4377052609.375
24.6928266666667	3972374415.8125
24.72506	3877731373.4375
24.755365	4395351460.90625
24.7868483333333	4515197312.46875
24.817185	4337938880.6875
24.8489433333333	4342401276.96875
24.8800116666667	4446722063.96875
24.910925	4683425237.1875
24.9395433333333	4689637271.84375
24.97044	4741240244.125
25.0031683333333	4825431334.125
25.0350716666667	4840022956.21875
25.0669016666667	4628120708.625
25.0982533333333	4595658639.375
25.129565	4565089901.03125
25.1616283333333	4713479725.59375
25.19561	4824867685.09375
25.2273	4914564543.125
25.2599566666667	4751750881.84375
25.292225	4331184717.09375
25.3235466666667	4235524985.3125
25.3550616666667	4392099023.6875
25.3875916666667	3898328597.84375
25.4169516666667	4165704953
25.44838	4342110938.0625
25.47981	4136172008.5625
25.5080666666667	3645811197.375
25.5379333333333	3891049379.375
25.5699783333333	4608610410.96875
25.6023566666667	4381223412.03125
25.6340983333333	3867739617.125
25.6655166666667	4059699723.34375
25.6967483333333	3919159144.84375
25.72785	3871278680.28125
25.75753	3848623254.40625
25.7878866666667	3668257884.71875
25.8190733333333	3771738854.1875
25.8493466666667	3885429691.71875
25.88032	3954554936.96875
25.9113383333333	3891260073.96875
25.9421966666667	4239084042.96875
25.9724783333333	4252823474.03125
26.0047566666667	4618712185.4375
26.0344283333333	4474137502.03125
26.0653533333333	4823312374.28125
26.0954433333333	5014369970.65625
26.1267916666667	5065825337.65625
26.1579466666667	5370384946.9375
26.1898183333333	5370547237.125
26.2229383333333	5383602780.84375
26.254505	5829910246.75
26.2842133333333	5899333174
26.31448	5452493150
26.3448383333333	5550022073.5625
26.3755516666667	5463984754.09375
26.4075033333333	5855853810.25
26.4395766666667	5957445904.28125
26.471835	5607039870.59375
26.50448	5596308651.3125
26.5358933333333	5564646299.03125
26.56814	5607946952.40625
26.600535	6101669652.15625
26.6321333333333	5612242404.125
26.6630333333333	5443001072.5
26.695695	5872032564.71875
26.7283433333333	5305755442.84375
26.7611283333333	6074056665.9375
26.7945883333333	5320266652.59375
26.827425	5784312052.9375
26.8593833333333	5390958305.9375
26.89095	5596395561.8125
26.9215733333333	5565579196.1875
26.954435	5412231774.65625
26.98638	5425267962.6875
27.0181433333333	5184820884.4375
27.0484516666667	5205245044.09375
27.0786866666667	5387835463.625
27.1087616666667	5039923473.625
27.13909	5683542655.21875
27.1697466666667	5899830920.15625
27.2009783333333	4798771177.25
27.2336716666667	5112368224.625
27.26532	5124689564.5
27.2959333333333	5530746831.09375
27.3271683333333	5234002613.46875
27.3591733333333	5445422166.21875
27.3905866666667	5334445542.6875
27.42167	4972327862.5
27.4533633333333	5516481619.40625
27.4845933333333	5044631784.21875
27.5182133333333	4728947217.75
27.5509583333333	5031397833.09375
27.58234	5125774344.6875
27.6153733333333	5096590384.15625
27.6474966666667	4827461585.40625
27.6787266666667	5156351540.71875
27.7109383333333	5206656102.96875
27.7425733333333	4964717265.21875
27.7749466666667	4881295045.09375
27.80638	4684234732.84375
27.8364433333333	5026156455.15625
27.8671766666667	4766797145.125
27.8973866666667	5034581250.65625
27.9289816666667	5329562332.53125
27.9580383333333	5367833403.46875
27.987465	5709355268.84375
28.0184916666667	5477113228.96875
28.0502616666667	6013551565.375
28.0812033333333	6346226694.4375
28.112	6359380742.0625
28.1437316666667	6076055832.6875
28.175825	6415550028.375
28.2064633333333	6461941613.8125
28.2386066666667	6843584801.25
28.2695416666667	7198061287.5625
28.30095	6877876086.84375
28.3337783333333	7350432073.96875
28.3641733333333	7013637388.9375
28.3956683333333	7532160028.8125
28.428235	7217961130.4375
28.4594483333333	7751073601.03125
28.4920283333333	7685101282.1875
28.5238816666667	7274912578.46875
28.555875	7629621513.875
28.5898166666667	7433879255.65625
28.62278	7286024850.09375
28.6545183333333	7327586899.6875
28.6871583333333	7056343167.40625
28.719045	6876706432.65625
28.7516033333333	6800652271.5
28.7830916666667	6369407691.09375
28.813685	6518255129.71875
28.846065	6705420392.34375
28.8776716666667	6513920779.375
28.910455	6506063971.34375
28.9431383333333	6968569270.71875
28.9748166666667	6550843976.5625
29.006405	6428591846.0625
29.03886	6492872884.75
29.0713783333333	7001899431.78125
29.1036566666667	6584946998.75
29.1344733333333	6966369464.28125
29.1654016666667	7081298742.3125
29.1956866666667	6815982503.5625
29.2269316666667	6397552091.3125
29.2568016666667	6511553097.84375
29.2876566666667	6828208237
29.3206616666667	6587981264.125
29.3515933333333	6452679720.03125
29.384015	6309290601.96875
29.4165033333333	6451401061.96875
29.4487116666667	6351890169.90625
29.4793866666667	6315977742.46875
29.5122333333333	6429002605.8125
29.5439583333333	6435201763.90625
29.5762183333333	6365811306.09375
29.6084933333333	6483400036.1875
29.6407466666667	6445655882.84375
29.6709833333333	6121509043.90625
29.7027833333333	5926670570.96875
29.7340183333333	5949167833.46875
29.76487	5689296439.03125
29.79677	5642902917.71875
29.8269566666667	5866605316.9375
29.8588683333333	6000115543.75
29.8901416666667	6169506241.53125
29.9205	5501090721.375
29.95212	6321099453.5
29.9831216666667	6229689817
30.0156483333333	5755099841.15625
30.0470016666667	6348738450.875
30.0794033333333	5879598559.6875
30.1112933333333	6294258139.40625
30.1425466666667	6156984944.90625
30.173185	6332707373.09375
30.2041633333333	6620545676.09375
30.2359766666667	6300336188.9375
30.2682333333333	6327662621.28125
30.3005733333333	6141045428.59375
30.3335833333333	6898818274.15625
30.3655316666667	6491275901.8125
30.3978783333333	6553038967.4375
30.4315516666667	6403248018.6875
30.4639516666667	6610030861.46875
30.4955883333333	6153203771.4375
30.527495	5852628403.78125
30.5594883333333	5823320881.59375
30.59164	5417258638.78125
30.6229183333333	5893125702.40625
30.6555633333333	5782858539.59375
30.6865716666667	5455923802.40625
30.7193533333333	5387342032.3125
30.7498866666667	5353684442.75
30.781445	5405738793.34375
30.812965	5274870371.125
30.8449316666667	5734067940.4375
30.8777416666667	5784647947.5625
30.9086116666667	6136029158.03125
30.9395283333333	5704608208.0625
30.9709583333333	5772829756.75
31.0026983333333	6423527321.9375
31.0339883333333	6440030592.375
31.0655533333333	6400162437.9375
31.0968283333333	6641717128.5
31.1284083333333	6568797589.15625
31.1609083333333	6594073143.40625
31.1912733333333	6950014095.0625
31.2229	6748342613.09375
31.2545416666667	6560078312.65625
31.2866116666667	6174543969.4375
31.3179683333333	6464814589.90625
31.3488066666667	6474459673.09375
31.3802583333333	5936177084.34375
31.41273	6154298579.25
31.4449133333333	6148185791.25
31.477385	6254885184.21875
31.5095783333333	6247062421.3125
31.54166	6518941163.625
31.5740433333333	6046756352.875
31.6062033333333	6049954759.84375
31.6380116666667	6117165759.75
31.6713016666667	5983378424.65625
31.70194	5462998281.53125
31.73293	5357394250.375
31.7654616666667	5775942043.9375
31.7980783333333	5496424595.21875
31.8305083333333	5609810815.1875
31.8630616666667	5452643329.09375
31.894535	5273568228.46875
31.92613	5511067556.875
31.95782	4848672380.15625
31.9892533333333	5286480919.28125
32.0214333333333	5604187008.21875
32.0528416666667	5513161101.6875
32.0839633333333	5606029106.34375
32.11505	5724993202.375
32.147275	5819124838.625
32.1795316666667	5730072302.40625
32.2105883333333	5674026367.28125
32.2426216666667	6261113988.65625
32.2750383333333	5880059644.6875
32.3065083333333	5787028620.78125
32.3365166666667	5945497863.875
32.36622	5825995667.5
32.39702	6200504077.71875
32.4296883333333	5779627895.90625
32.462565	6345313228.875
32.4938233333333	5920532627.5
32.5242033333333	6060071746.6875
32.555865	6223948398.28125
32.5878433333333	6263981544.34375
32.6198833333333	6371078341.375
32.653635	6503552193.46875
32.68648	6187456616.03125
32.7192433333333	6160518026.125
32.7525966666667	5842832899.15625
32.785015	5917937354.8125
32.8173033333333	5837758005.3125
32.8498133333333	5929151266.84375
32.8807566666667	5824676102.3125
32.912395	6100222429.90625
32.9446633333333	5948114832.46875
32.9757	5986036087.96875
33.0070633333333	5704088584.71875
33.0399866666667	5729068246.65625
33.0698016666667	5826405188.25
33.1018	6109686434.0625
33.1329083333333	6237079490.625
33.1649516666667	6601654909.3125
33.19752	5906902293.21875
33.2305	6003279853.1875
33.2613233333333	6150214580.90625
33.2922883333333	6419736548.21875
33.3224566666667	6209892144.53125
33.3551733333333	6708008381.53125
33.3856833333333	6447755407.75
33.416425	6328175993.46875
33.4486533333333	6491162274.90625
33.4807883333333	6348486059.3125
33.5135266666667	6810295171.71875
33.5443133333333	6454689686.125
33.5759	6528339637.09375
33.60713	6586950204.03125
33.6383133333333	6323166950.5
33.6695883333333	6364718207.09375
33.7023716666667	6781111314.53125
33.7345866666667	6255683843.71875
33.7663766666667	5985440123.78125
33.7975866666667	6501922036.25
33.8301533333333	6718107487.4375
33.86209	6430096333.59375
33.89611	6340273514.59375
33.9267333333333	6122716144.03125
33.9586616666667	6363383958.625
33.9914683333333	5705566852.90625
34.0243083333333	5685762488.0625
34.05623	5061633298.8125
34.0889083333333	4937986604
34.119955	4945105007
34.1525866666667	4817961393.5
34.1846766666667	4351039927.34375
34.2176466666667	4029701366.84375
34.2496816666667	4416260900.625
34.2829283333333	4121235289.4375
34.31648	3661264223.89063
34.349245	3399317794.35938
34.3796516666667	3425214314.04688
34.4120866666667	3117873083.6875
34.4453633333333	2897461811.25
34.47783	2609310323.6875
34.5103433333333	2390527584.0625
34.5449783333333	2123258271.84375
34.5772933333333	2196493266.64063
34.6107516666667	1954720995.92188
34.6447183333333	1664205509.90625
34.6776633333333	1306482466.08594
34.70835	1407870057.79688
34.7427483333333	1284023593.54688
34.7759016666667	1130306958.91406
34.8085416666667	898267521.460938
34.83901	857818423.9375
34.871395	817587553.726563
34.9033733333333	660150776.84375
34.9389266666667	635361352.34375
34.97317	519315353.578125
35.0079733333333	437458008.386719
35.0423583333333	402808861.035156
35.0775416666667	292950450.677734
35.1124433333333	298602909.316406
35.1484583333333	236730442.707031
35.1844483333333	216813381.849609
35.2227066666667	163015542.677734
35.2618516666667	158000750.632813
35.2961566666667	84260159.0478516
35.3367933333333	88791355.0449219
35.37802	87226603.0224609
35.4180783333333	67007437.5166016
35.4532666666667	59750599.8808594
35.4994166666667	44423425.8769531
35.5407316666667	48054769.6899414
35.5819666666667	51202465.621582
35.624495	45308766.3574219
35.66292	35223008.6738281
35.7032983333333	35105212.2133789
35.7469016666667	27030063.4111328
35.78899	26768904.8720703
35.832345	24221340.7944336
35.8754516666667	23587089.7834473
35.9217516666667	23873301.2497559
35.963315	54040632.0869141
36.002365	19673746.699707
36.0472983333333	17250156.9135742
36.0925166666667	16177199.2299805
36.1389566666667	16891626.3137207
36.1840616666667	21511361.5808105
36.2298	10171243.0598145
36.263765	10386160.611084
36.3111133333333	11022405.3193359
36.356535	10551980.197998
36.403825	9555529.66418457
36.4515183333333	11200913.5446777
36.49672	10998009.552002
36.542605	9551589.95043945
36.589485	9360888.38623047
36.6365416666667	9126371.02001953
36.681905	9318644.26184082
36.72636	8654696.72766113
36.77397	8059922.14660645
36.81971	9966126.45715332
36.8650783333333	8323128.02246094
36.9110516666667	9008105.64526367
36.95796	7422257.92102051
37.0034966666667	8039319.00170898
37.0505816666667	7446329.43444824
37.0958366666667	8057308.32019043
37.143095	6724347.07580566
37.1895783333333	7871618.37976074
37.236465	7921645.41516113
37.28191	7689403.59912109
37.32855	7347144.38012695
37.37348	8196718.32775879
37.4197533333333	8565934.125
37.4664716666667	8195814.12365723
37.5114833333333	7404321.55981445
37.558855	6231227.25280762
37.6053416666667	7498658.69018555
37.651615	7356799.3581543
37.69658	8018870.93688965
37.740815	6775743.99645996
37.787175	7246785.13354492
37.8333366666667	7056170.83166504
37.8796666666667	7274151.3347168
37.9254083333333	7921338.02685547
37.97059	7895064.5
38.0181566666667	6936225.69445801
38.0642766666667	6861076.47570801
38.1112216666667	8187270.79064941
38.157285	7079338.7401123
38.202595	6170128.08825684
38.2489066666667	6088599.23217773
38.2941266666667	8647675.1003418
38.3400733333333	6704557.40905762
38.3848016666667	7710159.92016602
38.4299133333333	7061167.90478516
38.4761583333333	7018466.31481934
38.52162	6940430.58337402
38.568185	7506101.2322998
38.61429	7239093.14489746
38.6592083333333	7713645.47741699
38.704975	7448495.91699219
38.74818	6878587.51647949
38.7946966666667	6125739.14648438
38.841155	6723841.50427246
38.8874533333333	8355931.95556641
38.9328566666667	6714437.31884766
38.9802083333333	6394052.94177246
39.02648	6888706.14538574
39.0728383333333	6370536.56982422
39.1195816666667	6579054.28137207
39.1665133333333	6484597.73168945
39.212925	5865458.97412109
39.2589133333333	6430101.97412109
39.3055066666667	5587596.77832031
39.350925	7620643.92480469
39.3962	6055334.95996094
39.4413816666667	6292774.89587402
39.4886483333333	5835236.25305176
39.5354083333333	6663986.0324707
39.5821433333333	6373523.62304688
39.627635	6028052.47058105
39.6722266666667	5572698.14819336
39.7179316666667	6393000.86242676
39.76095	5585802.5357666
39.8065583333333	6979354.40893555
39.85122	5974539.66394043
39.897315	6486387.45483398
39.9428366666667	4828573.03967285
39.98947	6397348.98242188
40.0350216666667	6376592.37854004
40.0814766666667	5886236.40039063
40.1280433333333	6218078.84338379
40.1740133333333	6177066.26489258
40.220495	7158000.39770508
40.2660783333333	7104503.46765137
40.31195	5887347.32958984
40.3589283333333	5517236.83862305
40.4049116666667	5937028.640625
40.45014	6163097.21118164
40.49706	5569665.87268066
40.5441666666667	6013195.9720459
40.58969	5730041.3560791
40.63653	6702778.8392334
40.68182	6672004.00244141
40.7266533333333	6682263.46875
40.7699266666667	6023939.28613281
40.8168416666667	6147327.42236328
40.8607116666667	5760459.57702637
40.9070183333333	6836036.20654297
40.9520433333333	6437905.45654297
40.9985816666667	6004327.85388184
41.0435133333333	5839133.18786621
41.0901933333333	5619674.31616211
41.1368883333333	5810827.88183594
41.183615	6091044.23693848
41.2293533333333	6205566.71801758
41.27597	5921251.5144043
41.3224433333333	6834719.43164063
41.36908	6308817.41101074
41.4148416666667	5965470.7611084
41.4605733333333	7030845.72644043
41.5072666666667	6473960.92565918
41.553635	6360197.25756836
41.5990683333333	5482074.95410156
41.6454166666667	6653378.18029785
41.6913	6665183.84790039
41.7379366666667	5092130.83984375
41.783025	5533947.15942383
41.8295183333333	6714340.57128906
41.8741433333333	5993983.37414551
41.920625	5558761.77734375
41.9665583333333	5615739.17602539
42.0134833333333	5738155.18066406
42.0586533333333	6545566.50219727
42.1040133333333	6645288.6953125
42.15091	5848863.05603027
42.197535	6980059.67468262
42.2433883333333	5517310.11352539
42.2903033333333	6148511.3762207
42.3363683333333	6151677.77770996
42.3826116666667	5955759.01794434
42.4291566666667	6550863.02746582
42.4758216666667	4902085.2598877
42.522765	6642581.38757324
42.568855	6798293.15209961
42.61398	5028230.72290039
42.6595466666667	5922418.44360352
42.7058833333333	5287756.18530273
42.7527116666667	4975103.75024414
42.7968183333333	6085676.33093262
42.8427366666667	5860792.27282715
42.887615	5129706.90441895
42.9337016666667	5212441.26477051
42.9799883333333	5903103.59570313
43.0267333333333	5922355.99597168
43.0715483333333	5835589.97302246
43.1178633333333	4927641.07165527
43.1644083333333	6053820.03112793
43.211355	5275417.63586426
43.2576833333333	5394283.08947754
43.3044483333333	6125902.2175293
43.3503933333333	5832746.72912598
43.3968633333333	5317799.23022461
43.44377	5596921.60192871
43.4898516666667	5969796.49938965
43.5363833333333	5315106.49890137
43.5833183333333	5543288.75598145
43.628515	5108294.80444336
43.67472	5577646.52807617
43.7207716666667	5504300.99353027
43.7671383333333	5297279.65979004
43.8110566666667	5738334.23364258
43.8565583333333	5058931.82214355
43.9023216666667	5503481.01599121
43.94727	6112098.07763672
43.9928583333333	6206762.08642578
44.0386116666667	5422327.29650879
44.0840083333333	5331431.82165527
44.1297683333333	5696390.97290039
44.1759866666667	5868203.46276855
44.2221733333333	6345952.85546875
44.2677733333333	5180911.94726563
44.3141783333333	6104257.81347656
44.3604533333333	5005141.02453613
44.4063283333333	6097222.64831543
44.45212	5500323.2109375
44.49828	6377892.22558594
44.5444333333333	7005434.43615723
44.590535	5790906.32214355
44.6363233333333	5409703.27185059
44.6828883333333	6066257.42871094
44.7284966666667	5352475.3638916
44.7747366666667	5366283.91064453
44.8183216666667	4674582.78112793
44.86467	5401323.21496582
44.9092383333333	4848702.28747559
44.9542333333333	5382854.1763916
44.999875	5740507.91467285
45.046655	5444878.42895508
45.0920216666667	5056486.71716309
45.137385	5623158.95129395
45.183815	6047941.0612793
45.2298383333333	5901600.1451416
45.275615	5726494.11706543
45.3220916666667	6873848.63708496
45.368635	5240135.22167969
45.4147583333333	6064719.52893066
45.4614933333333	5195969.79785156
45.5076233333333	6151397.31787109
45.5537316666667	5177724.02282715
45.6004183333333	5470871.62487793
45.6452933333333	6640596.00854492
45.69134	5620588.38269043
45.7377983333333	5794316.70117188
45.7846566666667	5100823.11169434
45.8278883333333	4780724.92993164
45.8740766666667	5972533.84240723
45.91942	5732241.66784668
45.9655083333333	5487424.53027344
46.010535	6044946.1763916
46.0561	5948174.67248535
46.1007283333333	6151512.92321777
46.1460183333333	4285083.88171387
46.192385	5124635.53710938
46.238845	5495239.66809082
46.2853816666667	5701671.8762207
46.3317833333333	6301288.13671875
46.3779966666667	4665195.69604492
46.425075	4535941.33825684
46.4723833333333	5676801.88427734
46.51798	4596547.1796875
46.564325	5412200.76135254
46.6109033333333	4789568.87036133
46.656885	5894173.64355469
46.70363	6004466.20874023
46.7498883333333	6265624.42504883
46.7964183333333	5196218.64990234
46.8403133333333	6109399.59350586
46.8867216666667	6275486.7064209
46.928915	5480460.43139648
46.9744266666667	5625916.3885498
47.0192116666667	6432508.9732666
47.0654283333333	4549823.74230957
47.1099016666667	4808521.01269531
47.1556766666667	5410396.82910156
47.2019833333333	5653486.89538574
47.248415	5215254.25866699
47.2940016666667	5674727.5949707
47.34014	5225163.45617676
47.3864183333333	6073923.87243652
47.4330533333333	5023133.04492188
47.4796433333333	5058338.95483398
47.5260933333333	4568613.2401123
47.573155	5828052.31494141
47.6202	4749314.76159668
47.6671183333333	5929098.70996094
47.7131683333333	6189825.16918945
47.75924	4952342.17932129
47.80538	6455754.94921875
47.84784	5226251.47412109
47.8944283333333	6965989.44482422
47.937555	6216781.88244629
47.9832866666667	6814947.13757324
48.0278066666667	5383698.01538086
48.073205	4870351.16418457
48.11759	5334746.19299316
48.1624066666667	5052553.74645996
48.20852	5845536.55529785
48.254535	5440122.01879883
48.3004	6235402.74279785
48.3471883333333	6082799.95678711
48.3928033333333	5095385.98034668
48.4389316666667	4960389.73266602
48.485645	4623026.12243652
48.5323366666667	5759339.95849609
48.5794166666667	5103728.67651367
48.625875	4869542.99853516
48.6722216666667	4565615.51635742
48.7186966666667	5844346.05749512
48.76494	5633491.02783203
48.8118833333333	5827686.84851074
48.8557233333333	4724560.87060547
48.8946283333333	5395090.10827637
48.9406116666667	5060928.85546875
48.9859666666667	5446214.5269165
49.03211	4470655.71386719
49.07742	5593364.80627441
49.12111	4990533.45483398
49.16771	5404287.89868164
49.2128316666667	5797221.75720215
49.2583483333333	6627200.87280273
49.3047116666667	5672203.67498779
49.3499466666667	5242387.30950928
49.3972533333333	4804589.45251465
49.44421	6262540.77172852
49.4904983333333	6500467.01330566
49.5368316666667	5638997.77758789
49.5834483333333	5388410.78588867
49.6301816666667	5023408.1361084
49.6766066666667	5075607.71374512
49.72317	5256546.22338867
49.7691816666667	4861639.45678711
49.8155383333333	4109527.81628418
49.8619283333333	5461652.48742676
49.9051416666667	4629605.17633057
49.9518316666667	5009622.597229
49.9970733333333	6216991.21118164
50.04256	4678466.21923828
50.0879883333333	5851428.08068848
50.13195	4681332.47033691
50.1783216666667	5007293.68554688
50.2239816666667	5368422.19763184
50.269925	6047846.84619141
50.3164433333333	5233903.45397949
50.3619083333333	5831380.19665527
50.4075733333333	4358335.64404297
50.4540966666667	5798141.30102539
50.4997483333333	5944873.47021484
50.5456766666667	5416529.56677246
50.5924083333333	5005648.14208984
50.6389316666667	5464213.39660645
50.6847166666667	5164093.65600586
50.7313783333333	5387905.07458496
50.7778283333333	6301979.81994629
50.8239766666667	5446259.5657959
50.8709466666667	4657197.11669922
50.9149483333333	4345530.10058594
50.96132	5117186.24584961
51.005705	5884865.77001953
51.0517033333333	5818974.6730957
51.0970366666667	5869188.17919922
51.1409433333333	5262763.50378418
51.1874016666667	5113557.35375977
51.23244	5724939.45251465
51.27839	5790637.53613281
51.32458	5888323.49743652
51.3697183333333	5086618.95507813
51.41657	5943253.8527832
51.4633566666667	5499144.88256836
51.5091433333333	5670530.10522461
51.5559616666667	5953342.85583496
51.6017666666667	5187120.1048584
51.6484483333333	4958745.89648438
51.6939433333333	4560487.71447754
51.740185	6031026.25085449
51.7870716666667	5229621.26208496
51.83331	5023221.81896973
51.88003	5248408.46618652
51.9233033333333	6397575.88952637
51.9687383333333	5579134.90869141
52.0140666666667	5886841.71166992
52.0601233333333	5113017.85241699
52.1057316666667	7522653.61022949
52.1497916666667	5650332.34277344
52.196525	5804490.44494629
52.2417766666667	5258659.75927734
52.28769	4765965.36730957
52.3340233333333	6681509.70605469
52.3789833333333	4423733.16589355
52.4257133333333	6516950.0567627
52.4719633333333	4983210.67163086
52.517855	4799065.80322266
52.563985	6738887.29882813
52.608345	6142416.90563965
52.6560383333333	6127858.35205078
52.702525	5349734.76525879
52.7489966666667	5759067.33776855
52.7951683333333	4713121.20709229
52.8414966666667	5343018.98657227
52.8880833333333	4824393.42230225
52.9320466666667	5078671.54083252
52.9790533333333	5880062.8737793
53.0236383333333	5583217.53356934
53.06964	6302190.39331055
53.114765	6844124.77307129
53.1582916666667	5921612.25097656
53.2048066666667	5551524.09069824
53.2499066666667	5943642.20092773
53.2958016666667	5414665.29187012
53.34261	6430631.80383301
53.3881266666667	4945452.11376953
53.4347116666667	5736699.26977539
53.481485	4669268.5970459
53.5280483333333	5385913.68811035
53.5742066666667	5937295.14440918
53.6202383333333	5589584.99108887
53.6658616666667	5165765.55773926
53.7120133333333	5093734.91967773
53.75905	6021760.86523438
53.8048366666667	5276468.54553223
53.8515633333333	6316909.75512695
53.8980816666667	6439617.4107666
53.94108	6206673.14453125
53.9876733333333	5113307.62365723
54.0323466666667	4408140.34552002
54.07895	6082072.50317383
54.1244733333333	6128634.51867676
54.1678366666667	5787139.80664063
54.2142116666667	5348494.24328613
54.2600316666667	5991755.72387695
54.306255	5688706.26599121
54.35228	4729246.16516113
54.3979566666667	4576328.16564941
54.4443583333333	5552853.1829834
54.49053	6047943.96923828
54.5370833333333	5338432.2298584
54.583635	5658838.90820313
54.6298566666667	5982868.67724609
54.6749083333333	6079505.08422852
54.7204366666667	5075495.57312012
54.7672733333333	5579698.15966797
54.8136833333333	4634506.32092285
54.8567583333333	5425734.64648438
54.90315	5586545.64648438
54.9472583333333	5622894.16021729
54.9936866666667	5347774.63745117
55.037855	4957565.34881592
55.0841466666667	5927088.91516113
55.1294483333333	5078971.0057373
55.1745966666667	6311687.76721191
55.2207916666667	4679569.82312012
55.2664683333333	4040967.50384521
55.3120833333333	6284354.81604004
55.357875	5266617.76477051
55.4037733333333	5967490.68566895
55.4505983333333	5069286.52355957
55.4972783333333	4551596.6663208
55.5438466666667	5720106.20379639
55.5902966666667	6178663.48937988
55.6354283333333	6298649.09094238
55.6814933333333	4951555.7265625
55.727345	5957709.85021973
55.773435	6527469.11450195
55.81949	5722448.26672363
55.8658716666667	5474679.83105469
55.9120633333333	4796398.18591309
55.9557116666667	5227836.44689941
56.0024133333333	5072633.340271
56.0476866666667	6156141.02124023
56.0935666666667	5289962.7255249
56.13938	5192069.69067383
56.18287	5432126.09143066
56.2288033333333	5449397.81018066
56.2746316666667	5781596.63867188
56.3204166666667	5255882.74597168
56.36622	4796282.97644043
56.4122033333333	5290745.60107422
56.458625	4543123.60437012
56.5052516666667	4211804.26953125
56.5513716666667	5643877.59472656
56.5974666666667	6548223.93444824
56.643705	5209422.36877441
56.6899766666667	4979323.02301025
56.7369033333333	4900786.80200195
56.7838966666667	5441440.31097412
56.8306183333333	5877321.43664551
56.8771616666667	5035953.19836426
56.9236066666667	5146925.71557617
56.9678466666667	5566218.62683105
57.014655	4219554.83422852
57.05993	6176905.72692871
57.1058633333333	5663552.44836426
57.1516766666667	6212906.00476074
57.19601	5686928.02624512
57.242315	5087390.6451416
57.288355	5556489.32092285
57.33492	5968581.15039063
57.3812016666667	5303792.46337891
57.42656	5600555.42590332
57.472935	5031626.9329834
57.5193566666667	4935675.43823242
57.56592	5651559.44763184
57.611815	5317167.05725098
57.6577066666667	5888043.98803711
57.7042966666667	4188810.70690918
57.7509266666667	4427245.22381592
57.7976366666667	6115895.65527344
57.8438283333333	5122899.41693115
57.8893716666667	5773982.98986816
57.9362616666667	5901692.70507813
57.97871	5724653.49621582
58.0253583333333	5605405.5994873
58.069535	4630729.26647949
58.1163616666667	5898565.57043457
58.161565	5908692.02441406
58.2051633333333	5392256.31872559
58.2520833333333	5953915.09069824
58.2972333333333	4777925.56237793
58.343485	5348478.36804199
58.389585	4978447.28979492
58.4352733333333	4830805.74920654
58.482055	5092167.15478516
58.5285783333333	5123264.06097412
58.5756783333333	6316968.26062012
58.6213816666667	5519046.6048584
58.6682133333333	6096267.12719727
58.7146266666667	5602200.85131836
58.76036	6456489.83129883
58.80674	5874225.81030273
58.8526483333333	5796762.23535156
58.8993166666667	5336792.00964355
58.94625	5293433.07531738
58.9891166666667	5582122.87207031
59.0353133333333	4956973.39123535
59.0802233333333	5565825.14483643
59.1263266666667	5981200.05102539
59.1721933333333	5792753.36291504
59.2162033333333	5084759.44946289
59.2631983333333	5613871.72033691
59.3075916666667	5273752.98803711
59.3542816666667	6864984.9909668
59.40043	4996332.9833374
59.44602	5521504.21777344
59.492665	5431656.78991699
59.5388366666667	6039428.90734863
59.5850966666667	5991678.41369629
59.6308483333333	4832165.75683594
59.6769216666667	5699228.1739502
59.7227733333333	5236077.87817383
59.768855	4294318.49694824
59.815445	5099570.4074707
59.8619333333333	5690845.65795898
59.908275	5156556.19799805
59.9544983333333	5129652.61340332
59.9981633333333	5324973.91833496
60.0443933333333	5529018.53942871
60.0891166666667	5393766.70739746
60.134945	5031632.94360352
60.1808783333333	5570326.362854
60.2248416666667	5816782.9029541
60.2716366666667	6105912.7989502
60.3166766666667	5362521.42590332
60.3639683333333	6384205.92431641
60.4101666666667	4981943.81414795
60.4558316666667	5668948.13757324
60.5021533333333	5333850.46655273
60.5485266666667	5482297.55126953
60.5953333333333	5608155.23291016
60.641225	4746257.87030029
60.686725	5612981.49597168
60.732825	5161586.2545166
60.7798683333333	6258863.60656738
60.8266183333333	5788719.39978027
60.872605	4885742.98187256
60.9192483333333	5642361.66271973
60.965845	6214530.40783691
61.0092366666667	5449707.90283203
61.0558	5046689.19134521
61.1003533333333	4560927.24243164
61.146425	5531180.28851318
61.1919066666667	6356199.22583008
61.2356666666667	5176240.35644531
61.2824333333333	5445482.80737305
61.32768	4856271.4810791
61.37433	5010984.22229004
61.4209966666667	5352099.4095459
61.4659233333333	5711352.46582031
61.512095	5754926.13183594
61.557995	4987674.30230713
61.604505	4187858.21179199
61.65174	4801601.83789063
61.6979083333333	5194832.62438965
61.744275	4925091.56726074
61.7905633333333	5060039.17224121
61.8369933333333	4551509.64379883
61.8834	4883995.55255127
61.9296466666667	5541529.6126709
61.97622	6051178.34912109
62.0201483333333	4162975.79925537
62.06682	5630313.99768066
62.1112883333333	4887737.61083984
62.15737	5821940.12243652
62.2030766666667	5246742.11499023
62.2479716666667	5005347.09362793
62.2937366666667	6411641.54748535
62.3390816666667	6249516.49755859
62.38587	5721436.61950684
62.43248	5162285.22338867
62.4783	4372322.69787598
62.5244166666667	5355625.22198486
62.570725	5746219.6307373
62.6173	5342638.31494141
62.6635016666667	5404757.89147949
62.7097316666667	5358474.84082031
62.7560966666667	5382264.25695801
62.8009333333333	5599048.27832031
62.847525	4171600.94799805
62.89364	4986359.37176514
62.9405433333333	4601613.97937012
62.9877916666667	5550899.26159668
63.0310783333333	5349023.71081543
63.0776816666667	5468762.80065918
63.12203	5493724.72009277
63.1679666666667	5739569.08666992
63.21324	4879743.82092285
63.2578366666667	5921510.94287109
63.304225	4823496.71643066
63.3497616666667	5160359.67749023
63.39602	4787125.57446289
63.4426466666667	5099996.51245117
63.4877683333333	5336284.58898926
63.5342516666667	5660464.86035156
63.58112	5323296.99133301
63.6273266666667	5353393.35778809
63.67328	5508883.4901123
63.7196833333333	5314657.48547363
63.76601	5099612.33959961
63.8110716666667	5794667.15136719
63.8574616666667	4792273.27172852
63.9042683333333	4408965.20465088
63.9512466666667	4702660.13977051
63.9980816666667	5029075.72045898
64.0420366666667	4435481.89086914
64.0885966666667	5235903.67480469
64.13244	5393876.59008789
64.17845	5419338.93823242
64.2237633333333	4392272.56677246
64.2691433333333	5487885.26312256
64.31585	4786112.7442627
64.3611666666667	5312248.87219238
64.4080433333333	5752358.99291992
64.4547666666667	5328578.86175537
64.5008616666667	5381728.19104004
64.5472683333333	5716112.08642578
64.59416	4654086.1541748
64.6403183333333	5739155.91833496
64.6862866666667	6011679.19281006
64.7326666666667	5107479.25390625
64.77879	6695677.34338379
64.82376	5284998.91308594
64.8700066666667	4690942.42578125
64.9166716666667	5120453.88085938
64.963075	5074936.02233887
65.0095616666667	5221719.46643066
65.05278	5697626.11431885
65.099305	4230083.23022461
65.14559	5359213.14709473
65.1912783333333	3822857.20373535
65.2379133333333	5710623.09692383
65.2812316666667	5018355.56738281
65.3279816666667	5506820.43615723
65.3725433333333	4985702.08905029
65.4188866666667	5105526.9206543
65.4655816666667	5619956.89111328
65.5116766666667	5422592.41931152
65.558165	4026670.0289917
65.6047433333333	5043597.91296387
65.6511383333333	4520084.50817871
65.6972966666667	4956211.98876953
65.7442066666667	4706257.32006836
65.7904483333333	5162049.91430664
65.8351433333333	4609557.21936035
65.8820966666667	4571284.5189209
65.9282316666667	5049202.93798828
65.9748566666667	5567868.53063965
66.021245	4530390.04211426
66.0646933333333	4147915.36779785
66.111495	5418729.00598145
66.1557233333333	5855450.17590332
66.2016233333333	6447212.47692871
66.2469633333333	5083990.00140381
66.2914366666667	6461762.43713379
66.3376383333333	5120382.95483398
66.3823733333333	5635632.55688477
66.429145	4717263.0736084
66.4754666666667	5250684.8927002
66.5216766666667	5767035.20751953
66.5675283333333	6023015.33837891
66.6136716666667	6711121.6159668
66.65959	5637154.12634277
66.705725	5151065.19262695
66.752585	4081644.90014648
66.798895	5767795.14050293
66.84483	4566446.96496582
66.8913066666667	5290311.57629395
66.9365683333333	4990565.15026855
66.9821016666667	6050831.70068359
67.0283966666667	6059871.1171875
67.07117	5315742.69140625
67.117585	4489856.20056152
67.1632766666667	4687412.10827637
67.2094683333333	4787889.83984375
67.2553633333333	4871266.24304199
67.3003916666667	3812421.85046387
67.347695	6472965.95874023
67.3918633333333	4630055.03918457
67.4392083333333	5412350.07336426
67.4858116666667	5059151.43286133
67.5317283333333	4263919.05432129
67.5784733333333	6485283.62548828
67.6234683333333	5019038.64416504
67.66997	5029190.57006836
67.7156516666667	4828775.32244873
67.7625166666667	5168191.57159424
67.8083116666667	5698661.35253906
67.8546433333333	4791948.07806396
67.9012283333333	4834702.61657715
67.9472333333333	5972692.42016602
67.9936916666667	5235228.24597168
68.0405116666667	5158060.93969727
68.0841033333333	5342977.46362305
68.1302433333333	4780872.70251465
68.1752716666667	5431931.35778809
68.2211533333333	5635055.51428223
68.2659366666667	6358160.13183594
68.310835	6200478.57727051
68.3575633333333	5158088.72631836
68.4027466666667	4249006.56213379
68.449545	5833435.90197754
68.4957716666667	4942059.50390625
68.541435	5756627.85449219
68.5881	5194608.04882813
68.634575	5192763.76428223
68.6813933333333	4824240.53479004
68.72742	5487186.65307617
68.7737483333333	5639304.11047363
68.8205	4815785.92651367
68.8666	4883014.05682373
68.9133216666667	4300434.89105225
68.9592916666667	4934880.3026123
69.0057866666667	5049835.29711914
69.0524783333333	5695150.2520752
69.0956816666667	5378690.58966064
69.14192	5208693.30541992
69.1867283333333	5612924.30133057
69.2329966666667	5787115.49542236
69.2776	4893020.53277588
69.322225	5259277.94287109
69.36889	5598437.6854248
69.4130416666667	5743268.67913818
69.4599683333333	7646720.38989258
69.50567	5648924.0335083
69.5511516666667	6362779.17724609
69.59736	5799329.47631836
69.6437166666667	5259292.41015625
69.6901933333333	5601769.67297363
69.7358183333333	5269226.62237549
69.7826233333333	5498027.92541504
69.8291266666667	5874849.40576172
69.87568	5832329.5020752
69.921915	4723590.26000977
69.9679816666667	5161249.42797852
70.0146216666667	5132399.7454834
70.0614116666667	5433071.30322266
70.1047333333333	5077053.82727051
70.1511133333333	6041674.340271
70.1955966666667	5103680.89306641
70.2419316666667	5245137.70922852
70.286885	4765294.9296875
70.332025	6749807.5579834
70.3787616666667	6568396.7980957
70.42399	5801875.25671387
70.4704283333333	5320953.6550293
70.5174566666667	5126097.04797363
70.563495	4832004.72393799
70.6103383333333	4381039.84674072
70.65682	5539754.88452148
70.7035183333333	4913104.40026855
70.74921	6903634.2734375
70.7952766666667	4529770.55566406
70.8420516666667	5564692.37988281
70.887875	5391207.8527832
70.934715	5469021.62939453
70.9794016666667	6031206.73925781
71.0249033333333	5900538.92749023
71.0713883333333	4912313.53552246
71.11479	5762216.6595459
71.1609033333333	5025303.23803711
71.2058983333333	4717075.45758057
71.2517733333333	5335079.33044434
71.2972016666667	4683372.5255127
71.3418016666667	5377982.64367676
71.3881116666667	5418019.7277832
71.43309	5160729.59741211
71.4802266666667	5912492.63104248
71.5267566666667	5437557.08935547
71.5723133333333	5167194.41052246
71.618525	4877329.50183105
71.6650416666667	5258378.6451416
71.7116316666667	4601807.20678711
71.75801	5466824.56481934
71.804015	5497467.55426025
71.8506716666667	5127424.45471191
71.8967016666667	5259597.00280762
71.9434216666667	5345144.36743164
71.9891433333333	5363508.06274414
72.0351783333333	4581276.62573242
72.082255	5505237.24688721
72.1254933333333	4624502.34008789
72.172065	4460002.93896484
72.2170733333333	5711156.3024292
72.2634083333333	5217490.38793945
72.3088616666667	4761340.25268555
72.3540116666667	4846011.03161621
72.40089	4442952.25048828
72.446195	4817380.8729248
72.492995	5585221.94091797
72.539505	5622704.42089844
72.5857083333333	5726102.28723145
72.6321916666667	5702575.40222168
72.67893	5217469.18188477
72.7250566666667	4869025.43444824
72.7710566666667	5213369.52258301
72.8177683333333	5514939.05895996
72.8640916666667	5546499.55187988
72.9098683333333	5181041.97705078
72.9562766666667	4847141.51757813
73.0019333333333	4990176.59851074
73.0480366666667	5068834.40759277
73.09459	4546698.65020752
73.13796	5378287.20001221
73.1838883333333	3578559.71398926
73.2293433333333	4593085.88641357
73.2758616666667	5047195.50567627
73.3217016666667	4557705.02264404
73.366775	5813281.84674072
73.4139183333333	4870412.90478516
73.4588316666667	5651936.27172852
73.5055416666667	4558296.85919189
73.5523233333333	4709561.2456665
73.5985733333333	5342971.74755859
73.6457316666667	5415831.14837646
73.6919766666667	5498351.07611084
73.738505	6297368.19604492
73.78473	4491538.39135742
73.83153	4646367.79956055
73.8779316666667	4221081.7364502
73.923855	4977426.56799316
73.96969	5159737.37329102
74.0159616666667	5743147.65710449
74.0625066666667	5001465.47387695
74.1084466666667	4956048.19396973
74.15227	6031747.34692383
74.198365	4647615.96075439
74.2431066666667	5511309.43780518
74.28872	5223958.20874023
74.3342416666667	4770037.45031738
74.378695	5823171.66064453
74.425575	4200706.00109863
74.4721033333333	5812204.2644043
74.5172433333333	4221072.00390625
74.563695	4931150.42724609
74.60975	5467866.8795166
74.6560066666667	5080026.16442871
74.7027383333333	5483330.43774414
74.7494733333333	5215823.90985107
74.7956866666667	5201281.2545166
74.8425916666667	5653254.43334961
74.8883883333333	5143302.52624512
74.9345966666667	5069226.91723633
74.9809	5026594.80187988
75.02698	4854391.22021484
75.0734183333333	4917827.05993652
75.1190733333333	4693260.79467773
75.1631583333333	4639329.06292725
75.209485	5652581.52050781
75.254075	5018480.996521
75.30061	5309978.15124512
75.3461316666667	4989005.41137695
75.389765	4913655.14251709
75.436475	5595731.67504883
75.4824366666667	4996216.7298584
75.5287633333333	5228918.82995605
75.575435	5416896.54138184
75.6211016666667	5529619.52929688
75.6678783333333	4891279.22229004
75.7147433333333	5115008.18371582
75.7611766666667	4560286.1505127
75.80805	5456782.89111328
75.8544683333333	4306936.16717529
75.90126	5655664.39135742
75.9467116666667	4952321.66656494
75.993015	5230488.84741211
76.0385933333333	5390901.95837402
76.0850766666667	5383194.64233398
76.1315766666667	5068281.65490723
76.174825	5528678.42663574
76.2213516666667	4840285.04089355
76.2665283333333	4568033.03601074
76.31291	4563960.68560791
76.358915	5482714.94348145
76.40219	6208227.04443359
76.449185	4952765.02819824
76.4950316666667	4451033.98278809
76.5410683333333	4812826.27972412
76.5877033333333	4481592.43255615
76.633565	4753986.71826172
76.6807416666667	5927454.2277832
76.726985	4352622.93969727
76.77351	5083381.94604492
76.820345	4572470.74786377
76.8668833333333	5625431.97637939
76.9141	6099388.23883057
76.9596933333333	5394131.50756836
77.0057266666667	5216128.26898193
77.0519183333333	5207238.90753174
77.0983566666667	5502448.51330566
77.14475	5358261.65576172
77.1875833333333	4716255.11444092
77.234435	5113962.93469238
77.27932	5229352.12963867
77.325425	6674666.7479248
77.3703733333333	5326217.25463867
77.4150783333333	5220949.56115723
77.4613366666667	4595868.23974609
77.50698	5350087.08227539
77.552685	6195956.67980957
77.59883	5159670.80871582
77.64469	5466432.74108887
77.69168	5536382.02539063
77.7381533333333	5875837.64770508
77.78453	6184294.50073242
77.8311116666667	4234907.97198486
77.8774683333333	4762846.73828125
77.9242466666667	4379635.10992432
77.9702666666667	5575911.05657959
78.017105	4421755.28930664
78.0637133333333	4787121.72015381
78.1100383333333	5751867.67871094
78.1562883333333	5413646.57019043
78.1998333333333	4731530.35943604
78.2467616666667	6080488.14074707
78.2910883333333	5141668.8616333
78.3375366666667	4725914.27740479
78.3833866666667	5178317.17926025
78.42766	5511266.09661865
78.4745766666667	5242503.3359375
78.520715	5199978.56744385
78.56676	6425386.72570801
78.6131066666667	5940605.47570801
78.658915	5512801.48669434
78.7055166666667	5732592.35339355
78.75208	5461832.24505615
78.7984383333333	5005103.90930176
78.8454	5776450.2578125
78.8915683333333	5565629.08404541
78.9385283333333	4793377.65100098
78.98491	5141156.69311523
79.031605	5152550.39086914
79.0778283333333	5271865.71350098
79.124215	5483631.89208984
79.170405	5169586.56652832
79.2134983333333	5578106.83056641
79.2599816666667	4108416.86975098
79.30568	5023206.26104736
79.3516666666667	5482550.49572754
79.396925	5225207.20678711
79.440605	4992171.24243164
79.487295	4360999.73400879
79.5328683333333	4147432.54827881
79.5793416666667	5340979.46520996
79.625075	4224194.37792969
79.6710883333333	5361682.76367188
79.71815	5089872.47442627
79.7646916666667	4773821.5012207
79.8111133333333	5018461.09069824
79.8578733333333	5500700.02874756
79.9045283333333	4833009.94274902
79.9510016666667	5135371.34088135
79.9970766666667	5888558.15905762
80.0431616666667	5266921.73876953
80.0892983333333	4820278.38275146
80.1357983333333	5677792.72509766
80.182165	4059915.8515625
80.2269066666667	5217178.80822754
80.27373	4995903.57299805
80.3182466666667	4956111.66113281
80.3646483333333	5658343.62011719
80.4103483333333	5215209.36035156
80.454445	5049293.98718262
80.50156	5973184.18994141
80.54751	5640450.64453125
80.5939066666667	4037873.04052734
80.640365	5568395.75683594
80.686105	4732957.20129395
80.7326366666667	5113650.84661865
80.7791733333333	4682855.70898438
80.8255966666667	4664678.91265869
80.8723266666667	4668965.90991211
80.918365	4832787.57714844
80.9647583333333	4375586.42340088
81.010225	4020228.62817383
81.0571333333333	5778178.40515137
81.1023316666667	5079235.42199707
81.148605	5016753.20800781
81.1948816666667	4789788.43603516
81.2373383333333	4877732.93762207
81.2843333333333	5220028.95806885
81.3287616666667	5317245.89562988
81.37498	4905105.78295898
81.4197816666667	5881097.24023438
81.4639883333333	4712878.44970703
81.5111633333333	5216764.64013672
81.5571183333333	5520786.63989258
81.6035183333333	5239130.61541748
81.6503716666667	4004856.59246826
81.6968333333333	4199243.11602783
81.7437666666667	5646990.76940918
81.7903466666667	5327150.59442139
81.836595	5565752.89050293
81.8832933333333	4896096.53778076
81.9293366666667	4490972.8659668
81.976185	5414447.71728516
82.0225333333333	4421931.39428711
82.0690683333333	5468778.71289063
82.1151333333333	4537875.20318604
82.162025	4933640.09088135
82.2082333333333	4623243.44354248
82.25087	6304573.77294922
82.2969366666667	4776820.85272217
82.3421033333333	4948658.83837891
82.388375	4711366.31506348
82.4336933333333	6018161.61633301
82.478215	4665691.87365723
82.5250166666667	4986293.48510742
82.5709216666667	5700760.64355469
82.6169633333333	4060950.3526001
82.6636783333333	4747652.39971924
82.7094883333333	4843474.94921875
82.756505	5446765.80651855
82.8027316666667	6055200.66369629
82.848665	4250101.19671631
82.8955533333333	5572927.68823242
82.9418083333333	5378679.83306885
82.98823	4248306.26135254
83.0351133333333	5149082.8770752
83.0813216666667	4846606.57727051
83.12758	4620504.41595459
83.1739683333333	4590492.16821289
83.220415	6285601.93408203
83.26411	4328336.89691162
83.3109916666667	4282016.08221436
83.355615	5033390.61242676
83.40188	4247373.46746826
83.4481233333333	4662954.45269775
83.4928633333333	4139148.35858154
83.5393316666667	3785610.33093262
83.5859083333333	4871490.23516846
83.6321516666667	4484369.63470459
83.6784183333333	5405150.99609375
83.72466	4085790.65881348
83.7717166666667	5513919.81756592
83.8179733333333	4803194.69512939
83.8645783333333	6119923.57397461
83.9106583333333	4591825.47021484
83.9572666666667	4934122.54138184
84.0039766666667	4490288.21014404
84.05052	5348854.5411377
84.097285	3506896.04174805
84.1442933333333	4232604.23522949
84.1910383333333	4612983.23028564
84.2380233333333	3861151.27557373
84.282595	4702525.38757324
84.328445	4904094.30560303
84.372645	5674351.23461914
84.4170366666667	5651537.4473877
84.4617216666667	4378204.99035645
84.5062266666667	4834627.39447021
84.5528333333333	4368153.7789917
84.598675	5002413.22601318
84.6449	4721991.29180908
84.691325	5305166.78564453
84.7366783333333	4682154.97747803
84.7836816666667	4588216.47290039
84.830075	3960164.59881592
84.8766866666667	4114716.46081543
84.92344	3615008.88031006
84.9697616666667	5143017.49749756
85.0160816666667	4924183.48193359
85.0620483333333	5743795.87738037
85.1091766666667	4892802.99993896
85.1558833333333	4652509.0612793
85.2024316666667	3903762.84881592
85.24966	5444388.64196777
85.2928266666667	4824498.05792236
85.3392833333333	4006472.67510986
85.3854916666667	5197358.08679199
85.4319666666667	4603627.01452637
85.477805	4740133.16638184
85.52206	5994024.12683105
85.5684783333333	3969177.02416992
85.6136383333333	4372213.42022705
85.6601866666667	5685545.5491333
85.705135	5259565.4029541
85.7506516666667	5297518.69482422
85.7967316666667	5248253.57763672
85.84315	4955337.1796875
85.889955	4144049.86859131
85.9364833333333	4904248.89001465
85.982385	4922414.22973633
86.0288316666667	4126459.03088379
86.0758066666667	4564197.0368042
86.1218133333333	7051782.15362549
86.1664133333333	5693400.7623291
86.2128383333333	4372934.54504395
86.25948	3851530.72766113
86.304345	3805250.75152588
86.3505016666667	4437651.60583496
86.3956783333333	4623840.76959229
86.442155	5271941.53540039
86.4880583333333	3271932.33270264
86.532365	3580772.33782959
86.5793766666667	5076326.17871094
86.6249133333333	4853855.38574219
86.6709666666667	4964546.50402832
86.7175116666667	5611500.00463867
86.7632916666667	5423124.08599854
86.8094116666667	5642213.61907959
86.8566516666667	4533187.84448242
86.903075	4484149.59997559
86.9501	4746415.25787354
86.9961816666667	4515342.45611572
87.0426516666667	4747914.01416016
87.0890316666667	4607424.96722412
87.1357683333333	5911479.33679199
87.1823516666667	5158742.57305908
87.229485	4915501.7355957
87.2766283333333	5018617.82189941
87.3192533333333	5367607.16796875
87.36475	4749716.01013184
87.4089183333333	6055283.12670898
87.4541483333333	5257531.82592773
87.4996833333333	5101178.95922852
87.5440216666667	4619066.47052002
87.5906033333333	4805874.55810547
87.6364883333333	3826002.65631104
87.68324	4731373.55975342
87.7295883333333	3415055.94042969
87.7757983333333	3794872.63122559
87.8230816666667	4786431.43066406
87.8694683333333	6471261.15527344
87.9159466666667	5296261.05578613
87.96201	5643731.42834473
88.00803	4688928.25769043
88.0543583333333	5785391.78479004
88.1005983333333	5614822.23168945
88.1474583333333	4741733.90893555
88.1942	5189206.54827881
88.240695	5884615.86889648
88.2872466666667	6140133.26403809
88.3306016666667	5067445.66491699
88.37719	5110274.72979736
88.4225033333333	5411626.24639893
88.4666566666667	4752535.52404785
88.5122266666667	4097154.50134277
88.5568333333333	4971708.59210205
88.6036683333333	4334529.28448486
88.6498083333333	6300481.14257813
88.6960166666667	6415302.32861328
88.7418983333333	5790807.31079102
88.7879166666667	4950126.21875
88.834485	5535491.22406006
88.8805833333333	4349866.75585938
88.9272416666667	4553583.11956787
88.97353	5432408.84851074
89.0193383333333	5599566.02282715
89.0659333333333	4814336.234375
89.112085	4944224.51635742
89.1585733333333	5730125.90161133
89.2053866666667	4922596.16021729
89.2522866666667	5306051.56433105
89.29881	5485786.08337402
89.34207	5585117.48480225
89.3874316666667	5088227.13476563
89.43154	4584763.77471924
89.4772933333333	4909568.25213623
89.5230333333333	5197660.27722168
89.56735	4679183.03411865
89.6135866666667	3978084.32159424
89.6590816666667	5106858.85992432
89.7050666666667	5786841.42895508
89.75144	4897923.34747314
89.7978116666667	5590090.52600098
89.8451733333333	4195486.91296387
89.8913633333333	5062815.65325928
89.93759	3473201.6842041
89.9848483333333	4419209.94586182
90.0305483333333	4978426.31591797
90.07697	4365321.08306885
90.12309	4755023.68597412
90.1692316666667	5033697.65820313
90.215505	5285193.49328613
90.2618533333333	5601271.74731445
90.3085233333333	5137200.08673096
90.352085	5395240.32208252
90.3982083333333	4699620.52386475
90.4433616666667	5444824.49230957
90.489025	5322608.10192871
90.5349016666667	5790077.01123047
90.5788483333333	4966541.7588501
90.62571	4253653.11578369
90.6716633333333	3971861.2288208
90.7187033333333	5965145.66699219
90.7637433333333	5383802.88336182
90.8094483333333	4338567.42041016
90.8567933333333	5677948.2833252
90.903115	4997501.92889404
90.9504616666667	6222021.9465332
90.99702	6216320.35400391
91.0426566666667	4749124.9553833
91.0894433333333	4775688.68786621
91.136115	5966708.81005859
91.1823033333333	5002999.68389893
91.2287716666667	4101975.72137451
91.27583	4504086.33361816
91.3231066666667	3835459.58215332
91.3673283333333	4537846.85119629
91.4136733333333	4993580.12731934
91.4584116666667	5929995.85699463
91.5037416666667	4881429.01342773
91.5490366666667	5650798.8380127
91.59361	4509341.50164795
91.6404	5357265.19714355
91.6859383333333	5674206.30621338
91.7326766666667	4512783.32043457
91.7788916666667	4828928.46734619
91.8248466666667	4932110.3895874
91.8713833333333	4806523.0168457
91.9180216666667	4509871.78631592
91.964585	5543963.37963867
92.0112566666667	5495664.94616699
92.0572383333333	5381056.55010986
92.1041466666667	5391473.98504639
92.1505333333333	5086429.95483398
92.1975383333333	5330138.30114746
92.2439966666667	5151999.92041016
92.2903933333333	6004027.9453125
92.3371383333333	5537105.47460938
92.3802766666667	5057894.11694336
92.426925	5015168.60089111
92.4719133333333	4412388.70788574
92.5177683333333	5310400.57983398
92.56313	5628617.7276001
92.6069283333333	4182145.4630127
92.6537183333333	5033828.29223633
92.69964	6031416.46704102
92.7461266666667	5199630.29016113
92.792495	5203908.54638672
92.8387733333333	5993334.7956543
92.8853033333333	6408220.41760254
92.9312733333333	4965673.703125
92.9777166666667	4954734.56884766
93.024725	5215594.22277832
93.07101	4879318.11846924
93.1174183333333	5401206.6348877
93.1631716666667	5843414.97991943
93.2100083333333	5438149.77453613
93.256345	5593766.81414795
93.3025916666667	5164938.77191162
93.34905	5565759.54846191
93.3921366666667	5390196.44934082
93.43847	5169089.84283447
93.4839383333333	4575954.38153076
93.5296266666667	4832982.52722168
93.5756266666667	5231351.51959229
93.6198766666667	4564041.05279541
93.6664733333333	4991073.08050537
93.7126016666667	5434512.11853027
93.7592283333333	4390751.61090088
93.8058266666667	5090341.6272583
93.8517483333333	4969567.60009766
93.8982783333333	3444322.47851563
93.9450466666667	5693172.72644043
93.9905733333333	4155288.24139404
94.037475	4729008.82672119
94.0837833333333	4876903.69335938
94.1302883333333	4818295.59649658
94.1764566666667	4934067.32202148
94.22306	5401351.74926758
94.2692666666667	5425152.28527832
94.3158683333333	4532264.68060303
94.362925	5428553.36376953
94.4062816666667	5447930.87780762
94.4527383333333	5164299.16351318
94.4972783333333	5436117.04431152
94.5428383333333	5121987.82043457
94.5876033333333	5199500.5098877
94.631845	5568711.37646484
94.6785283333333	5090738.90734863
94.7243083333333	5493826.05303955
94.77124	5489131.90112305
94.8173016666667	4598615.21258545
94.86347	5329955.07336426
94.909785	5877262.43579102
94.956385	6609115.78149414
95.00207	5110753.75933838
95.048585	5530540.11065674
95.09445	4580464.94195557
95.14062	6137938.64501953
95.1868283333333	5519654.09094238
95.23311	5399390.82263184
95.2798583333333	4508712.67285156
95.32624	4903794.05786133
95.372795	6802700.31188965
95.4164833333333	4339783.67449951
95.463635	4863674.87347412
95.508295	5204112.91168213
95.55404	5155760.33520508
95.5992866666667	5696093.6583252
95.64287	5175058.43408203
95.6889216666667	4592534.70477295
95.7346683333333	4786916.80310059
95.7816833333333	5099548.5222168
95.827725	4492161.95800781
95.8738216666667	4859126.44067383
95.9200816666667	4988897.23736572
95.9663216666667	5045232.50817871
96.012925	5385283.75720215
96.0598383333333	4310698.74841309
96.1056966666667	5056197.87792969
96.1523616666667	5130442.63482666
96.198935	4752658.17669678
96.2457	4446632.62988281
96.292475	4909461.14697266
96.3391016666667	4896255.61254883
96.386	4430209.37255859
96.4299766666667	5150313.31884766
96.4764883333333	5099223.81408691
96.52153	4972169.55023193
96.5672133333333	5893311.15490723
96.6126366666667	4929065.67407227
96.657565	6429026.73779297
96.7034516666667	4983067.68859863
96.7493383333333	4840333.4901123
96.7961183333333	5068558.99743652
96.8426016666667	4625489.85931396
96.8877533333333	5034306.18157959
96.9348566666667	4634187.93652344
96.9813483333333	4519839.25311279
97.0280566666667	4423209.34820557
97.0747216666667	4651307.25219727
97.1210816666667	4750065.43792725
97.16769	5747679.6730957
97.2134733333333	4607180.54614258
97.2596766666667	5318295.76422119
97.30615	5463446.95001221
97.352685	4584673.17932129
97.3994133333333	4590190.2121582
97.44322	4896794.55078125
97.4895983333333	5307585.35638428
97.5336533333333	4820604.3215332
97.57937	5104647.23510742
97.62538	4404594.99493408
97.6705733333333	4512168.66162109
97.7171616666667	5063884.04040527
97.7624716666667	4649750.44458008
97.808875	4961747.48352051
97.8555216666667	4679986.17822266
97.901395	5006932.63641357
97.9479183333333	4789518.46875
97.9944316666667	4536985.42797852
98.0412683333333	3775326.32885742
98.0880466666667	4603374.7010498
98.1343966666667	5158758.32617188
98.1805	5182048.26220703
98.2263116666667	5703037.62768555
98.2730966666667	5009959.39935303
98.3193933333333	4000114.41229248
98.366215	5105620.45727539
98.4123883333333	5620419.49182129
98.455565	4947446.00787354
98.5021333333333	4421739.04315186
98.54716	5072820.31640625
98.592825	5128996.08947754
98.637645	6356034.47399902
98.68254	4153454.15460205
98.7287133333333	5086274.82220459
98.7743083333333	5457600.89306641
98.8205283333333	5906229.9019165
98.8666116666667	5377362.25878906
98.91228	4297244.63214111
98.95917	4965978.50524902
