RetentionTime	Intensity
0.00338	2241078.90336609
0.04545	2163211.88957214
0.089625	2106462.08831787
0.132873333333333	1900608.51559448
0.176105	1850266.50221252
0.220836666666667	1909918.05180359
0.265535	1716003.29052734
0.310233333333333	1261790.77485657
0.354426666666667	787652.130722046
0.398381666666667	593836.28465271
0.442155	464057.098907471
0.488148333333333	386216.732818604
0.533963333333333	361865.797203064
0.57964	317428.911567688
0.624793333333333	225258.986091614
0.638533333333333	241387.278244019
0.65367	240924.608100891
0.67785	257518.616035461
0.693175	262039.047042847
0.71079	245769.014331818
0.725593333333333	281072.018180847
0.753635	301097.21182251
0.777758333333333	278394.877090454
0.798738333333333	302499.523910522
0.841086666666667	329604.444526672
0.88707	348833.264930725
0.932893333333333	379633.48866272
0.97874	319213.677921295
0.996088333333333	310548.144340515
1.01726166666667	285553.856056213
1.06127333333333	358531.026885986
1.09148166666667	343542.736221313
1.13730833333333	279183.149612427
1.17757	310535.396934509
1.21616833333333	339632.671440125
1.260775	380455.804016113
1.305505	349802.073455811
1.350505	345159.266853333
1.39614166666667	336616.630943298
1.44056833333333	352796.452125549
1.48541833333333	346699.767166138
1.53118	395442.143676758
1.57638	379830.550514221
1.62221666666667	389595.800071716
1.66756333333333	425090.912780762
1.71301833333333	352826.289375305
1.75885166666667	378138.502624512
1.80452333333333	422397.400749207
1.84965166666667	352602.479682922
1.89539333333333	327825.569274902
1.94114	373875.596199036
1.98679666666667	417854.503601074
2.033005	377600.243518829
2.07716833333333	399730.231941223
2.122465	378142.963001251
2.158075	401845.337509155
2.20182666666667	428827.522117615
2.24827333333333	456354.869728088
2.29353666666667	473279.047531128
2.33846166666667	382154.22618103
2.37821166666667	439278.466171265
2.42369333333333	451296.17755127
2.46798166666667	439319.030776978
2.511245	413584.144706726
2.55781166666667	436394.129936218
2.603245	419834.199066162
2.64966333333333	456419.921096802
2.695365	431723.082313538
2.73121166666667	413397.953041077
2.77002333333333	467494.029747009
2.816165	491070.431480408
2.861825	429915.167167664
2.90778166666667	460182.871490479
2.95383	475836.307998657
2.999805	378878.624534607
3.045785	439697.209960938
3.08974833333333	427211.471000671
3.13575833333333	411875.997505188
3.18250833333333	410758.569747925
3.22558666666667	472759.583625793
3.271895	447259.268562317
3.31726333333333	453676.805793762
3.36343	412249.748634338
3.40994333333333	451030.611961365
3.45560666666667	504172.755203247
3.50023333333333	503815.357696533
3.54608	435061.635848999
3.58583333333333	478551.007522583
3.632335	511505.022705078
3.67844	501754.187522888
3.72404	523519.283065796
3.76999166666667	417751.255691528
3.79852166666667	516657.030654907
3.84542666666667	506786.848815918
3.89221333333333	507844.237365723
3.93901833333333	550404.203285217
3.98518333333333	535483.347633362
4.031225	512734.969772339
4.07735333333333	523410.449890137
4.12155166666667	522183.459495544
4.166225	577925.69367981
4.21264166666667	449905.34683609
4.25680333333333	503570.431091309
4.30357666666667	538093.060768127
4.34968166666667	603984.218696594
4.39529166666667	551701.252258301
4.43987	539428.131309509
4.48564833333333	539147.073425293
4.5301	507601.742759705
4.576005	551933.280937195
4.62225	548716.756546021
4.66878333333333	475586.056526184
4.71555666666667	639815.404342651
4.76170166666667	556472.895858765
4.80771833333333	529719.912788391
4.85428333333333	600629.453170776
4.900245	670946.394615173
4.94554333333333	627979.900039673
4.990985	633790.904029846
5.03774833333333	636880.229377747
5.08465	699493.72593689
5.12823166666667	600295.871192932
5.17293833333333	707541.83795929
5.21938666666667	673737.19594574
5.26256333333333	632628.138397217
5.30942833333333	668702.383239746
5.35527166666667	655330.490005493
5.40075333333333	657096.818969727
5.447025	610525.419067383
5.49353166666667	614551.174217224
5.53975833333333	567617.216110229
5.58561666666667	633215.060401917
5.63144166666667	689303.284179688
5.67719	618830.043510437
5.72234666666667	622000.014450073
5.76861166666667	628293.431999207
5.81406333333333	632094.879081726
5.859825	579795.600097656
5.90623166666667	746009.541847229
5.95217333333333	701892.865341187
5.997815	765285.11000061
6.04402666666667	741888.789825439
6.09158166666667	695411.29574585
6.13706166666667	641952.437858582
6.18260833333333	649825.002006531
6.22852833333333	688742.656906128
6.27217	581462.711166382
6.31862	701917.884529114
6.36335833333333	598549.296470642
6.40862666666667	619363.88734436
6.454925	625785.793029785
6.50043166666667	555586.534744263
6.54742333333333	595433.594047546
6.59249	573960.100585938
6.6397	705290.249191284
6.685515	707604.675933838
6.73084666666667	751897.360641479
6.77646	792017.005302429
6.822835	752400.964179993
6.868865	923669.514282227
6.91520166666667	843350.577568054
6.96236833333333	897547.669761658
7.00843333333333	827526.816261292
7.055315	874261.494438171
7.10098166666667	852017.515625
7.14558666666667	989073.41973877
7.19051666666667	1031491.98808289
7.23616833333333	929297.286529541
7.279865	863702.640670776
7.32659166666667	862523.497795105
7.37281	932926.861221313
7.41811666666667	890031.667015076
7.46371166666667	934091.936050415
7.50944166666667	936776.059265137
7.55583666666667	997650.82383728
7.60214333333333	884863.610725403
7.648135	858400.793487549
7.69578666666667	1119132.13801575
7.74172833333333	1152619.86665344
7.78726833333333	973540.173591614
7.83348166666667	925797.031822205
7.87977666666667	1125841.15735626
7.92627	980091.258460999
7.97223833333333	899159.87714386
8.01878833333333	902027.727996826
8.06467833333333	883850.04335022
8.11088333333333	886431.848327637
8.155555	1057915.90875244
8.20182333333333	966173.227394104
8.24836166666667	1065698.2649765
8.293035	951408.316436768
8.33902833333333	976677.613090515
8.38561666666667	1160604.84579468
8.43016666666667	1116289.50712585
8.475575	1108306.47750854
8.52225666666667	1394947.73499298
8.56853166666667	1551869.99868774
8.61464166666667	1385439.98316956
8.66069333333333	1405512.82389069
8.70605666666667	1503814.94461823
8.75154666666667	1522834.16789246
8.79804833333333	1790065.715271
8.84386	1929030.99632263
8.88929166666667	1907843.5059967
8.93539333333333	1835676.4249649
8.98164	1453960.46180725
9.025615	1407415.10203552
9.07192	1239404.97860718
9.117005	991613.003738403
9.16216666666667	1080364.63227844
9.20747	986138.23033905
9.25271333333333	827789.104782104
9.29906166666667	1143391.40843201
9.34453	1061318.12729645
9.38900333333333	1038182.09624481
9.43564833333333	1095045.39033508
9.48042	972679.320861816
9.52690333333333	1189106.06124878
9.57286833333333	1320558.20425415
9.61975666666667	1376531.17094421
9.66644833333333	1483135.68263245
9.71167333333333	1771651.94816589
9.75758833333333	1917365.46696472
9.802565	1927004.10925293
9.84957	2002919.20733643
9.89502166666667	2067996.80783081
9.94066666666667	2238711.1519928
9.98751333333333	2291354.61442566
10.033555	2012394.59560394
10.0798233333333	2208109.20114136
10.1254183333333	1941540.47473145
10.1698866666667	1844143.75834656
10.2166416666667	1674543.19758606
10.2628683333333	1615337.27581787
10.3098983333333	1769757.10743713
10.3549	1573562.91402435
10.401255	1646669.322052
10.4463966666667	1552294.04411316
10.4918416666667	1553893.70767212
10.5366683333333	1711743.89574432
10.5826116666667	1772990.53337097
10.6284133333333	1712641.67649841
10.674615	1852758.26364136
10.7209233333333	1740324.3478241
10.7668616666667	1635467.5178833
10.81171	1878909.54039001
10.8565566666667	1682397.34075928
10.901575	1466738.31974792
10.94878	1563389.45565796
10.9951633333333	1686322.91256714
11.0406583333333	1664241.84461975
11.08584	1601284.764328
11.132645	1716892.92372131
11.178185	1639861.00930786
11.22442	1696428.49853516
11.2710266666667	1657097.9122467
11.31858	1784519.69918823
11.3628166666667	1526182.33757019
11.4094766666667	1690431.54817963
11.45399	1842025.42538452
11.4997833333333	2052653.36578369
11.5446833333333	3548303.81134033
11.587395	6852030.52603149
11.63198	11060686.2641907
11.67532	17172837.3615417
11.7191033333333	19360803.6455383
11.76407	19091110.5820618
11.80715	16774012.0353394
11.8488966666667	16321247.6296997
11.8951183333333	12357950.7562866
11.9409516666667	10887455.041687
11.9847666666667	11306239.2423096
12.02894	11757267.5426636
12.0728933333333	12163303.9796448
12.1188466666667	12478416.6029053
12.164895	14330652.3486633
12.21083	13517677.2720642
12.25687	12360787.8719177
12.3036033333333	9377549.80267334
12.350425	8420254.43630981
12.3953916666667	7072955.12599182
12.4419716666667	6292617.26139832
12.48681	5178832.57818604
12.5317983333333	4971466.97857666
12.5779233333333	4791487.30265808
12.62348	4866697.04501343
12.669235	5200386.00279236
12.7140366666667	5428505.93037415
12.7595283333333	6962128.50923157
12.8040783333333	8937339.99923706
12.849	10407339.9865417
12.89227	12900179.611084
12.936415	15199700.9493408
12.9816983333333	16184317.9740295
13.0227183333333	15093067.9525146
13.0679416666667	12861417.856842
13.11286	12379116.4478149
13.1587983333333	11490978.6836853
13.2057683333333	11005160.6350098
13.2497316666667	8943544.92700195
13.2957633333333	9593126.93130493
13.341575	8531169.73052979
13.3862216666667	8729822.39581299
13.432365	10119852.8140564
13.4782166666667	9719295.27337646
13.5231266666667	10054899.8641663
13.5679983333333	9924431.70214844
13.6150783333333	8909867.16564941
13.6623283333333	8190433.35357666
13.7073866666667	7187077.02029419
13.7542433333333	8281065.07272339
13.80007	7520297.88812256
13.846085	6709166.56625366
13.8908533333333	7220966.92993164
13.9363966666667	6995453.58804321
13.9811083333333	7032788.23880005
14.0273416666667	11019112.4597473
14.0697416666667	12427999.3459167
14.1146683333333	18625168.7527161
14.1578816666667	24893709.0064087
14.2029933333333	25748573.7799072
14.2438916666667	24816833.3830566
14.2889966666667	25178273.8474121
14.3342233333333	21251944.1364746
14.3801616666667	19832685.4285278
14.423135	15665137.3324585
14.4673366666667	13962014.6132202
14.5132633333333	13006705.6447754
14.558755	12704146.177124
14.602565	13503297.0051575
14.647605	11801956.9163818
14.6918	12452414.6143188
14.7383016666667	13059387.006958
14.78485	12736068.1025085
14.8305533333333	12887476.1121521
14.8743833333333	10784670.1929626
14.9202016666667	10310523.0701294
14.9667366666667	11243323.2785034
15.0115366666667	12449762.130127
15.0583616666667	10959280.0325928
15.10237	13972987.7952271
15.14659	16678651.3613281
15.1906233333333	17911828.7070923
15.2353083333333	17490640.9160156
15.2818066666667	18543191.3540649
15.3277866666667	20218842.6891479
15.37281	22810968.553833
15.4189583333333	26382579.9752197
15.46382	24271041.3189697
15.5080933333333	23306096.4328003
15.5533383333333	27199982.4939575
15.59616	23713686.7388916
15.6411816666667	25130267.4143066
15.6868116666667	27259716.694519
15.7305383333333	25577080.7634277
15.7752633333333	22971406.8848267
15.8192933333333	24426440.4369507
15.8635783333333	24232255.3250122
15.90512	21571747.9058838
15.9490633333333	22436414.9919434
15.993685	25100497.3505859
16.0377666666667	27009181.6885986
16.0822083333333	29953037.0829468
16.125605	29187628.1886597
16.168205	29643225.088623
16.211455	33324102.9331055
16.2552033333333	38749305.6409912
16.2982533333333	39582759.3216553
16.3413	46333323.8372803
16.38361	52004620.1674805
16.42627	54661098.1906738
16.4694533333333	47741917.5748291
16.5150483333333	43726456.729126
16.5563383333333	34208878.1384277
16.600885	31669841.230957
16.64345	28756619.3416748
16.6875183333333	28882224.1080322
16.7312016666667	25958152.2045898
16.7741233333333	26494631.1983643
16.81696	33080083.6608276
16.8590733333333	38227725.2462158
16.9022416666667	51123037.8743896
16.9461933333333	58672000.892334
16.9908816666667	66361875.8634033
17.0320283333333	69593508.7919922
17.0721866666667	76035227.6984863
17.1106083333333	91600423.3880615
17.1486766666667	105386978.099365
17.1908716666667	111728822.784912
17.2282483333333	126296243.274414
17.2682833333333	104297238.947266
17.3077383333333	78152912.8642578
17.3504566666667	72236986.2250977
17.3884116666667	82121004.2181396
17.431045	70948175.6177979
17.4705616666667	84537321.9678955
17.5068433333333	90947516.2355957
17.5453433333333	110272395.13208
17.5839766666667	127241503.008057
17.619515	146598437.041016
17.6554716666667	168260586.279785
17.6928666666667	172956953.971436
17.7313833333333	146164963.097168
17.7696	181392274.632813
17.8048066666667	197150686.906982
17.8441766666667	237663968.535889
17.8807733333333	240921706.863281
17.9173716666667	245572575.816406
17.955495	230451611.09668
17.9883716666667	185947201.872314
18.0239666666667	199848558.756836
18.0556133333333	242624219.943359
18.08899	272631952.98584
18.1214133333333	338794306.71582
18.1531183333333	327574381.963379
18.18647	388873289.901367
18.2190266666667	423311695.724609
18.2508683333333	459917754.187012
18.2846366666667	553020502.826172
18.3160583333333	509037155.572266
18.3502566666667	629803254.466797
18.38198	531594190.331055
18.4158366666667	593085674.55957
18.4489233333333	561372603.808594
18.4820866666667	537314209.150391
18.51726	485540687.668945
18.5479983333333	471338992.337891
18.5816616666667	433895905.706055
18.6143033333333	503526605.995117
18.6471366666667	524668664.180664
18.6790633333333	473919873.632813
18.7123433333333	487155150.875977
18.74604	545711786.907227
18.77793	580318180.026367
18.8087766666667	653464543.34082
18.84167	564400097.944336
18.87206	604793534.560547
18.9026616666667	558328618.988281
18.934495	654668573.639648
18.9656016666667	609674737.976563
18.996665	680654093.706055
19.027055	675192163.567383
19.0581066666667	811588581.677734
19.0907966666667	891583439.988281
19.1194116666667	958216242.106445
19.15028	917494764.146484
19.1808966666667	846667183.849609
19.212055	968016738.375
19.2438216666667	930699786.148438
19.27586	973880500.082031
19.3067766666667	1114465310.73828
19.3395316666667	1198059662.45703
19.3713083333333	1170591651.125
19.4019983333333	995703124.628906
19.4330766666667	1004085814.48047
19.465145	1150784069.17773
19.495895	1005340102.66016
19.5266083333333	1056701659.23828
19.557575	1092307967.16992
19.5896966666667	1140071996.08398
19.623625	1055263693.71289
19.6535533333333	982963041.939453
19.6864966666667	1111289367.4668
19.71682	1072826000.69531
19.7464233333333	991382846.40625
19.7760816666667	1170870972.08984
19.8057316666667	1218583388.08984
19.8350666666667	963495630.564453
19.867425	992456621.074219
19.8996316666667	1081463599.83008
19.931745	1111429065.73438
19.96298	1312373779.70117
19.994015	1074274097.43945
20.02576	994609839.277344
20.0579183333333	1028338068.12891
20.0889216666667	1031328003.18555
20.1195783333333	985182454.957031
20.1494583333333	1042064560.33203
20.179695	987707876.033203
20.211505	1064365332.97461
20.2424883333333	1105011420.18164
20.2732466666667	1182805481.01172
20.3035216666667	1318224599.22266
20.3313616666667	1272944528.9043
20.3615566666667	1314836983.7832
20.3908216666667	1242121456.5918
20.4211266666667	1247259630.70508
20.4506666666667	1270973509.77539
20.48195	1284541379.38867
20.5129316666667	1732831324.26563
20.5439033333333	1447456706.36914
20.5742916666667	1296148212.4668
20.6041733333333	1284833345.14453
20.63746	1318331822.66406
20.6690533333333	1288949121.47852
20.7001266666667	1550363987.63477
20.7328	1267098486.4082
20.7650133333333	1464327845.42188
20.7969416666667	1475466565.48633
20.8292966666667	1529551719.86914
20.8605233333333	1394631584.15625
20.89008	1412565068.24609
20.9203233333333	1406774961.17578
20.9513383333333	1470158881.66602
20.983395	1378384657.80664
21.0148733333333	1389655677.61133
21.04584	1466084992.61133
21.0774983333333	1554789113.46289
21.107355	1417895760.72656
21.1370816666667	1650011910.69922
21.1673083333333	1533046664.66602
21.1982866666667	1513807849.83789
21.228715	1573838235.64844
21.258665	1536521208.76563
21.288245	1432794703.06641
21.3155866666667	1543887081.88086
21.3463866666667	1656050919.73633
21.3775866666667	1520052368.68555
21.409505	1533811579.89063
21.4401916666667	1467997553.24023
21.4723083333333	1471702031.14258
21.5044183333333	1602649825.11523
21.5349216666667	1639659638.13672
21.5635466666667	1784364092.07813
21.59441	2116041798.17578
21.6249166666667	2092315519.16016
21.65554	2427340879.82813
21.686725	2523111706.94922
21.7178933333333	2547205467.69922
21.7496516666667	2518684736.04297
21.7812083333333	2366788076.66797
21.811025	2377443281.21484
21.8404316666667	2199389633.95703
21.86985	1929503736.73047
21.8995433333333	2051388917.11328
21.9303	1829731875.07227
21.9611616666667	1908049012.58984
21.9912483333333	1679382062.12891
22.0229883333333	1673001519.0625
22.0535866666667	1680934892.42188
22.082925	1678154055.21094
22.1126033333333	1714855276.75
22.1442966666667	1830456743.3125
22.1742766666667	1782253851.19531
22.205495	1934364468.82422
22.234255	1829724703.74219
22.263415	1753722946.07031
22.2934666666667	1636441198.98438
22.324545	1773665533.27344
22.3558266666667	1678428477.85938
22.3864	1754608094.61523
22.41629	1684491364.41992
22.4459966666667	1714288900.77734
22.4775783333333	1765090988.82422
22.5101483333333	1984019627.89063
22.5407583333333	1831161756.98047
22.571125	1897222264.41016
22.6022083333333	2153610598.87891
22.6342433333333	1865727591.33984
22.6652283333333	2251249896.75781
22.694925	2073843299.88672
22.7261466666667	2183251597.05859
22.7540383333333	2139414924.85938
22.7853566666667	2207378156.52734
22.81528	2235207730.85156
22.8453016666667	2126265985.55078
22.8765016666667	2238393612.72656
22.906035	2325093393.39063
22.93663	2311524186.10156
22.96665	2236891269.02344
22.996835	2231928800.33594
23.02641	2195790264.92578
23.0572233333333	2477362423.35547
23.0885466666667	2157297077.07422
23.1208	2285754464.65625
23.1512633333333	2323007946.44922
23.1828766666667	2298874202.07031
23.2119366666667	2566559786.84766
23.24194	2289670501.98047
23.2702216666667	2224051351.95703
23.3023966666667	2030771784.66797
23.3329916666667	2036910949.44141
23.3637466666667	2073911020.47266
23.39506	1954541273.25
23.42568	2009523975.44922
23.4567766666667	1884589306.08984
23.4876433333333	2016151603.48828
23.5181433333333	1950509906.3125
23.5507883333333	1958012683.34766
23.5797166666667	1819019847.53516
23.61123	1900252013.14063
23.6426283333333	2097578859.92188
23.6729666666667	2102303086.47656
23.7041083333333	1995882143.9375
23.7347233333333	2031896949.12109
23.7649166666667	1994227127.83203
23.795895	1963835306.04297
23.8260916666667	1940600226.80469
23.8566566666667	1943073625.48047
23.8869416666667	2040273638.86328
23.9196383333333	1944880833.76172
23.9493466666667	2000163614.60938
23.981165	1851740400.42188
24.0112016666667	1821391126.80273
24.0413766666667	2081830182.52344
24.0706116666667	1859135938.01563
24.10021	1793933275.83984
24.1304283333333	1823505467.86719
24.1593133333333	1856600948.41797
24.1898966666667	1853076924.71484
24.2181883333333	1807886321.99609
24.249155	1801244186.88281
24.2784683333333	1773651385.55469
24.3103716666667	1908340304.30859
24.340565	2001501896.07031
24.3697916666667	1957183133.39844
24.4013616666667	1892926004.48438
24.4320566666667	1909963880.05078
24.4652466666667	1906113560.27734
24.4952183333333	1900149624.03906
24.52689	1872011368.53516
24.5578716666667	1845401708.76563
24.5897216666667	1676650779.04688
24.6194533333333	1763120041.47656
24.6490316666667	1773290767.26172
24.6795083333333	1713456699.74609
24.712175	1585162917.9375
24.741565	1677827723.69531
24.7726366666667	1654749964.42188
24.8041016666667	1569126172.71875
24.8346766666667	1593733100.91406
24.86323	1633181875.23438
24.8943533333333	1631599853.03125
24.9250333333333	1655241515.11328
24.95655	1640255290.14844
24.986265	1700656503.39844
25.0172016666667	1738961135.50391
25.0478583333333	1763063292.00781
25.07596	1812390100.10156
25.105355	1606162067.125
25.1357	1819464743.96094
25.1658366666667	1836332140.09375
25.19622	1870377735.76172
25.2255383333333	1954662733.30469
25.2546066666667	1853794637.32031
25.28307	1776859345.43359
25.3136366666667	1864454910.46484
25.3436716666667	1917244533.68359
25.3735816666667	1836224580.08594
25.40501	1840613907.82031
25.4367766666667	1744973238.55859
25.467185	1836836929.83984
25.4975983333333	1988355279.25391
25.5289266666667	1817107609.49219
25.5594816666667	1955899987.83984
25.591245	2235322739.29688
25.622185	2264251445.5625
25.6525583333333	2298811169.64063
25.6842183333333	2241775199.15234
25.7161316666667	2237111704.00781
25.746915	2365860987.76563
25.7780583333333	2182582385.80078
25.8082566666667	2128753106.25781
25.8388933333333	1812749720.57422
25.8690383333333	1916481042.70313
25.9006983333333	1965418260.11328
25.9312183333333	1923637803.58203
25.9609716666667	1812427962.35938
25.9908266666667	1919966361.83984
26.0216116666667	1863425304.80859
26.0516116666667	1858324183.92188
26.08229	1813992089.3125
26.1133966666667	1881840785.64453
26.143865	2004009931.15625
26.17267	2008462242.77344
26.2021833333333	1978058494.54297
26.233185	1808513636.01563
26.2633516666667	1863289202.83594
26.2929283333333	1976892033.49609
26.3237833333333	1868724162.87109
26.3547983333333	1877979294.44141
26.3834266666667	1764889201.13672
26.4134733333333	1782364403.68359
26.4447916666667	2139866205.39063
26.474535	2073898586.88281
26.5043316666667	1860877028.38281
26.5354183333333	1909248594.16797
26.5645783333333	1913192778.05078
26.59567	1957155323.80078
26.6258433333333	1858302841.69141
26.6561933333333	1775045214.76172
26.687125	1796589156.1875
26.717695	1769851172.73438
26.7468	1577224028.82422
26.7766016666667	1628061406.83984
26.80451	1818509371.49609
26.8344016666667	1515905219.95703
26.86387	1653281589.25781
26.8933433333333	1627244587.95313
26.924675	1681200394.92969
26.9548966666667	1861837260.68359
26.9834816666667	1815681504.03516
27.0127083333333	1818446466.12891
27.0425233333333	1913139957.21094
27.07388	2020083935.96875
27.1042366666667	2028485697.35938
27.134695	2140395375.05078
27.1636333333333	2049156595.14844
27.1935033333333	2026904566.82031
27.2244333333333	2061194632.10156
27.25333	2041974873.23047
27.2846883333333	2034479962.98828
27.31585	1957468837.21094
27.3474833333333	1905057368.71875
27.3801716666667	1944040418.47266
27.413225	1899567966.28906
27.4447333333333	1849512732.97266
27.4757816666667	1757035760.8125
27.507105	1896805613.79297
27.537635	1748387177.69922
27.5684416666667	1713931143.54688
27.5998416666667	1617673983.91016
27.62968	1572721448.42578
27.6600333333333	1611418654.05469
27.6902066666667	1641095404.28125
27.7201883333333	1872478534.49609
27.75039	1712345907.43359
27.7806416666667	1772337924.51172
27.8107216666667	1738871602.88672
27.8403116666667	1856909186.80078
27.8708333333333	1891643418.20313
27.9025233333333	1735549102.78906
27.9318383333333	1714834832.80469
27.9629983333333	1664751190.46289
27.993175	1637702644.57813
28.02249	1743194913.10156
28.0516466666667	1599805499.0625
28.0813033333333	1684031855.14453
28.1124316666667	1766853949.24219
28.1418866666667	1800686418.67578
28.1716216666667	1784122151.82813
28.2013466666667	1816189055.92578
28.2307716666667	2005829250.21094
28.259385	1814332926.47266
28.2896033333333	1909059448.62109
28.3182466666667	1956284655.96484
28.348025	1758331461.71875
28.3777366666667	1897099742.29297
28.4077233333333	1932059601.98438
28.437915	1871169170.55859
28.468555	1784569443.07813
28.498475	1745927272.76563
28.5280166666667	1797822680.58594
28.5591	1795471401.51563
28.5902883333333	1704491979.125
28.6211416666667	1636375192.60938
28.6523616666667	1596608090.80469
28.68387	1623064809.81641
28.713995	1604467003.85547
28.7440333333333	1552736399.46094
28.7745316666667	1576253032.82422
28.8080083333333	1692052810.21484
28.8387283333333	1791684515.72266
28.8704883333333	1786662989.74219
28.9002266666667	1591559778.95313
28.931865	1902142956.08203
28.9611966666667	1860268432.66406
28.9923066666667	1605378842.5332
29.0228233333333	1824253523.98828
29.053795	1560397511.58008
29.0845683333333	1687410305.89063
29.1155816666667	1629893303.25781
29.14585	1719689237.22266
29.1763716666667	1550698752.67188
29.2081666666667	1824194549.50391
29.23999	1609242354.62891
29.2683183333333	1814278157.40625
29.2986516666667	1753372742.33984
29.328915	1707113593.20703
29.359455	1735715971.82813
29.3877716666667	1950412397.58203
29.4180383333333	1896354904.02734
29.4466566666667	1771680669.44141
29.477995	1677268891.09766
29.5092183333333	1783793907.47656
29.5396633333333	1933155887.19141
29.5700716666667	1976340125.22266
29.5991666666667	1889131361.60156
29.62964	1803991870.20703
29.6597633333333	1775650524.09375
29.6894933333333	1741105560.33594
29.7202866666667	1645428749.90234
29.75077	1662460498.0625
29.7803983333333	1746738465.17578
29.81094	1789267693.91797
29.842515	1674251144.38281
29.8734166666667	1618133081.99609
29.904905	1656436019.63281
29.9354683333333	1868248410.55469
29.9664383333333	1960052951.46875
29.9962783333333	1720620198.21094
30.027765	1782472930.6875
30.0581566666667	1716680192.51563
30.08875	1820268106.61328
30.1190733333333	1864467587.83594
30.149255	1705048742.20703
30.180485	1760717341.67969
30.21041	1894479328.41797
30.2401516666667	1829806820.49609
30.2691733333333	1994680077.78125
30.2992233333333	1944438410.08594
30.3288816666667	1846644691.44531
30.3590966666667	1914022824.41406
30.3889833333333	1866023075.03906
30.4202266666667	1715856140.12109
30.45174	1904444986.51172
30.4830533333333	1797069797.25391
30.5139416666667	1855754667.48438
30.5438533333333	2095978883.57813
30.5742116666667	1856131296.82422
30.6041866666667	2053317506.03516
30.6346583333333	1863942437.17578
30.6640466666667	2005511257.15625
30.6941033333333	1829808597.42969
30.7260066666667	1952652825.40234
30.75674	1856338892.50391
30.7887233333333	1716548767.14063
30.8182833333333	1756396890.17188
30.8494783333333	1627651109.78125
30.88126	1529895856.90625
30.9116616666667	1790724491.37109
30.9407166666667	1849832564.97656
30.9694533333333	1761780575.12891
30.998835	1865855687.77344
31.03037	1756810643.62109
31.06119	1896298655.61719
31.0918583333333	1959155392.62109
31.1220233333333	1755923478.4375
31.1531116666667	1653394365.14844
31.1846466666667	1748780606.36719
31.21467	1564543108.15625
31.247265	1771068300.17578
31.2780933333333	1773413084.66016
31.3078166666667	1977370320.98828
31.3371733333333	1850911735.70313
31.3666266666667	1977056447.99219
31.3971183333333	1871826544.83203
31.4272983333333	1836897983.69141
31.458035	1814540792.08984
31.4891533333333	1915439801.63281
31.5186016666667	1925131687.76953
31.5500933333333	1872304660.09375
31.5816933333333	1817961843.08203
31.613475	1810611391.54688
31.6433933333333	1797096602.6875
31.672305	1798094073.42578
31.7012516666667	1669643762.64063
31.73012	1733642931.17188
31.7581233333333	1607748636.23438
31.7865666666667	1811308601.35156
31.8155	1816956447.86328
31.845595	1784360789.27734
31.8766716666667	1849291747.49609
31.90697	1860599911.91016
31.93915	1852442928
31.9699533333333	1914399583.54297
32.0024983333333	1759318869.21875
32.0350183333333	1737590607.08984
32.06566	1953692937.43359
32.09704	1714959230.67969
32.1273116666667	1731437671.50391
32.158475	1596286128.17578
32.18929	1844199380.60938
32.2201716666667	1805523371.64844
32.250795	1798589331.33984
32.2797766666667	1846476956.77344
32.3114083333333	1700482430.02344
32.3418183333333	1657431926.80859
32.372425	1684627409.57031
32.4046533333333	1661758719.82813
32.43389	1498784473.01172
32.4660466666667	1735223358.58203
32.4965266666667	1641127270.69531
32.52638	1711485167.64063
32.5564883333333	1582951198.48828
32.5858116666667	1579693532.87109
32.615575	1633868892.27344
32.6451683333333	1466647816.44531
32.67399	1749120480.05078
32.70258	1761082039.20703
32.7327366666667	1757119046.83984
32.7621883333333	1899264162.44141
32.7922933333333	1687701589.39063
32.8229666666667	1653612340.54688
32.8537966666667	1460633659.80859
32.8839333333333	1673408161.75
32.9145816666667	1690539854.25391
32.94537	1700092498.85156
32.974905	1796842230.93359
33.0059966666667	1821125556.38281
33.0364333333333	1897357233.98047
33.0649783333333	1836730477.29688
33.0948333333333	1921886042.17188
33.124545	1634987460.52734
33.15424	1744139937.90234
33.18533	1857531905.10938
33.2152933333333	1865073327.72266
33.2441516666667	1640689945.06641
33.27441	1849048259.51172
33.30362	1827450639.60938
33.33426	1664971426.35938
33.364025	1594363764.03516
33.39441	1595651398.53516
33.4253516666667	1581536849.47656
33.4568483333333	1628913377.37109
33.4880466666667	1780221798.1875
33.5210583333333	1853566461.47266
33.5530966666667	1708304423.35547
33.5836783333333	1886860194.71875
33.6157433333333	1893911610.96094
33.646	1728576885.85547
33.6762316666667	1608954529.82031
33.7065783333333	1704526111.46875
33.7390116666667	1786577987.12891
33.7691533333333	1851196291.52734
33.8000033333333	1899433705.4375
33.8297333333333	1716356227.33008
33.86121	1758259050.55078
33.8905016666667	1794350583.22656
33.9210333333333	1924677530.07813
33.9517066666667	1818458278.58594
33.98233	1704490754.09766
34.0137533333333	1803828311.64453
34.0436683333333	1806615720.33203
34.0739516666667	1766405033.89063
34.1041716666667	1758795678.44531
34.1345333333333	1673801898.50781
34.1657566666667	1555334336.78125
34.194895	1591925042.4375
34.2246366666667	1650946871.36719
34.2534316666667	1485273568.95117
34.28325	1606018693.90234
34.313595	1810095922.39063
34.3436533333333	1757469434.77734
34.3736416666667	1786271424.94531
34.4038583333333	1781968168.35156
34.43451	1737555413.34375
34.4651066666667	1874311625.03906
34.4955333333333	1858079244.95313
34.527695	1770098164.55078
34.5582933333333	1817368391.12109
34.5884433333333	1734327201.14063
34.6190666666667	1740048232.85938
34.6489916666667	1800789589.38672
34.67915	1957179833.16797
34.70979	1983308054.94922
34.73926	2070694593.01563
34.7693533333333	1867046879.69141
34.8000033333333	1835002707.15234
34.8300183333333	1658055560.61719
34.860135	1919455642.52734
34.888845	1878745833.125
34.919785	1968178027.19141
34.94941	1862102147.20313
34.9798533333333	1896542831.58984
35.011125	2034714041.23828
35.040615	1933530352.81641
35.0720533333333	1810802254.98047
35.1035116666667	1872699833.99219
35.1349966666667	1707506886.66016
35.1658983333333	1822899495.23828
35.1970733333333	1991912777.37109
35.22806	1942528225.87891
35.2576566666667	1819587152.47656
35.288305	2234932249.92188
35.318435	1915730766.42188
35.348665	1900627851.47656
35.37976	1955819825.87109
35.410485	2131236112.13672
35.4419283333333	1967071754.78125
35.4725716666667	2229390472.48438
35.5021816666667	1946114022.37891
35.5325816666667	1850774010.19141
35.5628983333333	2180706769.26172
35.5931033333333	1956231660.28906
35.6237366666667	2002467814.46875
35.6541833333333	1854438595.83203
35.684375	2010183003.82422
35.7147016666667	1980926504.37109
35.7457966666667	1839255641.71875
35.7763783333333	1928121242.00391
35.8080766666667	1799275557.68359
35.8366033333333	1912450682.85938
35.8668833333333	1965753875.35547
35.8963433333333	1935252054.9375
35.9266116666667	1911782355.33203
35.9579916666667	2207377617.35938
35.987855	1930382669.87891
36.0185333333333	2085110465.08984
36.0480616666667	1994719902.15234
36.07848	1833875933.44922
36.1096483333333	2079647461.40625
36.1403866666667	2175580628.49609
36.1712883333333	2187768359.82813
36.2011016666667	2080018684.69531
36.2321733333333	2039251216.58203
36.2617916666667	2217791551.88281
36.2916333333333	2217728478.88672
36.321545	1957450843.43359
36.35094	2171125049.26172
36.38127	2038285994.60547
36.4107716666667	2284694586.78125
36.4398216666667	2108259511.89844
36.47078	1989431554.28906
36.500605	1918733783.04688
36.5314766666667	2050564646.38281
36.5624316666667	1812175266.84375
36.59296	1989717378.69141
36.6226966666667	1856610141.41016
36.654255	1822328806.33203
36.68556	1879030172.41016
36.716835	1777474837.35156
36.747295	1928131757.34766
36.7778	1595459259.26172
36.8086516666667	1641625703.26172
36.8397183333333	1587229483.92773
36.8694316666667	1683014555.77344
36.899495	1633497436.25
36.9307033333333	1781432901.60156
36.960875	1804379812.97266
36.992455	1964152184.02344
37.022905	1918280304.36719
37.0543716666667	1843457330.1875
37.0852683333333	1993366881.35547
37.1167616666667	1754897924.41797
37.1480633333333	1742806399.48828
37.1788933333333	1746184861.76563
37.2094766666667	1677874726.40234
37.24104	1657982228.26172
37.2722366666667	1651143431.96484
37.3033	1751980011.72656
37.3336016666667	1622671435.20313
37.3639733333333	1772858571.07422
37.3941483333333	1932598971.23047
37.4251183333333	1860665314.89844
37.4561016666667	1873233939.20703
37.4857966666667	1725392847.22266
37.5142716666667	1697646116.62891
37.5452416666667	1815705384.79688
37.5750766666667	1775949478.47656
37.6043083333333	1803670180.25391
37.6346466666667	1833865246.86719
37.6651016666667	1808545505.68359
37.6954216666667	1869348274.21094
37.7252616666667	1866249351.70313
37.7559733333333	1897131585.64844
37.786255	1746671742.25391
37.8157233333333	1584604785.28516
37.845915	1830875980.03125
37.8769816666667	1672405835.20313
37.9063733333333	1524295910.03516
37.9371016666667	1733808653.71875
37.968025	1686704965.39844
37.99944	1629569509.90625
38.0305316666667	1524918948.82031
38.0608366666667	1711798463.23438
38.0926366666667	1836192557.41797
38.1226366666667	1844744731.95703
38.1535283333333	1871115153.79297
38.184945	1773531234.05469
38.216515	1662592677.0625
38.2479383333333	1942723540.37109
38.279785	1782568474.06641
38.3113416666667	1903910003.57813
38.3409716666667	1726963508.81641
38.37094	1803859567.96094
38.402185	1811962926.91406
38.4330683333333	1922957306.41016
38.4640783333333	2061213198.19141
38.494125	2158029418.63672
38.525865	2046948885.75
38.5558083333333	2218983159.03906
38.5863616666667	2497381665.01563
38.6179033333333	2297447510.66016
38.6478966666667	2380287293.05859
38.67976	2291328993.13672
38.711215	2339542002.32031
38.7423283333333	2519325205.22266
38.7738383333333	2331411120.78516
38.8040216666667	2389056279.26172
38.83509	2145508539.24609
38.8661633333333	2105595286.98047
38.89745	2177384574.22266
38.9296416666667	2037642052.37109
38.962105	1856992490.96484
38.9920283333333	2069593501.67188
39.0237466666667	1928632086.88672
39.0547883333333	1608732279.19922
39.0842616666667	1749687747.8125
39.1130816666667	1663092025.92188
39.1433333333333	1694413695.76953
39.1742283333333	1656194152.50391
39.2060733333333	1799503494.16797
39.236385	1705626217.53516
39.2665783333333	2010758139.53125
39.2966	1847888736.04688
39.32701	1687960764.73047
39.35732	1765091074.63281
39.3879233333333	1855145888.78906
39.4182316666667	2004485895.89453
39.4481183333333	2064870347.14844
39.479595	1839869386.29688
39.5117016666667	1959534728.58984
39.5446216666667	2283076924.79297
39.5750766666667	1993737641.17188
39.6070233333333	2099109710.55078
39.6377716666667	2082521360.22656
39.668625	1845068255.44141
39.6989916666667	1823175309.72266
39.72965	1923799563.70313
39.7605133333333	1894465151.97656
39.7916716666667	1664943096.70313
39.8226016666667	1758082459.66406
39.8529933333333	1879064889.32031
39.88433	1745529521.55078
39.9152466666667	1856401112.65234
39.9451816666667	1738796568.10938
39.9755866666667	1705407251.96094
40.0048833333333	1873343711.26172
40.0351183333333	1889196309.875
40.0652266666667	1871379254.89063
40.0973933333333	1932843094.47656
40.1283566666667	2030037285.06641
40.1595183333333	2035322024.87109
40.1900866666667	2090007985.39063
40.2200116666667	2034276251.83594
40.249695	2144657347.76953
40.2789716666667	2214736499.24609
40.30894	2032234763.03125
40.3394733333333	2034192969.14453
40.3700716666667	2184770106.00781
40.4014133333333	2429313259.75781
40.4321316666667	2077477382.32422
40.4631833333333	2194873892.28516
40.494835	2106817910.47266
40.5263616666667	2212819922.94531
40.557925	2166922886.06641
40.5882616666667	2050387120.4375
40.619305	1928641428.20313
40.65078	1951925102.25
40.682075	2016844051.09375
40.7136866666667	2260902075.66406
40.7445983333333	2145803587.96094
40.775485	2289168959.03516
40.8074566666667	2059403825.48047
40.8385933333333	2138172455.71094
40.8697266666667	2358230722.14844
40.901145	2261014670.87891
40.933335	2202032013.01953
40.96547	2195676655.63281
40.9962083333333	2347647701.95703
41.027305	2078317408.59766
41.0570283333333	2030361622.875
41.0877883333333	2185042145.05078
41.1195433333333	2122260187.07031
41.14874	2407814082.84375
41.1793966666667	2214997780.51563
41.210645	1953160902.47266
41.2423166666667	1932434235.97656
41.2733783333333	2074313068.4375
41.3044083333333	2120074426.55078
41.3353233333333	2027593822.26563
41.3667766666667	1895339429.78906
41.3983116666667	1872551856.55078
41.4295466666667	2160585837.95313
41.4602633333333	2015006680.22266
41.4906766666667	1953844047.88281
41.520325	2041128091.95313
41.55017	1945889817.44531
41.5809216666667	2303912701.71094
41.611725	2056775288.125
41.6418166666667	1931928659.98828
41.6719866666667	2077512319.27344
41.7016766666667	2259489641.03516
41.73265	2192273562.51563
41.7639083333333	2272829463.87891
41.795465	2192332540.58203
41.8271583333333	2138299766.85938
41.8581033333333	2016287116.49219
41.889875	2092612483.99609
41.92008	1907792157.28906
41.95055	1837306218.57031
41.9812166666667	1917841761.64063
42.0136533333333	1963651050.85156
42.0461333333333	1768987402.69922
42.0765733333333	1842122350.41016
42.108385	1825572117.26172
42.1393183333333	1881015845.57031
42.1696183333333	1973038910.28516
42.2019116666667	1739174225.75391
42.232625	1888524648.9375
42.2636233333333	1905221006.85938
42.2938133333333	1885289360.0625
42.324315	1764541859.14453
42.3554233333333	1832622834.79688
42.3869233333333	1702475566.90625
42.4197933333333	1734704772.96484
42.4512716666667	1666027187.65234
42.4816533333333	1600533832.82031
42.51248	1449567159.41016
42.5424333333333	1520406459.90625
42.5726833333333	1599923559.48828
42.6034133333333	1722151473.62109
42.6350516666667	1529673311.00391
42.6649483333333	1583171949.08203
42.6956583333333	1597485015.19141
42.72691	1648372976.87891
42.7569883333333	1548037132.60156
42.78609	1584151831.55859
42.8164666666667	1570296751.68359
42.8463966666667	1730936545.47266
42.87676	1551992568.69531
42.9064	1762504927.625
42.9371783333333	1673421947.56641
42.968155	1750918026.26172
42.9981016666667	1752099954.10547
43.028505	1714686710.15234
43.0595866666667	1786304408.30469
43.09048	1673465715
43.12112	1769868985.50781
43.1518866666667	1695186936.05859
43.1818366666667	1906102592.87891
43.2133233333333	1613099022.57422
43.24438	1633787063.12891
43.274165	1635135436.46094
43.3047366666667	1570548818.58203
43.33543	1614373539.26563
43.366205	1705608805.07422
43.39765	1670689593.48828
43.428605	1775479937.61719
43.4596416666667	1739122602.375
43.4917966666667	1622726346.75977
43.5226433333333	1519774672.17578
43.5532633333333	1757449184.53906
43.5844666666667	1557937901.62891
43.6154133333333	1581241201.35938
43.6465133333333	1586200839.88281
43.6777066666667	1699981013.95313
43.7085966666667	1831277790.36328
43.739015	1750903214.57031
43.7700433333333	1863044411.59766
43.8016883333333	1755895782.83594
43.83173	1882802435.50391
43.8620066666667	1760870334.5625
43.8914866666667	1680952596.61719
43.9224466666667	1609136031.91406
43.9529683333333	1800976769.10156
43.9831116666667	1908061662.8125
44.0136033333333	1654733906.71875
44.043855	1719357287.73438
44.0736916666667	1899994760.90234
44.10395	1746360275.87109
44.1344216666667	1787176479.32031
44.166175	1686466063.43359
44.19757	1770640598.75
44.2293733333333	1640452169.48828
44.2600116666667	1701141049.72656
44.291165	1836801922.19922
44.3225566666667	1801850471.63281
44.35535	1732823943.21875
44.3872916666667	1691233896.26172
44.41879	1553072431.73047
44.450545	1730084632.21484
44.4822216666667	1668139883.69922
44.5140683333333	1582870316.88672
44.5463933333333	1599579747.28125
44.57892	1746358781.375
44.6105833333333	1653915146.39063
44.64207	1701113153.95313
44.6729316666667	1898679707.41797
44.7039366666667	1641366571.23633
44.7354166666667	1654577556.57813
44.7675883333333	1623030916.34766
44.7994933333333	1508092346.42188
44.831075	1474577346.8457
44.8630966666667	1698622503.37891
44.8951016666667	1687728093.51953
44.92678	1656907000.27344
44.9573283333333	1739134709.53125
44.9872366666667	1633517974.02344
45.0162483333333	1738353285.28906
45.0465866666667	1721600741.75781
45.0781216666667	1614354784.94141
45.1099466666667	1679007517.75391
45.1411883333333	1574050356.01172
45.1726866666667	1719951520.95313
45.2029133333333	1498644842.05078
45.2343516666667	1532771064.11328
45.2651216666667	1599972502.33203
45.2965016666667	1812659298.76953
45.3281483333333	1620611484.24219
45.3580866666667	1752752768.92188
45.3890366666667	1821615854.41016
45.419865	1634382539.16016
45.4503516666667	1857219844.74609
45.4817	1755330819.55859
45.512665	1738553465.29688
45.5438983333333	1691512806.59766
45.5745383333333	1610712118.45703
45.6060666666667	1853590707.12891
45.63585	1668821701.92578
45.6658466666667	1479564246.45703
45.6965283333333	1598547135.84375
45.7281466666667	1514556772.69531
45.7584783333333	1599844320.61328
45.7893716666667	1524346051.07422
45.8209133333333	1598308175.28906
45.8526383333333	1627920677.30859
45.8829266666667	1567499566.35938
45.9133366666667	1644682419.62109
45.9433416666667	1611860349.94336
45.973965	1789086102.26172
46.003855	1764353158.76563
46.03383	2005832903.89063
46.0638416666667	1885265846.19531
46.0946833333333	1890858431.51953
46.1254416666667	1787802085.125
46.156265	1776473454.19141
46.1873566666667	1821103959.33594
46.2178483333333	1895756172.67578
46.2488016666667	1767239556.39063
46.2807233333333	1716478860.15625
46.3122366666667	1715937492.05078
46.3433366666667	1575479108.16797
46.3748116666667	1615444304.94922
46.40526	1590840142.87891
46.4358233333333	1653248600.91406
46.4664783333333	1685137522.48047
46.49698	1768316322.92578
46.5270683333333	1432473185.55859
46.5582416666667	1483849481.75781
46.5910033333333	1502375684.13086
46.6224433333333	1470794999.03906
46.6526683333333	1552380685.89063
46.683995	1445423847.44531
46.7146016666667	1499255270.44141
46.7462433333333	1646283048.65625
46.77664	1491083057.08203
46.80783	1519994443.1875
46.83896	1573254906.61328
46.8697966666667	1552031321.77344
46.9006783333333	1650194284.26172
46.930345	1551723619.97656
46.9606583333333	1610112689.59766
46.99056	1638751167.42578
47.021095	1862913560.51172
47.0520866666667	1752539932.25
47.0830316666667	1781655688.78516
47.1141766666667	1868893262.51563
47.1453066666667	2019550207.04688
47.1769016666667	1845777303.35156
47.2091633333333	1745932619.1875
47.2414816666667	1817746509.09375
47.2719	1834909550.23438
47.3041583333333	1697260906.67969
47.336395	1837539173.87109
47.3680116666667	1540151452.67578
47.39994	1772098080.50781
47.432185	1855614439.90625
47.46445	2118029337.28906
47.4956916666667	1755262503.54297
47.5280066666667	1663874162.04688
47.5606683333333	1946414902.10938
47.5935783333333	1971514521.80859
47.6255	1817173510.66406
47.6574066666667	2026182568.375
47.6893733333333	2041604027.53125
47.720845	1652031959.41406
47.7530783333333	1812435351.16016
47.78468	1658266112.24219
47.8150783333333	1612763356.46484
47.8469416666667	1689899755.44141
47.8777466666667	1643428044.94336
47.9076333333333	1708673880.26172
47.9383066666667	1590484373.11719
47.9680933333333	1583685783.73047
47.999035	1515572315.08984
48.029905	1624571263.40234
48.0599416666667	1711306578.09766
48.0908583333333	1481929845.69922
48.121435	1474822920.80859
48.1526783333333	1604698397.04688
48.1830816666667	1510306243.4043
48.2137383333333	1454616124.13477
48.245185	1567024091.97656
48.2766816666667	1478568842.0332
48.3085183333333	1628273050.17188
48.3401766666667	1648176044.77344
48.37144	1608791626.17188
48.402565	1502060303.35938
48.4340716666667	1588091014.19727
48.465945	1523543954.55273
48.49767	1659140256.08594
48.5283566666667	1512767138.15625
48.5593466666667	1619389674.07813
48.5891183333333	1649312668.13281
48.6203516666667	1649935710.81641
48.6512616666667	1440329638.81641
48.6816783333333	1521355400.55859
48.71233	1655971739.42578
48.7437866666667	1728898803.55859
48.7750716666667	1743282715.67188
48.8065483333333	1633798457.48828
48.8368166666667	1804798643.76172
48.8675966666667	1886476014.30859
48.8989016666667	1791335453.36328
48.9289416666667	1789590482.86328
48.96036	1640127541.93359
48.9910933333333	1750902239.21484
49.0226266666667	1770908068.38672
49.0528433333333	1660127198.81641
49.084505	1618124066.47656
49.1154266666667	1522017645.35742
49.14738	1664240618.27344
49.1793283333333	1678256595.39844
49.2102666666667	1648079206.98438
49.2414933333333	1697943205.64844
49.2725066666667	1567001121.95508
49.3026733333333	1623453273.47266
49.33304	1557004028.61523
49.3637366666667	1641204084.01172
49.3946166666667	1774704248.64063
49.4260483333333	1655517492.55273
49.45679	1678733012.4043
49.4870516666667	1628803753.25977
49.5184083333333	1794553433.91797
49.549655	1855460098.21094
49.5811533333333	1904085128.9375
49.6135983333333	1997107273.05078
49.6459566666667	1758131003.42188
49.6765466666667	1759268461.58594
49.7075766666667	1821430603.07422
49.7386433333333	1941754318.33594
49.7706316666667	1773201392.42188
49.8011483333333	1704592806.02344
49.83342	1736094364.42969
49.8648583333333	1758956044.07422
49.896265	1655697541.625
49.9275466666667	1575069998.09766
49.9595266666667	1475690295.16211
49.991555	1663674605.20313
50.0233616666667	1584835527.4082
50.0555666666667	1644209505.61328
50.087465	1605127641.69141
50.1193483333333	1580609214.36719
50.1524933333333	1556232715.05078
50.184555	1572014254.91992
50.2161233333333	1523469062.11133
50.2473516666667	1482087874.52344
50.277045	1560534637.14453
50.308435	1570704066.70313
50.33953	1433669044.98633
50.3701716666667	1534366035.33789
50.40044	1526695928.45313
50.431305	1618898623.57422
50.4614	1568160867.01563
50.4919283333333	1336978808.25977
50.5224666666667	1417917395.48438
50.5520266666667	1516101943.21094
50.583485	1513125761.10547
50.6150983333333	1633579095.45508
50.64531	1572188486.68164
50.67643	1567098201.36719
50.7073866666667	1682225319.75
50.738565	1564458901.03125
50.7687766666667	1634144935.00781
50.800855	1507314440.16992
50.831315	1615629228.33203
50.8611	1592245391.43164
50.891845	1483414677.03906
50.9232433333333	1520605937.32422
50.9549316666667	1419918865.49805
50.9856333333333	1484165530.67969
51.01651	1463853449.32031
51.0475716666667	1643535376.40234
51.0785683333333	1601540899.13281
51.1095166666667	1669294863.76563
51.1408516666667	1718468919.08984
51.1719266666667	1837392718.55469
51.2024016666667	1638225255.02344
51.2336166666667	1625591023.03516
51.264265	1852058272.54688
51.2967583333333	1668959375.2207
51.32819	1601058670.71484
51.360045	1581766328.94727
51.3906	1755397888.92969
51.4217533333333	1698000400.70703
51.4532566666667	1783333354.24805
51.4844783333333	1665864880.91797
51.5162783333333	1650659384.23438
51.54685	1555107913.24609
51.5792316666667	1621373585.61133
51.611275	1546091056.13672
51.6420533333333	1512999208.96289
51.67468	1518116008.51172
51.70622	1601562422.84375
51.7380516666667	1447591477.69141
51.7688983333333	1470853024.29297
51.8005866666667	1310163160.45703
51.8318583333333	1402151494.16602
51.8638483333333	1326968672.20313
51.8953433333333	1438130979.86523
51.9254583333333	1302267985.48047
51.956845	1427512996.69922
51.9879416666667	1461538978.79883
52.0190083333333	1493999905.22461
52.050085	1376567475.97266
52.08125	1336928217.75781
52.11245	1392440742.70898
52.1433883333333	1481801986.70703
52.1744183333333	1344260896.10352
52.2061833333333	1261918755.55859
52.23734	1232203645.86328
52.2687733333333	1296742636.875
52.2996566666667	1250293589.44922
52.33089	1308438192.28906
52.3616666666667	1270710806.38477
52.3919383333333	1321640517.28906
52.42272	1377827270.43945
52.45367	1408077040.02344
52.4850133333333	1310159731.27148
52.5156316666667	1286842565.44336
52.5474533333333	1364655268.27344
52.5796216666667	1528641228.48828
52.6106833333333	1480432401.69727
52.642655	1506862482.53711
52.6740683333333	1586535226.86328
52.70552	1494886613.49219
52.73681	1323624643.89844
52.76795	1362270881.68359
52.7998716666667	1442047757.51758
52.8308766666667	1454679603.63477
52.8621066666667	1628464009.72266
52.8932433333333	1542415860.77734
52.926005	1473368876.11523
52.957005	1570249416.99023
52.98923	1586607971.42383
53.0205616666667	1473256582.94922
53.05236	1490003067.25391
53.0832333333333	1480996437.9375
53.115675	1277468321.55664
53.1474533333333	1589194717.55664
53.1791233333333	1602474206.5
53.2109316666667	1508261417.57617
53.2419366666667	1486250465.78125
53.2726983333333	1446660519.14453
53.3036983333333	1451157719.00195
53.3347916666667	1509680589.11523
53.366595	1524670124.10547
53.3982066666667	1328511922.56445
53.42988	1306279552.03125
53.46157	1307799490.73828
53.4910033333333	1277313716.30664
53.5223033333333	1286402736.44727
53.5540333333333	1279993623.71875
53.5856633333333	1204480363.78906
53.6168283333333	1298109370.22852
53.6481233333333	1323336210.1582
53.680485	1335693357.67578
53.7120766666667	1516994075.76953
53.7433116666667	1665468876.79883
53.7742233333333	1665319220.05859
53.8045866666667	1563752342.68945
53.8355583333333	1523556539.28125
53.8668683333333	1557051486.40625
53.8978166666667	1523891549.09375
53.929555	1523588731.29688
53.961145	1519959037.52734
53.992815	1437899021.70117
54.0241016666667	1312403035.02148
54.0557283333333	1398870253.82813
54.0861666666667	1325506762.01172
54.1177416666667	1440972976.30469
54.1490733333333	1325232037.45313
54.1805266666667	1399156261.01758
54.21218	1402759839.54102
54.2422766666667	1355498959.82227
54.27307	1421828827.21094
54.30364	1351740837.69531
54.3342233333333	1509267460.00195
54.36508	1541674804.77344
54.3954966666667	1667225211.21094
54.4259016666667	1620750690.19336
54.4558516666667	1622108703.45703
54.48624	1579722744.19336
54.5174083333333	1625739367.00391
54.549135	1613762175.3125
54.5809466666667	1476465912.48633
54.613745	1547652539.73828
54.6446166666667	1335119416.58984
54.676365	1371481353.88867
54.708135	1332021639.30469
54.7402766666667	1239120967.71289
54.7729116666667	1282716232.5332
54.8062716666667	1385093680.83789
54.8375233333333	1326464295.64063
54.8688466666667	1304926978.36133
54.9003683333333	1316272758.95117
54.931365	1318747855.86914
54.962005	1803190935.84961
54.9935033333333	1408193465.58789
55.0262883333333	1387552068.09766
55.0589183333333	1610712349.24023
55.0894333333333	1513438714.29297
55.1198683333333	1549424067.21875
55.1510183333333	1585430868.15039
55.183695	1507418349.9043
55.2152866666667	1611895024.21289
55.2467083333333	1523373376.52734
55.2788816666667	1583074865.70313
55.3118516666667	1319886510.91016
55.3429916666667	1222405774.60352
55.3742466666667	1167455396.16797
55.40654	1172118842.47852
55.43783	1209469758.61133
55.4694933333333	1120665056.43555
55.499325	1105459214.82617
55.5306966666667	1065598549.93164
55.560775	1227224987.84961
55.5918183333333	1149457158.4707
55.6214666666667	1045810942.05273
55.6527233333333	1229049226.9375
55.6829533333333	1210690479.66016
55.71499	1144305145.41016
55.7461283333333	1135439482.7207
55.777725	1200317862.19336
55.8076333333333	1293333418.57813
55.83852	1357739402.23242
55.8697133333333	1304641034.13281
55.9010183333333	1403275121.69141
55.931975	1493338943.19141
55.9625416666667	1458686228.5
55.993775	1516523890.52148
56.0261366666667	1588725435.79688
56.0570666666667	1510037520.38672
56.0886166666667	1539057711.80078
56.119825	1596511876.90234
56.1518933333333	1729072280.92969
56.18435	1496169657.12109
56.2160633333333	1670943527.28125
56.248425	1488397009.00391
56.2802883333333	1308491097.98438
56.3120683333333	1277248519.75781
56.34351	1242481384.61523
56.3749833333333	1350961601.95508
56.40568	1119668646.95313
56.4370183333333	1185765726.57422
56.46842	1202746112.13477
56.499495	1198688155.89258
56.530515	1403807199.13086
56.5618466666667	1355090016.89453
56.5934766666667	1301339583.29102
56.6247416666667	1328586871.28711
56.6565183333333	1422223772.26563
56.6881433333333	1512671080.10938
56.719545	1425886086.54102
56.7512483333333	1366591332.46875
56.7829166666667	1290053809.64648
56.8150583333333	1490891197.45703
56.8471333333333	1244638476.09375
56.8785083333333	1219993453.6875
56.9105966666667	1226725897.33594
56.9420716666667	1312459425.39453
56.9733533333333	1211210385.21094
57.0043716666667	1300196330.24414
57.0351783333333	1201655404.57031
57.0663866666667	1165035822.0625
57.0978033333333	1320198025.08008
57.1293416666667	1317951313.77734
57.16061	1298893701.69727
57.1917233333333	1307484306.84766
57.2231916666667	1334020053.37109
57.25455	1447312233.79492
57.2854483333333	1428376939.87695
57.3167533333333	1409278144.52148
57.3483683333333	1427607781.30859
57.3807383333333	1530685784.64844
57.413245	1464261524.14258
57.4444466666667	1390354353.31445
57.4765166666667	1371058821.36719
57.5061266666667	1299635325.05664
57.5376016666667	1295705491.76953
57.56922	1359596006.04688
57.600655	1335924419.0293
57.6327616666667	1328433953.07422
57.6643583333333	1390642120.83008
57.6962683333333	1436893262.78906
57.72767	1349898065.27148
57.758465	1399924446.97266
57.7899766666667	1378783100.19531
57.82044	1711129079.60156
57.8519433333333	1454110715.38672
57.8835766666667	1431837256.48047
57.9155866666667	1383899469.32422
57.9471383333333	1531653410.09961
57.9795833333333	1474600207.07422
58.01204	1450360729.85156
58.0435533333333	1407099302.84375
58.0753816666667	1439231944.10156
58.1077316666667	1342441212.28125
58.1391416666667	1314045270.92578
58.17008	1493614128.125
58.2018133333333	1565833840.37891
58.2329666666667	1458183673.4082
58.26474	1529704760.37109
58.2968516666667	1595643954.87695
58.3289916666667	1790706560.28516
58.3610183333333	1394514536.04883
58.393425	1400660178.84375
58.4262783333333	1372224250.07031
58.4581583333333	1367382622.47656
58.4895583333333	1315440420.2168
58.5207366666667	1375627792.82227
58.552495	1278942191.53711
58.5838216666667	1364178870.94531
58.6147333333333	1180556582.12891
58.6461466666667	1239183674.58789
58.6782233333333	1203623633.08594
58.7107583333333	1150460808.06445
58.742905	1099773822.43945
58.77442	1330284245.00586
58.8052416666667	1228247253.29297
58.8356716666667	1213278324.41406
58.8670316666667	1139846013.93359
58.8985866666667	1141793564.17773
58.9296266666667	1219508152.62695
58.9612983333333	1193097101.27148
58.9922233333333	1295030988.94922
59.023235	1280854428.46484
59.0550183333333	1442488523.40039
59.086035	1415212919.63672
59.1175966666667	1484415968.32617
59.1486466666667	1567564480.48828
59.18053	1410881799.49023
59.2121716666667	1480374599.17773
59.24423	1292223692.15039
59.2765033333333	1438329497.75195
59.30901	1378303517.58789
59.3407016666667	1524735751.02148
59.3729683333333	1394690794.3418
59.4041633333333	1477828869.73828
59.4359266666667	1432430414.66602
59.4691033333333	1330676039.68945
59.502235	1310253406.81641
59.534795	1295626213.11328
59.56715	1278476965.6543
59.600975	1396689358.77148
59.6320583333333	1324734487.00586
59.66513	1316818285.62305
59.6967833333333	1536549574.58594
59.728615	1371149003.62109
59.7608433333333	1296421339.43945
59.7922933333333	1451905466.25977
59.8233266666667	1426204821.93359
59.854205	1362318019.42188
59.8848266666667	1339960868.45898
59.9160266666667	1405210369.99805
59.9476383333333	1611977835.98633
59.9792333333333	1432667100.17773
60.01093	1409730835.04883
60.0419	1427240913.76172
60.0730116666667	1470817043.69531
60.1048183333333	1503116361.22266
60.1359483333333	1727394415.66016
60.1676966666667	1578306626.44922
60.19874	1417059643.06055
60.2297483333333	1612971588.27344
60.2615233333333	1697627418.92578
60.2934616666667	1395128556.11328
60.3256416666667	1497195093.6875
60.3568183333333	1415358938.95117
60.3886383333333	1371357530.51172
60.41914	1316164544.92969
60.4504716666667	1237970544.12109
60.48162	1205115266.52539
60.512955	1327411504.31445
60.544505	1103615743.76367
60.5762483333333	990782969.71875
60.6086466666667	1065668135.74219
60.6407833333333	1068220655.63281
60.67263	1163020035.61914
60.70364	1189946103.9082
60.7347433333333	1219731079.32617
60.7653383333333	1116859309.18945
60.79661	1222417434.09375
60.8280133333333	1302634967.28516
60.8590183333333	1310819518.31445
60.891	1235180470.70508
60.92206	1304623099.78906
60.953025	1400150308.80273
60.9823516666667	1277983936.53516
61.0139616666667	1322005033.75586
61.0452733333333	1252066570.80859
61.0760833333333	1391865935.85742
61.1075933333333	1342659446.98047
61.13891	1336939859.23242
61.1706583333333	1342590103.71289
61.2026	1348948879.76758
61.2344533333333	1281962957.3418
61.2672666666667	1285019761.14258
61.3009966666667	1324628073.15625
61.3342283333333	1348692347.57617
61.3669333333333	1290475929.66211
61.3995683333333	1217571258.14063
61.432265	1081706664.18555
61.46517	1201937120.53125
61.4968033333333	1126931944.53125
61.5283683333333	1224720677.78906
61.5594833333333	1125730690.12891
61.5908566666667	1280314165.66602
61.6222366666667	1169780616.71875
61.654855	1099470822.08789
61.6873083333333	1087021749.04688
61.72112	1063541174.90039
61.7523966666667	1109721109.50977
61.784895	1243219663.36914
61.8179583333333	1091213752.36328
61.85033	1221137573.81445
61.8829833333333	1145014731.4043
61.915865	1195642771.23047
61.9478233333333	1303641899.29492
61.9800383333333	1333051884.90039
62.01219	1234966806.35547
62.0450283333333	1376110628.44531
62.07745	1396754879.33984
62.109835	1369215228.87695
62.143545	1415906580.8418
62.17631	1362240873.24609
62.2082033333333	1230146405.59375
62.240405	1171524723.86523
62.2710733333333	1212426468.69727
62.302195	1096410705.69141
62.3343133333333	1301471519.78906
62.3666283333333	1141395798.41016
62.39804	1198843813.1582
62.4287816666667	1085370314.25391
62.4601883333333	1099235127.5
62.491715	1130508029.43164
62.5230683333333	1126227944.45117
62.5548533333333	1213199230.28906
62.5869116666667	1074373116.89844
62.6185583333333	1074353420.94336
62.6510283333333	1099368553.77734
62.6834933333333	1049164574.89453
62.71431	1169172097.57227
62.7457166666667	1199089053.66211
62.777025	1274508120.18164
62.8094366666667	1179067038.06445
62.8417016666667	1343885288.33203
62.8731933333333	1280883499.62695
62.90481	1318821158.93945
62.93716	1285773844.09961
62.9691516666667	1173409142.26367
63.0014633333333	1156967141.89063
63.0339333333333	1055997641.43359
63.06437	954188972.480469
63.09672	1078577707.35547
63.1281666666667	1029837462.83789
63.160325	1161271317.80078
63.189735	1132828910.83594
63.220925	1146913090.69727
63.2508866666667	1176372396.20117
63.2811133333333	1151780923.26172
63.3123183333333	1375194819.20117
63.3435483333333	1210763717.61133
63.3753616666667	1238424536.01758
63.4069866666667	1243237870.64648
63.4391383333333	1268068614.1875
63.472205	1242334926.05273
63.5036883333333	1271827464.89648
63.5346583333333	1206587091.33398
63.5662083333333	1198381771.79297
63.5976116666667	1132417585.80469
63.62915	1238171696.30078
63.66095	1188582562.20508
63.69278	1136546640.93945
63.7242266666667	1201095913.14648
63.7560083333333	1089741329.06641
63.788525	1203934662.3418
63.821135	1124866985.18164
63.8533716666667	1119850697.06445
63.8858266666667	1182117161.9668
63.9174233333333	1134227563.72266
63.9482883333333	1130212294.71289
63.9801533333333	1140767233.88086
64.0123733333333	1167020335.56641
64.04315	1116988402.04492
64.0743666666667	1135242930.3418
64.1056116666667	1070754713.60156
64.1362966666667	1002082210.09961
64.1668333333333	979602931.980469
64.1976716666667	1103383389.38477
64.22835	1182470440.51953
64.258685	1097391692.94531
64.2894566666667	1271449346.14648
64.3201433333333	1363845739.48242
64.351285	1483065553.21289
64.3816466666667	1551101455.08203
64.4135533333333	1399664799.42773
64.4441466666667	1438025201.50391
64.4759233333333	1415303899.35156
64.5085083333333	1422800801.56055
64.5400966666667	1316064307.49609
64.5710966666667	1552466442.12891
64.6041016666667	1532580141.98242
64.63745	1482757771.24023
64.6692416666667	1701458223.8457
64.7001833333333	1890292427.32227
64.73245	1554069012.75
64.7636816666667	1570152783.84961
64.7961566666667	1571233639.95117
64.8277666666667	1390602898.45703
64.85949	1411706633.48242
64.891605	1333515049.97266
64.92469	1325007222.17773
64.956	1274032082.13672
64.9887233333333	1187780020.58789
65.0192033333333	1194872309.71484
65.0506016666667	1109993306.97266
65.0823	1096374985.64453
65.1144666666667	1041302942.21289
65.1459416666667	1189398866.50977
65.1777816666667	1075184648.73828
65.209195	1194805830.83594
65.2409016666667	1354093129.40625
65.2727183333333	1109400062.69922
65.30321	1294906822.16602
65.3340366666667	1182998754.61719
65.3654633333333	1197461990.75195
65.3977983333333	1081460796.83984
65.4303283333333	1105013707.91406
65.4632433333333	1073134283.58789
65.494855	989099697.904297
65.5275	849279749.87207
65.5595733333333	814879661.831055
65.5909216666667	818114316.124023
65.6233966666667	795571699.795898
65.6561166666667	819301780.490234
65.6896416666667	863060154.597656
65.7222783333333	901232786.683594
65.7544033333333	916678352.289063
65.7865366666667	914396223.371094
65.8175883333333	957591634.488281
65.8480433333333	925974209.615234
65.879815	1054272975.80859
65.9113666666667	1029558677.90332
65.9439883333333	1119573607.7793
65.9765533333333	1095889268.81055
66.0092583333333	1123782682.73828
66.0410966666667	1291147215.70898
66.0735233333333	1077111898.92773
66.1068783333333	989179071.175781
66.1380716666667	966252814.525391
66.168975	1069358585.45508
66.2015533333333	955497307.296875
66.2339383333333	1033574086.51367
66.2639116666667	1141970043.98633
66.2960216666667	1154159627.35742
66.3274583333333	1200933355.28516
66.35896	1306905605.61328
66.3912483333333	1277868325.94141
66.4238416666667	1281449692.64844
66.455945	1380470980.07031
66.488635	1343877264.73633
66.5214	1251404326.92773
66.5531116666667	1255999088.32227
66.5846033333333	1215893542.63867
66.615765	1461260342.35156
66.6482333333333	1354903428.95703
66.6818016666667	1351647309.54688
66.7156416666667	1471924741.08398
66.74894	1624872660.87891
66.7827016666667	1482559884.41992
66.81511	1292449635.21289
66.8478783333333	1514507339.61523
66.8818283333333	1301104879.30664
66.9150533333333	1279711505.43945
66.94914	1142336534.36719
66.9836216666667	1157269107.83789
67.0171866666667	1232951435.31055
67.047955	1151670843.23828
67.0823183333333	1204702456.00586
67.1157916666667	999920084.236328
67.1475516666667	908944248.398438
67.1808483333333	915419395.481445
67.2142633333333	841414366.707031
67.24818	700816348.745117
67.28034	610066790.649414
67.3141316666667	516359823.636719
67.3450883333333	519344985.625
67.3771166666667	498522244.280273
67.409705	541508341.920898
67.4421883333333	553090063.408203
67.473355	621022876.501953
67.50528	607933029.186523
67.538045	646324513.683594
67.5698983333333	720730555.960938
67.6026566666667	718310681.575195
67.6353866666667	788138774.123047
67.668295	748205750.602539
67.7000416666667	781490414.421875
67.73196	733330889.015625
67.7644983333333	666153939.384766
67.7979216666667	755407776.53418
67.82968	799112452.833984
67.861985	711388058.139648
67.8938016666667	701996312.896484
67.9266716666667	644124769.936523
67.9602016666667	626025090.600586
67.9931766666667	752679434.78418
68.0256866666667	572567154.803711
68.05881	599296972.649414
68.091335	659960491.012695
68.1254033333333	572866990.405273
68.1588566666667	608005672.87207
68.1900933333333	652398694.46875
68.2218683333333	577134805.99707
68.256105	562913403.734375
68.2881083333333	494725662.953125
68.3222216666667	633436886.916016
68.354195	553896302.131836
68.38603	553655801.737305
68.418085	570324168.65625
68.4495383333333	592889317.273438
68.4821916666667	623392386.262695
68.5144133333333	630663636.880859
68.5467233333333	662165650.519531
68.577965	717988700.025391
68.608695	692136066.208008
68.64109	745560139.751953
68.6746766666667	616828046.045898
68.7068633333333	625043496.353516
68.7385283333333	626652059.65625
68.77015	607110148.964844
68.8027166666667	688052147.802734
68.8352283333333	651301963.113281
68.8681083333333	662553693.974609
68.9008316666667	730066625.793945
68.9333116666667	826199138.892578
68.9646683333333	784356770.413086
68.9962983333333	784823546.928711
69.0282716666667	801276634.243164
69.06006	868592304.904297
69.0918766666667	869130977.887695
69.1241183333333	767027661.624023
69.1569516666667	738615806.992188
69.1902683333333	663621170.868164
69.222955	661517276.604492
69.2556533333333	575403589.553711
69.28901	670309687.22168
69.3223033333333	689198240.516602
69.354565	616490966.748047
69.3881116666667	712905518.958984
69.4203883333333	732606487.816406
69.4524016666667	799516742.108398
69.4837133333333	683229480.599609
69.51631	759655766.769531
69.5484933333333	769442799.537109
69.5818066666667	863871206.424805
69.6155183333333	859523759.808594
69.6485466666667	811421287.430664
69.6819066666667	730819161.046875
69.7159766666667	699942411.181641
69.7488466666667	623736778.924805
69.7819166666667	810299829.094727
69.814915	687376241.999023
69.8471983333333	697603568.654297
69.8805383333333	784399816.506836
69.9124983333333	775217612.368164
69.9454966666667	706685523.139648
69.977435	751168676.456055
70.008425	766772208.573242
70.0388366666667	734388197.78418
70.0706516666667	759417659.672852
70.1018783333333	822858621.463867
70.1337066666667	713641718.230469
70.166685	832634747.552734
70.1999466666667	769889844.530273
70.2328733333333	734433161.109375
70.267045	662864175.44043
70.3002716666667	705460894.941406
70.3330583333333	795309274.003906
70.3658066666667	793146063.477539
70.3984783333333	725709001.980469
70.4305266666667	820565110.808594
70.4626266666667	833115468.164063
70.4953116666667	945888792.805664
70.5290233333333	944926645.121094
70.5599266666667	881622643.28418
70.5920966666667	831138688.37207
70.6247383333333	798560174.600586
70.6575533333333	923554728.96875
70.69033	854397696.992188
70.72365	774767555.132813
70.7576266666667	805867441.875
70.7898183333333	904477313.274414
70.82197	904301063.529297
70.85425	778617761.358398
70.887165	747175558.545898
70.9193716666667	698100300.520508
70.9533	687499682.522461
70.9850466666667	721605958.764648
71.0175083333333	659836236.135742
71.049665	654654205.810547
71.0834166666667	689211569.583008
71.1162483333333	673776212.078125
71.1488433333333	656922338.754883
71.1817566666667	799078722.702148
71.21498	801360141.62207
71.24787	776953831.449219
71.28082	764727859.677734
71.3144083333333	847702692.824219
71.3472433333333	805243037.323242
71.3800266666667	754258280.828125
71.4135833333333	724266223.013672
71.4474033333333	704041884.006836
71.4824233333333	750554746.832031
71.514575	725075584.898438
71.547465	742442066.000977
71.5805266666667	703277769.571289
71.6138433333333	678837687.566406
71.647185	546919707.601563
71.680675	571558357.155273
71.7129816666667	583775342.620117
71.745775	532009969.09668
71.7777266666667	564129898.729492
71.8088266666667	571950065.69043
71.8417016666667	551096174.466797
71.8743166666667	635467956.75293
71.90658	592236040.787109
71.9401216666667	660885538.870117
71.9723666666667	580819783.839844
72.00448	539996625.076172
72.0374616666667	566225899.793945
72.0707533333333	573628557.085938
72.10417	583618784.754883
72.13698	581634147.386719
72.1698183333333	649490938.202148
72.20293	745613132.427734
72.2368516666667	728283876.709961
72.269635	635323564.416016
72.3024816666667	670481841.641602
72.334525	633781441.450195
72.366955	656259799.581055
72.3996216666667	701122869.641602
72.4322183333333	824620686.597656
72.4634516666667	755128017.344727
72.4955966666667	740775068.527344
72.5268983333333	724157192.806641
72.55966	768788972.381836
72.59195	863733543.956055
72.6242633333333	719639404.485352
72.6552266666667	901619091.9375
72.6868583333333	824703380.061523
72.717675	806122198.188477
72.7502183333333	992336946.265625
72.7825766666667	746018226.572266
72.8147483333333	717568595.339844
72.8483766666667	631181345.017578
72.8819716666667	679162490.022461
72.9138766666667	627228283.552734
72.946795	539524082.730469
72.979735	474695112.391602
73.011925	473362475.321289
73.0452833333333	534330314.577148
73.0769616666667	569756937.473633
73.1077966666667	495200158.18457
73.139775	541461772.244141
73.1709116666667	727752593.378906
73.2018633333333	743803381.085938
73.2336966666667	659957372.47168
73.2661666666667	673579953.579102
73.29865	735148578.790039
73.330475	799008466.339844
73.3642783333333	762219812.313477
73.3963266666667	825725373.981445
73.428605	823635600.326172
73.4612733333333	872087205.509766
73.4938466666667	900270029.506836
73.52695	761366571.977539
73.5595233333333	728280916.463867
73.591935	743221663.663086
73.6246966666667	705802077.44043
73.6580616666667	628323365.673828
73.68965	644465254.458008
73.721645	592059474.363281
73.7550933333333	532538127.995117
73.78762	527825773.077148
73.819255	531875777.595703
73.851795	486338540.379883
73.885015	612135127.385742
73.9160766666667	530708477.5625
73.9470683333333	525134106.699219
73.9779233333333	552069973.806641
74.0095583333333	634351384.118164
74.0401366666667	778030271.777344
74.0712016666667	822253894.568359
74.102505	853590586.782227
74.1337116666667	847907220.200195
74.1661183333333	900691436.084961
74.1973116666667	965841079.77832
74.22967	942888315.132813
74.2609133333333	992067867.352539
74.2929316666667	967077642.642578
74.3249633333333	965774670.144531
74.355915	894653445.15625
74.388525	711300027.552734
74.4207516666667	724933687.657227
74.4533383333333	759396781.915039
74.4857416666667	980104948.088867
74.51872	799482999.855469
74.5510683333333	905789385.109375
74.5824033333333	831393007.161133
74.6159283333333	939135958.537109
74.6482	902806925.067383
74.6824216666667	855524132.642578
74.716035	913725425.587891
74.7497866666667	801971490.504883
74.7826516666667	720389744.118164
74.8151816666667	640741469.217773
74.84898	553703768.533203
74.8822966666667	642246414.324219
74.91575	618491190.75
74.94957	599470388.941406
74.9821	706858307.25293
75.0157983333333	748662847.768555
75.0497916666667	561841241.374023
75.0829416666667	622855139.125977
75.1166533333333	470971704.837402
75.1500516666667	457480211.111328
75.1833633333333	505224774.381836
75.2164883333333	444068462.305176
75.248605	438940393.85791
75.2802216666667	470024787.841797
75.312465	541198636.301758
75.3451666666667	681780374.820313
75.3771966666667	761148665.322266
75.4073566666667	799323024.773438
75.4379	1025505690.01855
75.468105	1139522521.97266
75.4986683333333	1139583013.92969
75.5291383333333	1113825872.23047
75.5618833333333	961246460.134766
75.59357	1101069075.58203
75.6242483333333	956595559.46582
75.6558233333333	984170935.271484
75.6887233333333	898848643.088867
75.72305	872787240.923828
75.7547866666667	917357457.464844
75.7864366666667	737298333.418945
75.8193966666667	751815499.852539
75.8525533333333	599397651.269531
75.8866583333333	564257073.337891
75.9196983333333	517845257.202148
75.9518566666667	454470822.759766
75.98482	507908145.609375
76.017355	471036618.752441
76.0500366666667	623799259.141602
76.0820783333333	658898862.049805
76.1157883333333	677848208.101563
76.148425	708296034.514648
76.1808866666667	806271893.289063
76.2122166666667	775491227.99707
76.245045	846973005.246094
76.276125	950126909.998047
76.3075333333333	918624659.260742
76.3399383333333	1051633155.83789
76.3737933333333	918498551.953125
76.40592	989318228.735352
76.4379433333333	846442425.669922
76.47079	984250738.983398
76.503845	804991032.445313
76.5375366666667	821406820.805664
76.5690133333333	881831761.398438
76.6006116666667	696337640.239258
76.63345	735088083.108398
76.6670533333333	636413391.582031
76.7015833333333	716721310.080078
76.734225	707224284.001953
76.7667133333333	785042339.761719
76.7979133333333	685429615.761719
76.8319	641128095.762695
76.8641883333333	558774010.56543
76.8960416666667	648073834.411133
76.92788	619926652.551758
76.95991	560989552.479492
76.9913683333333	660224688.441406
77.0235666666667	591119105.856445
77.0569533333333	663817994.547852
77.0901533333333	572923641.133789
77.1241716666667	550708571.544922
77.1575333333333	529168730.066406
77.191505	534844891.931641
77.224095	486221401.496094
77.2573233333333	511251572.354492
77.2897816666667	543110445.164063
77.3228083333333	493664358.818359
77.35792	574507697.477539
77.39013	503673084.351563
77.4229883333333	501793028.837891
77.4570066666667	636863158.00293
77.4895266666667	557718677.21582
77.522765	535107002.947266
77.5555233333333	607864002.398438
77.5873933333333	548157682.87793
77.618825	474673159.893555
77.651195	421143979.282715
77.68459	358817373.990234
77.7185366666667	408121434.337402
77.7514016666667	372196704.879395
77.7873166666667	401109282.143066
77.819105	386604480.665039
77.8510166666667	420601791.174316
77.882345	456832346.429688
77.9130066666667	519003662.232422
77.94494	580559450.09668
77.9768666666667	556636963.334961
78.010475	547954211.6875
78.043745	524413828.28418
78.079145	488370008.34375
78.112465	403358484.755859
78.1468266666667	367664684.376953
78.179755	378657364.209961
78.2130166666667	325864062.495605
78.2447316666667	373292897.290527
78.2769216666667	354595632.887695
78.31158	408494980.733887
78.3460316666667	358372683.473145
78.3806733333333	329584066.925781
78.416185	324772040.949707
78.4517666666667	344544506.257324
78.4849383333333	297521365.492676
78.519655	290407748.07373
78.55309	345437775.53125
78.5865666666667	382089976.04834
78.6203683333333	319810014.203125
78.6545866666667	276010775.350586
78.69071	253439145.282227
78.7262983333333	228336087.593262
78.7629033333333	214268141.874512
78.797565	193093489.459229
78.833105	171826720.832275
78.8674633333333	229362082.70459
78.9009333333333	226842821.555664
78.9352866666667	239929635.853027
78.9718	264004316.289063
79.0045816666667	252563255.317383
79.0411316666667	242003013.700684
79.0760166666667	253253926.998047
79.1119916666667	245143289.90918
79.1475633333333	275659352.728027
79.18392	291124036.117188
79.219735	244194159.067383
79.2548316666667	218126170.38623
79.292105	186744462.885254
79.3258966666667	210249532.640381
79.3613066666667	274328938.143066
79.39706	259652779.361816
79.43113	277348064.931152
79.464775	300795346.103027
79.4988266666667	250526818.515625
79.5352266666667	234407958.328125
79.5725383333333	213963606.430176
79.6088983333333	213408986.209229
79.6456216666667	187753671.625732
79.6829766666667	177238546.263184
79.7187916666667	171188531.154785
79.75247	163179307.999512
79.7880283333333	165407132.145264
79.8262533333333	164275814.865479
79.8623183333333	170521863.13623
79.89725	180483087.958496
79.9323216666667	160899979.58667
79.97154	159081782.391357
80.0088316666667	172093559.717041
80.0447	185714844.341309
80.081295	181709081.65625
80.1158183333333	200463161.587646
80.154605	200261929.054688
80.1922283333333	194945418.756592
80.2283533333333	195337318.570801
80.2633833333333	150973235.9375
80.3013383333333	185483216.618408
80.3388083333333	120551135.225342
80.375175	107880573.905273
80.4137016666667	110520232.331543
80.4511466666667	101198326.832764
80.488615	113645520.857178
80.5268633333333	125707436.541992
80.56372	127239500.660645
80.60427	140109363.967773
80.6399116666667	130957306.561768
80.680165	124879595.61499
80.7205766666667	131385145.904541
80.7609216666667	98590196.5992432
80.7988716666667	99630792.265625
80.8390133333333	94406230.1357422
80.8765383333333	87609548.4748535
80.91636	87617440.3363037
80.9551566666667	77865003.7607422
80.9983833333333	78865758.7833252
81.0351883333333	75046757.9558105
81.0755916666667	84353448.2526855
81.112385	85780605.9698486
81.152305	87255239.7255859
81.1930316666667	72922101.1468506
81.2369	84275805.5200195
81.2755416666667	74856167.1119385
81.3170883333333	72667247.5976563
81.3551333333333	71953648.2733154
81.39603	86586161.2623291
81.4367666666667	70031452.1772461
81.47665	71788147.7840576
81.5176416666667	60684571.8325195
81.559885	63456161.2103271
81.60172	64854787.1164551
81.645925	51711867.9376221
81.6886816666667	55057869.6398926
81.7294	56995069.9763184
81.7731166666667	59901837.4223633
81.8148816666667	55226348.1556396
81.85921	64333547.4649658
81.897515	66494795.4251709
81.9380616666667	76564606.6182861
81.9779766666667	90570086.03479
82.01918	111372979.506836
82.054105	111509456.439209
82.09264	123684395.444092
82.1298083333333	125606479.265869
82.1695666666667	125578202.854736
82.208445	114740522.893066
82.2484583333333	106547443.71814
82.2906416666667	79648413.4285889
82.3363083333333	61296634.0073242
82.37878	62080866.6693115
82.4190583333333	58932756.9342041
82.46264	58833389.9327393
82.5065083333333	56265760.5523682
82.54722	64172707.5124512
82.5865833333333	53398317.6108398
82.6291116666667	72063191.6547852
82.6732516666667	89372457.7022705
82.7107333333333	83098622.0804443
82.7490783333333	71879287.6446533
82.7905683333333	64406263.9742432
82.8320683333333	75335675.7158203
82.8738183333333	56947692.4642334
82.91786	70561114.8571777
82.9608633333333	51257974.5756836
83.0053983333333	59171537.2531738
83.047635	47142221.1877441
83.08854	42432026.5810547
83.12848	46990395.0319824
83.1698266666667	39385779.3531494
83.2170983333333	40353024.0806885
83.2624616666667	45724334.1335449
83.3044316666667	38316033.7888184
83.3506266666667	41096620.1553955
83.395525	40801061.6448364
83.43754	46716207.3111572
83.48031	50308904.4884033
83.5199516666667	56762099.4451904
83.5642366666667	45492026.7376099
83.6081966666667	49568749.0861816
83.6535716666667	45991923.8912354
83.6972333333333	55383611.8674316
83.739405	49170964.9842529
83.7834666666667	46252179.1976318
83.82729	60872036.5643311
83.8683016666667	49845231.2265625
83.913135	51182314.5908203
83.95701	42281390.4468994
84.0018366666667	45784679.536377
84.04539	37508404.749939
84.0895766666667	45464820.2275391
84.1314916666667	51630320.302124
84.1717316666667	53749221.6564941
84.2122966666667	50340961.9316406
84.2568233333333	61663970.3843994
84.2998416666667	47991005.1083984
84.344235	47756382.1784668
84.390125	42945169.5126343
84.4353133333333	42569767.3162842
84.4751283333333	41484267.9012451
84.5186233333333	35320167.0333252
84.562275	39108157.2965088
84.6069616666667	37849618.3306885
84.651995	39937690.3917236
84.6968966666667	33595928.8460693
84.7421883333333	34975606.2355347
84.787295	34340843.8787231
84.8322833333333	33732543.2990723
84.8776666666667	34464900.2537842
84.9218766666667	34078443.0683594
84.9661916666667	32962439.9664307
85.01149	33578170.0404053
85.0543983333333	31012323.7564087
85.0998266666667	37126741.4799194
85.143195	33293163.3033447
85.1849066666667	30083687.6546631
85.2279916666667	30146966.2606201
85.2734316666667	34104604.5930786
85.3186416666667	32119900.7684326
85.364725	35670493.3713379
85.4117116666667	34935216.5585327
85.45664	33106870.4329224
85.5017033333333	29556519.4627686
85.5451583333333	28618474.0401001
85.59139	28608187.9344482
85.6366733333333	26372746.8856201
85.6823066666667	28191845.2172852
85.7251883333333	30571761.1380005
85.7694316666667	26860477.5611572
85.8149766666667	28050915.8659058
85.8607433333333	30611674.0363159
85.9075	28201262.4969482
85.9538433333333	32832637.5001221
85.9997233333333	26950754.3587036
86.0456116666667	33046894.9500732
86.0900433333333	30623096.8844604
86.1349116666667	29751454.6958618
86.176905	28953315.5302124
86.220075	30696452.5214844
86.263805	34056199.987854
86.308515	37843020.164856
86.3541983333333	37971797.2275391
86.397455	41985973.4551392
86.4436916666667	31863231.7374878
86.4892	28697473.8294678
86.5355916666667	28615265.7180786
86.5790816666667	27388988.9526367
86.625565	27271376.5507202
86.6705116666667	26814417.5388184
86.7160033333333	24015792.1318359
86.76208	26239853.1801147
86.806415	25611268.0431519
86.853375	27754689.1144409
86.897705	29212994.9517212
86.9444866666667	39547566.0578003
86.9918166666667	32170814.5111694
87.0357033333333	30481425.1116333
87.0812516666667	30469483.8553467
87.1262033333333	32420352.7367554
87.168765	31537633.0990601
87.2123966666667	32644970.6033325
87.2593816666667	34457129.0007935
87.3049016666667	36132152.5775146
87.3469316666667	31577232.1256104
87.3935516666667	24935698.5092163
87.4393383333333	31958847.1571045
87.48667	26555581.3494263
87.5325666666667	25930283.7364502
87.5793533333333	25389444.9030762
87.6238416666667	26091177.9942627
87.6701833333333	28988850.7339478
87.7135566666667	25167699.1255493
87.7610783333333	24446652.4934692
87.8059016666667	23723808.387085
87.8502133333333	21581634.5380249
87.8965916666667	23649758.0484619
87.9415266666667	22722001.4762573
87.988595	20802747.6888428
88.03517	21447915.8981934
88.08192	24657913.7072144
88.1277283333333	25508174.4938354
88.1735566666667	26011499.9918213
88.2185216666667	24425778.6437378
88.261575	25511924.6411743
88.30768	24350338.0599976
88.3507283333333	24163245.046814
88.39559	32071861.8939209
88.4419216666667	23037091.7515869
88.4871066666667	22881059.3237915
88.5309866666667	27133407.894165
88.57504	19866579.6681519
88.62158	22218214.9501953
88.6676	22539909.2304077
88.713795	19556421.9010925
88.759675	20802635.1009521
88.807145	20298506.4008789
88.8541066666667	19539714.3999634
88.899045	19926509.2691345
88.942665	19996193.3479614
88.98727	18575169.9683228
89.0338116666667	21483306.7416382
89.0803416666667	17671852.1572876
89.1272016666667	19022387.640686
89.1732466666667	20638392.5166626
89.2187283333333	22729565.9265137
89.26556	19524212.2672729
89.3103766666667	18942324.5923157
89.3558583333333	19465507.3226929
89.40218	18537563.1017456
89.4490833333333	20958229.1848755
89.49365	26636295.4682007
89.540235	19670274.4393311
89.5829883333333	19361920.543457
89.6295733333333	24587029.0167847
89.6755166666667	23159271.5784912
89.7207633333333	21914634.9855957
89.7683333333333	22746933.4165039
89.8134083333333	19450708.0523682
89.8610333333333	19787354.6712952
89.904795	25478604.5802002
89.9505283333333	17946370.4563599
89.9934183333333	17744516.881134
90.041035	19026313.7314453
90.0858783333333	15902618.9015503
90.1337566666667	16268822.6417847
90.1803333333333	17655868.2946167
90.2236783333333	18362771.5360718
90.270245	15711572.0472412
90.3170483333333	15908415.710144
90.3636666666667	14617939.0343018
90.4083416666667	13920521.7987366
90.45457	15677150.6660461
90.501525	16464717.9754028
90.5452233333333	15962001.1471863
90.5922933333333	15043653.5914612
90.6348916666667	16402688.9119263
90.6803666666667	14168894.0090637
90.7273566666667	13404742.27948
90.773295	15883664.5299683
90.821045	13901901.611084
90.8680216666667	14346779.2441406
90.9149933333333	19317099.1192017
90.9623616666667	24052899.1156616
91.0080883333333	18095905.6266785
91.0554283333333	16274363.5083008
91.1008766666667	13500478.6582336
91.147445	13540256.9334106
91.19335	14952083.358429
91.2385	15910362.4171448
91.2842983333333	22377711.2119141
91.33146	15303949.9935608
91.3774516666667	17190834.1819458
91.4217733333333	14276963.2463989
91.4683566666667	15838424.6177368
91.5151333333333	14204452.0891418
91.5587416666667	13873546.9776611
91.6058233333333	14833539.8808289
91.6497866666667	19584446.6420898
91.6940533333333	13956092.4110413
91.7392483333333	12402507.9268799
91.7862666666667	12974728.2460327
91.8304416666667	12491406.579895
91.8767166666667	12139121.5005798
91.9222983333333	12897145.2487183
91.9678183333333	10180629.9587708
92.0158216666667	11258674.5742493
92.0631416666667	13138728.9129944
92.1080566666667	10929613.9919128
92.1546983333333	11683863.7850952
92.1999016666667	13300763.930542
92.246855	12273777.9723206
92.291135	11385898.5694275
92.3382616666667	13323300.0154724
92.383625	12181914.9404907
92.4313983333333	11906206.8858948
92.4762916666667	12601906.9047241
92.5221466666667	9665428.44750977
92.5685133333333	10783907.1494141
92.6152166666667	14048291.4701233
92.661435	8753426.17886353
92.7058083333333	10478353.6835022
92.7515183333333	11058129.4938049
92.798005	11304173.7887878
92.84445	12038254.5981445
92.8904966666667	13171646.3729553
92.936605	11896074.3448181
92.98141	15613099.4266663
93.0271483333333	10142355.575531
93.07367	9450164.72888184
93.1196083333333	9249666.57376099
93.1660983333333	10630029.5662842
93.209015	9628030.78790283
93.2542866666667	9672069.10458374
93.2996866666667	12652561.7167664
93.3466933333333	12618582.6826172
93.3926416666667	10560461.2429199
93.439885	8879656.00039673
93.4868	9336294.01504517
93.5326383333333	8522934.00827026
93.5790183333333	10849766.5738831
93.625285	12619825.7580872
93.6706	10435397.7445068
93.71611	11885877.8198242
93.7587983333333	14645610.3612061
93.8039933333333	14332080.4616699
93.8509366666667	15242359.1229248
93.8966	15004875.2176208
93.9430666666667	13916612.8211975
93.9865966666667	18674430.1162109
94.0318716666667	15896243.4890442
94.07857	19793909.7120972
94.1227183333333	14799004.8545837
94.16821	16422633.6096191
94.2131066666667	21224301.1673584
94.257225	16957022.7342224
94.30415	18982695.9461975
94.3490566666667	19801181.6726074
94.394235	17405716.8320618
94.4360883333333	22049468.2606812
94.4828266666667	22203332.9684448
94.52935	25834588.2033691
94.5751483333333	20504871.335022
94.62074	22797224.0510254
94.6621066666667	23680721.7127075
94.7081633333333	21343383.0707397
94.75233	22532769.5560303
94.7954033333333	26439651.5803833
94.8405216666667	21390673.5872803
94.8868066666667	23159075.5015259
94.931275	22274006.4675903
94.9783416666667	19392990.086731
95.02438	21078592.2050171
95.0700033333333	21550019.1513672
95.1165883333333	22666043.7295532
95.1618033333333	19391731.5181885
95.208145	20571562.656311
95.2541666666667	19867936.0822144
95.29958	17959074.475647
95.345405	19045029.9709473
95.3903216666667	19608515.6813354
95.436575	18523357.4248657
95.4798166666667	17181683.3479614
95.5249166666667	21212342.022583
95.5708566666667	18860903.6488037
95.6170483333333	17246089.9908752
95.661765	15443883.0319519
95.703995	18253362.7943115
95.7503166666667	17387708.7853394
95.795355	22896169.6340942
95.8403366666667	14886269.8865967
95.8871066666667	15776376.2643127
95.9332283333333	16165303.6619873
95.9788466666667	14380091.4442749
96.025035	12832464.6798401
96.0714666666667	15311534.2631531
96.1165466666667	14635127.9536743
96.16222	14058721.1448364
96.2069116666667	14730695.7872314
96.252085	12801701.7121887
96.2982933333333	14526744.7160339
96.3442216666667	12448935.8197632
96.389695	10904708.7501831
96.43598	10520634.755249
96.48233	11599414.6041565
96.52773	12440313.590271
96.57294	11615215.5943604
96.6187983333333	11537267.3536377
96.6640816666667	11646171.4619751
96.70927	10828418.9512939
96.7534633333333	9736715.65142822
96.798445	10201264.6350098
96.8443216666667	10416421.980957
96.89019	9877864.55044556
96.936095	9454922.56838989
96.982295	9683672.31542969
97.0282466666667	9229450.27163696
97.073855	10543183.6586609
97.1196366666667	9894154.82754517
97.16507	8475538.17370605
97.2108733333333	8078664.04818726
97.2569066666667	8618140.62498474
97.302	8182319.70288086
97.3475166666667	8828697.48817444
97.3927883333333	8448446.90216064
97.43846	7614285.04960632
97.4846533333333	7503967.85531616
97.5304166666667	7387189.54510498
97.5756616666667	7365986.81980896
97.6207633333333	6835699.49546814
97.66613	7857324.06837463
97.7105383333333	6999021.82209778
97.7566083333333	7103777.18788147
97.800525	7102724.82989502
97.8455616666667	7164602.02746582
97.8900083333333	6213728.51950073
97.9356283333333	6915388.69276428
97.980675	6596358.17774963
98.0259983333333	6124021.56811523
98.0703383333333	6690080.02496338
98.11455	6112900.38742065
98.159755	5622335.94906616
98.2051616666667	5073429.53511047
98.2501733333333	5772350.87245178
98.2955433333333	5173951.70310974
98.3393566666667	5257203.42366028
98.3840466666667	5246414.74958801
98.4280966666667	4906905.08062744
98.4734466666667	5547479.88478088
98.5178366666667	4888416.94668579
98.5626366666667	4065358.67340088
98.6080366666667	4722158.79374695
98.65259	4808519.06723022
98.6969516666667	3833953.43049622
98.7415666666667	5487275.36853027
98.78606	4043981.74589539
98.829415	4200593.80841064
98.8737916666667	3970016.01641846
98.9188666666667	3584938.45838928
98.96354	3664563.05249023
99.0083816666667	3365476.70310974
99.0529083333333	3207872.03594971
99.097425	3775413.99862671
99.14165	3319129.26679993
99.186495	3422907.13259888
99.2305533333333	3254294.5581665
99.2756816666667	3724054.7726593
99.32074	2909257.50080872
99.36552	2615697.13902283
99.4109366666667	2652165.70872498
99.4556033333333	2526094.55227661
