RetentionTime	Intensity
0.003435	1540618.59150696
0.0447166666666667	1430319.69559479
0.0879583333333333	1253516.59087372
0.133086666666667	1317742.75192261
0.17671	1257962.73040009
0.220653333333333	1481327.79566956
0.26399	1056247.6460495
0.308446666666667	750421.007232666
0.354066666666667	555730.822891235
0.399213333333333	344760.56653595
0.44407	311840.664993286
0.490141666666667	316086.582092285
0.532638333333333	308910.9429245
0.548953333333333	298733.00579071
0.576301666666667	268941.595481873
0.600285	265911.990997314
0.624235	303821.602989197
0.648118333333333	298230.551994324
0.664408333333333	294976.999801636
0.677405	276138.493904114
0.701061666666667	273455.072105408
0.713248333333333	273325.997783661
0.734333333333333	263657.316772461
0.747335	301254.440429688
0.775158333333333	265149.696388245
0.787895	284506.522621155
0.815938333333333	286135.047080994
0.83587	291274.619869232
0.844826666666667	298437.250030518
0.875875	278402.444190979
0.88503	279784.321350098
0.923983333333333	293432.612518311
0.940425	275370.152648926
0.94963	296268.642189026
0.977243333333333	276017.117107391
0.9974	289576.263687134
1.01011666666667	276134.309860229
1.037065	300746.098503113
1.04966166666667	359318.264831543
1.09881833333333	300030.500312805
1.1238	296356.705703735
1.14008166666667	304126.184860229
1.16341333333333	282587.96957016
1.17984333333333	287841.735275269
1.21106	275412.495788574
1.23102166666667	277447.484069824
1.26148	294660.920093536
1.27436833333333	263849.832199097
1.30129166666667	275724.634521484
1.31803833333333	284053.227046967
1.34142	282761.538852692
1.36112166666667	275420.667995453
1.394725	269236.084388733
1.40740333333333	276313.462982178
1.4302	304281.710956573
1.439015	321481.771865845
1.47404833333333	303359.619285583
1.49043833333333	301324.309875488
1.50361166666667	278863.318786621
1.52981	285480.508071899
1.55302833333333	275003.781208038
1.57304166666667	271240.564147949
1.58214	298988.49382782
1.60233833333333	304191.401077271
1.61918833333333	294897.975955963
1.646835	308604.222385406
1.674065	309379.868583679
1.69805833333333	276444.009605408
1.71833166666667	294144.852733612
1.73840166666667	274353.353225708
1.75878	276293.961387634
1.77914166666667	298162.369613647
1.799045	272514.924736023
1.81553666666667	286320.182956696
1.83635166666667	297451.054447174
1.85265666666667	311028.214416504
1.88775333333333	294404.998977661
1.91529666666667	302919.718704224
1.93154833333333	299681.531230927
1.96653166666667	295439.804321289
1.99382	282875.54642868
2.02869333333333	294596.02564621
2.06212333333333	321318.176460266
2.10661333333333	310463.34072876
2.146315	301982.027076721
2.16958666666667	303822.735996246
2.19703	289952.912277222
2.23458	274638.614208221
2.24742833333333	313136.723918915
2.27457	350511.228263855
2.30916166666667	329404.706073761
2.35285333333333	291107.869544983
2.38640666666667	320126.903190613
2.43115166666667	330064.320640564
2.46535166666667	318486.850444794
2.50331333333333	348550.503799438
2.54490833333333	284097.919006348
2.58324833333333	319351.490135193
2.62816333333333	342924.61000061
2.67383833333333	313360.596099854
2.71560666666667	305303.097049713
2.75419333333333	324772.569904327
2.79972833333333	338559.785118103
2.83801666666667	337155.917034149
2.86845666666667	339030.521209717
2.89209833333333	330590.487926483
2.92309833333333	326516.112480164
2.95764333333333	340115.248046875
2.99617833333333	343656.936981201
3.04185666666667	313870.622348785
3.082155	318889.621891022
3.11938333333333	299350.428100586
3.16281	354592.118865967
3.20790666666667	339130.159427643
3.252825	351256.208744049
3.284315	386431.850376129
3.32294166666667	367819.029701233
3.36752166666667	361961.875991821
3.41296666666667	402643.841995239
3.45725833333333	392605.543727875
3.50213166666667	427687.323997498
3.547705	429054.989349365
3.59288833333333	431901.533981323
3.639415	421254.11239624
3.68495833333333	412010.60125351
3.70904166666667	394082.712467194
3.75499833333333	404416.888431549
3.79750333333333	439070.485725403
3.84298833333333	381033.521125793
3.87408	341369.789390564
3.89793	389515.791969299
3.94394	415084.534873962
3.989915	421485.921127319
4.03260166666667	365845.420688629
4.06831666666667	385655.888793945
4.10831666666667	358649.607116699
4.13877	395225.207565308
4.18221333333333	409671.840301514
4.227685	418739.675601959
4.27213833333333	413643.704788208
4.31799333333333	418161.196792603
4.36427666666667	371417.821033478
4.40594333333333	390803.014736176
4.450825	398722.645214081
4.49558166666667	430524.949169159
4.54110333333333	397530.446918488
4.58655333333333	381134.706138611
4.62497333333333	409135.176864624
4.67076666666667	390838.847724915
4.69842666666667	393873.379837036
4.72986666666667	418690.400001526
4.768315	396372.234230042
4.80248	404165.868247986
4.83356666666667	454428.399215698
4.87615166666667	435765.421379089
4.92280166666667	407319.87297821
4.950375	409487.21321106
4.98565166666667	409472.003250122
5.01650666666667	412245.007675171
5.062675	480707.786087036
5.10815166666667	410332.240280151
5.15232833333333	465404.782035828
5.19429833333333	411427.971000671
5.24024333333333	424006.431430817
5.28293166666667	454592.593940735
5.32926	438593.779701233
5.37227	516656.804931641
5.41837333333333	525807.172309875
5.46421833333333	510558.42414093
5.51031333333333	500709.555358887
5.55598333333333	487549.195373535
5.602015	501705.480144501
5.646495	520699.423751831
5.69320666666667	453776.536064148
5.73989	478880.475234985
5.78648833333333	508570.253448486
5.8299	483458.280578613
5.87639666666667	524662.933830261
5.92267333333333	556916.784248352
5.96935	524319.668167114
6.016195	526443.909072876
6.05597833333333	552056.243309021
6.09951833333333	545325.218032837
6.145655	476561.23223114
6.19016166666667	529961.931816101
6.23354333333333	486135.679649353
6.27932	505477.927055359
6.32533666666667	430991.972038269
6.35	463757.025863647
6.39668166666667	467435.286056519
6.44279166666667	494851.747001648
6.48849333333333	523853.734642029
6.534215	450903.976081848
6.58096833333333	501225.469322205
6.61567166666667	524664.16986084
6.661155	517664.643455505
6.70054333333333	534559.728126526
6.74695833333333	606880.205841064
6.79280666666667	539227.890777588
6.83935	506108.525115967
6.87104666666667	559372.745223999
6.91721	541019.503257751
6.96057333333333	571804.851905823
7.00688166666667	555541.370346069
7.05287166666667	585446.844528198
7.10018333333333	582381.621063232
7.14649333333333	523525.535743713
7.18533166666667	551443.49559021
7.22972	529755.94719696
7.27330833333333	515720.035820007
7.31888333333333	501589.604057312
7.3658	507093.477630615
7.41297833333333	541366.862487793
7.45877166666667	494926.390197754
7.50469	538324.247291565
7.55070833333333	536835.703971863
7.596655	492499.720680237
7.64213166666667	475259.633415222
7.68823	457355.355743408
7.7277	495358.392913818
7.75968666666667	498629.656677246
7.80628833333333	503923.451881409
7.85195166666667	580199.302886963
7.89844333333333	522219.594490051
7.94529333333333	522117.484527588
7.99214833333333	540371.236740112
8.03877833333333	561410.837890625
8.08522666666667	564907.966346741
8.13152	556641.20174408
8.17797833333333	654166.963859558
8.22347	752847.362869263
8.26894666666667	726705.283958435
8.31223666666667	767967.190109253
8.359005	782424.691123962
8.403315	776761.202987671
8.44839333333333	712221.323661804
8.49493	673508.779220581
8.54005333333333	680939.355285645
8.58659833333333	679454.468978882
8.63301666666667	676617.086425781
8.67874	713674.782035828
8.72464333333333	780393.620529175
8.77071666666667	752193.185653687
8.81789666666667	769629.972267151
8.86430333333333	767376.243659973
8.910955	815892.842506409
8.95803833333333	715554.710960388
9.00486333333333	749463.579360962
9.05201833333333	844267.854301453
9.097185	740825.167854309
9.14377166666667	793141.478767395
9.189495	826828.038002014
9.23584	804643.250892639
9.28049166666667	828653.285888672
9.325595	772729.8542099
9.37316833333333	839186.334159851
9.41916833333333	781230.894309998
9.46532	824523.597320557
9.51229166666667	776630.361312866
9.558595	839613.502784729
9.60549833333333	890197.717552185
9.65233666666667	995338.615486145
9.699755	1087537.15884399
9.74619333333333	1201935.09522247
9.792355	1157573.48636627
9.83904166666667	1279645.95307159
9.88514333333333	1277110.70465851
9.93241333333333	1172312.73345947
9.97950666666667	1219424.55312347
10.026685	1011204.37084198
10.0733633333333	1077277.44052887
10.1193066666667	1171682.04405212
10.1662183333333	1051643.96582794
10.2130883333333	994012.176277161
10.2585183333333	924716.686584473
10.303895	933149.199691772
10.3487233333333	831961.940475464
10.39386	856827.861602783
10.4410566666667	811564.082901001
10.4883566666667	892081.100959778
10.5337433333333	864150.924186707
10.5810133333333	924259.600906372
10.62787	912946.978858948
10.6750033333333	863968.595603943
10.7221483333333	914402.920700073
10.768535	869628.006500244
10.815	906107.025032043
10.861485	923136.830299377
10.9087433333333	977476.758628845
10.9552533333333	1056777.23155975
11.0007366666667	1171189.5255127
11.047725	1204871.53527832
11.09365	1358658.84519958
11.1405233333333	1514461.7600174
11.18708	1607078.08387756
11.2331583333333	1515567.05299377
11.2791883333333	1656642.47801971
11.3241666666667	1593001.10032654
11.37061	1525338.37094116
11.414795	1573789.03996277
11.4611566666667	1864249.44139862
11.5062816666667	1832942.45094299
11.55217	1782836.48047638
11.5985466666667	1623273.51229095
11.6444983333333	1631932.51115417
11.6912766666667	1303509.06610107
11.73763	1201313.2542038
11.782495	1116845.29400635
11.8299233333333	1073675.32990265
11.8759516666667	1026701.69924927
11.9225	1116831.41287231
11.9689666666667	1127405.60552216
12.0152583333333	1193093.18990326
12.0607466666667	1088408.08271027
12.107545	1247633.15995789
12.15344	1159893.93182373
12.1988983333333	1197143.49090576
12.2450416666667	1492443.15551758
12.2909333333333	1524920.85007477
12.3355516666667	1895047.34719849
12.381455	1882430.85997009
12.4279483333333	2396994.41273499
12.4735783333333	2740140.41060638
12.5188866666667	2589390.38693237
12.564555	2673024.47400665
12.6103766666667	2600849.85921478
12.65678	2637879.12747192
12.7026816666667	2287026.74458313
12.7498966666667	2545874.77962494
12.79473	2459987.14187622
12.841385	2273520.10855103
12.88705	1918409.14677429
12.9330533333333	1702324.80375671
12.97968	1580773.97016907
13.0249666666667	1508048.20204926
13.0713233333333	1583185.95606232
13.1174116666667	1498269.16837311
13.1639783333333	1709028.06950378
13.2103533333333	1719004.13204956
13.256145	1854496.59793091
13.3026666666667	1853984.91344452
13.34944	1994074.9134903
13.3942016666667	1847955.22223663
13.44052	1832684.97692108
13.487395	1708393.9828186
13.5335583333333	1675063.6537323
13.5789066666667	1701660.96949005
13.6248966666667	1720258.31236267
13.6719166666667	1884935.47947693
13.718125	1822133.764534
13.7640083333333	2045888.23683167
13.8100166666667	2046958.42204285
13.8556266666667	1935523.26681519
13.8994	1788577.75096893
13.945005	1833289.60865021
13.9916	1806789.62519073
14.0375633333333	1734603.28191376
14.083795	1846377.97605896
14.13006	1898492.82644653
14.1755366666667	1757380.12815094
14.2204216666667	2150256.81942749
14.266185	2794632.94328308
14.3117383333333	4336614.79185486
14.3561833333333	6853200.68951416
14.3998816666667	11201809.95755
14.4449583333333	17277792.6017151
14.4895833333333	23342651.9984131
14.532535	26781346.8818359
14.577845	29144296.9785156
14.62277	24338527.1086426
14.666855	20089143.4056091
14.7104466666667	15523454.8894958
14.7556683333333	13505676.8952026
14.8006866666667	11782501.2731934
14.8455066666667	10649853.5636292
14.8908466666667	11656978.4444885
14.935575	14322827.4822693
14.981145	14371667.0430603
15.0275383333333	16365490.3979187
15.0716766666667	19704645.4820862
15.1159766666667	20187111.2158813
15.160965	15628036.233551
15.2066166666667	13158521.7006531
15.2512166666667	11077997.2006531
15.2973616666667	8779302.32336426
15.3429766666667	7761487.92068481
15.3870516666667	7289431.27728271
15.43198	6949386.63577271
15.4769766666667	6212990.16210938
15.5239733333333	6359917.90164185
15.571045	6050300.23373413
15.6175066666667	5932857.23371887
15.6633833333333	6944729.77398682
15.7100816666667	8758312.13868713
15.75457	11072432.070282
15.7993583333333	14080016.5361023
15.84461	16624446.1989746
15.8904	19976423.4163818
15.936375	22645826.6967468
15.98196	23416632.6697998
16.0258216666667	23712093.5219727
16.0682683333333	19035776.0923767
16.1128883333333	18473135.2124634
16.1584416666667	17922439.1181641
16.2017216666667	15989507.4785767
16.2479583333333	15504695.9894714
16.2914116666667	14123839.6399536
16.3377983333333	14878814.9710083
16.3825633333333	16261153.6305542
16.428435	14277614.990448
16.4749466666667	11667109.4814148
16.5194633333333	12024876.5427856
16.5653266666667	10354208.0717773
16.6112233333333	10535650.1799011
16.656115	9571897.75714111
16.7018833333333	10198036.3110962
16.74563	14763047.5992126
16.78882	19301199.2081909
16.83291	26934279.4430542
16.877605	34828968.2782593
16.922445	37832499.1069946
16.9646366666667	34324946.4805298
17.0087033333333	29700808.4327393
17.054855	28484496.3791504
17.1008433333333	24574983.9992676
17.14433	22228766.9067993
17.1904916666667	22101481.8006592
17.234305	19603679.2907715
17.2801466666667	17267061.3129578
17.32381	15173554.2535095
17.3690766666667	14223077.8509216
17.4154183333333	13147452.0830383
17.4587816666667	13460691.3777771
17.5048266666667	14321992.4110413
17.55034	15962371.6650085
17.59588	16455337.9275818
17.64159	17556363.7418823
17.68404	18077803.4545898
17.729425	18325368.3121338
17.77587	17691361.2109985
17.8208183333333	16970711.8122253
17.8652483333333	17444674.7306213
17.9100366666667	20812406.7335815
17.9540066666667	20736515.0703125
17.9975433333333	21468636.869751
18.041115	26685460.5355225
18.08636	26919041.3730469
18.1304866666667	30029397.475647
18.171855	34007631.2075806
18.218085	35197116.3001099
18.2629	37711922.9852295
18.30686	34291929.5809937
18.3476166666667	34284635.4014282
18.3918716666667	33596635.9053955
18.43773	34332094.6639404
18.4825316666667	35244578.3945923
18.5272766666667	34748290.4238892
18.572885	32899461.7694702
18.6157483333333	32489574.390625
18.6600683333333	31991535.9716797
18.7017533333333	29067543.9785767
18.7446566666667	30465641.7459106
18.7886183333333	32098655.2316284
18.8329766666667	35698669.2409668
18.8752616666667	41432493.7745361
18.9182633333333	44262102.9338379
18.9639416666667	52163589.6929932
19.0065083333333	60137841.1437988
19.0482083333333	62160953.8348389
19.0901983333333	63492036.7918701
19.1344483333333	71071377.7962646
19.17351	77156288.6604004
19.2125016666667	71010707.8432617
19.252295	68792790.6872559
19.2932483333333	60899488.5482178
19.3318216666667	67583298.5578613
19.3716416666667	78758976.7705078
19.4091916666667	92821246.828125
19.44865	111641586.61499
19.4898933333333	126226952.53125
19.5251816666667	144361382.046143
19.56425	142637474.727783
19.6008233333333	173891780.793701
19.6406616666667	186610232.716309
19.67732	205828727.396484
19.7126583333333	203468342.697021
19.74621	186989525.431641
19.786935	160496085.228271
19.8254533333333	134272420.440674
19.86486	119733554.069092
19.9032683333333	102089326.317627
19.941465	97864055.1936035
19.9737966666667	115082755.947754
20.0090216666667	149654522.42334
20.0435916666667	175245908.572266
20.0809616666667	222086751.48291
20.1188833333333	275612699.94043
20.15415	333480302.009766
20.1893816666667	382780425.178711
20.226465	477006816.483887
20.2592016666667	493238590.509766
20.292975	603895957.389648
20.32779	542153216.959961
20.3640916666667	492978242.793945
20.39826	447366079.780273
20.4327016666667	397258019.443359
20.4664	382675138.553711
20.49967	438587752.324219
20.5315416666667	397669032.094727
20.5614716666667	430978166.881836
20.5934116666667	437854382.027344
20.6237516666667	465642282.37793
20.6553533333333	555827647.114258
20.685925	578406033.001953
20.7175316666667	580740343.78418
20.75093	652747687.922852
20.7817933333333	600095673.581055
20.814115	633665578.751953
20.8475816666667	640511573.634766
20.8794816666667	608602928.713867
20.910765	611713187.84668
20.9417433333333	566774003.28125
20.9734933333333	586323089.014648
21.003595	586240979.251953
21.0343766666667	786763344.820313
21.0639833333333	679308290.700195
21.094475	792787066.015625
21.1254083333333	639573407.825195
21.15841	762320921.088867
21.1893033333333	763024443.137695
21.2204583333333	784342851.573242
21.2527083333333	772696759.962891
21.2855966666667	739015339.132813
21.3193333333333	779883266.518555
21.35042	730857218.959961
21.3827416666667	752145269.568359
21.41374	717191857.501953
21.44485	828970275.111328
21.4754166666667	876120725.703125
21.50579	942772166.679688
21.5370716666667	963958250.957031
21.568525	962583995.042969
21.599265	1019314789.99023
21.6310516666667	1112165551.0918
21.658645	1103974839.40039
21.689995	1155366314.20508
21.7201483333333	1178456832.91797
21.750555	1205875594.12695
21.7812033333333	1301241018.50781
21.812535	1132284585.10742
21.844245	1116493658.375
21.87619	1143139769.60938
21.9071933333333	1306792909.98828
21.9369333333333	995298321.943359
21.9680866666667	1014915495.75
22.00164	1042397641.04102
22.03222	1064013240.29883
22.0638883333333	1105399461.85547
22.094665	1144491452.82422
22.123725	1170364420.51172
22.1557683333333	1120192766.35742
22.18673	1332996015.27539
22.2171683333333	1319804734.20313
22.2465366666667	1395552272.39258
22.276805	1388345262.95313
22.30652	1420733491.2207
22.3370083333333	1379823239.39453
22.3671466666667	1473866786.03906
22.397825	1358520275.85156
22.4274833333333	1318549624.13281
22.4576533333333	1286506830.92383
22.4889083333333	1330975293.72656
22.5186616666667	1212351812.125
22.5486733333333	1191748549.76953
22.5793283333333	1291852089.89844
22.6086683333333	1404671372.8125
22.63737	1323226879.32031
22.66741	1561805029.20508
22.6958183333333	1491876517.28711
22.7263916666667	1442774836.35742
22.7578716666667	1535229577.68555
22.7892016666667	1531473356.96289
22.8199416666667	1600297182.51563
22.8502733333333	1637184258.00977
22.8806783333333	1545028612.16602
22.910895	1473081990.85742
22.9404433333333	1423366022.46875
22.968405	1540136610.26758
22.9980033333333	1643324265.04102
23.0284783333333	1464106946.37109
23.05769	1570280835.35352
23.08701	1722937379.4375
23.1176416666667	1692146985.71289
23.1489933333333	1622505176.25195
23.180305	1638665002.99219
23.2112183333333	1474276027.24609
23.2432383333333	1501120171.22656
23.27409	1454584806.20508
23.30328	1549218985.8418
23.333635	1547192177.33203
23.363935	1484765105.49805
23.393195	1583738145.54688
23.4247933333333	1706923773.33984
23.4550233333333	1629086091.35938
23.4842216666667	1635531243.27148
23.514495	1656639664.54883
23.54485	1522411423.84961
23.576025	1560474079.78711
23.6059516666667	1525441462.86914
23.63627	1568058372.9707
23.666005	1555701348.08398
23.69658	1673049860.11523
23.7265616666667	1510217845.38281
23.7583583333333	1565485235.13086
23.789675	1496492331.01367
23.8196466666667	1583759439.96289
23.8505416666667	1649952485.96875
23.881395	1745988400.58203
23.9130916666667	1777093812.89063
23.9430683333333	1993281086.42188
23.9722283333333	2213336287.45703
24.0006066666667	2317234542.33984
24.0320716666667	2511083335.5
24.063235	2439829543.52344
24.0950966666667	2590188310.55469
24.1249133333333	2440896213.10938
24.1576733333333	2530498329.05859
24.1886183333333	2370734083.84766
24.21891	1982757486.5625
24.2515283333333	1889925581.99219
24.2813016666667	1914345441.39453
24.3101483333333	1802040760.10742
24.34022	1788650241.32813
24.3702333333333	1727254647.62109
24.4001	1606796170.5957
24.43131	1821444770.125
24.4606416666667	1682351305.26367
24.4911983333333	1926274853.51172
24.522385	1846910533.61719
24.55434	1715662725.58594
24.5817283333333	1729748617.19922
24.61107	1782297718.77344
24.641405	1811261810.57031
24.67368	1719050356.83594
24.70458	1631017033.54883
24.7340516666667	1769846453.125
24.7653783333333	1775281349.45313
24.796395	1764946384.66406
24.8253066666667	1755563056.78906
24.855325	1705329831.32813
24.8872216666667	1673046700.39063
24.91984	1852868044.29688
24.9513716666667	1826665423.58594
24.9817733333333	1950085277.03125
25.0135733333333	1870771206.98633
25.04614	1904961287.59375
25.0790416666667	1885598868.89453
25.1108816666667	2028759086.64063
25.142415	2156036224.28125
25.1728633333333	2048981741.86719
25.2029033333333	2096697351.22656
25.2335583333333	2169646063.74609
25.265125	2155542955.78516
25.2955483333333	2231408698.22656
25.3244266666667	2251041831.32813
25.3554533333333	2272170967.55859
25.383875	2034804235.52734
25.4137166666667	2188963038.28125
25.4444666666667	2227757186.94141
25.4751666666667	2256826726.11719
25.5055716666667	2248082904.8125
25.5353533333333	2122142678.90625
25.5667616666667	2127764019.54102
25.596395	2005804583.94141
25.6268633333333	2360927214.82813
25.657865	2141300952.14063
25.6879583333333	2070827173.11328
25.71861	1901311819.70703
25.7504633333333	1838840138.29883
25.781125	1844069193.28125
25.81192	1828089757.44141
25.8428016666667	1633246955.97266
25.8732966666667	1604892706.75391
25.9039033333333	1646193996.31445
25.9339283333333	1661383649.87109
25.96396	1728878221.66602
25.9957733333333	1900032944.43359
26.0261333333333	1790403260.1875
26.0561133333333	1841496025.80859
26.0860516666667	1868597886.9707
26.1168566666667	1918756566.72266
26.146605	1892842636.81055
26.1773516666667	1865819667.69141
26.2090733333333	1806738199.11719
26.2398533333333	1783798629.17383
26.2709466666667	1909315409.28125
26.3015333333333	1915800671.32031
26.3319016666667	1824575970.89648
26.363495	1770813384.51758
26.392375	1777310023.66797
26.4245816666667	1795877373.08594
26.4557833333333	1786858364.84375
26.4865283333333	1873273337.93359
26.517415	1715045610.71875
26.5485233333333	1734655250.13281
26.579275	1609909554.07422
26.6090166666667	1749392415.73828
26.6384216666667	1693058391.17773
26.6680183333333	1706651528.15234
26.6986166666667	1661550948.26758
26.7295633333333	1758694477.05469
26.758375	1766214251.28516
26.7887783333333	1877995972.52344
26.819935	1824144039.58203
26.8505366666667	1883332956.09375
26.8824766666667	1712723897.87109
26.912525	1755519255.57422
26.94384	1807961236.78906
26.9751233333333	1830253665.03125
27.0060683333333	1626363466.85547
27.037775	1620834195.13281
27.06961	1713587102.91406
27.09997	1657638420.57031
27.1327383333333	1484606965.95703
27.16243	1572519552.79688
27.1935016666667	1534075513.98047
27.225775	1402635595.76953
27.2572033333333	1486896773.00781
27.2883366666667	1501499513.60156
27.318845	1524734156.44727
27.3503333333333	1555202783.78125
27.3821666666667	1596456378.26172
27.4136333333333	1561557253.07813
27.4451316666667	1601921472.50195
27.4752033333333	1740844149.67969
27.504615	1584743766.07227
27.5362466666667	1627043461.12109
27.5664116666667	1602034514.05469
27.5960916666667	1660001339.47656
27.62471	1670261360.23828
27.6546666666667	1608395243.70703
27.6847583333333	1534572916.57813
27.7159433333333	1576035218.90234
27.7450633333333	1657601229.88281
27.7754916666667	1648262051.08398
27.80477	1678036858.06641
27.83494	1680838491.48438
27.8646516666667	1604470075.81641
27.89411	1695105676.61719
27.92507	1648312324.54688
27.9570033333333	1669749821.59766
27.98693	1825542796.34766
28.0173866666667	1927283324.96484
28.0482133333333	1858355388.00586
28.0800233333333	1868476273.66992
28.111575	2092051224.82031
28.1420766666667	2067008497.6875
28.1733316666667	2025618656.78125
28.2047133333333	1939397703.61719
28.2354083333333	2018532050.6875
28.2657	1924214694.48438
28.2963716666667	1866810147.52734
28.3266466666667	1839192617.4375
28.3571983333333	1824274960.83203
28.3870083333333	1719021615.00391
28.4170966666667	1733098868.85547
28.4482016666667	1762427975.61719
28.4784966666667	1671146478.79688
28.5082066666667	1622686655.46094
28.539145	1672015184.28125
28.5685366666667	1727315561.05664
28.5989566666667	1704669326.88281
28.6279266666667	1680020851.01172
28.658705	1786840119.19141
28.68923	1774303186.90234
28.7192233333333	1713911908.78906
28.7510983333333	1782926798.21289
28.7819966666667	1761133873.03906
28.81238	1719705863.3125
28.843585	1629496324.96289
28.875025	1672220540.01953
28.9060083333333	1784614841.56641
28.9363283333333	1771699342.26172
28.9680416666667	1740568754.68164
28.9975716666667	1641093555.92188
29.027895	1655285242.78906
29.0569633333333	1720878996.52539
29.0881583333333	1638428450.51563
29.119135	1598540225.83203
29.15098	1575152685.17188
29.18302	1523073779.5957
29.2121333333333	1533093457.34961
29.24669	1540591400.88477
29.2774016666667	1612330950.77344
29.3092683333333	1571954324.87891
29.342005	1505383691.74219
29.372785	1486669366.20703
29.4037883333333	1600261439.71094
29.433975	1562338895.36719
29.46433	1600725854.88281
29.4945066666667	1571580549.3457
29.524055	1595839983.63477
29.5532433333333	1515202056.91016
29.5833266666667	1878661310.17188
29.6126683333333	1767660449.81641
29.6445116666667	1786242442.66016
29.674325	1844097336.35547
29.7038316666667	1791203821.41406
29.7349633333333	1793499473.59375
29.7650016666667	1808340789.50781
29.79626	1864779411.08984
29.82705	1795128200.28906
29.8567633333333	1683247382.77734
29.8887233333333	1749915632.16406
29.919565	1682784647.62695
29.94963	1720187132.08008
29.98098	1765850652.31641
30.010395	1638705045.22461
30.0418433333333	1569597511.76563
30.073255	1578816718.18359
30.10348	1553169169.69336
30.1336683333333	1529846681.70313
30.165045	1463660148.27344
30.1961083333333	1414692150.64844
30.2255966666667	1470670702.7793
30.256665	1459910123.18555
30.287005	1528552569.11133
30.31713	1600204282.53125
30.347155	1481531657.13086
30.378425	1460732955.20117
30.409805	1490390288.41211
30.441325	1594111970.54297
30.4722866666667	1542810508.89258
30.5018966666667	1397747827.58984
30.532345	1376333671.95703
30.562855	1409287078.20117
30.59299	1477633983.17383
30.6242266666667	1477964696.37109
30.652825	1494281166.67383
30.6824683333333	1546225024.90234
30.712875	1516844931.38672
30.74298	1568615299.85547
30.773025	1671051828.45313
30.803245	1620530620.14453
30.8358183333333	1583903530.91016
30.867	1710793497.50781
30.8956416666667	1628485715.61719
30.927665	1614485477.70313
30.9569216666667	1647402156.32422
30.986995	1540392810.90234
31.0172966666667	1557604759.01953
31.04832	1678327051.36328
31.0792883333333	1575049329.81055
31.1108916666667	1541866018.75977
31.1413116666667	1507066230.04883
31.172375	1512863816.24805
31.20442	1487859255.33203
31.2351633333333	1620928304.81641
31.2664366666667	1563274922.42969
31.2965833333333	1421996830.84766
31.326825	1466744155.6875
31.3573633333333	1460612129.84375
31.3878816666667	1364064633.4043
31.4185233333333	1400296665.13672
31.4482866666667	1439647888.41797
31.4787466666667	1365841911.58203
31.5100683333333	1318154152.2793
31.5389766666667	1445817729.92969
31.5688066666667	1410633153.6543
31.59921	1557184374.26172
31.62944	1496163109.83008
31.6602683333333	1498250956.11523
31.6907	1589147926.47656
31.7225583333333	1621534302.76953
31.7531416666667	1689865862.73438
31.7859666666667	1511413507.96875
31.8170183333333	1519585570.79883
31.847405	1401083520.96875
31.8800366666667	1655189493.69141
31.911885	1550366629.02344
31.9423683333333	1497890739.875
31.9733116666667	1456202474.04883
32.0050616666667	1464116745.15039
32.03566	1408070730.99609
32.064835	1430452757.92578
32.0958266666667	1447290932.56641
32.1245483333333	1485402192.85547
32.154815	1427725382.14258
32.184755	1498531753.14063
32.2151616666667	1554796402.10156
32.2449166666667	1547947104.73047
32.27509	1569257624.95313
32.3054933333333	1546301223.62891
32.3354183333333	1487534193.37695
32.3659283333333	1515067776.63672
32.3959833333333	1610910504.34766
32.4248866666667	1644340707.67578
32.4545883333333	1547129938.57031
32.4838316666667	1591676927.91602
32.51545	1549685260.37305
32.5467333333333	1537718437.01953
32.5763116666667	1559284563.81055
32.6084183333333	1492128512.48242
32.63965	1594713543.03125
32.67097	1466947194.61719
32.7019916666667	1563876185.29688
32.7322066666667	1519717024.85156
32.7624316666667	1430937257.90234
32.7916966666667	1503149717.92969
32.82357	1452603698.16211
32.8555766666667	1456830937.37305
32.8862883333333	1685835058.97266
32.916275	1643968149.78125
32.947165	1605204294.08789
32.9772483333333	1557175371.4707
33.0065166666667	1545440791.92773
33.037015	1607420774.32422
33.0669083333333	1578135260.6875
33.096915	1565031249.91016
33.12889	1602347382.22656
33.1605483333333	1454156002.99609
33.1923983333333	1572676359.14844
33.224745	1480201281.83789
33.25617	1552588146.2793
33.285805	1579709725.0332
33.3177783333333	1488335422.13867
33.3477566666667	1590078063.89844
33.37727	1573817515.42383
33.4065616666667	1604935155.37891
33.4376466666667	1605981498.1543
33.4674883333333	1558124751.88867
33.4988883333333	1517630689.16602
33.529685	1544365427.41406
33.5608683333333	1614037745.11719
33.591855	1527998053.91406
33.6221316666667	1561139821.30859
33.6520383333333	1370381287.10742
33.68223	1481752049.95898
33.7119283333333	1493299612.00781
33.74203	1496054423.1875
33.7720733333333	1436751534.78906
33.8030116666667	1351250100.0332
33.8332016666667	1482346286.62891
33.8625833333333	1462675035.51758
33.895	1523100495.1582
33.9233316666667	1404056977.02344
33.954755	1476785085.51953
33.9845166666667	1406300428.50586
34.0178233333333	1436240634.88867
34.0476233333333	1418116851.00391
34.0784066666667	1534307830.00781
34.1076516666667	1408216371.36328
34.1371683333333	1583702688.81641
34.1673816666667	1383027487.75195
34.198595	1485330351.68555
34.229855	1532662418.2168
34.261015	1595144842.17383
34.29254	1577984704.41406
34.3241883333333	1485436367.12109
34.354855	1537511396.91016
34.3862983333333	1626460610.78125
34.41723	1600117688.05469
34.4474666666667	1584082979.99023
34.4775516666667	1586265891.08984
34.5073216666667	1475825080.21875
34.5368083333333	1546646175.73828
34.567225	1462434220.41016
34.59752	1474949406.10156
34.6270983333333	1447124821.67188
34.6563483333333	1463988714.42578
34.6871433333333	1537576430.38086
34.7184666666667	1511381643.56445
34.7485866666667	1505120381.85156
34.777265	1582939931.07422
34.8074733333333	1424699777.66992
34.83969	1559634013.86719
34.8706	1532818169.27734
34.9030116666667	1552100128.40625
34.9359916666667	1495556767.69531
34.96673	1502833682.39844
34.9979316666667	1613236292.38672
35.0289766666667	1516561136.75391
35.0595816666667	1456046494.82813
35.0888666666667	1433850829.68555
35.1179916666667	1306220909.48047
35.148055	1370536132.26758
35.1790333333333	1388976945.79688
35.2095633333333	1446092738.61914
35.2411433333333	1482840396.39453
35.2711	1306180190.12695
35.3020366666667	1353281963.02734
35.3327566666667	1340405173.58594
35.363755	1427653759.35547
35.393355	1356042214.51563
35.4252383333333	1410088300.51953
35.45499	1423410369.8457
35.4859816666667	1369178446.71094
35.516935	1439642703.47656
35.5478733333333	1430316806.23047
35.5793916666667	1479906306.48828
35.6105266666667	1519044152.07031
35.641455	1373254754.39453
35.6712883333333	1477226612.64063
35.702555	1530992433.93359
35.7342033333333	1413424322.55469
35.7651783333333	1314413034.77148
35.7956083333333	1354074894.61328
35.82627	1328006933.38477
35.8574933333333	1370168877.79297
35.8880083333333	1454307101.66797
35.91823	1471392745.45898
35.948495	1563882362.79297
35.978695	1397795401.72852
36.0086133333333	1549203890.79883
36.038685	1595432355.37109
36.0680683333333	1726873210.78906
36.0979083333333	1594005209.89844
36.1278266666667	1623208143.62109
36.15911	1421079214.71094
36.1888716666667	1483261858.67188
36.21877	1522727946.08398
36.249615	1561295950.00781
36.279575	1383757984.75391
36.3113983333333	1489457261.48828
36.3426033333333	1611503440.08594
36.3734983333333	1479137918.7832
36.4035683333333	1607679641.82813
36.43445	1485019403.50391
36.4645816666667	1463156358.05078
36.49647	1492772615.31641
36.5279016666667	1447927199.57813
36.5583216666667	1453635421.40234
36.5889383333333	1413873784.09766
36.6193683333333	1414541567.18945
36.6492633333333	1473527456.5625
36.6813716666667	1467413084.97461
36.7127583333333	1553703081.20703
36.7452366666667	1511468709.69531
36.7756816666667	1471889907.04883
36.8066666666667	1416201135.30664
36.8389316666667	1373948160.16992
36.8702166666667	1519914880.67773
36.901495	1472161429.94922
36.9335533333333	1475506192.13477
36.9636766666667	1426116421.00195
36.9953316666667	1576387419.99609
37.0254583333333	1499172796.39648
37.0558	1477608732.80859
37.0857633333333	1632826391.58984
37.1155766666667	1449732155.91406
37.1452666666667	1422347928.98047
37.175625	1430664880.51758
37.2062666666667	1395251459.5
37.23643	1388604999.76367
37.2668533333333	1337261609.74609
37.2980433333333	1316392899.89063
37.3282516666667	1497583749.58594
37.3575433333333	1498420454.32031
37.3871383333333	1605429692.85156
37.4174066666667	1455912755.45313
37.4466766666667	1533223683.69141
37.4780016666667	1523210291.46484
37.5101133333333	1691383368.64063
37.5404566666667	1496601385.97461
37.5722116666667	1593139025.71875
37.6033166666667	1420463565.34766
37.6342166666667	1384325280.13672
37.664595	1522254115.48438
37.6962016666667	1413051939.02539
37.72763	1573101248.99609
37.7603466666667	1473537759.27734
37.79207	1397152125.67969
37.8242133333333	1401309362.83594
37.8567716666667	1557810378.26563
37.887705	1511673203.5625
37.9177566666667	1608495901.76953
37.947565	1558004715.61914
37.9776283333333	1511134627.25195
38.0067916666667	1704155753.98828
38.0378766666667	1732956785.53906
38.0682	1568851261.38086
38.100805	1506578869.71875
38.1315716666667	1527856627.31445
38.1624733333333	1556322828.13672
38.1945983333333	1604223187.64063
38.22448	1559086449.14844
38.254525	1518929054.21484
38.28569	1456269986.55859
38.3180233333333	1564628840.80859
38.347645	1651536851.58594
38.3776083333333	1609930200.78125
38.408	1588394600.70703
38.4364033333333	1564135626.12891
38.4661983333333	1700723454.19727
38.4954916666667	1700239024.75781
38.5254333333333	1703252445.24609
38.5549866666667	1770489993.60547
38.585815	1676249020.52344
38.616165	1611099745.96094
38.6468633333333	1726588791.70703
38.6778633333333	1850611537.65625
38.7071583333333	1739971398.32031
38.7370833333333	1780278146.47266
38.7671116666667	1750207404.41211
38.797365	1660067586.66797
38.8273333333333	1562299572.6582
38.857215	1680987831.87109
38.88838	1694014042.53516
38.91986	1700791782.87891
38.94953	1450547759.82813
38.9808316666667	1509847377.60156
39.011825	1658547773.74219
39.04387	1604465815.32031
39.0757216666667	1520949977.15625
39.1075266666667	1590839759.35742
39.13866	1539150303.46289
39.1712333333333	1592422462.51563
39.2011266666667	1655189524.28516
39.2319666666667	1771451677.31641
39.2626966666667	1814519865.16406
39.2938133333333	1795324684.36328
39.3216316666667	2038052595.60938
39.3513616666667	2044127320.96875
39.38315	1884919450.05078
39.4137216666667	1767859432.35547
39.4447233333333	1707886562.26953
39.47537	1708697302.15625
39.5073	1655247905.43359
39.537335	1666877351.92969
39.5674083333333	1660047384.34766
39.597335	1718990622.24219
39.6278633333333	1603206490.90039
39.6579916666667	1799475472.81641
39.68917	1772619742.1875
39.7202616666667	1902348313.8125
39.7509766666667	1611878071.31055
39.7823316666667	1553933984.08398
39.8134116666667	1526645227.24805
39.8457766666667	1419092982.79297
39.87745	1369427470.93555
39.907335	1550548317.41797
39.9377816666667	1419475210.19922
39.9685016666667	1379028088.90625
39.9979383333333	1379774967.30664
40.0285516666667	1484898774.58398
40.059595	1649949775.875
40.0896466666667	1467880039.78125
40.1198783333333	1664287302.52734
40.15025	1505787427.54688
40.182015	1536439629.67578
40.21204	1806304008.95703
40.2420383333333	1459947668.08594
40.273375	1386342474.5918
40.3052333333333	1483661988.24805
40.3350766666667	1345203859.91602
40.3658366666667	1558766476.92969
40.3966583333333	1608799700.72656
40.4284716666667	1486689672.2832
40.45887	1457225287.83398
40.49014	1340495142.84766
40.52108	1528354163.45703
40.5513916666667	1601629206.72266
40.5836416666667	1521097896.73047
40.6140266666667	1418092397.35938
40.6450766666667	1411382695.60156
40.67641	1482764635.21094
40.707585	1452110917.85938
40.7389483333333	1553314274.92969
40.76848	1491900250.67188
40.799495	1317653954.25586
40.8306266666667	1468451275.98633
40.8605383333333	1443042695.18555
40.8928016666667	1573404998.43359
40.9246216666667	1582805711.28906
40.9549016666667	1582376241.91602
40.9872816666667	1487416648.77539
41.0191	1471210172.34375
41.0491016666667	1448916544.84766
41.0802433333333	1399046446.32422
41.1119983333333	1427786441.74805
41.1430333333333	1486877559.13672
41.174195	1407052596.36719
41.206595	1600842812.71094
41.2370833333333	1511771011.42188
41.2681716666667	1371676110.18555
41.2980766666667	1410792786.39844
41.32898	1398922300.58594
41.3592466666667	1507432346.91406
41.3899766666667	1527528772.26953
41.4213933333333	1500547920.26172
41.4519783333333	1404386734.13281
41.482405	1406307548.0293
41.5144183333333	1352413453.8125
41.54737	1501120202.53125
41.5770266666667	1633905029.125
41.6062183333333	1511521686.87695
41.63721	1536344073.55859
41.6675516666667	1528095207.33594
41.6979816666667	1836278981.44141
41.729945	1786000390.94531
41.7615983333333	1833420428.01953
41.7929683333333	1713389353.59375
41.823395	1792377702.97266
41.8550866666667	2040191269.67969
41.886315	2143696907.35156
41.9167483333333	2080778663.125
41.9480616666667	2027112600.45898
41.9788966666667	2011999306.42188
42.01089	1843880951.63086
42.043475	1877501125.94922
42.0748633333333	1764133829.55078
42.107785	1680623251.9375
42.13993	1682010564.30859
42.1710983333333	1632454595.36328
42.2032583333333	1786646668.53125
42.23522	1609091529.88672
42.2662883333333	1440010743.65234
42.2960133333333	1460871888.36523
42.3251916666667	1407221406.15625
42.3566116666667	1449533816.34766
42.3888416666667	1408238289.99023
42.4195716666667	1386744790.59375
42.4505133333333	1473840905.79883
42.4807566666667	1433394889.33789
42.5114066666667	1471531028
42.5416833333333	1651382508.54297
42.57193	1576177166.94922
42.6029916666667	1549750120.99414
42.634495	1475239409.01953
42.664805	1571958617.17578
42.6960216666667	1493532891.14844
42.7275866666667	1583643827.63281
42.758785	1514673861.875
42.7896083333333	1511033069.21484
42.8209616666667	1540022343.66211
42.8513983333333	1822619962.69922
42.882845	1647847310.90625
42.9148766666667	1794719852.60156
42.9472883333333	1652111857.29688
42.9788033333333	1544178284.97461
43.0110316666667	1693243062.58203
43.0420216666667	1548249276.41992
43.07382	1471346281.5625
43.105965	1604180469.16016
43.137375	1523781659.41797
43.1689266666667	1530027778.55078
43.198835	1442762980.08984
43.2302666666667	1455498018.9707
43.2616216666667	1422986919.1875
43.291185	1328006516.5
43.3207766666667	1432072885.23438
43.3509416666667	1340420024.13281
43.381375	1544951152.37891
43.4114416666667	1677998210.01953
43.442125	1530700053.32031
43.4723383333333	1518025128.86719
43.5031966666667	1676446702.18945
43.5321216666667	1798619109.03125
43.5632333333333	1858296041.73047
43.595595	1864936312.38672
43.6274833333333	1804281060.52734
43.6590016666667	1805593137.75
43.6909633333333	1834428256.89063
43.7224583333333	1967003263.41406
43.7541833333333	1759306927.37891
43.7860033333333	1652516684.36523
43.8170866666667	1729352335.52734
43.8486266666667	1770021738.99609
43.8804	1744745863.78906
43.9114283333333	1723242571.38672
43.94236	1699920294.85156
43.973525	1718994327.77344
44.0039983333333	1665365212.02734
44.0340483333333	1661977516.35547
44.066	1631469450.62305
44.0977333333333	2003878296.67578
44.1280033333333	1861711761.02344
44.1595983333333	1807162247.85938
44.1921433333333	1833495123.69922
44.2241583333333	1876688808.07031
44.25561	1790945396.71094
44.2870533333333	1904025345.33594
44.3180883333333	1842182217.80469
44.3492766666667	1792616791.36719
44.3803816666667	1922845077.55469
44.4120883333333	1876682401.30078
44.4432583333333	1962426086.94922
44.47494	1683006013.1543
44.50522	1812494782.88086
44.5355266666667	1747293085.65625
44.5653066666667	1829253979.73828
44.596495	1702270532.69141
44.6285283333333	1716244628.7207
44.6592716666667	1579621345.75977
44.6900516666667	1507733051.64258
44.7209316666667	1552612162.06641
44.7528666666667	1526895296.69336
44.7831233333333	1534585332.00977
44.814555	1493350026.55859
44.8468466666667	1728902179.34375
44.87785	1578487126.53125
44.909325	1515194930.45117
44.9405766666667	1630625803.61328
44.97083	1666704888.73047
45.0015183333333	1564491968.51172
45.0314683333333	1609128968
45.06227	1601427309.28906
45.094425	1680259651.70703
45.12554	1752481472.52344
45.156795	1816888597.08594
45.188165	1725463915.76563
45.2191566666667	1693114499.05859
45.25124	1704263681.91406
45.2822633333333	1701185992.52344
45.3147016666667	1555648848.71484
45.34672	1606240497.77734
45.3787316666667	1625687862.2207
45.408675	1620682538.84375
45.4391233333333	1583327109.03516
45.4699016666667	1514625007.76172
45.5020033333333	1689115487.37109
45.5342933333333	1627352392.07227
45.5651683333333	1756115476.87109
45.596825	1699909915.98828
45.628865	1574116410.2832
45.661065	1489577831.2207
45.6936983333333	1498770306.96875
45.7265483333333	1538447697.55664
45.7595033333333	1506240869.29492
45.790585	1534887757.07227
45.8216116666667	1391984428.05664
45.853535	1416651651.43359
45.8841733333333	1621878625.87109
45.9154083333333	1513998090.76172
45.9461066666667	1378995682.79492
45.9769133333333	1343227262.53516
46.0080066666667	1258093576.52148
46.0398166666667	1275725367.75781
46.07027	1273385953.90039
46.1011983333333	1258170218.11719
46.13053	1374894664.43359
46.160435	1221568830.03125
46.1915183333333	1390639430.81055
46.2226383333333	1348002801.38477
46.2542316666667	1437043093.27344
46.28599	1438923022.95508
46.3168483333333	1335297985.46094
46.3468966666667	1329447950.96289
46.37887	1328220165.82813
46.4108933333333	1309018298.98828
46.4414666666667	1243693913.37109
46.4728466666667	1322744077.2207
46.50344	1333153374.52539
46.534295	1469516776.33398
46.5648016666667	1333029933.52539
46.596575	1392594784.92188
46.6288416666667	1250777051.86328
46.660505	1293333385.50195
46.6913883333333	1287903696.16797
46.7217116666667	1324604203.59961
46.752245	1432676538.41016
46.7849316666667	1246600225.80469
46.8167766666667	1339146234.79492
46.8492716666667	1317266341.93555
46.879195	1305476914.16211
46.91138	1493804088.65234
46.9425016666667	1405600519.81445
46.973855	1388898968.46289
47.0049533333333	1361027573.82617
47.0354216666667	1343389601.3418
47.065515	1419358605.36523
47.0964566666667	1440033883.98633
47.1281816666667	1398622748.90234
47.159815	1409733906.77734
47.1905716666667	1514665423.99219
47.2222066666667	1363792012.64063
47.254605	1423418558.40625
47.2851933333333	1390211215.78906
47.3186433333333	1351282592.77148
47.3497316666667	1464308634.23047
47.3820783333333	1505331257.02539
47.413055	1653184079.60156
47.4446416666667	1512762416.74219
47.4763766666667	1478050068.56641
47.5084683333333	1337221321.54102
47.539685	1577721399.79102
47.5692283333333	1459318669.81055
47.59996	1470533748.28711
47.630865	1417800005.375
47.6611416666667	1381552385.15039
47.6929583333333	1350389644.26367
47.7236066666667	1426530728.80859
47.756035	1453208799.91992
47.7869616666667	1468791741.25977
47.818265	1541816253.08984
47.8505366666667	1324414702.87109
47.8823316666667	1507349543.26367
47.9141883333333	1393828867.41016
47.94652	1342322469.98828
47.978065	1415214638.00586
48.0092533333333	1316429645.08008
48.0420983333333	1381621017.48828
48.0751783333333	1396317609.90234
48.107575	1335597736.60547
48.14031	1287244404.68164
48.1719433333333	1417402238.66211
48.2029566666667	1256274028.9082
48.2342266666667	1359202191.89648
48.2655366666667	1474925665.48828
48.29703	1347323625.13477
48.3290633333333	1448586978.78906
48.36135	1470176564.22656
48.392955	1375799259.40625
48.426115	1350805581.68945
48.4591566666667	1402479350.77539
48.4903016666667	1335856913.42773
48.52188	1404298976.01758
48.5539133333333	1313461804.22461
48.584815	1426408911.59961
48.6167183333333	1597464168.45117
48.6498716666667	1547925738.12891
48.6829033333333	1439764781.51563
48.71449	1630796895.56445
48.7465583333333	1489978545.41406
48.7779783333333	1434582915.36328
48.8091533333333	1578058189.72656
48.8403733333333	1267131885.05859
48.8721116666667	1365062553.90234
48.9031616666667	1384463635.375
48.9337883333333	1212164825.50781
48.96422	1392234271.55664
48.9946033333333	1398505215.59961
49.0263366666667	1427383961.41016
49.0571816666667	1543584771.78516
49.0891116666667	1414262287.75781
49.1203	1418257588.70898
49.1522633333333	1415417172.30078
49.183395	1310731733.48633
49.2138233333333	1395236753.30859
49.2448533333333	1399728960.9375
49.2773983333333	1543769426.32422
49.3094483333333	1332340684.19336
49.3407183333333	1397844825.61328
49.3704	1345446814.04492
49.4006	1304273867.09766
49.4319216666667	1305037542.32617
49.4642116666667	1216234193.08984
49.4965616666667	1257772676.54297
49.5284683333333	1305533620.84375
49.559535	1252209441.05664
49.590835	1404352503.13672
49.621405	1380175667.94141
49.651955	1470953791.91797
49.6817633333333	1297310616.74609
49.7124666666667	1398101700.08984
49.742805	1502280336.45117
49.77447	1392221078.25391
49.8056383333333	1424077794.64844
49.8375966666667	1490112257.13281
49.8688516666667	1465729475.57422
49.8997066666667	1472942332.25977
49.9307866666667	1544292346.54102
49.9617266666667	1411293951.91797
49.9916566666667	1450486529.76758
50.0233533333333	1357697153.82227
50.05417	1524195264.5625
50.0843933333333	1358787491.37109
50.115795	1422143513.10547
50.147145	1339155427.00781
50.179075	1430040915.29102
50.2109133333333	1464937662.61523
50.242435	1423096404.52148
50.27317	1294000120.94727
50.3054766666667	1355071461.73047
50.3365866666667	1231741990.45508
50.3676816666667	1399061692.92188
50.3985733333333	1208464390.81055
50.4301416666667	1240146631.0957
50.4616	1180178634.88867
50.4935316666667	1200066659.10742
50.526755	1292256916.56445
50.5589733333333	1169160396.20313
50.5909116666667	1368905207.73633
50.622015	1259875855.70313
50.65305	1199525024.84375
50.6838433333333	1249374638.5625
50.7148416666667	1403638885.00977
50.745245	1379010457.25
50.775925	1453005620.51367
50.8066683333333	1395185182.65625
50.8380383333333	1476009367.06836
50.8704233333333	1468101899.5918
50.902055	1536007462.34375
50.9323333333333	1469363070.18555
50.9662816666667	1567957399.10547
50.99805	1490783474.49023
51.03034	1318223383.47266
51.06192	1316455532.70313
51.0921966666667	1517423440.83203
51.1239316666667	1313484963.0332
51.1563283333333	1349120628.06445
51.18923	1372897490.44727
51.221355	1486687337.91406
51.2532983333333	1484757480.71094
51.2852416666667	1420228047.31055
51.318085	1554749752.69922
51.3499966666667	1396313867.82227
51.3821466666667	1508496019.30469
51.4141083333333	1493163752.84375
51.4469466666667	1712554926.63672
51.478905	1509232902.91797
51.51066	1610214881.55859
51.5419716666667	1693387123.29688
51.5728916666667	1629319654.51172
51.6039083333333	1514791019.34766
51.63539	1621671861.13281
51.6671633333333	1486311380.98438
51.69844	1552450110.95508
51.7294883333333	1407868390.84961
51.7604416666667	1491487430.5293
51.7913233333333	1264733622.14648
51.8224316666667	1274342121.25
51.8541333333333	1281874102.38672
51.8855966666667	1106028461.01367
51.916175	1179803633.59766
51.9469883333333	1191263647.48633
51.97792	1232028302.47266
52.00898	1150011595.87891
52.0389683333333	1218111386.03516
52.069255	1318332641.74219
52.101265	1274228903.33789
52.1314833333333	1295166444.30273
52.1632433333333	1192139767.8457
52.19477	1261740533.48633
52.2260133333333	1451335491.78125
52.25831	1268312362.78906
52.2904483333333	1310709539.11328
52.3226583333333	1150752909.39453
52.3539416666667	1226800540.59766
52.3850083333333	1212080587.52539
52.4162566666667	1182169828.02734
52.4472266666667	1295817883.16016
52.4780516666667	1215678060.80859
52.5087416666667	1288125649.97656
52.5409516666667	1449872358.25195
52.57234	1305705028.75586
52.6036433333333	1422404638.19336
52.63461	1459734613.625
52.664695	1582529827.33594
52.69511	1472805732.10547
52.7252633333333	1412356501.88281
52.75681	1415197804.9082
52.7886183333333	1207695388.01367
52.8215083333333	1361423583.80859
52.8538316666667	1306934583.41992
52.886415	1477040150.66406
52.9184366666667	1374472881.43945
52.9509583333333	1191335445.28711
52.9826116666667	1388320048.29492
53.0144416666667	1293946813.96875
53.04613	1370168854.76172
53.0778766666667	1360150613.55273
53.1080216666667	1369809048.13477
53.13982	1285316620.99023
53.1703683333333	1362667699.37109
53.2025383333333	1444644898.35547
53.23308	1411199403.11914
53.2637633333333	1402403315.98828
53.2955616666667	1319483712.95117
53.32739	1364211851.40625
53.3602083333333	1405401807.72461
53.3923633333333	1477866212.20703
53.425275	1495325062.69336
53.4572883333333	1324884958.86328
53.4902966666667	1413166838.20313
53.521315	1418757918.33398
53.55333	1510424220.32422
53.58514	1671915923.80078
53.616075	1483278965.80469
53.6478666666667	1415842328.00391
53.679955	1529617288.70313
53.7117783333333	1633921287.80078
53.7432583333333	1513146590.20117
53.7744866666667	1485408594.73242
53.807285	1296655452.4082
53.8412133333333	1319792177.38867
53.87281	1317105480.85352
53.905315	1417343438.26367
53.9375866666667	1323873592.85742
53.96959	1225205026.10742
54.00144	1304940292.74414
54.0329466666667	1322649906.68359
54.0649733333333	1263337830.43164
54.096875	1290547349.71094
54.1279966666667	1160470715.82227
54.159435	1210444407.17969
54.1912266666667	1265861270.08008
54.2220733333333	1395926747.75977
54.2543533333333	1390550006.21289
54.285805	1201182671.42969
54.3179783333333	1250334071.02539
54.3501066666667	1138048775.45508
54.3814816666667	1359092877.13477
54.41209	1211450013.16602
54.4438133333333	1205547527.13281
54.4752333333333	1148933906.58008
54.5062366666667	1261686775.08008
54.5382483333333	1251701426.22656
54.5687833333333	1239387995.57617
54.5988633333333	1230340061.37305
54.6296483333333	1200413588.63477
54.6612466666667	1211892968.51172
54.6937416666667	1365057431.08984
54.725815	1221934587.38867
54.7576516666667	1443027609.37695
54.7884333333333	1261751400.07813
54.8193816666667	1191696931.73438
54.850845	1195601056.63867
54.88154	1188161822.4707
54.9125216666667	1276239496.41602
54.94439	1208455974.43164
54.97613	1391677240.47852
55.007695	1307759949.9707
55.03915	1486542411.86328
55.0700033333333	1388440711.26953
55.1	1467347290.38867
55.1311583333333	1646641212.74609
55.1623666666667	1319773539.06055
55.1940466666667	1403752845.05078
55.225905	1296723006.72266
55.257885	1264537758.32813
55.2898816666667	1406671773.08789
55.3215266666667	1277291077.17969
55.35317	1313426780.09961
55.3856233333333	1288811197.35547
55.4169916666667	1325392204.43945
55.4478783333333	1360151104.21094
55.4794566666667	1379450970.67578
55.5106683333333	1642125534.43164
55.5423216666667	1436009475.09766
55.5728783333333	1354549594.09375
55.6036233333333	1318137404.44141
55.6357	1237281235.95703
55.6674933333333	1213453041.61328
55.7001166666667	1272544971.97656
55.732125	1239944304.33008
55.7636366666667	1170987477.0957
55.7944116666667	1090338447.97656
55.8261216666667	1045816739.2207
55.85816	1106843999.91992
55.8897733333333	1267257235.64453
55.920565	1234154124.50977
55.953295	1060572760.33594
55.9855616666667	1135468918.48633
56.01665	1150625188.69141
56.0480466666667	1123209025.01172
56.078745	1078163573.29492
56.111275	1170468813.92773
56.143735	1149935302.36328
56.1760633333333	1223461084.16406
56.2068783333333	1179880890.73828
56.2386216666667	1197871149.10938
56.2703066666667	1084666138.12891
56.3016633333333	1015306217.14648
56.3332583333333	1047439072.90039
56.3649183333333	1135246717.23242
56.39622	1084998447.44727
56.4269816666667	1027963627.89063
56.458275	1041787494.00586
56.49122	1064303373.76367
56.5232566666667	1017274920.92773
56.5555683333333	1185282004.14648
56.586715	1183600487.00781
56.6185766666667	1228023879.29492
56.6511766666667	1132214034.97852
56.6841466666667	1107624629.27344
56.7151866666667	1201474630.76172
56.747435	1110907526.74414
56.77942	1081024960.85156
56.8114383333333	1083200054.04492
56.843405	1128468493.89844
56.87571	1213725141.8125
56.9076	1186432012.77539
56.9393916666667	1131188076.10156
56.9722583333333	1175018888.17578
57.004225	1246753932.33984
57.036415	1183078542.67773
57.06784	1234885398.20313
57.0989833333333	1202191481.36719
57.1308583333333	1207030239.11914
57.1635416666667	1159574422.37891
57.1939633333333	1187042281.1582
57.22509	1181584113.82617
57.2572083333333	1257670351.14063
57.2888	1176455824.84961
57.3202283333333	1172680226.86914
57.3528483333333	1240773487.06055
57.3846333333333	1180706424.01953
57.4170016666667	1212437475.32031
57.44801	1153094161.20313
57.479375	1190050304.32813
57.51136	1078179321.6875
57.5422633333333	1180597270.83594
57.573715	1171557784.19141
57.605295	1089491243.89844
57.6365083333333	998464478.353516
57.6684233333333	1021542205.12891
57.7005716666667	1129184829.59375
57.731815	1203353560.83789
57.7624316666667	1165086705.4707
57.7940266666667	1211685712.14063
57.8249016666667	1249825323.2168
57.855865	1229822380.67969
57.8872866666667	1271689247.25391
57.91922	1193899054.95508
57.950265	1291660591.41016
57.9815466666667	1181718538.81445
58.01361	1259799047.8418
58.044845	1275701200.05859
58.0757416666667	1199318876.12695
58.1069666666667	1075393001.20117
58.1384816666667	971206471.498047
58.17059	1073109135.93359
58.2028666666667	1031691834.24805
58.2347583333333	1055583965.22656
58.26616	1069197439.65625
58.298235	1145215204.7832
58.3283066666667	1254321472.05469
58.3589233333333	1228848186.36719
58.389575	1290878135.875
58.4204166666667	1451897551.60352
58.4511916666667	1286517047.45703
58.4808916666667	1420046913.92969
58.5125016666667	1410820661.25391
58.5436533333333	1249170320.83203
58.5763366666667	1184877952.38281
58.6075633333333	1183556588.51367
58.6401266666667	1363013040.71484
58.6722483333333	1250990474.625
58.70397	1245634245.51758
58.73596	1159291836.57031
58.7681216666667	1168254621.41016
58.8012183333333	1079872917.48438
58.833	1153652385.31836
58.86445	1066000758.13281
58.8955183333333	1188598148.23633
58.92657	1076306196.91797
58.9579166666667	1190877255.68555
58.9912533333333	1202590948.40625
59.0231183333333	1303741074.14844
59.0546783333333	1246493168.72852
59.0859416666667	1233697094.71875
59.1169716666667	1276353203.98438
59.1483366666667	1254870519.75977
59.178975	1353453114.08984
59.2094566666667	1254216211.17773
59.2422933333333	1545597094.66797
59.27332	1167176769.93164
59.3044633333333	1181439075.62695
59.335595	1130992253.68164
59.3664633333333	1270627104.68555
59.39855	1346280568.04297
59.4301616666667	1151776961.98438
59.4617733333333	1015539383.41992
59.4944816666667	1001807316.92578
59.5263533333333	908793191.980469
59.55816	936275862.996094
59.5904816666667	867986579.929688
59.6231416666667	855567290.591797
59.6552516666667	926300720.242188
59.6863233333333	869426579.222656
59.71819	899706567.892578
59.749315	907246894.6875
59.7809016666667	928087886.105469
59.8124583333333	1001256279.54883
59.843605	909624695.814453
59.8749083333333	1080043679.7207
59.9053116666667	1043497248.01953
59.9359883333333	1051859895.12695
59.967305	976390532.162109
59.9977566666667	992394537.375
60.0300716666667	1049126964.98438
60.0619533333333	1133387425.94922
60.092785	1203232852.83398
60.1245516666667	1090783417.5918
60.1554616666667	1276734918.23828
60.1866183333333	1298132812.08789
60.2176366666667	1338857696.77734
60.2495116666667	1307998918.24414
60.281635	1343512154.91602
60.3125833333333	1213305927.86133
60.3443466666667	1216326769.62109
60.37615	1142856919.21875
60.4094333333333	1184479639.9375
60.4412933333333	1076889701.11133
60.4735733333333	1076296505.45898
60.5054433333333	1133236799.20508
60.538185	1082565771.24609
60.5706116666667	1118109269.00977
60.6019083333333	1068153265.64453
60.63333	1022748958.15625
60.66446	1044511415.11523
60.6958783333333	1067404827.2793
60.7270516666667	1079267336.88477
60.7590616666667	1117901960.72266
60.7905816666667	1106143273.26172
60.8221616666667	1218963420.81836
60.8535366666667	1099955870.22656
60.8868466666667	1072652074.79688
60.9173183333333	1005214975.14258
60.9492183333333	1080636648.04102
60.9817616666667	1049837317.10547
61.0153066666667	1231111280.33398
61.0472583333333	916998756.083984
61.07964	1005665259.58594
61.1098916666667	1016943232.6582
61.14159	1131511538.69336
61.1725466666667	1086703168.67773
61.2032016666667	1055916364.7793
61.2338666666667	1014580232.44922
61.2657	1059341877.28906
61.2972083333333	1064622209.84766
61.3283533333333	1080504531.71289
61.3586283333333	1118053818.81445
61.3897333333333	1134132777.12305
61.4210133333333	1053524241.83008
61.45185	1099638983.26172
61.4832516666667	1252656952.49219
61.5139083333333	1259944379.41992
61.5447316666667	1232509946.88867
61.5761633333333	1185610281.72461
61.608055	1170163902.5332
61.6398416666667	1321029321.58398
61.6703733333333	1100593299.79688
61.702395	1124876280.46289
61.7338266666667	1112879720.19727
61.7646566666667	1225581735.89258
61.796665	1100888566.65625
61.8281433333333	1118700214.92969
61.86027	1195267204.92578
61.8930166666667	1148424365.10938
61.9260683333333	1073629258.13281
61.9565316666667	1036419550.08789
61.98871	1151017701.5
62.020155	1170852265.97266
62.0507933333333	1212085880.14648
62.0824466666667	1138566481.81055
62.113435	1182126527.08008
62.1461566666667	1196422506.84961
62.178395	1208558481.4043
62.2099683333333	1135556416.73633
62.2417583333333	1198070390.60938
62.2727066666667	1054078034.52539
62.3061466666667	1057301185.03516
62.337185	1123987900.69531
62.3692166666667	1087154795.94141
62.4010033333333	1087073272.99414
62.4328433333333	977413835.1875
62.4634816666667	1047737240.33984
62.4952816666667	1168953031.39258
62.5275783333333	1101112643.80859
62.5594633333333	1123694310.83008
62.5913666666667	1109829114.59766
62.6229266666667	1124201818.625
62.654965	1101372496.59961
62.6868716666667	1271279698.6582
62.7191183333333	1191480266.15039
62.7506916666667	1189706779.16602
62.78327	1110890997.88672
62.8147333333333	1128526540.85352
62.847515	1089304600.23242
62.8792633333333	1179851733.60547
62.9106333333333	1144735921.36133
62.94282	961998204.529297
62.97453	1121921396.83398
63.0060066666667	1129517610.70313
63.03679	1029555081.5918
63.0690033333333	998389276.152344
63.1013733333333	986942399.349609
63.1330483333333	967483651.322266
63.16476	966744987.126953
63.1971616666667	897653430.964844
63.2292	969949331.470703
63.260825	875840926.873047
63.29281	1007260744.15039
63.32482	998744606.199219
63.35695	1036837977.54688
63.387855	1158072792.18945
63.419995	1147418873.91211
63.4512466666667	1171492560.78906
63.4823266666667	999263233.648438
63.51314	1163732494.89453
63.5439883333333	1205901803.96094
63.5757733333333	1122048326.4375
63.60721	1290038446.24609
63.6387133333333	1138782123.78125
63.67112	1255901085.72266
63.7040416666667	1103994448.77539
63.736155	1196289613.57813
63.76831	1076572896.59961
63.8012633333333	1049675994.50781
63.8339416666667	1007932823.44922
63.86584	1287170412.76953
63.8974983333333	1332767876.30469
63.9292933333333	1148973533.30469
63.9613066666667	1151776083.67578
63.9944666666667	1125787770.66992
64.0283016666667	1196240895.86719
64.0608966666667	1084185688.99805
64.09128	1044393477.15234
64.1239416666667	1002983494.94727
64.15666	1127959598.99023
64.1877866666667	958678053.050781
64.2192666666667	1019289927.11914
64.2511833333333	1022650043.30859
64.28265	1050493428.39453
64.31332	1207800807.14648
64.3451433333333	1291677379.99414
64.3762466666667	1089598540.65234
64.4088366666667	1100612114.94922
64.4401083333333	1181207993.48438
64.4724033333333	1106937967.35938
64.50388	1172820377.5918
64.5345966666667	1152061832.89453
64.5669466666667	1138938336.43359
64.5988216666667	1112388042.69531
64.6299933333333	1210662014.17773
64.6615966666667	1253432272.2207
64.6928216666667	1272046979.45117
64.7238566666667	1184825467.99609
64.7555916666667	1261384485.23828
64.78647	1186065044.4043
64.8177433333333	1170045691.21289
64.8497233333333	1169748455.98633
64.88094	1168573587.14453
64.9134983333333	1155497397.91406
64.945955	1152861364.83008
64.9774283333333	1088642987.87109
65.0083433333333	1062789293.67188
65.03941	950778679.361328
65.072455	933509250.675781
65.1048966666667	1073085992.85547
65.13707	1087612379.88867
65.1686233333333	950586655.201172
65.200835	873287270.980469
65.234295	919569163.0625
65.26563	927574094.052734
65.2972916666667	956328121.216797
65.327495	941931808.25
65.358295	1019671014.0293
65.39111	1036421169.30469
65.4227216666667	1107515641.28125
65.4547416666667	1132757897.10742
65.4853816666667	1202604463.6543
65.5172066666667	1088648218.0918
65.5490466666667	1191062620.36719
65.5800933333333	1215541223.95313
65.612355	1171578990.69531
65.64311	1210908795.00977
65.6740883333333	1168344376.22852
65.7060183333333	1243389464.45508
65.73899	1347036723.62109
65.7711766666667	1065737412.75391
65.80251	1035489874.66992
65.835165	1170874111.75586
65.868195	1157339432.74023
65.9010566666667	1087938127.36914
65.9328216666667	893961717.763672
65.9665266666667	1000240152.01563
65.9990266666667	980282497.960938
66.0323466666667	1020574756.96094
66.0659133333333	893882269.738281
66.09832	940112546.714844
66.1305583333333	844867709.486328
66.1631366666667	974804436.697266
66.19467	1007748997.30469
66.2260766666667	924178284.039063
66.2591266666667	934900525.734375
66.2916633333333	1019702465.83594
66.3251566666667	939681048.367188
66.3571383333333	1245696276.85547
66.3902	1062394064.01953
66.4237866666667	992467658.017578
66.4553983333333	1041091934.43359
66.4869116666667	1044051934.55078
66.51977	1126910297.16406
66.5518866666667	1079116084.06055
66.5839533333333	1087892911.55273
66.616715	1152990533.49609
66.6482283333333	1207383085.48438
66.6793683333333	1149760396.53125
66.7111666666667	1079050840.00391
66.7431566666667	1138166841.30469
66.7760583333333	1065963379.85938
66.8100266666667	1102732068.86719
66.8434016666667	1002958152.07031
66.8763583333333	1025834471.29883
66.9090316666667	909093263.804688
66.9397233333333	878886682.070313
66.97199	932219556.251953
67.00455	906319436.042969
67.036425	952747861.576172
67.0677866666667	921002241.185547
67.099835	946436636.636719
67.1317766666667	873304001.712891
67.16358	810623146.09375
67.1969616666667	880287387.933594
67.228655	1013044259.48438
67.2613466666667	934626579.005859
67.2942133333333	892025937.087891
67.3269166666667	949436086.060547
67.3586066666667	976245619.605469
67.3908833333333	1159923414.08594
67.4233916666667	943379250.478516
67.456155	897264986.009766
67.4890316666667	955891316.447266
67.5221466666667	909756695.84375
67.5559166666667	847255266.064453
67.588575	854552228.361328
67.6213116666667	909192566.966797
67.6547166666667	840757570.642578
67.6866333333333	846729238.044922
67.7186666666667	852595087.810547
67.7510983333333	818376504.339844
67.7825783333333	784713754.688477
67.8136733333333	788083223.152344
67.84453	942687621.099609
67.8758916666667	940391179.273438
67.9073733333333	946807786.980469
67.9381166666667	994454172.494141
67.9701366666667	960081836.1875
68.001455	1028419997.59961
68.032565	1002336921.78125
68.0651483333333	1038626790.45898
68.0960866666667	967518338.380859
68.128765	903783664.736328
68.1621933333333	1060287720.125
68.1950666666667	933933811.835938
68.2275066666667	1113331944.72461
68.25979	921370868.015625
68.2914666666667	942480494.064453
68.3232583333333	926888441.314453
68.3556266666667	974688736.189453
68.38774	883833644.785156
68.421135	902877624.878906
68.4539716666667	914978667.121094
68.487405	816458361.5
68.5203433333333	1025955191.90234
68.5521066666667	934207111.246094
68.5839366666667	850932535.072266
68.6159166666667	892394382.035156
68.6491366666667	860459393.068359
68.68111	878534608.03125
68.71221	932339699.076172
68.7445033333333	845266412.470703
68.7757966666667	821322772.251953
68.8071483333333	839512196.904297
68.83881	794740753.808594
68.870425	793387468.232422
68.9029133333333	869426749.732422
68.934635	787892008.275391
68.9667883333333	931058334.667969
68.9982283333333	915763041.605469
69.0297516666667	994254980.683594
69.0603483333333	1012919863.74219
69.0914566666667	1209896142.58398
69.1230166666667	1081360825.30469
69.1530083333333	1200705710.22852
69.1843083333333	1421978119.07422
69.2153683333333	1181338864.69141
69.2466016666667	1147438104.33008
69.2783933333333	1310667034.11328
69.3102866666667	1237624372.44336
69.3417833333333	1170952830.87305
69.37435	1120577494.20313
69.4058533333333	1242180192.07422
69.43873	1192076873.86719
69.4708566666667	1149611827.90234
69.501705	1296395607.6582
69.5329533333333	1242494286.36523
69.5655666666667	1191969182.73047
69.5973983333333	1209311031.64648
69.6294433333333	1319344696.8418
69.660985	1077341934.30664
69.6936133333333	1083859902.85156
69.7267166666667	1030390069.70313
69.758975	1160045074.49219
69.79057	987684155.960938
69.8229016666667	1082319196.01758
69.8552283333333	1140112977.85742
69.88851	921395941.21875
69.920875	959939772.238281
69.953225	855332714.246094
69.9862233333333	950550362.421875
70.0179666666667	889650830.602539
70.05069	915417406.568359
70.08315	863972572.181641
70.11585	906991356.570313
70.1482683333333	864982067.260742
70.180945	942989812.591797
70.2134816666667	888346657.339844
70.2442466666667	948675475.357422
70.2764383333333	861246140.955078
70.3091483333333	812324729.458984
70.342325	899359043.044922
70.3744566666667	952842108.798828
70.4080566666667	860349028.154297
70.4405883333333	882571345.296875
70.4720266666667	875402548.649414
70.5050383333333	812190125.141602
70.5372766666667	919733433
70.5694133333333	786326425.175781
70.6014483333333	810033020.699219
70.6338933333333	730272255.916016
70.666165	753690359.978516
70.6991616666667	825156439.064453
70.7313083333333	843533561.410156
70.7653933333333	832842591.398438
70.7981233333333	739151623.418945
70.83145	736533625.260742
70.8628866666667	794813994.425781
70.8963466666667	787413269.173828
70.9286016666667	861765344.527344
70.9611183333333	759868317.291992
70.9964116666667	768985526.330078
71.0278866666667	824729937.359375
71.0612183333333	823809645.697266
71.0950716666667	849019885.794922
71.1280216666667	797926962.035156
71.159315	795771700.546875
71.19268	891232380.5
71.2253783333333	999800055.103516
71.2573616666667	1002014850.04297
71.2903333333333	1037749506.68164
71.3224316666667	1007427746.9043
71.3540933333333	999508863.398438
71.3871083333333	1059612274.98047
71.4210816666667	1055157453.33398
71.4521466666667	1084156090.02344
71.4842666666667	1006539378.06445
71.5166966666667	1076847060.42969
71.5487633333333	1153125809.0957
71.581985	1126781879.44922
71.6141183333333	1085354734.40625
71.6457133333333	1044652239.80078
71.6774733333333	1252507008.6543
71.70837	1286820828.04492
71.7390033333333	1084588465.57031
71.7718883333333	1079938233.06836
71.80481	1086033372.26953
71.8377333333333	937343077.984375
71.8725133333333	1049982787.81836
71.903295	1093067350.39258
71.9358516666667	1035255101.58008
71.9694366666667	1074007140.2793
72.001865	1178225963.88281
72.0340233333333	1068138376.79102
72.0650366666667	1089702134.3457
72.09828	1077938841.51172
72.131135	926945431.439453
72.1653733333333	884128518.507813
72.1995016666667	845737266.318359
72.2328416666667	789359416.500977
72.26615	757943691.011719
72.29812	666665688.848633
72.3304483333333	592556845.484375
72.3621466666667	572259059.513672
72.3944616666667	574529204.024414
72.42721	556211049.75293
72.4590333333333	558231735.216797
72.491255	575832710.424805
72.52378	623423789.269531
72.55519	680402200.325195
72.5864683333333	773026651.016602
72.61943	791064693.458984
72.6516316666667	792166424.273438
72.6837666666667	824225757.246094
72.7167866666667	814343283.873047
72.7481766666667	914587233.734375
72.7793183333333	794652965.916016
72.8118783333333	747753049.52832
72.8436333333333	720821816.833008
72.87562	733557216.912109
72.9078383333333	705057718.103516
72.9398116666667	675411214.350586
72.9719116666667	646509284.801758
73.0036633333333	626745230.007813
73.036175	642779655.155273
73.0680766666667	669909212.911133
73.1005083333333	737883742.09375
73.13234	657466156.161133
73.1637633333333	643333636.427734
73.19617	732401412.170898
73.2276233333333	692632033.379883
73.2607366666667	767527214.472656
73.2932983333333	856292553.058594
73.3256316666667	790088040.175781
73.35584	907520581.666016
73.3877033333333	1018958398.86523
73.41911	1036067013.85352
73.45003	888238829.609375
73.4817216666667	855803477.287109
73.5129683333333	840193854.513672
73.544395	938364881.591797
73.5744316666667	848588855.033203
73.605935	832825379.683594
73.63721	918676212.572266
73.6675183333333	804456319.613281
73.699125	801175611.320313
73.7312166666667	808790287.744141
73.76322	794538359.6875
73.79622	655507504.274414
73.8278533333333	769631169.655273
73.860495	830603611.464844
73.8917033333333	804091064.604492
73.9239016666667	831828503.335938
73.9557216666667	696289929.121094
73.98815	771134005.708008
74.020315	870833087.212891
74.053245	928910040.548828
74.0852033333333	969385234.945313
74.1160516666667	870286345.751953
74.1471183333333	808472937.976563
74.179005	802603129.231445
74.21081	860059422.898438
74.243045	822399308.47168
74.275265	922101190.414063
74.3067566666667	969761337.324219
74.3387216666667	886680657.166016
74.3693883333333	912671616.533203
74.4007233333333	939337627.861328
74.4310783333333	880201868.566406
74.46206	894405818.867188
74.4935466666667	981114977.318359
74.5246933333333	932699575.152344
74.5557483333333	941927600.494141
74.5862133333333	917848917.486328
74.6174066666667	986533403.111328
74.6488583333333	966792149.619141
74.6813733333333	1000677996.85938
74.7139583333333	974051378.863281
74.7454716666667	996956948.195313
74.7782733333333	1035806043.44922
74.809955	913149284.525391
74.8422883333333	905848932.558594
74.8740383333333	998265760.429688
74.90658	1081643037.29688
74.9380716666667	922952491.673828
74.96952	1027200721.13672
75.0009616666667	961430053.666016
75.03211	1105347321.64258
75.0640266666667	1023853886.60742
75.0951	1071769013.18555
75.126655	972110922.291016
75.1595666666667	898801609.785156
75.1920783333333	944833679.287109
75.22349	951169731.449219
75.2563183333333	955628322.435547
75.28697	898327392.572266
75.3189216666667	1027574057.42188
75.351955	1032051943.09766
75.384225	1028109106.37891
75.4158883333333	876966740.664063
75.447655	990890986.662109
75.4785366666667	916177736.194336
75.5093683333333	1059694710.84766
75.5401266666667	875376529.804688
75.570965	855193407.568359
75.6018866666667	847111295.0625
75.63336	879737298.827148
75.66545	870118038.029297
75.6981383333333	862606874.257813
75.7305783333333	877843143.900391
75.762795	850379075.496094
75.794705	774299787.110352
75.8259883333333	793219050.082031
75.856795	787624425.948242
75.8870733333333	775119472.420898
75.9175533333333	853817846.174805
75.9486483333333	937872551.401367
75.9797033333333	908616197.583984
76.0109216666667	942528206.984375
76.04216	1088259377.34375
76.0742833333333	1036023257.75586
76.1057216666667	910149196.978516
76.1384316666667	932572351.71875
76.1709166666667	870762839.443359
76.2043216666667	830359960.392578
76.23541	823153608.865234
76.268055	752702270.712891
76.3007733333333	787692499.262695
76.3318816666667	755426701.001953
76.36365	774434207.040039
76.3931916666667	874445250.867188
76.4239483333333	814389163.466797
76.45469	803910123.242188
76.48616	875065598.15625
76.51676	901338931.017578
76.5474633333333	978036717.072266
76.5783866666667	904535494.640625
76.6102183333333	932603138.390625
76.6426666666667	831249116.727539
76.67429	861333698.978516
76.7055016666667	800867069.166016
76.7372283333333	887639227.933594
76.76738	778737224.681641
76.7984066666667	906757567.566406
76.829075	795173184.396484
76.8602816666667	828872187.863281
76.8917416666667	802944890.4375
76.9225133333333	780298912.817383
76.9530516666667	812224716.263672
76.9849716666667	768918267.597656
77.0171216666667	727421314.213867
77.0488533333333	765442743.881836
77.0805183333333	768920249.802734
77.11102	683837321.75
77.1414733333333	711719611.491211
77.17249	744329417.661133
77.2039066666667	888403149.330078
77.2360916666667	845492500.671875
77.2676983333333	942043527.53125
77.2980766666667	847865498.259766
77.3290533333333	992911416.347656
77.35983	1113438097.70898
77.3923766666667	1120665137.88477
77.4238116666667	1202821320.9668
77.4552866666667	1138931128.17969
77.4866266666667	1115770669.55469
77.516875	1130737538.5957
77.5481233333333	1120455936.00195
77.5804833333333	1187785758.45508
77.6124016666667	1224739109.42188
77.6449916666667	1200728950.06836
77.6768416666667	1038063909.39648
77.709915	999571101.759766
77.7442133333333	1083504417.36133
77.7761983333333	964205739.248047
77.80805	852350082.542969
77.83985	754605441.431641
77.873325	761776545.301758
77.9051516666667	679571847.519531
77.937865	673864521.825195
77.971165	697134756.478516
78.00358	738960283.498047
78.0349966666667	818598047.972656
78.0665983333333	816867588.071289
78.098555	817638918.404297
78.1290483333333	796619791.826172
78.15999	954310021.705078
78.1913083333333	926373889.605469
78.2228433333333	1021672595.64453
78.2531416666667	989614962.949219
78.284895	1111070607.84375
78.3161433333333	1022411097.00195
78.3471816666667	1032108479.85547
78.37805	1070115008.58984
78.4104516666667	983212646.017578
78.4432183333333	883216411.9375
78.4743283333333	939765814.457031
78.50581	880076257.779297
78.5364166666667	754544319.299805
78.56778	790042565.744141
78.5984666666667	770445359.762695
78.6299633333333	670136197.397461
78.66227	683179846.87207
78.6946716666667	736522738.998047
78.7269516666667	793321261.574219
78.75905	802682094.641602
78.7918216666667	968914857.868164
78.8244816666667	934754727.12207
78.857505	1014160836.8457
78.8895183333333	1026484291.85547
78.92003	1145931525.02344
78.952735	1089355745.05859
78.98598	1127900243.91406
79.01842	941839702.417969
79.0513716666667	1141866622.96484
79.085625	893437731.988281
79.1192033333333	794889684.639648
79.1540383333333	749650031.326172
79.1866233333333	717302010.023438
79.2197566666667	704982505.120117
79.2521733333333	650745402.692383
79.283835	608969954.792969
79.3154166666667	539072780.068359
79.3473383333333	575454716.835938
79.3786566666667	518387527.305664
79.4108666666667	551036357.460938
79.4416666666667	532994868.867188
79.4733166666667	625554528.455078
79.5054716666667	650250104.116211
79.5368433333333	665960266.902344
79.56761	622538580.912109
79.599165	584680946.537109
79.6310533333333	524189203.84668
79.6641866666667	522450680.207031
79.6971733333333	550715511.647461
79.729455	563892884.214844
79.762705	554091805.429688
79.7952033333333	520481593.708008
79.8286016666667	610075419.022461
79.8607366666667	691056948.813477
79.8937733333333	695148825.770508
79.929685	794644132.766602
79.9620566666667	526572462.362305
79.995495	593703115.099609
80.0289616666667	509416349.958984
80.06247	548471411.469727
80.0979316666667	596313070.15332
80.1299833333333	527120983.498047
80.16303	479541197.62207
80.1962766666667	589059000.802734
80.22903	711727386.731445
80.2616616666667	655996413.291992
80.2942066666667	681402333.995117
80.3258033333333	560567887.701172
80.3578566666667	556591593.72168
80.3904433333333	482089993.322266
80.4233066666667	546927460.766602
80.4558683333333	449579131.444336
80.488045	492721794.104492
80.5196233333333	487131810.896484
80.5503166666667	459465209.145508
80.5826416666667	543521878.083984
80.6151916666667	519874723.612305
80.6469583333333	533656870.874023
80.678635	542758534.920898
80.71106	618393065.734375
80.7436616666667	671851559.875977
80.77697	713637885.904297
80.8094066666667	579700941.652344
80.8438266666667	504660588.8125
80.8775933333333	473577845.84082
80.910625	456309657.72168
80.944065	392849297.070801
80.9789016666667	414109369.878906
81.0116966666667	524543315.75293
81.04473	370920558.126465
81.0783183333333	389916980.205566
81.1117033333333	376112411.441406
81.1459283333333	343733820.883789
81.1804216666667	344726290.891113
81.2128683333333	365093829.041016
81.2457416666667	403266697.996582
81.2780666666667	339063601.882813
81.3116283333333	353111604.130859
81.344805	409646660.792969
81.3787816666667	442539357.841797
81.4139316666667	394981585.003418
81.4482516666667	381813138.63623
81.48411	345640351.6875
81.5168533333333	321243053.914063
81.5505033333333	295820351.387207
81.5837183333333	283981620.748047
81.6195116666667	320169959.918457
81.6532466666667	265401606.72168
81.688695	260111428.629883
81.7228383333333	283480810.250488
81.756735	249819046.823242
81.7907916666667	300070305.249023
81.8234266666667	301791634.038574
81.8578566666667	335915062.977539
81.89246	383627820.195313
81.9264066666667	357992392.022461
81.9574216666667	384050048.150879
81.9895166666667	366651476.329102
82.0218333333333	320076764.386719
82.0552783333333	324813010.29541
82.0886016666667	288321318.143066
82.121695	277897720.48584
82.1551433333333	266354807.716309
82.189075	335318257.218262
82.2224033333333	406116856.36377
82.2564233333333	379568019.806152
82.2904616666667	353751119.003418
82.325085	361875183.012207
82.35812	343774719.005371
82.3911366666667	329187372.099609
82.42543	342445734.540527
82.457615	275012304.823242
82.4928133333333	238525204.673828
82.529285	234398922.177246
82.5640266666667	220676365.740234
82.599435	234480880.955566
82.6347483333333	251292721.099609
82.66891	269794231.622559
82.703115	235613270.375
82.7378066666667	281070155.51416
82.7709483333333	244909939.475098
82.8051183333333	246551911.945801
82.8381633333333	200252568.164795
82.8725066666667	225847924.944336
82.907935	224660693.775635
82.9426516666667	211232369.793457
82.9776933333333	262272943.576172
83.0125333333333	245418320.380371
83.0490583333333	262999166.401855
83.0842333333333	312082067.504883
83.11808	310269858.139648
83.1531666666667	272313040.223633
83.1883033333333	280445414.049805
83.22168	239185467.191406
83.2582566666667	184627019.431396
83.2988783333333	177942202.399902
83.3335983333333	174098949.606934
83.369385	165038248.011719
83.4015083333333	163728982.796875
83.4342	195119239.491943
83.4700066666667	185738341.156006
83.5061566666667	183101707.409668
83.5404883333333	171955427.967773
83.5779866666667	181882378.384521
83.6129733333333	190136048.862061
83.6479216666667	177941484.699463
83.6818066666667	165848465.511963
83.716005	208294356.431152
83.750155	169626043.268799
83.7862283333333	153348260.85376
83.8243716666667	119316285.744629
83.8638866666667	143950848.79834
83.8981433333333	142737034.495117
83.9349033333333	136660133.001953
83.9688683333333	135887093.914795
84.0058183333333	133690817.470703
84.042845	129527695.554199
84.07648	130982538.894043
84.1125583333333	130830422.611572
84.1491033333333	140577390.724609
84.186525	149798993.549316
84.226285	146511066.260742
84.2645833333333	146207143.091797
84.3018233333333	114261474.542236
84.341425	104342588.986328
84.37994	113704403.724854
84.4196083333333	100951637.062256
84.4574366666667	84635233.4152832
84.494155	106875963.418701
84.5309883333333	127601094.278076
84.5671816666667	118209477.875977
84.6012816666667	146212047.17334
84.63659	154782046.449951
84.6726116666667	135649066.290039
84.7105916666667	164060396.996582
84.7449716666667	192584410.940918
84.7795816666667	151222520.012695
84.81519	181087929.020996
84.8517433333333	190533891.186768
84.8886083333333	211998774.302734
84.9237683333333	221463038.79541
84.962495	158753385.413086
84.99754	144321328.419434
85.0327983333333	129719642.126465
85.0706333333333	116698676.582275
85.10939	116550796.193359
85.1466516666667	112568768.768799
85.1864183333333	104008737.874756
85.2229	103253915.364502
85.2621833333333	114116117.218994
85.2992366666667	118566131.452393
85.3388633333333	133985833.934082
85.3719683333333	159308567.397217
85.40691	132960487.340576
85.4417033333333	134883284.773682
85.4804033333333	108892138.577393
85.5212016666667	108888343.067871
85.5605533333333	110725365.684814
85.5985333333333	107245203.688477
85.6347983333333	82596600.6184082
85.6767766666667	76526212.045166
85.7152983333333	73394532.8797607
85.754565	84302483.6994629
85.7903116666667	74318612.2528076
85.8314383333333	76778073.135498
85.8674316666667	83617934.4594727
85.9053216666667	93806014.8208008
85.943555	85951835.6018066
85.98491	75693784.6641846
86.0245983333333	103133924.449463
86.0660466666667	107325244.807373
86.1046116666667	104575677.328125
86.1454316666667	115236953.181885
86.1851033333333	126217703.835205
86.2288766666667	89396419.4763184
86.268905	74473194.1379395
86.31108	78930268.6606445
86.3509283333333	71873901.4661865
86.389395	75043848.6364746
86.4268033333333	99282067.3327637
86.468245	81768125.5244141
86.509305	91773851.708252
86.548895	93781412.4702148
86.5926066666667	97188140.0637207
86.63125	75038822.7805176
86.6694133333333	86377377.9692383
86.7098133333333	91722059.6254883
86.747975	111105159.543213
86.788335	79903084.0145264
86.8287183333333	88791671.2731934
86.8695316666667	85242253.1429443
86.910785	87785844.0922852
86.951125	96207738.2941895
86.99077	71541411.9239502
87.0334933333333	72316434.8861084
87.07106	69204994.2624512
87.1130033333333	55290235.2626953
87.15706	61849917.1397705
87.1972316666667	61428455.2950439
87.2411216666667	67467589.869873
87.2833083333333	60818805.3447266
87.3258116666667	68736642.5618896
87.3665516666667	58021161.822998
87.4069083333333	52781794.5087891
87.4488616666667	52966148.1191406
87.4941666666667	56509191.7618408
87.5364466666667	54521489.8170166
87.5784966666667	64930962.9061279
87.6211183333333	48804500.4425049
87.6660966666667	44628565.4155273
87.7089283333333	52056477.8217773
87.753535	49066893.2852783
87.7968	49893221.8288574
87.8362783333333	46651255.3421631
87.8801283333333	44821667.8336182
87.9239183333333	45812907.3560791
87.9678583333333	38041980.7337646
88.013375	44258133.6494141
88.059145	46842761.7459717
88.1039116666667	65172444.1716309
88.1449016666667	56614254.5952148
88.1874883333333	58139077.4449463
88.2303583333333	52142850.5911865
88.27368	47228981.9956055
88.319765	57227159.3953857
88.3655383333333	43171406.0058594
88.4077266666667	60020582.8927002
88.448385	43892276.2320557
88.491085	52147408.46521
88.5363216666667	65149311.7940674
88.575575	55190430.0041504
88.6169483333333	53878488.0837402
88.6578116666667	46773589.0002441
88.7032683333333	51934626.8601074
88.742065	52354356.4698486
88.7881983333333	44448628.6860352
88.8333533333333	51767084.2755127
88.8731483333333	46418225.3319092
88.9159533333333	53909274.3575439
88.960995	45785226.5430908
89.00413	49752038.1755371
89.049865	57854039.1928711
89.092205	71260652.4770508
89.1355433333333	104587105.20752
89.1777116666667	101546823.688965
89.2167683333333	99768663.7944336
89.2614933333333	108347133.860229
89.3027266666667	83264132.5410156
89.3444233333333	77361239.7467041
89.3866266666667	58646330.2416992
89.4282883333333	65320752.9400635
89.4702333333333	42632701.7558594
89.5146816666667	51592052.390625
89.55882	54920175.2321777
89.5990116666667	42293783.1680908
89.6430216666667	42681055.5537109
89.6879866666667	39706600.1744385
89.7333516666667	36098333.489624
89.7776683333333	41833509.1385498
89.82186	41831107.8095703
89.8667366666667	43225705.501709
89.9090083333333	43591841.6052856
89.9528283333333	46932677.8570557
89.9974183333333	49754928.697876
90.040895	48768894.3453369
90.08615	46682190.5394287
90.1328133333333	42783728.0697021
90.1771733333333	60269961.1491699
90.223755	41643985.260498
90.26821	35847901.5814209
90.31209	37588959.913208
90.3577	38105453.0610962
90.4032733333333	44176607.6090088
90.445375	34500692.2380981
90.489045	29751835.4541016
90.533645	34902923.4824829
90.5784916666667	37764737.1702271
90.620815	32657251.965332
90.6672366666667	34799378.8422852
90.7138	37183483.4451904
90.7596033333333	35458637.4000244
90.8050183333333	32105695.3594971
90.8493883333333	35381284.2050171
90.8957066666667	40912343.1964722
90.9394166666667	30232052.480896
90.9856516666667	40460670.2980957
91.0311783333333	34552825.7709961
91.0749433333333	32106636.4554443
91.1187216666667	30842117.7363281
91.165025	35675690.0968018
91.2091566666667	34408717.0259399
91.2565833333333	50721638.4359131
91.2993216666667	38750470.8798218
91.343295	32968912.114563
91.3888183333333	32718983.4539185
91.4335033333333	28633557.1612549
91.4773016666667	30473304.1016846
91.523085	31911092.1637573
91.5681266666667	28754087.1694336
91.6139416666667	29452987.8652344
91.6592716666667	35337922.5200806
91.7054033333333	29390462.4663696
91.7505383333333	35523400.6575317
91.7968333333333	35923247.6337891
91.8420183333333	42128542.1803589
91.8889566666667	51452631.1778564
91.9345566666667	61415675.3000488
91.9791383333333	62757602.3604736
92.0236	45870439.9681396
92.067675	41188990.9417114
92.11174	35091102.5588379
92.1566433333333	41039418.1022949
92.2022233333333	30811327.1748047
92.247805	29730742.8602905
92.29526	28031193.5728149
92.3425083333333	33305239.8638916
92.387525	24472060.0560303
92.4340083333333	23636328.8618164
92.4802583333333	26230499.3016968
92.5250766666667	27683283.0367432
92.5701733333333	32585909.805542
92.6156116666667	24698150.7731934
92.662255	27396371.9872437
92.7064966666667	26422963.3029175
92.7532433333333	29209946.4014282
92.8001383333333	29147358.557251
92.84704	37798634.2657471
92.8907466666667	45928411.8339844
92.9371833333333	33401370.8088379
92.9832283333333	36359998.2133789
93.0265833333333	33823173.6538086
93.0717916666667	33771914.4721069
93.116105	36476530.0029297
93.16074	33264760.5391235
93.206485	27027147.3774414
93.2538183333333	29898563.177124
93.2967333333333	25910066.0717163
93.3431483333333	20890001.7998657
93.38965	28905559.6221924
93.4349483333333	22800261.3994751
93.4808916666667	21907323.083252
93.5267433333333	22700505.0124512
93.573035	23087664.6054688
93.6192816666667	24428102.7445068
93.6649816666667	24292197.125
93.7116233333333	20552937.5735474
93.7574216666667	23046412.8729858
93.80406	21285058.4022217
93.8497783333333	31283299.0671997
93.8973283333333	27800447.0779419
93.9434733333333	25038906.6917114
93.9895683333333	29959612.1043091
94.033575	28517673.5856934
94.0786116666667	34143206.6804199
94.12076	29153974.1612549
94.16425	35414125.3322754
94.2090666666667	33221785.6734619
94.2541183333333	36291626.7371826
94.30006	29566014.3461304
94.3447833333333	32704879.7371826
94.39156	30161944.5921021
94.43826	27750474.0604858
94.4821066666667	31561133.1084595
94.5281666666667	32282938.8739014
94.5742883333333	32133062.2282715
94.6198583333333	27455996.2383423
94.663295	29235880.0292358
94.7075916666667	34230972.6843262
94.7531183333333	29963906.5531006
94.7986866666667	30754330.9214478
94.8442433333333	32648488.4568481
94.8872433333333	31258064.4011841
94.93332	27450272.1177368
94.9773916666667	26640417.5366211
95.02252	30980185.9611206
95.0672716666667	31668495.0574341
95.1117916666667	33125132.7452393
95.153965	27017217.9593506
95.1989183333333	33119523.0446777
95.24383	29224275.7716064
95.289215	25962056.0657959
95.33437	26845121.4898071
95.3797033333333	28057932.9639893
95.4251583333333	26678796.1409912
95.4711133333333	25481414.5018921
95.515025	26814774.4909058
95.5593216666667	24901247.7801514
95.6047566666667	28544582.0236206
95.650035	23609784.3356934
95.6933933333333	24346883.8743286
95.7389383333333	23520995.9831543
95.7845933333333	28739414.4443359
95.8288116666667	24245998.4692993
95.8736083333333	25419500.0448608
95.91839	22754339.0081787
95.96319	21614440.0861206
96.0082866666667	21993245.4597778
96.0536416666667	23060636.8013916
96.0991983333333	20814232.6326904
96.1445333333333	22113272.3268433
96.1873783333333	19049644.6548767
96.233415	19786596.0558777
96.2780833333333	19275522.7789307
96.32332	19739196.1529236
96.3677916666667	18827050.6940002
96.4130216666667	19050039.7890625
96.4580033333333	16343914.5873718
96.503755	17494184.2001038
96.547375	22319863.6999512
96.5921216666667	18994378.0879211
96.6368166666667	16422068.2318115
96.6818683333333	19169697.8569336
96.726235	16205177.5443726
96.77089	16608659.2051086
96.8152566666667	15701327.9784546
96.8602183333333	18317035.3610229
96.9052116666667	16408833.7308655
96.949775	14385095.9539795
96.9945383333333	17027774.4140015
97.0396566666667	13768368.381958
97.0843766666667	13741047.4829712
97.1288183333333	13041075.3344727
97.1736116666667	14199354.2011719
97.217865	13599748.014801
97.26249	12178538.1354675
97.3074783333333	11398569.9658813
97.352205	13476766.4780579
97.39705	10332750.9637146
97.44132	8972274.70428467
97.4861683333333	9099140.68014526
97.53127	11474827.0905457
97.5764866666667	7321543.40170288
97.620935	9466087.85900879
97.6657183333333	7591414.53186035
97.71092	6617082.80699158
97.7556033333333	7276682.01422119
97.799955	6762082.00170898
97.8450066666667	5872479.82035828
97.889855	6067284.00370789
97.9344383333333	5855418.72746277
97.979655	5630857.76435852
98.0247666666667	5324256.17022705
98.0690316666667	5145436.6656189
98.1142316666667	5517563.31768799
98.159455	4663518.60661316
98.2038216666667	4604384.57130432
98.2486633333333	5591526.76960754
98.2939066666667	4832993.10240173
98.33819	4349422.84741211
98.3827216666667	4607837.55433655
98.4280616666667	3836376.70231628
98.472235	4539561.01483154
98.51769	4350811.48001099
98.5631966666667	4558634.00874329
98.607175	4032140.29618835
98.6520166666667	3779214.51521301
98.6970016666667	3763601.13305664
98.7419083333333	3902506.67492676
98.7866116666667	2965977.13844299
98.8311666666667	3406780.97080994
98.8757583333333	3323590.67196655
98.92085	3135727.14811707
98.9653633333333	2748033.5798645
99.0100733333333	2988474.29515076
99.0548233333333	3167107.13249207
99.0995466666667	2764469.00917053
99.1440066666667	2657600.11753845
99.1890483333333	2776197.3421936
99.2337633333333	3325239.23831177
99.278615	2341093.41824341
99.323715	2531178.85369873
99.368395	2703477.52082825
99.4139533333333	2192915.45469666
99.4579916666667	2127109.03340149
