RetentionTime	Intensity
0.00343333333333333	5571476.31533813
0.0445116666666667	5074585.48971558
0.088415	3880770.26017761
0.132681666666667	3549425.87001038
0.177088333333333	3612603.42807007
0.221726666666667	3242727.86233521
0.266623333333333	3165361.69433594
0.310976666666667	2720426.95433044
0.354001666666667	1733976.86105347
0.397578333333333	1007140.83591461
0.441371666666667	734122.64364624
0.485331666666667	620730.709510803
0.529455	754646.856887817
0.574335	713276.477828979
0.618473333333333	885002.456459045
0.663333333333333	1175786.41584778
0.707986666666667	4336641.13192749
0.752158333333333	118081212.646973
0.778165	1077072859.67578
0.80322	1768768617.03516
0.82807	1760967072.16797
0.854531666666667	1535478080.06641
0.88022	1760977954.96875
0.907928333333333	2034739550.53125
0.933865	2314014449.36328
0.96086	2351533821.84766
0.986161666666667	2422397506.90625
1.01270166666667	2610489544.85156
1.03957833333333	2641273647.69141
1.06769166666667	2704127711.97656
1.095735	2538821682.92969
1.12128333333333	2382015390.65234
1.1486	2464469177.67969
1.17595333333333	2535164472.63672
1.20420666666667	2713149118.17188
1.23255666666667	2720891127.28125
1.259335	2839516851.76563
1.28648833333333	2664881517.57813
1.314315	2776517927.20703
1.34208166666667	2875050287.06641
1.36905	2896895799.30859
1.39663666666667	2826705880.72656
1.42473166666667	3128802114.17188
1.45447833333333	3126910781.83203
1.48431833333333	3207902374.86328
1.51464	3252475502.71094
1.542955	3128131509.08594
1.57240333333333	3040707141.39844
1.603355	2857531549.40625
1.63447833333333	2745771603.75
1.66439166666667	2560483835.01563
1.69427	2510350035.92969
1.72655166666667	2598309113.30469
1.75743666666667	2577276790.34766
1.78712333333333	2663600792.28125
1.81470333333333	2498539467.49219
1.84331666666667	2500336354.52734
1.87197333333333	2511349457.28125
1.900365	2362660040.24219
1.93030166666667	2388407133.80078
1.95955166666667	2258692984.86719
1.989015	2395447349.19141
2.01860666666667	2264081964.29297
2.04794833333333	2164312011.25391
2.07623	2101219944.64453
2.10534166666667	2125499604.57422
2.13416	2195333416.86719
2.16338166666667	2059582648.55469
2.19349833333333	2140506145.08594
2.22215	2023300152.36719
2.25256	1958750838.3125
2.28444166666667	1950133829.24609
2.31526	1934064991.32422
2.345955	1916831940.16016
2.37588166666667	2033657472.09766
2.40544833333333	1995314140.70703
2.4341	1765286481.95703
2.46359166666667	1871455248.43359
2.493185	1979071339.47656
2.521905	1859807957.58203
2.55295	1806591638.67578
2.583335	1686710715.25781
2.61380166666667	1929633995.17188
2.64468166666667	2244984371.53516
2.67558666666667	1780505915.23438
2.70636833333333	1655160772.00391
2.73654	1591899863.87109
2.770435	1554228715.80859
2.80277833333333	1443559563.48828
2.83497833333333	1365619985.11914
2.86650833333333	1392857876.33203
2.89856333333333	1514881606.44922
2.92902166666667	1309609469.72852
2.96283	1266875744.4668
2.995065	1103242077.30664
3.026895	1208791405.41211
3.05577166666667	1162423623.2832
3.08556	1081597211.17188
3.11717333333333	1070315194.56641
3.14747333333333	1062271539.59961
3.17966333333333	1078094086.83398
3.21105833333333	945134811.230469
3.24455666666667	836275582.558594
3.27773666666667	864530020.072266
3.30872333333333	728010350.865234
3.34228166666667	780638642.632813
3.37618166666667	690027478.008789
3.41072666666667	754527302.823242
3.44381166666667	643393362.883789
3.47487333333333	732279196.923828
3.50796	663862724.056641
3.53906166666667	606793189.395508
3.57239833333333	550169974.828125
3.605855	593501774.484375
3.63926333333333	594031230.074219
3.67305666666667	534624529.821289
3.70809833333333	553804342.769531
3.74414	584771751.833984
3.77793	543049647.071289
3.815895	501061137.661133
3.84692	466059848.729492
3.87587333333333	485322196.264648
3.91047166666667	498277209.986328
3.94410166666667	413267037.242188
3.97919833333333	415040429.384766
4.01324666666667	405666985.980957
4.0464	441218904.316406
4.07929	433776032.27832
4.11199833333333	365623058.662109
4.14560333333333	328008528.430176
4.18478666666667	319669306.648438
4.21967833333333	317536009.725586
4.25757166666667	306839774.031738
4.28916	340906509.356934
4.32116333333333	340945563.32373
4.35474166666667	340145825.325195
4.390825	286438722.624023
4.42583833333333	319026915.088867
4.46120833333333	354608675.192871
4.49577833333333	284890475.072266
4.53569333333333	265650757.010254
4.57310166666667	293933010.147949
4.60672833333333	269504078.236816
4.642525	217010839.884766
4.67850833333333	194043857.768555
4.71907666666667	227121828.336426
4.75244166666667	175676422.362549
4.79593833333333	227980523.833008
4.82699666666667	189207127.157959
4.86206666666667	224082336.220215
4.895815	195381319.753906
4.93315833333333	189240433.145996
4.97325333333333	182004348.346924
5.0114	197489212.316406
5.046795	162462365.64917
5.08547166666667	177781133.989258
5.12095666666667	154965647.125732
5.15767	149448057.26709
5.18925166666667	178353169.760986
5.22741333333333	139180938.814209
5.269715	129187775.551758
5.30322833333333	162257674.87793
5.33944166666667	140144448.940186
5.37907666666667	123678066.834229
5.41865	109182872.907715
5.45965	143275205.401855
5.498685	138855026.196045
5.53945	122275326.719238
5.577025	116340460.299072
5.6184	144843570.412109
5.65050333333333	133341388.085938
5.69671833333333	128091409.463135
5.73050666666667	115604538.25415
5.76941833333333	120608852.448486
5.81059666666667	113575936.348877
5.84977833333333	110663323.249756
5.88967166666667	108907855.266846
5.92614666666667	98281505.1363525
5.96895	99049548.8258057
6.00982166666667	106203162.27417
6.04654166666667	77453118.0944824
6.08460833333333	105952066.126221
6.12605333333333	106152996.6875
6.16656833333333	104402227.966309
6.19790666666667	112538024.010498
6.240035	117777100.634033
6.27477166666667	105289312.925049
6.31784666666667	105385638.465088
6.3507	92422653.2526855
6.391325	112453802.127686
6.43001666666667	102029065.546387
6.4671	94850633.5637207
6.51348166666667	109278891.750977
6.54693333333333	119640545.031006
6.59235333333333	97662787.7741699
6.62305	127128499.963623
6.66274333333333	112154133.833008
6.69520333333333	113173969.562012
6.73658833333333	110623843.865479
6.773605	132950567.782959
6.811895	112214823.125488
6.851645	92609434.9864502
6.89076	97823424.8442383
6.9321	96789108.2608643
6.97184333333333	121493517.213623
7.00874166666667	95213690.3635254
7.05065	130344380.837402
7.088745	119823363.014893
7.12218333333333	130459649.556152
7.160875	116778667.411377
7.20090666666667	119488156.503906
7.237275	115887240.291748
7.27297333333333	112991796.792969
7.312725	117922445.827393
7.35203	102895361.974854
7.38982	102618039.87793
7.42952	111678003.702393
7.46943166666667	117048769.406006
7.50874333333333	104861294.4375
7.55222666666667	116442131.938721
7.58908166666667	127031103.311768
7.63029	112534499.74707
7.66161	120277447.473145
7.69988166666667	108527155.124512
7.733875	141506006.326904
7.77378166666667	108763717.657227
7.81170166666667	96135515.6868896
7.85291833333333	125733316.458008
7.888365	121805773.7229
7.92532	112472679.949707
7.96486333333333	127036298.642334
8.0058	106227038.459473
8.04090166666667	117949885.658203
8.07869333333333	109810217.487305
8.11767166666667	119849543.371582
8.15509833333333	124665777.931396
8.19345833333333	126587655.203125
8.233665	106587445.647461
8.27245166666667	138866439.30835
8.31020666666667	105390928.171875
8.34862166666667	86332851.4404297
8.389125	130844740.296143
8.43232666666667	110299881.767578
8.470775	123984482.776367
8.50977333333333	113575759.661377
8.54624	96706802.3138428
8.58848	102661938.684082
8.62680333333333	99706595.3288574
8.66675	104758911.939941
8.70386833333333	100289051.551758
8.74389333333333	102269401.223511
8.77608333333333	102144732.925049
8.81690333333333	106368644.858154
8.85786166666667	81402584.1879883
8.90236	97979330.1175537
8.93347166666667	90098767.8023682
8.97330333333333	98697182.2645264
9.00900666666667	123104512.875244
9.04869833333333	125168952.25415
9.08435333333333	100332946.994629
9.12277333333333	103649057.003174
9.162875	104147095.672119
9.20075833333333	114124105.122803
9.23903833333333	93307462.2033691
9.28329666666667	123479740.353516
9.31654666666667	103746931.658203
9.358705	88001479.5505371
9.39222666666667	128094371.346436
9.43362166666667	77713323.3238525
9.47437833333333	90864164.5998535
9.513495	108764197.324219
9.55295666666667	112768927.432373
9.590585	107280041.728027
9.63019333333333	94463367.0437012
9.66882	94513438.4140625
9.70811	82842100.6988525
9.74598666666667	95009538.9355469
9.78408166666667	93563340.5778809
9.82214666666667	101109418.963867
9.86545666666667	87487225.7017822
9.90670333333333	87053918.5083008
9.94787333333333	108671578.727539
9.97894833333333	97283923.3466797
10.02396	86544477.6102295
10.0534933333333	95001850.1295166
10.09522	95612667.6315918
10.126615	93335593.0412598
10.1713166666667	91631395.8348389
10.2130633333333	95710114.1955566
10.2466766666667	69394774.9472656
10.2929783333333	88794884.3503418
10.3300666666667	89737281.3083496
10.368525	85073022.137085
10.40689	88178502.1812744
10.4439266666667	95318834.7792969
10.4828933333333	89587449.69104
10.5236883333333	104250317.195557
10.5637466666667	104047153.775635
10.6045566666667	95664244.4488525
10.6470216666667	90335911.5748291
10.6841633333333	88905093.9318848
10.722795	98649121.3618164
10.7590966666667	96367733.8208008
10.7953966666667	86514958.3251953
10.8371366666667	93938476.2962646
10.878075	96719889.6043701
10.9192883333333	96988671.5539551
10.9588366666667	87624480.9866943
10.99266	90296957.0788574
11.0346066666667	73593531.1617432
11.0704033333333	73795465.4239502
11.1125883333333	90588036.9002686
11.14838	103192336.201416
11.1919316666667	107412365.972656
11.2310283333333	88376175.1975098
11.269095	91256546.9957275
11.3121666666667	90875124.9158936
11.3514666666667	88364386.8054199
11.3926983333333	104403485.193359
11.4310333333333	90755257.5108643
11.469085	102546777.260742
11.5087716666667	92423248.0040283
11.5462433333333	95787512.3337402
11.5886866666667	109373320.145508
11.6289283333333	97156182.9228516
11.6700883333333	81487715.3747559
11.7091766666667	96543650.420166
11.747265	109431872.427246
11.7826116666667	74059621.1210938
11.8211783333333	83285051.6618652
11.8613516666667	94796515.0025635
11.9008783333333	94368468.369873
11.9386166666667	107396955.96582
11.9756566666667	107052150.646729
12.01255	105661331.105713
12.0496666666667	92195265.0297852
12.0840966666667	116157434.648438
12.1276883333333	104801475.705811
12.16424	114070302.95874
12.2061433333333	89465278.2880859
12.2475416666667	111191769.441162
12.287075	114103593.690918
12.3248066666667	92015933.085083
12.3647566666667	101915826.430664
12.4052033333333	108274291.247559
12.4464066666667	98009426.1967773
12.4860433333333	120692425.151367
12.5208	102200399.327637
12.5579	96218651.6491699
12.5990583333333	97021192.8007813
12.6416716666667	106713941.927246
12.682865	104602157.346436
12.71932	78686559.5975342
12.7596516666667	107740591.462646
12.8017366666667	103342022.112793
12.8389483333333	102327596.598389
12.8746366666667	117030068.491211
12.9170666666667	91579340.3598633
12.9555916666667	89228813.095459
12.99456	94351683.0783691
13.03338	127303404.322754
13.069985	94141911.6398926
13.1058766666667	96490979.2900391
13.1488583333333	101347045.340942
13.1879766666667	109310347.928223
13.22827	97506012.0274658
13.2680216666667	109074595.926758
13.3069566666667	114285242.625
13.345455	99439222.394043
13.390645	85088986.9881592
13.4317616666667	113249298.011719
13.4717316666667	96487657.4638672
13.5099083333333	109415319.195801
13.5475833333333	110844403.551514
13.5886366666667	113560576.29541
13.6294216666667	98852707.3475342
13.6709966666667	108244049.638672
13.71213	130367341.669678
13.7456616666667	103863642.989746
13.78235	98641531.3210449
13.82364	125188070.12085
13.8608033333333	123723657.253174
13.9020433333333	110397792.069824
13.9424383333333	128403763.853027
13.977605	109398765.419434
14.0128	126683465.07373
14.0466133333333	116925615.604248
14.0856083333333	122547940.393799
14.1212033333333	86112878.7038574
14.16499	113516684.597656
14.2044666666667	117003407.220215
14.2438033333333	124076996.597168
14.2825483333333	120777320.084717
14.3227233333333	131057316.258301
14.3628083333333	125417159.391846
14.4032216666667	132936862.477539
14.4403533333333	131319904.74707
14.4813766666667	114265119.577393
14.5205966666667	113117116.929443
14.5582383333333	130410224.455322
14.59352	124232509.59375
14.6415083333333	121346812.467773
14.6714583333333	123177524.082764
14.7149883333333	98403262.2976074
14.7558083333333	123938778.178711
14.78714	147700899.779785
14.825515	112591797.875977
14.8668766666667	111101339.977051
14.9040483333333	113777004.672852
14.945045	104507461.385864
14.9802816666667	125187057.268799
15.0194983333333	118612729.543457
15.0488883333333	119308658.517578
15.0882583333333	110139755.673096
15.1270316666667	117694003.507324
15.1647316666667	123884989.313232
15.2050166666667	115707214.514893
15.24513	137622365.61792
15.2851416666667	119492785.914063
15.32447	114704866.312256
15.367045	125676213.756104
15.4072866666667	156584715.775391
15.444385	141455204.206055
15.4810583333333	136472459.155518
15.5211633333333	126498129.333496
15.559125	130209470.560547
15.596515	137279050.812012
15.6347	111688786.210693
15.6760233333333	117961452.240479
15.7110283333333	155117358.562988
15.7512066666667	142403879.32373
15.7911416666667	151114715.181152
15.8267933333333	107429479.327881
15.864975	132229558.488281
15.904865	158885593.230713
15.9429833333333	161051110.078857
15.979095	116904569.909668
16.0120233333333	134161935.271973
16.0497833333333	132899704.670898
16.0838133333333	176776877.960449
16.1207033333333	149640528.190918
16.15689	145650276.355957
16.19178	149643259.996826
16.22857	170895786.554199
16.2653916666667	147494929.193604
16.3037	153653196.429443
16.3392116666667	152543338.01416
16.3771716666667	137590073.604492
16.417735	158648888.762207
16.4556166666667	154386164.802734
16.491355	162265427.307129
16.529585	176175097.644531
16.57332	132288089.905518
16.6101116666667	148953054.749023
16.644825	194508140.556152
16.6841366666667	171000765.628662
16.7279066666667	163577602.915771
16.7611133333333	160850265.311523
16.7968933333333	154057788.150391
16.8390366666667	136516459.142334
16.8699483333333	155081420.361328
16.90983	153507706.199463
16.9494216666667	181409330.755371
16.988615	175996389.567871
17.0170816666667	153560246.83667
17.0603133333333	179100273.238525
17.0905533333333	182131233.763672
17.12841	175728068.800781
17.1680016666667	165798445.631104
17.19707	179740398.001709
17.2333433333333	201589751.317871
17.2692833333333	132700406.739502
17.3060933333333	154263090.695801
17.3427133333333	173236668.461914
17.3794716666667	173523840.047119
17.4166333333333	180314639.166016
17.45543	156147416.1521
17.49283	193717964.794189
17.5299766666667	164626304.652588
17.5657683333333	133063995.069824
17.60643	155790881.925049
17.6442416666667	193902038.610596
17.68193	159066507.57251
17.7205816666667	165192988.795898
17.7637583333333	159193959.940918
17.7999716666667	169852318.036377
17.8383416666667	161674059.191406
17.88062	139879956.170654
17.9163833333333	186727668.849121
17.9609483333333	201753653.654785
17.9928616666667	175515606.843262
18.0335	171710591.682861
18.0655566666667	167885387.094482
18.107675	176273754.206299
18.136875	165213153.156494
18.17706	139140477.940918
18.2065616666667	184561422.907471
18.2400366666667	145933136.272461
18.2858616666667	171868072.763428
18.31719	154801821.002197
18.35326	183289868.751953
18.391265	164640097.269775
18.4302166666667	165220400.292725
18.46592	172788859.468506
18.50287	154105363.260254
18.5416983333333	152046275.082031
18.5802216666667	186249463.428223
18.6207183333333	135519226.70752
18.6579816666667	179210073.292236
18.69596	167146184.760986
18.735665	166514154.388916
18.7775533333333	139983895.607666
18.8175216666667	164298747.11084
18.8545433333333	149364721.994629
18.89934	158838980.585938
18.93808	157891867.391846
18.9783	149882267.56958
19.0148583333333	165924451.077637
19.0510116666667	181109902.679199
19.0838716666667	174576298.413818
19.1220166666667	149373786.750732
19.1576833333333	165096856.533447
19.19587	184341141.832031
19.22898	176353426.043945
19.2630516666667	155345527.567139
19.3001933333333	170004451.107422
19.3346716666667	212211321.930176
19.3704833333333	177233541.169922
19.4080416666667	195476070.76709
19.4465383333333	166229083.711426
19.4783283333333	174297438.523926
19.5147	214629484.806152
19.551805	179337636.208496
19.5891466666667	175088385.471436
19.632595	178189050.245117
19.66566	177338079.211914
19.70542	168709575.072998
19.7414716666667	196896211.564697
19.7791833333333	155729449.665039
19.8192466666667	177157817.023682
19.857205	185707058.012207
19.895925	178978652.60376
19.9397316666667	152411237.433594
19.977735	151658932.503174
20.016795	145603011.60498
20.05271	180564768.269287
20.09088	188679341.106201
20.1258566666667	203967080.611084
20.1612866666667	200999779.673828
20.1925633333333	204430604.731445
20.2287716666667	194119755.05835
20.2630566666667	174972725.864258
20.2991116666667	159777236.065186
20.33643	195547705.775391
20.371115	194190948.61377
20.405565	187279240.255859
20.4435383333333	180935229.760986
20.4810166666667	166396831.875244
20.514775	169289919.193604
20.5506116666667	170526946.528809
20.5859783333333	178438628.728516
20.62373	194706979.806885
20.66621	167934487.29126
20.7073916666667	150853836.901123
20.743975	154174677.064697
20.7798016666667	162513554.306641
20.8196016666667	153092073.85498
20.8591183333333	193294075.750977
20.89895	171661615.20459
20.9352216666667	146944533.024902
20.9772633333333	150182223.446533
21.0132133333333	178390039.321289
21.053825	198913646.617676
21.0886466666667	185386671.1521
21.12978	180593503.372559
21.1642166666667	159277677.065186
21.2014116666667	180784991.856445
21.2315266666667	172436887.128418
21.270795	199601008.546875
21.3093933333333	208404809.349121
21.340295	188989817.463623
21.3798833333333	191584844.254395
21.4167383333333	202235035.393066
21.446375	193126360.581787
21.4878066666667	193032353.840088
21.5244933333333	152762047.675049
21.554905	202733457.669922
21.5940716666667	152546647.726074
21.629785	225766728.514648
21.665325	192879132.821045
21.7065916666667	165388223.636475
21.7494233333333	189346865.829834
21.7827266666667	198746107.477051
21.8183916666667	190105722.967773
21.8553966666667	196576089.470703
21.8969166666667	198889694.263916
21.93356	173581618.920898
21.9706333333333	196781040.797119
22.00423	190810539.914795
22.040715	190608963.206055
22.0765133333333	186502385.704834
22.1111166666667	153655133.968262
22.1534283333333	240915671.548828
22.1876383333333	213447971.314941
22.224505	178917699.462402
22.2591616666667	193832171.325684
22.291795	195308291.111816
22.3264783333333	179442179.897949
22.36289	185081358.250244
22.4019833333333	213984710.583984
22.4380466666667	195682289.586426
22.4719316666667	225854995.98584
22.50953	189000458.392334
22.5486566666667	181799095.728516
22.5880033333333	170425426.974121
22.6246316666667	188640869.421875
22.6559316666667	197187572.893311
22.6910933333333	190023003.788818
22.7293216666667	187891154.282715
22.7677366666667	211563160.452637
22.803125	195926884.427246
22.8405216666667	180706145.139404
22.877695	214970173.249023
22.9159733333333	189822345.678955
22.9542083333333	211243727.836914
22.9911433333333	206601197.773193
23.0263883333333	236364765.597168
23.06413	219507969.833008
23.10031	208024461.056396
23.1347366666667	203103689.14209
23.16984	192358253.046875
23.20867	226582127.473633
23.24233	238794115.854004
23.2765433333333	255343821.408203
23.3112166666667	220284169.851563
23.3460716666667	213974484.387695
23.3852016666667	252265603.612305
23.4239866666667	281784465.770996
23.4575	305683421.410156
23.489295	252759413.165039
23.527945	272030388.0625
23.565345	242690744.48584
23.5989783333333	315979541.647461
23.63136	261765922.129395
23.6743383333333	241997136.119629
23.7020066666667	258707103.856445
23.732755	239558633.05957
23.7740116666667	305129976.491699
23.8090433333333	295805341.608398
23.84439	303217472.560547
23.8793266666667	272563152.017578
23.9154233333333	339096958.736816
23.9508283333333	319202980.404785
23.9877083333333	333387119.720215
24.02303	400578815.64209
24.0581883333333	387080047.089355
24.094475	336980954.261719
24.13044	306456988.400391
24.1668733333333	379314999.385254
24.1978666666667	328880392.438965
24.2345266666667	362275817.54541
24.2710983333333	348654254.616211
24.3067116666667	366690498.943359
24.341125	399072601.685059
24.375905	365567504.70752
24.4120866666667	360687257.188965
24.4465916666667	329773139.804688
24.48066	394019708.421387
24.5164383333333	379813635.216309
24.551345	394775222.070801
24.590085	395176145.257813
24.6259816666667	331087115.980469
24.65841	396235098.925781
24.69338	388091098.04248
24.7241466666667	324417678.26123
24.7607383333333	341353507.714355
24.7957766666667	370414138.834961
24.8286533333333	362393880.32666
24.8605566666667	311762506.262207
24.8981166666667	280607091.284668
24.9331316666667	331578284.725098
24.9700266666667	441565270.51416
25.0054066666667	277809392.549805
25.0427733333333	345248141.658691
25.0788683333333	319959318.034668
25.1155716666667	274250886.938965
25.1540683333333	384584367.209961
25.1890683333333	406784962
25.2250766666667	256761935.203613
25.25868	290726286.66748
25.2958816666667	318503790.043945
25.33052	300472381.234375
25.3643483333333	308745601.553223
25.4008316666667	326941422.784668
25.4363783333333	318279018.984375
25.4731083333333	326239734.777832
25.507225	245213493.744141
25.544295	333594790.807129
25.5776016666667	299015889.351563
25.61155	320515299.618652
25.6485283333333	326117969.053711
25.6850266666667	335685580.183594
25.7186966666667	355619733.973145
25.7510816666667	335261755.012695
25.7872616666667	264653155.259277
25.8266216666667	305471741.695801
25.8610833333333	283328305.800781
25.8925066666667	248555726.90918
25.9290083333333	332300754.398926
25.9627783333333	361503168.281738
25.997085	343817874.392578
26.0333916666667	350707804.640137
26.0683933333333	341137959.041016
26.1035633333333	264319175.046875
26.1402	391393625.352051
26.1754983333333	314619524.816406
26.2130266666667	358326054.900391
26.249915	272374412.742676
26.2837816666667	395730867.096191
26.3183316666667	328131177.377441
26.3493133333333	405481866.168945
26.3833066666667	297498484.59082
26.418815	364123171.546387
26.45734	405171646.961426
26.493415	387713215.041016
26.526065	423947839.061035
26.5591816666667	416371875.895996
26.59375	408782139.172363
26.6299816666667	383775622.08252
26.6652533333333	367350160.27002
26.6997316666667	381183322.729004
26.7354266666667	412431651.682129
26.7729183333333	316813647.34082
26.8106683333333	381169326.703125
26.8441066666667	323652021.836426
26.8815833333333	392273214.555664
26.9185216666667	339006862.153809
26.9550833333333	353867016.117676
26.993405	416953932.802246
27.0297166666667	365079561.119629
27.0650733333333	301900436.820313
27.10251	357337539.797363
27.1396516666667	348037241.415039
27.1748016666667	247362255.923828
27.213345	328534059.44043
27.251055	340095031.731445
27.2893883333333	378160645.924316
27.32234	259176074.055664
27.3562783333333	272621801.356445
27.3926683333333	341386368.516602
27.4256616666667	337418457.146484
27.46011	323305432.734375
27.495805	304877926.172852
27.5370966666667	330133982.96875
27.5671666666667	286668920.502441
27.6040816666667	288982200.746582
27.6350966666667	404403974.526855
27.6711	308098029.822266
27.7092883333333	336267128.873535
27.7386466666667	376791980.844238
27.776305	373181082.115723
27.81299	314329512.837891
27.851945	312426231.493164
27.8878766666667	355627865.751465
27.9218916666667	355136707.631348
27.9588683333333	291768872.796387
27.992925	359448971.65332
28.0340583333333	286049566.159668
28.06956	324951961.875977
28.1062983333333	341200928.649414
28.14153	307850291.045898
28.1793166666667	362474746.464355
28.2122216666667	289728834.491699
28.248175	297827586.387207
28.2866683333333	360074377.160156
28.3255366666667	336958629.143066
28.3602383333333	300795397.693848
28.395965	272470304.380371
28.4313483333333	364000330.597168
28.4703216666667	270668333.125977
28.5017016666667	246867840.579102
28.54235	306109683.755859
28.57903	353571360.218262
28.61212	270960853.991211
28.6443333333333	248974065.600098
28.687065	305544184.118652
28.7176633333333	289455960.964844
28.74741	301182321.077148
28.783755	256355636.852051
28.82538	301440719.65918
28.8595216666667	308898167.12793
28.90162	344120880.161621
28.9299333333333	314141562.826172
28.9658716666667	294150726.043457
29.0006366666667	344409558.640137
29.0375783333333	347645577.244141
29.0763866666667	291969530.720703
29.1124283333333	300598644.45752
29.146355	322365485.046875
29.178925	272979616.1875
29.2170683333333	321982732.335938
29.2514616666667	320488509.065918
29.2870416666667	359615436.244629
29.3245233333333	346990601.34375
29.3619166666667	389433510.708984
29.3976283333333	309795393.989746
29.4362733333333	278654544.350586
29.4721466666667	292239830.812012
29.507935	305442458.961914
29.546495	282137684.205566
29.5832916666667	348804748.021484
29.6207633333333	288533753.890625
29.6511916666667	333876090.074707
29.6881033333333	285125116.333008
29.7246383333333	380374381.810547
29.7549516666667	346833301.47168
29.7917066666667	294453544.05127
29.8265833333333	314453520.453125
29.8618683333333	390948714.867188
29.8947733333333	373002731.851563
29.93007	361414178.81543
29.963445	359356646.983398
29.9984	320879185.254395
30.0374966666667	368274950.632324
30.0706366666667	473207564.610352
30.1052166666667	407253634.518555
30.1398083333333	358794486.010254
30.17204	461874244.136719
30.2077916666667	476119045.151367
30.2404316666667	498100847.024414
30.2743033333333	410520696.526367
30.3089766666667	398998844.614746
30.3459383333333	380575065.294434
30.3836833333333	524673542.93457
30.4175616666667	405584715.487305
30.4538666666667	444911069.817383
30.4891266666667	397848101.260254
30.5242766666667	454607751.291992
30.558115	419949108.529297
30.590985	471589465.296875
30.63015	458943286.272461
30.6595816666667	424483836.337402
30.6976783333333	467870862.582031
30.7265616666667	430351648.692383
30.7633	470236623.418945
30.79495	412504105.692871
30.827575	462739858.530273
30.8609433333333	419154963.892578
30.8936183333333	480666858.489258
30.9286516666667	458839314.5625
30.96286	431702989.877441
30.9974883333333	337791561.731934
31.0315	426693909.497559
31.0645933333333	462356809.510742
31.0964033333333	362490405.663086
31.12976	398847228.125488
31.162695	375379592.104004
31.195195	394768240.694824
31.22901	401627299.477539
31.2610316666667	340852959.473633
31.2960433333333	399771222.51123
31.3282216666667	411925238.728027
31.3609433333333	427279042.088867
31.3970283333333	426916803.314453
31.432855	461740819.939941
31.4664466666667	447314108.835938
31.5013716666667	328538846.374023
31.5367983333333	345168965.146973
31.5709616666667	376677380.36377
31.6070166666667	412633284.128906
31.64044	394783878.261719
31.6742616666667	438144988.683594
31.7101383333333	390026659.924316
31.74363	447091997.700195
31.7786833333333	432145549.680664
31.8114783333333	453440965.783691
31.8461383333333	505479369.148438
31.8814966666667	399802381.748535
31.9133916666667	536216015.90332
31.94715	481231121.59375
31.9808983333333	402216398.466797
32.0170233333333	428093978.410156
32.0512333333333	388232362.387695
32.0902016666667	457989686.508789
32.1248166666667	437213006.302246
32.157825	454924389.98877
32.19448	439759884.095215
32.2300783333333	419715779.620605
32.2659833333333	496995071.905273
32.2966516666667	472903509.30957
32.3302083333333	490680589.561523
32.36386	517081551.124023
32.3967433333333	453493691.700195
32.4303833333333	466333635.292969
32.4642633333333	514630889.113281
32.4974766666667	468352807.511719
32.5307533333333	464404908.228516
32.5663733333333	439846173.610352
32.6007216666667	506238156
32.6357183333333	523196277.591797
32.6706933333333	532707978.042969
32.7065383333333	547933941.645508
32.740905	487856588.236328
32.7750566666667	430546453.942383
32.8091066666667	420178933.923828
32.8448816666667	421811710.449707
32.8825666666667	463903572.094727
32.91798	549638925.845703
32.95012	533872239.46875
32.9842466666667	506549864.911133
33.0178283333333	479222941.045898
33.0546233333333	540260530.699219
33.08912	424037815.517578
33.125545	431081454.540039
33.1639983333333	426386639.404297
33.1988883333333	456269257.652832
33.2343933333333	388759465.130859
33.2682866666667	459721030.757813
33.3041	485277346.291016
33.3409233333333	417911535.482422
33.3742216666667	529193309.087891
33.4080983333333	477155905.450195
33.4399416666667	372904300.105957
33.4754583333333	422128673.733398
33.5074116666667	556254636.772461
33.5423716666667	507073402.089844
33.5798783333333	440888429.103516
33.6150583333333	490546609.757813
33.6503733333333	506170876.193359
33.6859266666667	465654625.332031
33.72238	486277835.81543
33.757135	467084947.636719
33.791815	473978579.802734
33.8254366666667	486212995.327148
33.8591233333333	401325059.459473
33.8941466666667	435395368.785156
33.92848	584980056.594727
33.9613016666667	494191023.051758
33.995565	493743889.764648
34.029815	475524398.485352
34.06742	505054713.375
34.1047333333333	546306538.978516
34.138795	427866543.790039
34.1732	484588749.486328
34.2100166666667	471959256.5625
34.2428033333333	542272926.733398
34.280365	413271021.282227
34.3096466666667	412241964.39502
34.3485116666667	498183148.269531
34.3825283333333	390790380.916504
34.416205	394439309.51709
34.4473783333333	428094344.450195
34.4840483333333	410701077.147949
34.5160316666667	383968756.305176
34.5524366666667	412771406.612793
34.58381	416675858.009766
34.6225033333333	508321164.764648
34.6545983333333	361404687.647949
34.69088	394500345.688965
34.7272183333333	443073190.334961
34.7634216666667	385607191.405273
34.7993866666667	512128297.776367
34.8331883333333	481852659.232422
34.86724	518289125.108398
34.900805	425687385.683105
34.9352433333333	459629314.095703
34.9678633333333	430695818.030273
35.00463	534779362.130859
35.0379883333333	545033315.09375
35.0718483333333	480173708.550781
35.106555	463405460.707031
35.1406783333333	466146450.202148
35.1777666666667	427993775.527344
35.2119366666667	446413163.90332
35.247105	606620802.789063
35.2797933333333	525470884.750977
35.3164033333333	475198356.538086
35.3512083333333	581647649.209961
35.388295	577464147.588867
35.4198916666667	504243922.227539
35.4535833333333	538514113.446289
35.4850766666667	470518796.94043
35.5199033333333	434342569.150391
35.55472	454830490.725586
35.5898533333333	463801277.496094
35.6221883333333	435582834.705078
35.656355	490983810.43457
35.6900266666667	498380134.817383
35.7242783333333	444589000.130859
35.75773	439995517.129883
35.7930516666667	452914506.833008
35.82957	482500452.352539
35.86399	420832845.125
35.8982616666667	443714175.713867
35.9346216666667	383001168.301758
35.9684983333333	366428643.546387
36.000615	455768442.433594
36.0331733333333	419789428.447266
36.0665733333333	391753538.189941
36.0999533333333	400281458.790039
36.1332933333333	377203299.953125
36.1673483333333	403910601.711426
36.2012633333333	370121172.018555
36.2350083333333	459631738.891602
36.2688116666667	400742322.30127
36.3007833333333	539295176.881836
36.3347266666667	493506668.037109
36.36808	449622950.40918
36.4025066666667	460928298.805664
36.43657	491763427.185547
36.4709933333333	498656592.549805
36.504775	402922633.372559
36.5374233333333	452974191.334961
36.5708533333333	516857782.84082
36.6044433333333	525589460.862305
36.6381883333333	459626555.441406
36.6735483333333	611800633.005859
36.7058616666667	604474572.472656
36.737875	597419930.094727
36.7681316666667	545902819.961914
36.8015533333333	514406993.251953
36.8372316666667	609220627.519531
36.8717483333333	558333195.270508
36.905275	615032899.15625
36.9395333333333	548908069.091797
36.9733666666667	629938849.080078
37.004725	521225963.639648
37.040785	619979720.982422
37.0735483333333	698371904.599609
37.107335	650591998.404297
37.1408383333333	669042302.293945
37.173715	642888070.25293
37.2065366666667	699918336.488281
37.2411766666667	719312150.885742
37.274505	629695338.068359
37.308345	692885818.444336
37.3397616666667	776452880.541016
37.372465	764906964.427734
37.4037433333333	680797524.302734
37.43664	640121842.03125
37.4729033333333	650112829.274414
37.5042583333333	656843655.637695
37.5401566666667	671121133.136719
37.5742216666667	719617569.216797
37.6061333333333	704968023.553711
37.6399233333333	705173545.511719
37.6769983333333	625927184.973633
37.7124933333333	832474354.921875
37.7486816666667	606030793.321289
37.7815183333333	632121502.741211
37.8147483333333	679792770.068359
37.848995	626253477.553711
37.8830833333333	744769368.851563
37.9176866666667	804880575.999023
37.95282	635741213.498047
37.9892116666667	564711298.323242
38.023105	509195031.631836
38.062415	521623565.272461
38.0971783333333	535857139.52832
38.1308966666667	506304659.679688
38.166975	494017997.71875
38.2013266666667	494237308.698242
38.2336333333333	617251092.303711
38.2640966666667	533676382.371094
38.2968916666667	532964917.27832
38.330565	589031127.279297
38.362415	543155431.705078
38.3964633333333	542092405.634766
38.4305266666667	605379717.650391
38.4651133333333	627030390.080078
38.4981333333333	527980175.441406
38.5329583333333	549787396.893555
38.56588	535434316.03125
38.60417	601838527.835938
38.6383716666667	559276806.423828
38.6711016666667	675210443.273438
38.703945	540600389.475586
38.7383966666667	650572738.689453
38.77338	659463865.501953
38.8067983333333	691733036.879883
38.8405633333333	671182871.258789
38.87417	610970788.453125
38.9080883333333	756625050.227539
38.940785	603277582.581055
38.9729866666667	563374892.331055
39.0069216666667	800599638.998047
39.0377683333333	668606037.486328
39.0744416666667	598005304.401367
39.108505	714018193.249023
39.14148	662843164.883789
39.1753566666667	642784406.804688
39.213085	646371637.962891
39.2436	628305891.790039
39.2762433333333	802526609.126953
39.3087433333333	643014407.297852
39.34144	756349091.915039
39.3753816666667	832454592.672852
39.40872	666395450.605469
39.4410866666667	703514165.795898
39.4742333333333	642515009.398438
39.5099933333333	732163315.814453
39.5427183333333	623970330.337891
39.5749716666667	658748002.467773
39.6104433333333	606298315.407227
39.6459333333333	651089865.264648
39.67951	687625842.157227
39.716355	544500161.341797
39.7508366666667	603076628.657227
39.7858033333333	694842697.708008
39.8204616666667	605184985.603516
39.8545066666667	616869211.987305
39.8876583333333	686614539.576172
39.9215916666667	589475259.208008
39.9569133333333	601370377.962891
39.99162	607384922.158203
40.0260733333333	546501563.725586
40.0606716666667	560113777.527344
40.0966833333333	564366049.839844
40.1306833333333	598660103.285156
40.165205	578084570.730469
40.2018333333333	693807045.706055
40.236555	600070084.797852
40.269105	782867775.177734
40.3008733333333	641961566.8125
40.332995	695864502.231445
40.3647833333333	613410316.967773
40.3984533333333	609881990.275391
40.4323683333333	703170194.379883
40.465035	688437114.995117
40.4984533333333	819199800.359375
40.530915	685966561.152344
40.564715	668032236.850586
40.5959983333333	688936435.977539
40.627715	812291798.370117
40.6597366666667	640720404.952148
40.6925733333333	799548620.15332
40.7241083333333	821115202.956055
40.759955	660313774.413086
40.7964233333333	747685104.863281
40.827895	654471451.746094
40.86467	651756902.949219
40.8988183333333	634135098.360352
40.9329183333333	683371449.685547
40.9672016666667	752001325.496094
40.998815	745130901.454102
41.0335666666667	719946379.866211
41.067805	797722797.990234
41.099605	781590202.161133
41.1327133333333	684745683.977539
41.1662716666667	674010951.533203
41.1996466666667	609787197.429688
41.2326316666667	688198335.72168
41.2675566666667	839153300.970703
41.2997683333333	759755741.407227
41.33303	732981454.325195
41.3667083333333	747246853.417969
41.399885	775679507.947266
41.4342666666667	789047679.523438
41.4662566666667	781069215.870117
41.4993266666667	827457967.754883
41.5319516666667	817108860.024414
41.5644466666667	672668025.171875
41.5964266666667	725121552.655273
41.62981	756557353.749023
41.6633616666667	812355003.484375
41.697235	820528413.773438
41.7309316666667	782118770.605469
41.7640966666667	780105328.700195
41.79802	763156469.321289
41.8321483333333	674342914.591797
41.8669633333333	625090141.772461
41.8994966666667	771757590.716797
41.9314516666667	664958441.204102
41.9679783333333	700178738.618164
42.0021333333333	780998175.920898
42.0331	752533055.408203
42.0649933333333	715115130.853516
42.0991133333333	586511683.373047
42.1335866666667	704846691.341797
42.167945	670286722.717773
42.20272	713182758.607422
42.2350066666667	709821229.686523
42.2686766666667	672547085.106445
42.3018133333333	786883945.102539
42.3354166666667	788808134.651367
42.3695233333333	694112850.082031
42.40447	594343275.125
42.4382966666667	733035378.080078
42.4705183333333	725188354.509766
42.5048866666667	693280858.55957
42.53733	779028192.540039
42.568665	746111581.446289
42.6020416666667	703053158.030273
42.634035	716464214.726563
42.6678016666667	967136020.194336
42.70064	921405881.757813
42.732725	677269283.725586
42.7645233333333	832132659.013672
42.7985666666667	825840887.908203
42.8304583333333	783540087.431641
42.8636983333333	768620946.442383
42.8974483333333	748760292.530273
42.9301116666667	787133977.508789
42.96307	840260569.640625
42.9959116666667	963534150.029297
43.0301716666667	758474060.460938
43.0641933333333	794449017.276367
43.0969433333333	810860794.714844
43.129705	930621967.158203
43.162415	836183498.765625
43.1934133333333	748175080.060547
43.2285583333333	723837149.566406
43.2615883333333	822244604.646484
43.29484	1045668553.82422
43.3264416666667	795116156.132813
43.3577016666667	949906080.521484
43.3888016666667	731271177.448242
43.420865	836271026.989258
43.452415	822910076.394531
43.4858883333333	866140197.080078
43.5174016666667	769228989.493164
43.5532766666667	784314056.114258
43.5869766666667	860215833.9375
43.6184433333333	839111082.976563
43.6513066666667	694711881.873047
43.682285	759565703.097656
43.7137433333333	726148314.275391
43.744395	946175824.546875
43.77792	788928992.517578
43.8104616666667	731227719.660156
43.843855	762076709.075195
43.8759	846069491.334961
43.9075316666667	782844321.433594
43.9390783333333	842971336.563477
43.9732616666667	737672614.15918
44.0073583333333	701949076.578125
44.0393483333333	709356507.59668
44.0715566666667	800969224.793945
44.1072216666667	845105410.077148
44.138605	934429020.52832
44.17202	927115946.369141
44.20577	837200429.770508
44.2372383333333	876899066.804688
44.2709266666667	844103782.746094
44.3017516666667	873032879.375
44.3358433333333	987612323.021484
44.3653866666667	822215846.080078
44.3995483333333	860467262.624023
44.43126	935015955.53418
44.4626233333333	921472547.703125
44.4946416666667	1004783637.79102
44.5304883333333	967507713.816406
44.56118	885977167.619141
44.5961116666667	849416287.644531
44.62875	712274238.21582
44.6603516666667	774605947.848633
44.6937616666667	730673442.770508
44.728275	717738100.794922
44.7621333333333	724861081.930664
44.79697	811646204.151367
44.8310083333333	862434968.125
44.8636016666667	799479024.018555
44.8969633333333	898260875.213867
44.9304733333333	892404391.666016
44.9635783333333	796433844.737305
44.9984983333333	692287832.794922
45.0325483333333	715239030.602539
45.0646166666667	737208039.836914
45.09653	730761918.213867
45.1325983333333	677322094.642578
45.1651016666667	794344673.863281
45.19765	735062709.229492
45.22965	743884451.37793
45.262385	633099078.182617
45.2948633333333	767405204.375
45.3290583333333	739408293.550781
45.3629883333333	675933074.5
45.3966466666667	760428670.750977
45.431345	694150979.038086
45.4631683333333	661289420.724609
45.4958583333333	645514461.933594
45.5269316666667	754960607.730469
45.56061	721014371.954102
45.5944466666667	875131604.798828
45.6273716666667	913084724.113281
45.6613483333333	789917758.509766
45.69379	943454320.242188
45.7256333333333	756032824.720703
45.75886	679575399.371094
45.7915683333333	789432474.639648
45.825525	764586449.181641
45.8578016666667	730846853.244141
45.8925133333333	761617939.286133
45.92554	736702001.793945
45.958615	736862160.255859
45.993435	784025260.321289
46.02758	695594551.606445
46.0618666666667	718517439.014648
46.0957833333333	838965677.849609
46.1282083333333	713924176.083008
46.159955	725605371.469727
46.1909833333333	691658823.705078
46.2236833333333	724172117.224609
46.2562766666667	783075986.129883
46.2891533333333	693515855.915039
46.3217983333333	744381472.082031
46.3552033333333	719175576.799805
46.3886483333333	743132596.745117
46.4214066666667	783587534.954102
46.4545583333333	646593915.777344
46.48557	660841299.958984
46.5175233333333	742182786.141602
46.5470566666667	597744256.72168
46.57997	615062597.494141
46.6122366666667	596700739.398438
46.6447466666667	649237287.405273
46.675325	626845726.362305
46.70795	756971771.236328
46.7408366666667	731698400.768555
46.77381	759111115.936523
46.8068933333333	709583681.174805
46.8395733333333	704200985.662109
46.8731	720301039.175781
46.9051516666667	839808169.698242
46.94001	696192503.429688
46.974045	749910028.078125
47.009085	752457898.933594
47.04284	742914785.759766
47.0749016666667	836466706.371094
47.10569	741006560.961914
47.138395	853757530.762695
47.168125	816808657.333984
47.2003416666667	917308274.850586
47.23102	750923550.420898
47.2676066666667	797797157.769531
47.2994633333333	919479168.3125
47.3321383333333	787715404.799805
47.3661283333333	967838663.207031
47.397905	741303043.470703
47.429805	775110622.59082
47.4660566666667	812011586.861328
47.49523	750216128.317383
47.5275983333333	758849481.914063
47.5582633333333	744093853.181641
47.58941	678748561.855469
47.6233883333333	718151465.694336
47.6542216666667	722221519.699219
47.68633	687775016.59668
47.7188883333333	625533184.381836
47.7508366666667	768271933.807617
47.7839783333333	852350331.348633
47.8156866666667	719479165.724609
47.8527866666667	704521949.069336
47.8851916666667	701448823.734375
47.9179866666667	832297782.583984
47.9494766666667	797573038.941406
47.9838066666667	686902771.987305
48.0164383333333	727212274.456055
48.05089	727851733.197266
48.0836366666667	733713016.772461
48.116465	739673474.270508
48.14907	682154952.650391
48.1823183333333	705267151.219727
48.2135333333333	846008983.669922
48.24581	706013768.146484
48.2796166666667	831938413.217773
48.310735	783960307.180664
48.3451666666667	793153775.837891
48.3777266666667	759964295.974609
48.4113983333333	768608281.99707
48.44324	845703879.683594
48.4753983333333	876384190.868164
48.508185	768966534.414063
48.5404283333333	745779434.415039
48.571515	697328993.640625
48.603075	736795773.90332
48.6347783333333	804514415.373047
48.665645	952797889.033203
48.698	805014374.499023
48.7301866666667	706277715.305664
48.7632216666667	847220016.066406
48.7950766666667	777804982.544922
48.82834	731236629.640625
48.8630183333333	708127517.262695
48.8963466666667	791845491.349609
48.9294666666667	676447401.5
48.9630616666667	717213143.472656
48.995065	808242210.799805
49.0288133333333	836368232.342773
49.06128	882688848.149414
49.0930016666667	752481122.50293
49.1254866666667	718716982.602539
49.1610766666667	707296023.941406
49.1949183333333	778359239.586914
49.2287166666667	835855990.341797
49.26071	794179253.243164
49.2947133333333	783102276.84082
49.328925	733211613.587891
49.3613533333333	768557653.068359
49.39347	723903770.65332
49.4248616666667	786808354.338867
49.4576266666667	709800291.294922
49.491785	684016514.079102
49.5256533333333	835129651.652344
49.55749	831274463.587891
49.5903166666667	865056866.171875
49.62069	802257189.388672
49.6529533333333	780821564.444336
49.68546	766730697.899414
49.720575	732972991.047852
49.7521683333333	748037201.353516
49.786505	758145315.587891
49.8213616666667	815591890.441406
49.854565	797273024.727539
49.8868733333333	851672284.884766
49.920565	815459106.962891
49.9528533333333	825403455.292969
49.9862883333333	830475122.939453
50.0180483333333	803196997.22168
50.0515416666667	812745193.308594
50.08364	850277071.016602
50.1157716666667	864930884.333984
50.1492733333333	764726006.899414
50.1841916666667	807998437.124023
50.2156283333333	788481612.578125
50.2460516666667	805204449.435547
50.2789366666667	800289418.160156
50.310745	838658449.689453
50.3426466666667	806500204.677734
50.376095	887021202.607422
50.4075833333333	834193334.759766
50.43861	891805828.533203
50.47164	913393846.046875
50.5026383333333	909021164.320313
50.5349166666667	849850952.957031
50.5659016666667	909740411.064453
50.5985633333333	893273720.634766
50.6309033333333	978038311.642578
50.66229	996449316.888672
50.6934783333333	977368114.214844
50.7274233333333	856025121.126953
50.7594333333333	952976119.212891
50.79284	898829141.355469
50.82473	887520837.314453
50.856795	877437405.691406
50.888735	1020131416.81641
50.9192116666667	984313815.431641
50.9523566666667	971395572.824219
50.98461	885129708.564453
51.0173383333333	860380672.123047
51.050485	795072067.972656
51.0838433333333	941193613.080078
51.115595	787540341.685547
51.1487083333333	934302035.730469
51.1812683333333	993461470.603516
51.2150016666667	825283744.109375
51.2466566666667	883384859.791992
51.2779566666667	842574729.621094
51.3122433333333	832353261.882813
51.3453083333333	846440108.626953
51.3790533333333	850417974.486328
51.4119966666667	853559505.722656
51.4442683333333	762511641.251953
51.4769633333333	743485338.355469
51.5127833333333	918874233.958984
51.5448016666667	832098530.152344
51.5789883333333	813367908.866211
51.6118983333333	823903685.756836
51.64515	937226215.40625
51.6801666666667	1008944963.16992
51.71408	1235265172.58984
51.7468066666667	881820662.739258
51.7798066666667	924129142.324219
51.8123083333333	964526077.654297
51.84393	1016677572.45703
51.87736	1002022676.98242
51.909095	1018917456.69727
51.94017	1003803127.17188
51.973375	977252954.646484
52.0054916666667	953747158.28125
52.03842	1003890939.44336
52.07093	1067388737.59961
52.10528	885420206.255859
52.1382233333333	921124896.904297
52.1708	922764277.123047
52.2051416666667	1082539817.78125
52.238375	1036222222.00586
52.2708383333333	1020931989.08984
52.302615	924488109.123047
52.3353333333333	1180912364.51953
52.3683383333333	946346059.693359
52.4018366666667	855499823.15918
52.4346366666667	1034492092.96289
52.4657183333333	990825339.560547
52.49866	1020271873.82617
52.5321716666667	895923912.230469
52.5661166666667	1036358088.35156
52.5980266666667	1052384861.58008
52.6299833333333	1038250195.18555
52.6617833333333	1039255561.33984
52.6940416666667	955813466.066406
52.7256933333333	1126303059.80078
52.7564883333333	1037634779.17383
52.786975	993290435.992188
52.8182966666667	1025204107.32422
52.8493283333333	1056681297.30469
52.881675	1268672557.95313
52.914075	1201224216.06641
52.9451216666667	1021167238.17383
52.9769583333333	1212177865.87891
53.0102183333333	1095551148.70703
53.04394	1198294810.22656
53.0784683333333	1301626378.00391
53.11113	1049469774.03125
53.14215	1115454963.92773
53.175905	1239929794.41406
53.2068583333333	1172489733.35156
53.2401683333333	1102520785.13672
53.2721616666667	1070388234.47852
53.3046216666667	1161792464.03125
53.3361166666667	1059456896.375
53.368895	1042734804.77344
53.4019683333333	1196859146.80078
53.4356483333333	1092819654.70898
53.466165	945325730.458984
53.4991816666667	1009245451.10352
53.5318116666667	1005677167.44336
53.5657483333333	1130861576.64063
53.598755	1042982029.91797
53.6317866666667	1071730225.54492
53.6663933333333	1019350096.50781
53.69784	830873125.287109
53.7312383333333	930492421.802734
53.76449	1061565575.51953
53.7937433333333	928362233.972656
53.8278116666667	979345842.449219
53.857545	922571292.951172
53.8900566666667	883266956.648438
53.9220566666667	978864342.888672
53.9540733333333	881218399.762695
53.9858183333333	965160593.373047
54.0200083333333	1197580461.26172
54.050995	1080315036.63477
54.085315	1005432936.69141
54.1198583333333	1035499687.59766
54.153215	1167053904.3457
54.1857016666667	1003265700.66016
54.2184916666667	1043203829.35547
54.2518566666667	1031707442.32031
54.28446	1088148201.0625
54.31738	954750000.271484
54.3499833333333	937582408.118164
54.3826883333333	932435572.478516
54.4163483333333	996346240.787109
54.4481133333333	912300641.941406
54.481925	872657902.115234
54.5141	808039513.387695
54.547725	1082492368.55273
54.580715	960159461.539063
54.6130716666667	903732503.990234
54.6446466666667	1006406715.5332
54.6763066666667	867889989.197266
54.7073983333333	1061824717.88477
54.7401966666667	1054107805.63281
54.7731833333333	839291636.394531
54.8044166666667	1096635301.46484
54.836725	1026274132.96875
54.8674716666667	949687387.099609
54.8990983333333	1043788674.60547
54.9307533333333	957541237.529297
54.9627866666667	991963389.326172
54.9931116666667	830630746.982422
55.0254033333333	891271069.570313
55.05671	918417936.677734
55.0883283333333	943638763.984375
55.1206233333333	847312686.193359
55.1528583333333	852986498.191406
55.1844833333333	929211185.130859
55.2179316666667	1055666430.75
55.2511883333333	969998349.509766
55.28394	851863459.802734
55.3175116666667	886930746.110352
55.3497583333333	916403600.642578
55.3807233333333	876108976.580078
55.4129016666667	901468125.400391
55.4442016666667	1103194174.22266
55.4762466666667	984063448.328125
55.507385	885805049.466797
55.539475	931018708.849609
55.5718933333333	1032415472.37305
55.6043966666667	1093136137.63867
55.6371083333333	946111667.074219
55.6703116666667	1113195620.02148
55.7028616666667	1188003962.72461
55.733865	1251300737.29102
55.7665516666667	1164531840.46094
55.7988816666667	1234312383.56836
55.830305	1215617289.63867
55.8632383333333	1181123228.07422
55.89398	1436601853.64453
55.9255	1381275847.12695
55.9569683333333	1364209114.38086
55.9892366666667	1340724010.77734
56.0203716666667	1158830086.13281
56.0536816666667	1305031883.46289
56.0872933333333	1338253687.24414
56.1190016666667	1154063822.41797
56.1514883333333	1197226137.58594
56.1840383333333	1119995488.27734
56.2167933333333	1250606173.93945
56.248755	1166253441.27734
56.2808566666667	1307862652.68945
56.3124416666667	1094123980.08398
56.3435516666667	1161911924.14258
56.3747416666667	1090216946.55859
56.4059466666667	1317467346.61719
56.438585	1309356243.07422
56.47117	1325984418.6582
56.5031983333333	1204336530.92188
56.53552	1173144840.19336
56.5676233333333	1285273928.71094
56.600045	1194198938.69336
56.6315666666667	1108521503.05469
56.6639216666667	1442857578.29102
56.695785	1271653132.36133
56.72916	1228058380.375
56.762355	1244340112.93945
56.795245	1345716345.19727
56.8274283333333	1297779342.44141
56.8604616666667	1178770870.8418
56.895215	1391307361.77344
56.9287283333333	1151432115.19141
56.9606683333333	1320874665.77148
56.99245	1258844287.31445
57.0253883333333	1147166549.94922
57.0574216666667	1143802993.67969
57.0895666666667	1302210250.08984
57.122735	1092040780.36523
57.1539	1122634790.65234
57.1858583333333	1174142789.26758
57.218385	1139330400.52539
57.2504466666667	1111548300.66992
57.2828783333333	1177179023.85352
57.3157866666667	1234855353.88086
57.3481183333333	1231572248.52734
57.380485	1316924230.4082
57.4118116666667	1176074731.94141
57.44509	1236617548.20313
57.4773716666667	1128590809.19727
57.5097433333333	1319904514.12109
57.5413766666667	1243054030.93555
57.57364	1275067984.875
57.6046566666667	1177843647.5
57.636685	1252418481.62109
57.669645	1304109316.90039
57.7035716666667	1200620771.63867
57.7352566666667	1360261234.375
57.76778	1253079457.96875
57.799765	1235139433.24805
57.832455	1441167126.59375
57.864275	1213146106.00586
57.8972566666667	1131617461
57.9307066666667	1351322490.63086
57.9618983333333	1269667376.07813
57.993095	1426482703.33984
58.02564	1365876427.70703
58.0573433333333	1453265186.38281
58.0891483333333	1536635661.21875
58.1213983333333	1430809120.30859
58.153215	1536051552.91797
58.18426	1341841675.34961
58.216285	1469847256.78516
58.24674	1541293100.06836
58.2790466666667	1294411270.76563
58.3099666666667	1392596184.4082
58.3438583333333	1454012311.46094
58.37664	1448412383.32031
58.4094083333333	1549382055.125
58.44233	1400637798.06836
58.4739733333333	1572672389.25977
58.505025	1463149447.60156
58.5381533333333	1378086469.8418
58.5716116666667	1358466345.20117
58.6039833333333	1402989362.80469
58.636995	1411496535.95508
58.6697616666667	1431672335.23242
58.7017033333333	1500040760.81836
58.7339233333333	1534650419.37891
58.7670133333333	1622647601.94922
58.79807	1590677669.38086
58.83117	1383145424.18945
58.8643266666667	1497189512.625
58.89777	1576655658.01953
58.930295	1251272355.83789
58.9632383333333	1270732881.77344
58.9967	1302447492.47656
59.0302183333333	1323474209.20117
59.0628766666667	1261191389.47266
59.095755	1208421405.93164
59.1279833333333	1308818443.47461
59.15959	1373101252.9707
59.1915766666667	1208265927.44141
59.2223066666667	1190801730.22656
59.25319	1233098217.83398
59.284805	1262401503.66992
59.3169883333333	1277304874.23047
59.3498583333333	1186740016.0957
59.3843916666667	1145505723.63477
59.4190033333333	1128692833.9375
59.4494766666667	1362065556.36914
59.4834883333333	1052188532.58203
59.5142283333333	1210173962.30469
59.54581	1246675063.74023
59.5784516666667	1170171603.77344
59.6116666666667	1182065324.82617
59.6453283333333	1223245515.66602
59.6791233333333	1181440554.375
59.7107666666667	1028033536.50293
59.74341	1224301890.66016
59.7753666666667	1186428586.60547
59.80834	1235547743.25391
59.84025	1152361659.81055
59.8716933333333	1158432603.86133
59.9053566666667	1188969283.40039
59.9376733333333	1165865562.28906
59.970035	1159940031.97266
60.0009383333333	1318650347.06836
60.0318733333333	1411758158.52344
60.0629583333333	1263311178.2168
60.0941466666667	1318063408.05859
60.1257166666667	1351453006.2207
60.1567866666667	1268264177.67969
60.1887283333333	1169801572.37109
60.2201183333333	1176352842.73828
60.2522516666667	1269974404.06641
60.2836833333333	1236079473.14648
60.3141916666667	1140984980.50781
60.34584	1168208583.77734
60.37788	1116590454.94727
60.410865	1374000029.16406
60.44247	1090276236.32031
60.4746866666667	1162730297.13867
60.5070083333333	1248378816.17188
60.5396783333333	1093925421.04883
60.5716316666667	1040928188.75977
60.6043883333333	1241353913.00195
60.6359216666667	1199444873.48633
60.6690633333333	1254180836.23633
60.7014183333333	1188047084.36523
60.73295	1146532846.03516
60.7647516666667	1076549718.25391
60.798135	1252613353.95898
60.8306916666667	967751171.787109
60.8617283333333	936864230.208008
60.8962383333333	1162695935.73828
60.9284833333333	934235748.080078
60.961305	967526147.560547
60.9931366666667	912589398.318359
61.0262183333333	854020961.466797
61.0585883333333	881764581.795898
61.08986	1016332318.94531
61.1222316666667	1077279331.32031
61.1547916666667	973207311.554688
61.1871016666667	1048570055.65234
61.2198366666667	1070923196.61914
61.2509516666667	1020479219.33594
61.282865	910292657.734375
61.3160733333333	1024343117.39063
61.348515	1017464409.13086
61.3823316666667	1100329642.47656
61.41482	961323170.322266
61.448125	972388515.546875
61.4810133333333	950610160.185547
61.5135216666667	919495779.322266
61.5463216666667	917901506.568359
61.5786233333333	983875369.335938
61.6115766666667	965568879.164063
61.6431	1090543395.88477
61.6765283333333	925196593.862305
61.7096483333333	1060900366.76758
61.739895	1066032277.17578
61.773635	1115672895.87305
61.8051366666667	1085334502.1582
61.8395	916363038.535156
61.8712616666667	1006551910.94336
61.9044966666667	1173935427.36719
61.93774	1065916001.89844
61.9698716666667	1141725056.24609
62.0023116666667	1194458795.90039
62.0346883333333	1147508019.98438
62.0650816666667	1121444163.16602
62.098815	1293871865.83398
62.1301983333333	1174980544.28711
62.1640033333333	1120990657.83203
62.1942766666667	1233832614.93359
62.2267566666667	1132638658.80273
62.2602716666667	1222524098.375
62.29239	1354435359.11719
62.32506	1296630252.55469
62.3574933333333	1385522008.5625
62.3908233333333	1235650364.21875
62.423635	1253254700.55273
62.4561533333333	1221496732.7168
62.4891233333333	1527894555.41406
62.52242	1630552476.11914
62.5525133333333	1445755621.33398
62.5851383333333	1267476690.53711
62.61865	1410243202.33594
62.6515383333333	1290062251.64648
62.6835383333333	1601964622.05664
62.71633	1432304005.00391
62.7481933333333	1527511428.20703
62.7806033333333	1643410926.80078
62.81227	1453932175.7832
62.845545	1675791242.07813
62.8794433333333	1468239980.02539
62.9130383333333	1557298090.81445
62.9469733333333	1658239153.73242
62.9803483333333	1591466645.93555
63.0146383333333	1561018813.54492
63.0474783333333	1778468474.85156
63.080305	1637670146.91211
63.11305	1455406291.50586
63.14609	1489788630.86719
63.1779816666667	1462288106.73438
63.2094033333333	1538362955.8125
63.2419016666667	1292887177.70898
63.27534	1235125719.77344
63.3079183333333	1226690815.63477
63.339305	1230675594.77734
63.3715616666667	1170981893.63672
63.40524	1198320897.43359
63.4388966666667	1408525207.64453
63.47095	1320176058.02539
63.5035216666667	1120048475.32813
63.5361416666667	1097202424.26172
63.5686683333333	1226089879.60156
63.600925	1089384142.87109
63.63309	1177310148.55664
63.6646733333333	1073473119.76953
63.698175	1052332847.03125
63.7315233333333	1028084590.06055
63.7652483333333	955762355.921875
63.79882	1092127891.88086
63.8314033333333	975209275.923828
63.86454	853432742.092773
63.89811	938658982.53125
63.931585	917269378.998047
63.9656416666667	1006244480.7207
63.997415	1055565311.45703
64.02957	876801538.797852
64.0623	931162227.849609
64.09545	1034227032.79492
64.12821	1035878405.65234
64.16076	1199335367.73242
64.1924116666667	838544078.800781
64.223345	949886314.097656
64.2559583333333	999904636.023438
64.28829	972531652.199219
64.3190533333333	1167618518.56445
64.3495683333333	1290101958.91211
64.3801366666667	1312455106.60938
64.4125883333333	1184874624.61719
64.4447016666667	1304412208.11328
64.4758133333333	1351974732.54492
64.508135	1332117192.93164
64.5396383333333	1294581422.43164
64.5719016666667	1216409547.14453
64.6045283333333	1256200394.39258
64.6379966666667	1324768035.44141
64.670145	1146883538.63867
64.70455	1465857261.07031
64.7374866666667	1258901119.15234
64.7706716666667	1198520214.88867
64.803745	1171012049.56445
64.8366916666667	1124567256.28125
64.8697783333333	1172974230.59961
64.9024066666667	1181026022.83203
64.933525	1129911850.86328
64.9649833333333	1159505637.55859
64.9960616666667	1237496843.59961
65.0274066666667	1052046476.39063
65.0596516666667	1041688013.93945
65.09149	1015523457.44922
65.1238	970440788.25
65.1559033333333	989934108.392578
65.1885733333333	948928029.623047
65.2213583333333	896502037.695313
65.2535233333333	911097922.632813
65.286585	1020240791.34766
65.3195266666667	966600576.447266
65.3520066666667	908886786.763672
65.3837533333333	1022170425.57617
65.4162666666667	1010728022.29492
65.448575	1002839526.56055
65.4789066666667	1080879777.34375
65.5108866666667	1117853170.17383
65.5435666666667	1210540426.04883
65.5763716666667	1329900819.98633
65.6087783333333	1337263941.45313
65.6410233333333	1238095308.57813
65.6732366666667	1351392262.625
65.704025	1163934874.99609
65.7373083333333	1217901023.04492
65.76856	1253913544.77148
65.8006833333333	1340224778.23828
65.83289	1154205755.67773
65.8662533333333	1236255928.44531
65.8977	1363467209.73438
65.92922	1231450959.26367
65.9609516666667	1414825765.65039
65.992705	1373413142.72656
66.02587	1632768295.37891
66.05625	1528245423.63086
66.0876233333333	1295348066.98438
66.1202466666667	1477906681.58398
66.152095	1487930019.95117
66.1832366666667	1652561239.30664
66.2146166666667	1617665829.11914
66.2461483333333	1567731056.16016
66.2773766666667	1601795885.83398
66.30908	1798006124.16211
66.3398183333333	1515240726.16016
66.372735	1606573086.49805
66.4042133333333	1715718214.88477
66.43732	1638268647.11523
66.4700283333333	1382880071.80078
66.5035816666667	1355218641.15625
66.5385416666667	1809356562.86523
66.5719933333333	1508078929.96094
66.6046966666667	1763298194.27344
66.63711	1482684594.9375
66.6698216666667	1553429851.47852
66.70303	1617190822.21094
66.7365016666667	1593634756.82422
66.7684816666667	1401851347.73242
66.8037966666667	1508740880.82813
66.8356316666667	1655731258.74609
66.867555	1484226446.65039
66.8985183333333	1479309258.95313
66.93036	1365426922.86328
66.96289	1316978228.16211
66.9954816666667	1325121787.73047
67.028665	1423449585.8125
67.0604216666667	1478287106.37305
67.092985	1502531181.75781
67.12457	1409794238.41406
67.1559633333333	1765066016.01953
67.1871516666667	1444130112.53711
67.2190033333333	1672987621.50781
67.2509383333333	1458087374.41016
67.283875	1417949463.09766
67.3173866666667	1433802644.86914
67.35034	1256826710.48242
67.3833516666667	1333554705.38477
67.41654	1366420924.17578
67.44968	1341920006.41406
67.4837133333333	1404866285.125
67.5162316666667	1212146518.76563
67.5490633333333	1351673436.91211
67.581175	1335653803.10742
67.6138783333333	1331934450.61914
67.6456516666667	1435628388.27148
67.678875	1307578647.4043
67.7103166666667	1581276344.85547
67.743435	1579924782.9082
67.7757866666667	1845216533.15625
67.8071366666667	1578736007.68164
67.83886	1489001649.53711
67.8709333333333	1457645603.64258
67.9037483333333	1385370002.67383
67.93673	1473788181.125
67.9678516666667	1610683059.01563
68.0001416666667	1481787073.92969
68.0336583333333	1557851285.01172
68.0678666666667	1598674783.0625
68.1006933333333	1551061418.66797
68.1348833333333	1511858143.99805
68.16581	1575390060.70117
68.199045	1549635239.53906
68.2313433333333	1528242478.88867
68.2651133333333	1463664749.06641
68.298315	1410868037.37891
68.3313566666667	1441524520.67383
68.3651266666667	1388500664.68164
68.397645	1285544245.98828
68.4309533333333	1221610185.53711
68.4626733333333	1209940055.66992
68.495985	1195530068.36523
68.5296933333333	1290829553.83594
68.5633016666667	1313904413.60547
68.5963066666667	1280908755.9043
68.6288416666667	1139516373.31055
68.6605333333333	1116502289.43164
68.69333	1068335639.79883
68.7263716666667	1058729436.70898
68.7591116666667	1220614984.74219
68.7925633333333	1052550689.84375
68.8251216666667	1015834852.08398
68.85572	1242628933.27344
68.88852	1371840739.72266
68.9203616666667	1258517948.46875
68.951355	1214221586.64258
68.9850833333333	1361831773.56836
69.0163316666667	1183256604.36328
69.0496833333333	1325555058.67383
69.0828383333333	1314054344.88086
69.1156333333333	1250976731.80078
69.149645	1326564994.68945
69.18219	1479076120.06641
69.2153016666667	1196881719.63281
69.25008	1378790972.38672
69.2821283333333	1328180524.03906
69.313135	1563931590.26953
69.3462283333333	1470712057.16602
69.379385	1296619124.9375
69.4126266666667	1531713392.88672
69.4451533333333	1309844116.04883
69.47791	1282460551.96289
69.51117	1487871786.90625
69.5442866666667	1423721930.16797
69.5771833333333	1350070975.27344
69.6093966666667	1428434874.63867
69.6424333333333	1404143528.72656
69.67503	1602353056.30273
69.7079083333333	1422678766.12891
69.7410683333333	1552259075.56836
69.7741183333333	1530614923.78516
69.804905	1430828528.07031
69.8377	1467929376.25195
69.8702216666667	1553123700.43945
69.9023266666667	1587044922.23047
69.9355666666667	1667473577.91406
69.9672966666667	1643269893.23047
70.0005383333333	1731779472.05469
70.033685	1538137279.67969
70.06614	1364825826.63281
70.0989566666667	1490261924.00586
70.1326883333333	1433195996.04688
70.165705	1544907392.95313
70.1991483333333	1702369622.99023
70.2314216666667	1659002837.30078
70.2637533333333	1597478133.34766
70.296835	1515312151.25977
70.32983	1574635441.96289
70.3612633333333	1785149001.53906
70.393215	1499227027.27734
70.4279733333333	1634237715.9375
70.46141	1731445032.81445
70.4939183333333	1642767882.07422
70.527035	1755744019.52734
70.5614766666667	1348241296.32227
70.5959066666667	1442663669.63867
70.6283916666667	1385174086.59766
70.66086	1245566402.30273
70.6946466666667	1341668735.36328
70.7301016666667	1286752372.97266
70.7624733333333	1273742127.19922
70.7939466666667	1098247891.17578
70.8260633333333	1281559649.00391
70.85661	1260657849.09961
70.8882033333333	1119946145.79297
70.9201033333333	1152935100.93164
70.9522983333333	1459068032.70313
70.98427	1318394672.23047
71.0162833333333	1302213219.10156
71.04796	1364593625.67383
71.0783416666667	1776192124.12305
71.11	1544267172.39258
71.1411566666667	1610335275.68555
71.1740333333333	1502182428.41211
71.2070083333333	1463217312.10742
71.2392983333333	1414883025.97656
71.2726866666667	1434631059.15234
71.3034116666667	1279931533.74609
71.3371416666667	1368202601.23438
71.3698783333333	1445165967.85352
71.40025	1502721696.98242
71.4329166666667	1297899484.14453
71.4658716666667	1260393949.21289
71.499505	1263095099.23047
71.5319033333333	1191242932.75195
71.5652066666667	1172286467.97266
71.5985833333333	1360667348.94141
71.6309	1259251116.98242
71.6646183333333	1457455036.14063
71.6979316666667	1406417444.55078
71.7298366666667	1497348989.5918
71.7624116666667	1365334263.81445
71.7958766666667	1322369044.24414
71.8292433333333	1366599448.75195
71.8604033333333	1493378866.89648
71.891335	1514313428.69336
71.922885	1372657795.2793
71.9539466666667	1328086277.5293
71.9858466666667	1366650166.61133
72.0175833333333	1296997389.83984
72.0494666666667	1328523729.50195
72.0803933333333	1228163412.49023
72.1109816666667	1393791688.92383
72.1415683333333	1395920117.01563
72.1726783333333	1408229848.12109
72.203755	1221163721.25977
72.23603	1165363196.9375
72.2667666666667	1211259152.73438
72.2997966666667	1166448253.48047
72.333725	1276522465.1875
72.3666633333333	1361233608.12305
72.3990783333333	1257598452.45313
72.4318183333333	1261499888.0332
72.4661433333333	1224975175.64258
72.4981633333333	1287956789.9707
72.5318566666667	1193206479.36523
72.56366	1244608693.89453
72.5967716666667	1446021404.51367
72.6311183333333	1266494775.74414
72.6647733333333	1153431222.63867
72.696465	1236547823.7793
72.7286366666667	1258099220.67188
72.7612833333333	1248688408.11328
72.7946166666667	1169665566.00391
72.8278183333333	1150605975.21484
72.8620616666667	1210295308.22461
72.89306	1396499196.09766
72.92575	1234576594.72461
72.957775	1403869032.6875
72.9904033333333	1071623875.75391
73.0236183333333	1145796496.32422
73.0561316666667	1258601193.99023
73.0881166666667	1056246022.70508
73.11842	1122749598.61328
73.1504266666667	1226038547.14258
73.183065	1420827927.80859
73.2148483333333	1281762745.07617
73.24736	1346237753.15039
73.2776633333333	1331109483.61328
73.30952	1293462823.77148
73.3417616666667	1378977194.66406
73.3754566666667	1305313055.11328
73.4064866666667	1340171571.75391
73.4398316666667	1372379524.50781
73.472285	1326229883.89453
73.5059266666667	1215735290.08398
73.53929	1296757009.51563
73.5739233333333	1193548554.62891
73.605225	1268199565.16211
73.6391983333333	1265872416.36914
73.674705	1173569602.94141
73.7073783333333	1250648347.01172
73.740825	1139345961.45703
73.7738766666667	1177309737.53711
73.8079833333333	1066598316.06641
73.8416083333333	1017449511.3418
73.8743133333333	963795129.757813
73.90643	921266738.584961
73.939355	975485223.435547
73.9730083333333	1198168491
74.0053133333333	1091391493.38867
74.0377066666667	1005704104.33203
74.0700583333333	1138428873.25391
74.101805	1130089050.3418
74.1336466666667	1224406089.42578
74.1669166666667	1357846402.75586
74.199035	1328695834.33594
74.230915	1235462029.10547
74.2639383333333	1331644856.95508
74.2962966666667	1275222646.54102
74.3292633333333	1213220632.08398
74.362205	1196512523.88477
74.3953416666667	1170084365.2207
74.4274616666667	1169503330.83008
74.4605233333333	1140111158.3418
74.4927016666667	1059323673.14453
74.5256483333333	967889799.466797
74.5564466666667	1100968990.21875
74.5880033333333	1047049177.22266
74.6196216666667	1037888312.86523
74.6521433333333	1060171444.7832
74.6842766666667	1198572062.94531
74.715615	1185958740.47461
74.7486866666667	1180643470.66992
74.7820166666667	1169438680.93164
74.8150166666667	1242574205.6543
74.8486933333333	1125953387.30859
74.8823116666667	1069473707.63086
74.9140733333333	983329806.680664
74.946795	997361140.727539
74.9789033333333	1060783644.11133
75.0104466666667	1277645472.6543
75.0412933333333	985189902.324219
75.074635	1037503429.60547
75.1058466666667	1059065042.4707
75.1382933333333	1136021982.69531
75.1716183333333	1084776406.48047
75.205195	1048699480.04492
75.238865	1345987702.27344
75.2717983333333	1138252278.26563
75.3043933333333	1122516237.60547
75.3367683333333	1158510595.86719
75.3697483333333	1120644144.14258
75.4014833333333	1039512411.32031
75.4347066666667	1122526974.19336
75.4674383333333	1132512573.50977
75.499815	1096653954.4043
75.5334516666667	990312728.658203
75.5649433333333	1083973801.50195
75.596765	1041792571.23242
75.63014	975574784.119141
75.66269	1022790965.08984
75.69425	964721793.983398
75.7244066666667	1128814102.0957
75.75647	1042184046.48242
75.7889966666667	1186789932.45313
75.82185	1169344430.17188
75.8535233333333	1193390161.48828
75.8869083333333	1165357616.72656
75.91891	1129392346.33984
75.9509383333333	1306724861.01563
75.9826066666667	1260548167.7168
76.0141616666667	1251626206.84961
76.0455466666667	1193176979.33984
76.07893	1201098635.43164
76.10978	1222444855.04297
76.14109	1203365471.14648
76.1728883333333	1215517021.51953
76.205475	1190982043.34961
76.2379466666667	1242023318.26172
76.2717366666667	1425647653.2793
76.30329	1363390762.08008
76.3358033333333	1238528510.33984
76.36852	1247063866.2168
76.4012116666667	1381833759.45898
76.4340766666667	1386728245.16602
76.4664816666667	1242905865.8457
76.4984733333333	1451054420.21289
76.53172	1367045246.35938
76.565235	1540235747.78125
76.5971533333333	1365224772.39844
76.630345	1154283347.65625
76.6633483333333	1150472093.71484
76.697045	1122990322.4043
76.7331083333333	1101499789.19727
76.76658	1232027057.25195
76.7993516666667	1098937626.68555
76.8322766666667	1051340856.83984
76.8665666666667	1072635065.3418
76.900385	1076709957.49316
76.9323716666667	1071076936.2666
76.964995	1073027467.4043
76.998485	997052801.125
77.0308383333333	916678205.570313
77.0639383333333	1170202432.48242
77.096635	1124279955.56055
77.1301283333333	961389594.226563
77.162685	989210291.861328
77.1951733333333	996952262.978516
77.2268933333333	1085705790.85547
77.2575316666667	1129322223.59375
77.289585	1190609252.89844
77.3217283333333	1150989112.78906
77.3544883333333	1044047411.94727
77.3866216666667	986470502.341797
77.4193033333333	1116605991.85156
77.451765	1074398887.61328
77.4845933333333	1064365446.94922
77.51783	983249895.816406
77.5513133333333	910731942.667969
77.5839266666667	1079741454.82031
77.616305	991503908.982422
77.648895	1005992818.11133
77.6811466666667	1062614806.19336
77.7149783333333	1055397958.80078
77.7474833333333	1022477394.38867
77.7802366666667	948035017.431641
77.8133216666667	935507859.582031
77.8457566666667	935431876.017578
77.87902	1004472432.27344
77.911	1011336036.4043
77.9442316666667	1009751315.56055
77.97544	1077124073.10352
78.00742	874041434.385742
78.039515	960419053.21875
78.072415	885938487.786133
78.1056483333333	959411518.431641
78.1374816666667	1020767742.99023
78.1705016666667	1032622867.15625
78.2038216666667	1004189214.14063
78.23606	1139528780.4668
78.2688633333333	1053913816.16602
78.3011066666667	1144033257.29883
78.3343516666667	1124615857.0625
78.3679916666667	1108425027.6875
78.3999883333333	1158713738.42578
78.4334866666667	1218771878.92383
78.4658466666667	1220312485.16406
78.4980216666667	1142542587.61133
78.5314266666667	993304148.390625
78.5657066666667	1052840311.85156
78.5994133333333	1176264592.18945
78.6338683333333	1138994958.3125
78.666325	1018824467.70703
78.6995833333333	1131092701.71289
78.7334183333333	1145198678.79688
78.7662533333333	1246115367.26953
78.7990566666667	1000492452.95313
78.834375	1018082628.98438
78.8676933333333	1017713444.58008
78.9018766666667	964894530.158203
78.9350016666667	988988872.613281
78.96817	1095960542.63477
79.0011133333333	1183588118.64648
79.03484	1044369432.81641
79.067695	1222669706.72656
79.1011666666667	1058708958.82617
79.1334183333333	1064002046.00781
79.166945	1196813066.77539
79.1993116666667	1020570262.29688
79.2316933333333	1232352737.05078
79.2647566666667	1241867564.99609
79.2963016666667	1159394239.86523
79.3287483333333	1250999989.79492
79.36127	1429060449.42773
79.392145	1292900273.91992
79.4242116666667	1282391002.79492
79.4571133333333	1228370662.46875
79.4889416666667	1224702966.93164
79.5210433333333	1275045455.33008
79.5532083333333	1162796298.96094
79.5845716666667	1362582384.99219
79.6167233333333	1079315354.95313
79.648665	1183349046.63086
79.680365	1051009141.45898
79.7123233333333	1159398252.55664
79.7441816666667	1035260320.80664
79.777355	988939378.376953
79.8095466666667	1028797184.81836
79.842735	911800582.107422
79.8769033333333	1017481703.73633
79.9099683333333	902454900.661133
79.9435683333333	1025201654.26563
79.9761383333333	853655300.046875
80.0091766666667	913971618.555664
80.0418416666667	928389665.365234
80.0746333333333	986608065.716797
80.1073966666667	945591835.746094
80.1406533333333	1044603073.71875
80.173205	1189508177.41406
80.2059166666667	1070239436.23633
80.2395683333333	1213641571.65234
80.2721166666667	1096408694.49609
80.305275	1245806925.27539
80.335655	1114757867.05273
80.3691483333333	1140245343.7793
80.401585	1069514882.47461
80.434015	1083286301.99609
80.46683	1210330815.37305
80.5001866666667	989790263.671875
80.532555	1099088810.7793
80.5641533333333	1010742539.79492
80.5975166666667	1053076220.66211
80.63007	1128452966.19922
80.6635466666667	1009745114.52734
80.6963366666667	1064584989.26563
80.7294183333333	1005675721.08008
80.7614216666667	948750571.725586
80.7932866666667	976750014.837891
80.8263066666667	1018661402.19727
80.86	982436396.517578
80.8929033333333	960186574.542969
80.9256733333333	973535510.896484
80.9573183333333	1049909655.40039
80.9903066666667	899908527.138672
81.023475	959518914.876953
81.054735	900820389.976563
81.0891466666667	927044633.146484
81.1222316666667	927122116.361328
81.1548116666667	924121103.984375
81.1883366666667	1013026906.11328
81.2210516666667	1072975485.28516
81.25316	971519152.658203
81.2860916666667	1000433763.96094
81.319625	942393203.115234
81.352215	1069695822.12305
81.3847266666667	1257694466.72266
81.417965	1000005033.8457
81.4502033333333	1359392375.16016
81.48225	1125234249.2168
81.513885	1122268847.27539
81.546105	1002856622.43945
81.5769916666667	1088762914.62305
81.60864	1144576224.28125
81.6399733333333	1069900075.75
81.67256	1085284399.03516
81.7050666666667	983613498.955078
81.7378266666667	986027858.931641
81.7705383333333	1194136596.11719
81.8021716666667	1056945774.47266
81.8351083333333	1114803418.07227
81.866735	1262023813.27539
81.899165	1090306381.49805
81.9312183333333	1158568865.80859
81.9639666666667	1106136838.51367
81.9953783333333	1112711656.42188
82.0286583333333	1039795185.53906
82.0601933333333	1065727508.98242
82.0933183333333	992558633.503906
82.1260216666667	1085774708.56836
82.15755	1090753817.60156
82.1894183333333	1058014112.47266
82.222195	1121411906.9707
82.255285	1054176334.38672
82.287255	1012907730.43164
82.3188666666667	984991231.148438
82.3506683333333	1165060948.50391
82.38283	1145141564.78125
82.4159666666667	1213544880.12695
82.4481633333333	1155466077.78125
82.4810483333333	1177020054.92773
82.5128883333333	1484617264.91211
82.5452083333333	1441534458.0957
82.5783666666667	1274513728.39258
82.6118766666667	1221646642.94922
82.6449783333333	1424052802.58008
82.677355	1311848167.27148
82.7096816666667	1262430152.92969
82.7426633333333	1235242337.31445
82.77431	1235278234.19141
82.8093033333333	1341053289
82.84397	1296357515.06055
82.8753	1155338892.64844
82.9076216666667	1164275000.24023
82.9405966666667	1321669566.39063
82.9730833333333	1220948864.45508
83.0072366666667	1279350041.6543
83.0409516666667	1305233370.33984
83.0733683333333	1218280242.09375
83.106515	1117230383.00586
83.1388383333333	1257751792.7207
83.17235	1395750790.625
83.2045683333333	1254040779.61133
83.2365133333333	1225581809.32422
83.2697583333333	1225607154.83984
83.30186	1150337900.48047
83.3343683333333	1125814705.05273
83.3670516666667	1086916030.39258
83.4000916666667	998831541.314453
83.43334	1066596736.99805
83.466465	1036741602.86719
83.5000116666667	1098743383.17383
83.53351	1044444948.10938
83.56631	1091313208.98438
83.599115	1098102847.0957
83.6318816666667	1209162432.95898
83.6652166666667	1190291980.0918
83.698325	1226029456.54297
83.7314066666667	1290307319.7207
83.7641616666667	1222718560.02148
83.7965233333333	1328912558.18359
83.8298766666667	1302544707.48242
83.8628	1464625225.21875
83.8949116666667	1345309145.46289
83.9275766666667	1265809606.50391
83.9606366666667	1289287758.64648
83.9950983333333	1323269569.27734
84.0287233333333	1180657117.88477
84.0624633333333	1109046190.10352
84.0958366666667	1001829159.51074
84.1279033333333	1036787782.30859
84.1605916666667	1037303621.86133
84.1933016666667	899922035.098633
84.22654	824245566.955078
84.258955	860727639.608398
84.29101	802916275.408203
84.3237316666667	930534197.498047
84.3563033333333	816039017.772461
84.3883533333333	814740408.790039
84.4206216666667	899672258.84668
84.4535183333333	903034547.949219
84.486885	1165424878.83984
84.5198433333333	947562095.878906
84.55246	968021523.691406
84.5851866666667	904818356
84.6181383333333	1051852431.94922
84.65104	961768391.666992
84.6848	892095568.083008
84.7176883333333	916600599.213867
84.7508916666667	940204557.016602
84.783895	949452177.181641
84.81603	1012065734.39063
84.84779	986648758.472656
84.8813966666667	1156008893.59961
84.9147516666667	1045853874.8418
84.9481266666667	1131558816.57813
84.98072	1082048535.04688
85.0127966666667	1091353116.62109
85.044875	1066839093.49805
85.0767783333333	1164056246.21094
85.1085916666667	1049392609.45117
85.1408166666667	966083731.402344
85.1734433333333	1007010255.48438
85.2057	1072637660.29883
85.2388966666667	1153304948.73828
85.2708833333333	1015102195.18945
85.3035566666667	1002609191.12891
85.33576	1033496988.17969
85.3676366666667	1080695299.68164
85.4005066666667	1096417171.17969
85.43356	1107053599.32813
85.466545	1020802336.83203
85.4994116666667	1026370552.74219
85.53285	1146017005.35547
85.5649783333333	1178039549.77148
85.596155	1033394542.35156
85.627755	1094602076.9707
85.6588716666667	1097315431.33984
85.69261	1088891618.2207
85.7248233333333	1053733093.07813
85.7584666666667	1089695297.43359
85.793115	1090109845.35938
85.825355	1028777850.77734
85.85809	1153657385.98242
85.89065	1031452171.82031
85.924515	1082927097.83203
85.9567066666667	1170560533.57617
85.9906683333333	934968999.849609
86.0241833333333	979695894.240234
86.0581583333333	1051600498.52344
86.0919383333333	1127414052.98633
86.1252733333333	1009022136.67578
86.15923	913026388.242188
86.1916216666667	1032346895.42773
86.2246833333333	1169383328.2207
86.2574833333333	1246989402.89648
86.29091	1233661264.45703
86.32407	1273395022.32422
86.357625	1438897213.0918
86.3907866666667	1436967145.80664
86.4240133333333	1438530001.58398
86.455245	1393131285.96094
86.4868983333333	1368425229.54883
86.5200933333333	1352836045.05273
86.5526366666667	1421226053.42188
86.5865366666667	1347412654.96875
86.61939	1293302998.4082
86.6524633333333	1242088044.45508
86.685255	1198438174.6543
86.7187466666667	1167481564.52734
86.7537	1124113910.42773
86.786455	1131887943.94922
86.81874	1076398853.35352
86.852345	1098831336.59375
86.8865783333333	1209700497.60156
86.917585	1032239083.88281
86.94905	957715119.712891
86.982725	1025446481.21875
87.0150583333333	1076644792.125
87.048455	1003835531.5293
87.08117	981042912.541016
87.11401	1093529046.48828
87.1458066666667	1003671108.99805
87.1790166666667	944417365.173828
87.2123383333333	894630500.757813
87.245785	885110500.335938
87.2790816666667	1034661379.11328
87.311965	912574003.310547
87.34383	871211923.144531
87.3765783333333	849981715.161133
87.4093833333333	859509626.199219
87.4428033333333	812960283.253906
87.4755533333333	789022700.90625
87.5093666666667	838088916.008789
87.54267	860118115.106445
87.5752683333333	908236997.080078
87.6075	898771143.637695
87.6394733333333	895550560.225586
87.6715016666667	853809952.835938
87.7051966666667	936330060.505859
87.7389433333333	952724558.322266
87.7716916666667	1063132280.56055
87.8046533333333	1076025315.875
87.8361333333333	1045014715.47852
87.86872	1138085422.01563
87.9012116666667	1139808911.26172
87.9331366666667	1192677920.93359
87.9655	1153572474.07813
87.9963366666667	1227967707.86133
88.0287466666667	1183784422.14453
88.0613616666667	1138914871.58594
88.09348	1231498632.5293
88.1259116666667	1099691127.71094
88.1597066666667	1115188519.61914
88.1926416666667	1293953726.77734
88.2258366666667	1276457633.14844
88.2594883333333	1198875479.23633
88.2911433333333	1236317337.83008
88.32532	1299914180.24414
88.3588233333333	1268158317.81836
88.3925166666667	1351413465.05859
88.4245516666667	1380117643.39258
88.458585	1272941025.39844
88.49177	1233999603.74805
88.5248216666667	1253521975.99805
88.557305	1299782237.43164
88.590725	1243953398.55469
88.623205	1346229778.69922
88.6561466666667	1324221122.06055
88.6882233333333	1502546977.00195
88.720515	1441665297.89258
88.7535483333333	1261157863.57422
88.7848633333333	1356688240.85352
88.8176666666667	1269570239.75391
88.8494116666667	1320575988.3125
88.8814166666667	1230906927.48633
88.9169383333333	1232977425.24609
88.9492666666667	1173360854.22656
88.983785	1327391970.84961
89.01796	1161859530.08789
89.04953	1208226716.45117
89.0827083333333	1202698119.64648
89.1167266666667	1038459032.71094
89.15058	944128259.336914
89.1834433333333	1055970567.33008
89.2158916666667	1168173687.92773
89.2492583333333	1003727140.04883
89.2819066666667	1000082108.06641
89.3160866666667	1053688582.82031
89.3490983333333	968578958.111328
89.3821483333333	967107058.953125
89.4150233333333	942577938.758789
89.4478016666667	974850041.152344
89.4804933333333	857158877.477539
89.513205	901002489.544922
89.5454	897362673.806641
89.5772116666667	868453971.039063
89.6090066666667	923172739.518555
89.6403266666667	920247932.292969
89.6730233333333	836693143.616211
89.7061933333333	828378568.442383
89.7391283333333	1016734257.95117
89.7718633333333	949799168.84668
89.80465	887865187.333984
89.8377566666667	885555381.8125
89.86959	1077561532.56445
89.902405	894858843.743164
89.9352666666667	964784437.382813
89.966745	942471270.277344
89.9995283333333	1076180346.7002
90.0319633333333	1120457526.82422
90.0638783333333	1108993436.91016
90.0961033333333	1168446467.04492
90.128895	1178134372.15625
90.1611616666667	1418921457.46484
90.1939216666667	1400527573.55469
90.2263266666667	1353855470.86328
90.258495	1244703616.69336
90.2905516666667	1403465678.02539
90.3243333333333	1348669127.78711
90.3577833333333	1388158902.57617
90.3902833333333	1330147889.23438
90.423985	1279285945.39844
90.4555983333333	1359025008.62695
90.4893166666667	1282236247.23633
90.519595	1379080282.16797
90.552725	1358569600.59375
90.5856166666667	1328287385.32031
90.61707	1257416932.03711
90.6492	1229674827.03906
90.6815033333333	1271890634.90625
90.7153883333333	1179877441.58789
90.7478416666667	1182724408.49805
90.780735	1133288838.96094
90.81386	1172059454.63867
90.8462283333333	1100004878.19336
90.8787066666667	1073359496.55859
90.9115533333333	1087679738.01172
90.9436466666667	1054945529.31445
90.9757566666667	1148972159.25
91.0069583333333	980622025.338867
91.0401133333333	1078341471.54492
91.07019	941381971.689453
91.1024116666667	924092103.948242
91.1353833333333	869345054.244141
91.1683816666667	855232523.422852
91.2033	1014942443.52148
91.2348416666667	877669831.206055
91.2675666666667	821649883.499023
91.3004933333333	1058489762.67773
91.33252	961417673.828125
91.366725	1038160890.07227
91.398185	964752390.392578
91.43185	920567049.527344
91.4659283333333	945505770.496094
91.497485	924616432.176758
91.5303016666667	930656249.448242
91.5631383333333	952512904.177734
91.5959516666667	990160480.652344
91.6282216666667	938577705.677734
91.66151	1042285030.85156
91.69531	1062128998.45313
91.7275966666667	1075809423.08203
91.7616083333333	1076453822.16602
91.7937116666667	1083583609.4707
91.8275216666667	1032900826.5332
91.8599166666667	1006171399.49609
91.893	1085663174.33594
91.9252666666667	984110726.199219
91.9586566666667	959331001.149414
91.9916383333333	962665829.150391
92.0242033333333	993175197.569336
92.057475	977642056.611328
92.090575	1101503991.04883
92.123115	1101514553.85547
92.1555683333333	1043116219.19727
92.1880116666667	1035840111.74414
92.22072	1113210563.12695
92.2530516666667	1122733541.83984
92.286175	1155998719.3418
92.318855	1153514930.50391
92.3509166666667	1129568312.14844
92.38291	1204992791.18945
92.41538	1732362106.00977
92.4472166666667	1449485467.97852
92.4778316666667	1262083384.67578
92.5093616666667	1382950104.5332
92.5413616666667	1254378906.56055
92.572835	1228554880.4375
92.6047266666667	1229811382.94336
92.6365583333333	1300547480.99023
92.6701266666667	1171236428.55273
92.7036583333333	1033867480.56055
92.7364833333333	983330829.189453
92.7693433333333	1086676704.33398
92.8029333333333	1061859000.07031
92.8347883333333	1036712079.07422
92.86825	1092963630.45703
92.9002066666667	1086299995.17383
92.93288	1228386013.74023
92.9641416666667	1228984761.19727
92.995285	1348345964.4668
93.0260716666667	1425201301.7168
93.0562583333333	1454055957.01172
93.0868583333333	1398864819.99805
93.1173966666667	1396380493.49609
93.148555	1458651289.51758
93.17988	1492708532.00586
93.21083	1541645829.13477
93.24155	1537427807.29883
93.2723166666667	1707082998.56836
93.3029166666667	1830945284.75781
93.3332683333333	1881025310.49609
93.3636516666667	1884563626.41016
93.3937766666667	1866737514.99219
93.424245	2138652331.49609
93.4555283333333	2154758708.77539
93.4865433333333	1903143424.41211
93.51772	2017840887.85938
93.5487066666667	2094553475.66016
93.5811233333333	2142213065.77734
93.6122966666667	2072326643.64453
93.643325	2075580897.73438
93.6740833333333	2054550722.15625
93.7036066666667	2042812981.90625
93.7331266666667	2014104362.83203
93.7637116666667	1819884819.35352
93.792815	1834117363.69336
93.8231633333333	1895606407.40625
93.85377	2026563696.37891
93.8848166666667	2117319115.07422
93.9150083333333	2440120895.14453
93.9464166666667	2612183335.80078
93.9761066666667	2887844526.03125
94.0068683333333	2701000890.44922
94.037095	2529989888.75
94.0674166666667	2638648202.58984
94.09716	2651131555.73828
94.127375	2316250408.99609
94.1566183333333	2338313087.26172
94.18654	2292803609.46094
94.2167483333333	2487310307.29297
94.24695	2776179580.79297
94.2768483333333	2702338084.96484
94.30728	2844550251.02344
94.3375766666667	3146699902.40234
94.3680083333333	3172511147.34375
94.397425	3093956143.37891
94.4275366666667	2903609844.30078
94.4576533333333	2821946243.64063
94.4875783333333	3086856655.32422
94.5178866666667	2899550348.49609
94.54808	2934667449.9375
94.578385	3134122584.14063
94.60814	2843361560.78516
94.6367783333333	2902749181.66016
94.6658216666667	2778576225.23047
94.69525	3099567167.39844
94.7249783333333	3302071824.23047
94.7546583333333	3319268309.69531
94.7844416666667	3285146428.23438
94.814445	3084103720.87891
94.8437883333333	3244752328.30469
94.8723683333333	3247472436.07031
94.9016766666667	2860176537.50391
94.9308766666667	3175306166.25
94.96001	3327468361.57813
94.9890166666667	3277069037.32031
95.017505	3436395784.54688
95.0470116666667	3280086960.88281
95.0774683333333	3367380449.47266
95.1088333333333	3680212473.67969
95.13886	3446177242.59766
95.1686416666667	3353784932.91016
95.1982783333333	3261820551.93359
95.22713	3432786820.79688
95.2567516666667	3305636558.03906
95.2857866666667	3216335955.34766
95.3147933333333	3186834468.34766
95.3442583333333	3135555800.04688
95.3742216666667	3487099247.26172
95.403425	3074423046.05078
95.4321466666667	3243387447.48828
95.4608916666667	3255824570.07813
95.4898566666667	3294239781.89844
95.5190233333333	3026695840.11719
95.5491783333333	2962587712.71875
95.5797216666667	2920404109.75
95.6096833333333	3181565471.5625
95.6384733333333	3290498403.87109
95.66788	3403345319.33984
95.69729	3350291127.35938
95.7257433333333	3392619657.55078
95.755485	3582353097.95703
95.7844833333333	3614423663.57422
95.8142333333333	3493471997.78906
95.8437766666667	3388507858.74219
95.872915	3554456298.16016
95.9018816666667	3514777010.36719
95.9317516666667	3353978172.18359
95.9617516666667	3247135088.56641
95.9917166666667	2973261179.99219
96.02176	2836743457.05469
96.051185	2912186154.38672
96.0804966666667	2666848501.96484
96.1088633333333	2883363474.15625
96.137015	2776204704.54297
96.1661083333333	2831266982.94922
96.1955366666667	3127997885.23438
96.2251383333333	2924928698.07813
96.2549566666667	2971805333.15234
96.28433	3025788844.45703
96.3139283333333	2571057540.08984
96.3444733333333	2692075997.53516
96.374885	2748443511.75
96.4053483333333	3196473468.66406
96.436265	2959819205.21094
96.4664633333333	3194298586.70703
96.4955716666667	3007879891.24219
96.52539	2435154558.73828
96.5551783333333	2455400043.66797
96.58567	2606786856.14453
96.61529	2588952832.21875
96.6443816666667	2679146309.98438
96.6738083333333	2461934138.0625
96.7029716666667	2800187885.54688
96.7325966666667	2401445582.38281
96.7617333333333	2541778026.88672
96.7909683333333	2321490981.22656
96.8204066666667	2476405497.5625
96.8503916666667	2535591031.09766
96.880075	2177218460.08984
96.9086783333333	2450601215.80469
96.93814	2061853383.46094
96.967665	1983225026.41797
96.9970333333333	2210883723.89063
97.02704	2410974962.31641
97.05709	2539272754.64844
97.0875583333333	2377699893.03125
97.11682	2240952903.39453
97.1466666666667	2164706389.46094
97.176975	2212075892.26953
97.2072366666667	2429242065.19922
97.2375533333333	2657300303.86328
97.2679166666667	2791442814.80859
97.2981466666667	2720502300.01172
97.3275816666667	2562971103.29688
97.3568416666667	2665939791.59375
97.386775	3027737191.03125
97.4167483333333	2794842837.28125
97.4473633333333	2488901754.48828
97.4773383333333	2246441786.28125
97.5072983333333	2174377286.51172
97.5367966666667	1881616061.55469
97.566635	1507029704.19727
97.59603	1539635401.18945
97.62652	1691696444.76953
97.6561833333333	1509263197.50195
97.68608	1465841758.17383
97.717335	1513955892.87695
97.7483383333333	1397090473.29102
97.7800116666667	1448037047.91016
97.8100816666667	1512687953.95313
97.8398216666667	1497946827.59961
97.8700166666667	1618654979.41992
97.9006166666667	1428716034.14844
97.9319933333333	1344953976.64844
97.962655	1358105744.89453
97.9937116666667	1237670863.11133
98.0254583333333	1304999131.73242
98.057095	1184404644.36133
98.087155	1322402598.91016
98.1168733333333	1494869136.30664
98.1472183333333	1629807346.99414
98.17788	1646221323.43945
98.2086383333333	1330201371.52539
98.238715	1164200844.12891
98.2705666666667	1086738817.76367
98.3006633333333	1116820999.0293
98.3315666666667	954681026.869141
98.36117	885491388.298828
98.39278	761406310.529297
98.4233016666667	879939035.970703
98.45496	682880888.204102
98.4863983333333	715750117.947266
98.5177583333333	648320964.473633
98.550235	624770812.546875
98.58242	681800779.900391
98.6140433333333	601902876.24707
98.6449233333333	573931851.222656
98.6758416666667	566191819.788086
98.7070016666667	572683149.089844
98.73768	541044221.649414
98.7696433333333	518888361.916992
98.8014516666667	537545856.285156
98.8328633333333	474436828.222656
98.8645066666667	473616088.407227
98.8960416666667	449008601.533203
98.9292466666667	442581705.43457
98.9604066666667	461742358.000977
98.99368	394648180.026367
99.02704	357776828.05957
99.0621733333333	326149440.405273
99.09578	288644340.758789
99.1285733333333	286424327.382324
99.1615533333333	338747783.660156
99.1945283333333	343911430.635254
99.2276733333333	346909054.056641
99.2596683333333	348457811.205078
99.29306	322303950.843262
99.3258883333333	296270409.596191
99.35835	279768072.112305
99.3915216666667	304630379.153809
99.42379	327713332.617188
99.4563633333333	423086230.270508
99.4892416666667	409353681.84375
