RetentionTime	Intensity
0.00342166666666667	3288114.15689087
0.04532	3311411.57839966
0.0892583333333333	2803799.96542358
0.132938333333333	2879977.65852356
0.17622	2339277.44874573
0.220886666666667	2470874.47749329
0.265616666666667	2107942.11593628
0.31081	1184125.2677002
0.355901666666667	711169.679267883
0.400725	504145.563018799
0.446621666666667	427933.203208923
0.492271666666667	419800.463882446
0.53728	419272.3489151
0.582993333333333	390107.666069031
0.624738333333333	485088.132408142
0.669971666666667	396503.86101532
0.715683333333333	420968.490577698
0.761335	400182.122505188
0.806976666666667	433258.451133728
0.852373333333333	451758.738189697
0.897575	410015.225387573
0.942856666666667	450484.399978638
0.987821666666667	428280.067749023
1.03340166666667	415958.934616089
1.07857833333333	409847.670288086
1.12237333333333	420660.791152954
1.16585666666667	426209.22769928
1.21025	393853.670524597
1.25399833333333	428480.21622467
1.29896666666667	391945.516815186
1.343645	422502.582473755
1.38795	426060.780639648
1.43269666666667	431935.418106079
1.47709833333333	438271.727920532
1.52265166666667	428397.053520203
1.56848833333333	427891.267181396
1.614105	452327.987663269
1.65985666666667	444246.424263
1.70491166666667	459212.550735474
1.75065	452829.396125793
1.79565333333333	391345.468688965
1.841185	500690.151390076
1.88591333333333	458199.461921692
1.93140666666667	468287.569519043
1.97667333333333	472868.226203918
2.02251166666667	485184.529602051
2.06849333333333	569072.038505554
2.11290833333333	459447.154159546
2.157875	488476.715408325
2.20219666666667	444188.416290283
2.24721333333333	446843.448455811
2.291955	468786.114257813
2.33786333333333	420195.288597107
2.384225	516690.345779419
2.42847	493088.044433594
2.473435	490117.671707153
2.51884166666667	445460.10168457
2.56396666666667	468522.402023315
2.60992166666667	457459.457382202
2.65602333333333	476333.369148254
2.70195166666667	511706.262634277
2.74674833333333	475535.79536438
2.79317166666667	488828.224472046
2.83856	483466.303276062
2.88362333333333	471256.432197571
2.92965	468506.081352234
2.97510666666667	503036.051376343
3.02089333333333	479832.128379822
3.06691166666667	498713.622238159
3.11282666666667	505498.761100769
3.15857666666667	470596.015197754
3.202585	532604.637947083
3.24659333333333	515715.082717896
3.29232666666667	511721.150024414
3.33680166666667	503005.42881012
3.38334166666667	509009.970825195
3.42820333333333	588600.53188324
3.47430166666667	516681.720359802
3.51921	526536.253395081
3.56423833333333	589202.896064758
3.60977666666667	532935.214981079
3.65469666666667	551859.187515259
3.70098166666667	586803.901000977
3.74662666666667	537313.239967346
3.79268833333333	542697.363739014
3.83660333333333	556973.022789001
3.88249333333333	555987.851463318
3.928735	608069.192741394
3.97423666666667	521288.570617676
4.02075166666667	533898.925575256
4.067005	568180.76083374
4.106675	564900.002182007
4.153515	528514.570045471
4.199205	565852.770713806
4.24434666666667	555821.613807678
4.289285	566165.575378418
4.33441333333333	575585.316467285
4.37946166666667	545885.975494385
4.42593166666667	616937.344093323
4.47114333333333	572254.253761292
4.51648666666667	541503.060249329
4.56158833333333	608651.249153137
4.60688	551273.780937195
4.65250333333333	535836.641075134
4.697815	559542.073196411
4.74367666666667	586059.199607849
4.79007	604558.843345642
4.836235	571116.700187683
4.8817	617152.852340698
4.92818166666667	729237.654502869
4.97334166666667	603338.144599915
5.01930333333333	665951.906524658
5.06590666666667	689497.888313293
5.113115	648206.158309937
5.15953666666667	626788.081169128
5.20568666666667	614714.721405029
5.24994833333333	634829.981826782
5.29542666666667	583789.744621277
5.34100166666667	575083.379486084
5.38607166666667	578373.274299622
5.43267833333333	545450.988586426
5.478435	547377.903816223
5.52289166666667	546398.148071289
5.56737166666667	571066.43157959
5.612875	568295.596893311
5.65846166666667	639785.990119934
5.70356166666667	615121.146789551
5.74938666666667	615243.990600586
5.79494	625914.283035278
5.84156166666667	768919.269813538
5.88677666666667	749896.528297424
5.93318333333333	789678.192451477
5.979695	664831.07901001
6.02597	673344.583129883
6.07227166666667	660057.169059753
6.11826	630265.159606934
6.164255	621387.678489685
6.21097333333333	649225.853599548
6.255795	596699.186149597
6.30044666666667	643469.712364197
6.346955	641400.245742798
6.39279333333333	668088.291496277
6.43956333333333	706483.007301331
6.48594666666667	730264.808303833
6.53198666666667	758405.499275208
6.57674666666667	856143.338157654
6.62222	807925.950286865
6.66801833333333	736096.88142395
6.71417	748902.453865051
6.75987333333333	800980.753898621
6.80513833333333	812556.639457703
6.85121833333333	836494.231552124
6.89680666666667	827844.871376038
6.943425	823059.467147827
6.989765	870923.934181213
7.03516166666667	908808.928779602
7.08074666666667	921784.818054199
7.126195	867749.577682495
7.17244833333333	945221.388710022
7.21898	875651.075416565
7.26391666666667	1011586.78610992
7.30793333333333	876926.420524597
7.35386833333333	886712.987533569
7.39940666666667	928396.1378479
7.44644166666667	1019390.79889679
7.49264166666667	1012293.87067413
7.53847166666667	1092626.17720795
7.58263	1068509.91866302
7.62945166666667	986509.049705505
7.67532	937604.198898315
7.72196166666667	895862.446586609
7.76915166666667	865252.007675171
7.81582833333333	828587.432830811
7.86187166666667	777659.799026489
7.90716833333333	775841.408569336
7.95341666666667	817112.424720764
7.99980666666667	761267.942512512
8.04667	933552.555770874
8.09204	933462.787269592
8.13817333333333	1009252.6758194
8.18474166666667	1007629.16144562
8.23091	1009575.974617
8.27646333333333	1022507.03177643
8.32202	1110087.67524719
8.36729333333333	1310682.79898071
8.41363	1349726.23458099
8.45922166666667	1417206.15032959
8.50430333333333	1389080.21556854
8.55056166666667	1395887.56474304
8.59548	1580504.56845856
8.64137833333333	1526568.87651062
8.68774666666667	1883720.90965271
8.73370166666667	1732538.03010559
8.77970666666667	1415285.32170105
8.82602833333333	1261598.70613098
8.873075	1131391.73660278
8.91834666666667	984830.654426575
8.96382333333333	1023175.26377106
9.00946833333333	962380.678459167
9.05576	1028249.71913147
9.10117666666667	922557.047660828
9.14710166666667	1013764.16511536
9.19281666666667	980248.646743774
9.23875333333333	1004809.94985962
9.28365666666667	1290095.42694855
9.32920833333333	1192707.64390564
9.37482	1169081.18552399
9.419845	1287238.33065033
9.465595	1586613.67622375
9.51190833333333	1653446.55417633
9.55842666666667	1748959.6255188
9.60426	1841954.70956421
9.65014	1843415.66482544
9.696695	2206381.69577026
9.74327833333333	2162124.94774628
9.79007666666667	2310392.91780853
9.83558166666667	2173865.21755981
9.88151833333333	2091995.93975067
9.92766333333333	2303818.78187561
9.972835	2022832.69563293
10.0196083333333	1714921.97776031
10.065235	1992298.6061554
10.1100516666667	1667998.38308716
10.1558166666667	1538107.69061279
10.2021933333333	1580482.51592255
10.2479116666667	1448143.3097229
10.2941166666667	1534321.75617981
10.3398033333333	1559062.18306732
10.3859233333333	1557351.03895569
10.4322433333333	1693802.24958801
10.478215	1515837.17887115
10.5234666666667	1596059.8433075
10.5702133333333	1656301.26236725
10.61516	1644684.24458313
10.66048	1512201.22779846
10.7057916666667	1569717.17202759
10.7516883333333	1510686.96443176
10.7983216666667	1538062.38247681
10.843925	1578889.35134888
10.8911983333333	1566982.54056549
10.9380233333333	1703184.16791534
10.984785	1856994.60167694
11.03118	1688900.77500916
11.0773466666667	1563659.2723465
11.1233533333333	1580763.71205902
11.1684466666667	1491215.48951721
11.2141166666667	1532633.07350159
11.26034	1985970.9493866
11.30626	3072046.38755798
11.3491366666667	5725979.41461182
11.3922733333333	11782619.7378235
11.4348233333333	18694518.249054
11.4802116666667	21564972.5898438
11.52183	20520474.717926
11.5658033333333	21318375.8776245
11.6114316666667	16655984.3586731
11.6571383333333	12852099.2453918
11.701305	11300507.2923889
11.7448033333333	9419369.4357605
11.7915783333333	10278689.2486115
11.8353383333333	11682214.2107239
11.8816083333333	12702003.180542
11.9275583333333	13661024.7937622
11.9734333333333	12700750.8100586
12.01767	13629695.4194946
12.0635633333333	9828238.49224854
12.10731	7951409.26502991
12.154485	6978669.86819458
12.2007216666667	5701649.46310425
12.2469433333333	5197638.23390198
12.2920383333333	5106490.51272583
12.3382416666667	4500949.38473511
12.3831816666667	4869692.94895935
12.4288766666667	4391247.14567566
12.4752683333333	6078204.3324585
12.5211733333333	5530770.82015991
12.5651083333333	6394984.78746033
12.6096883333333	8029800.03263855
12.65564	9977053.21862793
12.700375	11382822.0632019
12.7467383333333	13329698.0421753
12.7875916666667	14357608.2858276
12.8323016666667	14783794.006134
12.8786366666667	13978543.71698
12.9246366666667	13224664.810791
12.9708	11748082.0665588
13.0139183333333	11025222.6257019
13.0606166666667	7849399.07377625
13.1051716666667	8243840.31710815
13.1516833333333	7798780.8014679
13.1976233333333	8506679.5093689
13.2437566666667	8778681.18017578
13.2891266666667	9254427.88484192
13.335475	8697778.70715332
13.3826133333333	7989201.71995544
13.4291483333333	8073103.23947144
13.475855	7132140.14154053
13.5226883333333	7047108.65286255
13.5685116666667	6260410.16094971
13.61357	6149874.00880432
13.66078	6512724.29150391
13.706185	6972936.44299316
13.7518116666667	7159656.38012695
13.7964133333333	10196931.9100037
13.8370616666667	14295832.1493835
13.8804483333333	21703621.5476379
13.9229466666667	29016960.8388062
13.963085	30131636.9478149
14.008735	27967535.1682129
14.0552683333333	25575591.3723145
14.10096	21106838.1854858
14.1478383333333	16588501.2676086
14.1926116666667	13723691.7947083
14.2374583333333	11959385.727356
14.2846933333333	10577093.3641357
14.331455	9216103.30493164
14.3795066666667	9685399.41976929
14.4265666666667	10269122.7079163
14.4719633333333	10320749.9317017
14.5182133333333	9074420.49404907
14.5655916666667	9348647.27026367
14.6138	9979552.53866577
14.65931	9445054.84707642
14.7062933333333	9681720.03378296
14.75078	11058727.5924072
14.7959016666667	10092149.5233154
14.8428333333333	11599297.0653687
14.8860016666667	12594790.3756104
14.9315	13952893.5711975
14.9731316666667	14891968.9978638
15.0189733333333	16082503.0018616
15.0635583333333	16281080.3466797
15.1102716666667	18261252.5989075
15.1547516666667	19056375.3807983
15.2013566666667	22807488.7019043
15.24439	24450334.4326172
15.28989	23209036.8262939
15.336255	23958930.3165894
15.37942	25334293.9610596
15.4258433333333	21119539.0783691
15.4722333333333	26252000.869751
15.5182716666667	26361661.9251709
15.5619816666667	24206963.9703369
15.608555	23536694.5500488
15.6514616666667	20871729.3283081
15.694545	20421486.3460083
15.7368366666667	20418434.5438843
15.7800433333333	21543763.8986206
15.8227666666667	22262099.171814
15.8673	21123414.927002
15.907785	27936254.8765869
15.9503983333333	33500941.0732422
15.9915216666667	31108826.8771362
16.0358066666667	33061448.1887207
16.0809533333333	39414963.8773804
16.12519	42700529.9798584
16.1660066666667	47874047.6176758
16.2073333333333	46728461.5960693
16.2506883333333	50616944.5734863
16.2945866666667	46486008.3378906
16.338955	35542342.0161743
16.3826266666667	34186261.2713623
16.42489	32917234.6409302
16.4712316666667	24801223.8379517
16.51442	25547727.3040161
16.5556266666667	25516420.8806152
16.5996516666667	28995649.0645142
16.6451366666667	31619960.78479
16.68967	34282724.7717285
16.7333733333333	37079798.9901733
16.7775066666667	44025708.1914063
16.81865	44757799.5440674
16.859945	49850805.6680908
16.9018683333333	66242918.6191406
16.941385	91220656.427002
16.9800466666667	98754379.7966309
17.0229316666667	105840207.105957
17.0642633333333	114738956.130371
17.1013366666667	91953105.9658203
17.1402416666667	96708517.5185547
17.17982	80333399.8033447
17.2182083333333	77254736.4970703
17.2577	73565035.347168
17.2991116666667	75432760.4522705
17.34187	86773831.1555176
17.380035	85730830.2705078
17.4202216666667	101869193.960938
17.461225	139894562.269531
17.4993033333333	137520816.183838
17.54036	145311114.891602
17.57682	142478288.125732
17.6177216666667	155333232.272705
17.65561	153422435.900391
17.6963066666667	186101844.215576
17.7304233333333	199358564.546387
17.7676266666667	205943860.534912
17.8024633333333	214346647.177734
17.8369933333333	197639649.421387
17.8719316666667	180915800.540039
17.90615	197820101.564453
17.9441516666667	220552550.399414
17.9784583333333	259074872.638184
18.0103566666667	275462716.865723
18.0420733333333	307466238.327148
18.073155	362550527.66748
18.1057883333333	463579707.10498
18.14091	457123125.58252
18.17744	520684716.56543
18.2108466666667	594363837.698242
18.2424183333333	563551994.90332
18.2746516666667	557880362.369141
18.3094883333333	522865616.62207
18.3427516666667	481215237.933594
18.3809766666667	456022616.451172
18.4157666666667	522467925.572266
18.4495416666667	410912761.945313
18.481705	480362769.042969
18.5124716666667	535573597.78418
18.54371	516734557.532227
18.5772483333333	453927553.129883
18.6097366666667	478388888.424805
18.64146	501987560.296875
18.6725933333333	500679206.511719
18.7061333333333	538451718.988281
18.7386816666667	599771999.753906
18.770715	524466975.446289
18.8039366666667	535894812.602539
18.8348816666667	651719680.173828
18.866145	610140491.521484
18.8965383333333	628914653.773438
18.9277033333333	706140574.624023
18.95844	889722191.455078
18.9885716666667	881909085.740234
19.0196916666667	792220509.878906
19.0505333333333	859471308.982422
19.0798216666667	817634890.074219
19.1120966666667	902750096.319336
19.1431616666667	902340469.482422
19.1737216666667	951506769.523438
19.2049683333333	1021233861.09766
19.2354933333333	1068118622.01172
19.267235	1057019307.98438
19.298865	1058369709.44922
19.32925	994711182.25
19.3595233333333	971852851.617188
19.3901666666667	1076519811.55469
19.4213833333333	1093418688.76758
19.4550516666667	1094701450.59375
19.4889533333333	966406711.71875
19.5189866666667	1052438440.60938
19.5500016666667	1131188282.51172
19.58164	984453913.275391
19.6117816666667	950154091.408203
19.6411683333333	1235937957.73633
19.67179	1155699669.91406
19.7019666666667	1144788908.25391
19.7333316666667	1142906027.74219
19.7649383333333	1127315724.75781
19.7967083333333	1152013105.81836
19.828995	1197572149.82813
19.858805	1181475881.32813
19.8882666666667	1120723642.34766
19.91802	1079492623.42383
19.9487516666667	1080046426.42188
19.97955	1254533727.82227
20.008785	1101068156.17969
20.04016	1050622827.43164
20.07056	1054352611.13477
20.1006816666667	1087980012.60156
20.13107	1202033517.35156
20.1621733333333	1368937345.51367
20.1925783333333	1375951070.96875
20.2233983333333	1373055465.94922
20.252675	1334033461.50977
20.2833333333333	1520020838.38477
20.3126566666667	1511722579.50781
20.3422216666667	1652011330.25977
20.3718883333333	1581791763.56641
20.4028666666667	1556206120.76367
20.433805	1544225846.60547
20.4632883333333	1534216975.47656
20.494425	1583836614.49609
20.5245616666667	1531489962.83398
20.5554283333333	1521388105.26367
20.5860866666667	1592821113.87109
20.6169716666667	1705601405.61328
20.6485	1634097312.46484
20.679745	1599436653.5293
20.7098466666667	1599196918.37305
20.7391466666667	1633938243.84961
20.7709683333333	1557834317.91797
20.801865	1424058782.26953
20.8340433333333	1400241890.3125
20.8668366666667	1410413184.63867
20.8951166666667	1526836985.06836
20.9253016666667	1535155854.36328
20.9552033333333	1586467164.20703
20.9862166666667	1595722543.9375
21.017175	1629414636.8457
21.0473133333333	1700757799.11914
21.0775883333333	1753565556.15625
21.109	1637808852.24219
21.13847	1671094606.02344
21.1675616666667	1683092681.12109
21.19798	1575394790.17773
21.2300633333333	1659152239.21289
21.2609983333333	1596725211.24805
21.2912033333333	1590674901.66797
21.3226483333333	1557558147.41211
21.3538716666667	1484576198.57227
21.3847916666667	1730201431.38477
21.4137216666667	1793412875.80664
21.4440616666667	1961157458.41406
21.47343	2174399462.88672
21.5050016666667	2382281172.60547
21.5347233333333	2549507397.43359
21.5654733333333	2573279617.44141
21.5967933333333	2494502167.20703
21.6277816666667	2475476351.29688
21.658495	2322245777.70703
21.68898	2237513688.50391
21.719585	2172645796.77344
21.7493833333333	1894932056.91602
21.7790983333333	1892247993.32813
21.8096783333333	1936722036.17578
21.8413316666667	1850173657.57422
21.872365	1651313392.20703
21.9031683333333	1738571693.61328
21.9314666666667	1933476335.37891
21.960935	1851350052.55859
21.990935	1856343810.49609
22.0215483333333	1807339662.87891
22.0532066666667	1725502260.46094
22.0845383333333	1880255200.81641
22.1157116666667	1836149298.22266
22.1467316666667	1862214717.03125
22.1779316666667	1833611387.71484
22.209795	1795657450.22266
22.2410833333333	1782324850.47656
22.27213	1724532811.10938
22.3021466666667	1827708902.3125
22.3341916666667	1844471769.00781
22.3645616666667	1880658612.89453
22.3957483333333	1973025465.70313
22.4259033333333	2031559511.49609
22.455815	2053414473.36719
22.4885583333333	2097905398.07422
22.5203883333333	2058893666.09766
22.5501766666667	2155349449.65625
22.5800316666667	2188328873.11719
22.6099316666667	2306653196.28125
22.6415366666667	2289317428.41797
22.67129	2285440679.14453
22.700925	2269819748.74609
22.731675	2244131372.97266
22.7625233333333	2255051926.82813
22.7942966666667	2270094957.96484
22.8249783333333	2188296888.83594
22.85634	2347522723.09375
22.8864533333333	2359168067.59375
22.91795	2370902841.12109
22.94822	2237501015.96484
22.9788666666667	2216843276.49219
23.009585	2308829909.59766
23.04052	2273861190.54297
23.07048	2174976830.27344
23.0986233333333	2133277951.14453
23.1291266666667	2259589435.57031
23.15988	2245832779.52344
23.1910366666667	2250538086.71094
23.2222583333333	2142368798.98828
23.25398	2036252901.05859
23.2856466666667	1988053191.38672
23.316635	2036684367.61719
23.3499233333333	1876288745.85156
23.380375	1749169852.96875
23.4110216666667	1815068882.99609
23.4407783333333	1814205374.49609
23.471885	1947328087.78125
23.5029933333333	1959131561.14844
23.5344366666667	1993694141.92188
23.5652766666667	1916329095.32031
23.5957383333333	1979913310.88672
23.62607	1991497961.6875
23.6572216666667	2015611574.99219
23.6886633333333	1920401265.62109
23.7201866666667	1840045664.69922
23.7514833333333	1860324866.42578
23.7821783333333	1903777979.42969
23.81239	1903154373.41406
23.8425433333333	1916215301.32031
23.8739283333333	1839910678.74609
23.9054333333333	1948536096.89063
23.934735	1948443357.23438
23.96253	1805172445.08984
23.9920183333333	1837539271.25
24.0213583333333	1720201394.57031
24.051535	1775465883.78516
24.081395	1848388118.32422
24.11114	1790831565.65234
24.1405283333333	1713139948.97266
24.1702833333333	1764562484.79297
24.1995633333333	1850783648.41016
24.2307916666667	1926538344
24.2614166666667	1915756798.80469
24.292695	1992394307.60156
24.3228983333333	1923278390.375
24.3546733333333	2043395632.21875
24.386125	1835212851.64063
24.4172883333333	1818140281.07031
24.44911	1678744255.84766
24.48132	1748692608.74609
24.5116916666667	1814056964.94141
24.5420433333333	1773815994.03516
24.57339	1678077487.51953
24.604405	1664511493.53125
24.6365916666667	1628477186.53516
24.668115	1684010206.60547
24.7001933333333	1694082481.75391
24.730705	1677636983.41016
24.7617683333333	1585252971.63672
24.79375	1652699851.63281
24.8234633333333	1663695997.35938
24.8538916666667	1683950482.58984
24.884065	1714164577.02734
24.9133466666667	1640413869.13086
24.9420666666667	1730522111.01172
24.971905	1817307232.75
25.002155	1747441061.53516
25.0334866666667	1656984097.14453
25.064435	1786167030.71875
25.0955666666667	1652701980.50781
25.1246166666667	1682009696.91406
25.1540366666667	1637893219.76953
25.18422	1774689257.44531
25.2150066666667	1723061369.85938
25.2453783333333	1748005500.10938
25.2754783333333	1717484463.17969
25.3056066666667	1737417626.66406
25.336835	1656188217.62109
25.36765	1808188689.8125
25.398035	1833365745.33594
25.4287683333333	1943705521.1875
25.4600466666667	2031233935.45313
25.4906683333333	2089084906.04297
25.5217216666667	2153546713.49219
25.5544433333333	2078806637.03125
25.5872383333333	2156578461.12891
25.6184	2059800606.09766
25.6498833333333	2073728888.37891
25.6805866666667	1977274882.62109
25.71237	1904482831.00781
25.7435033333333	1923705755.43359
25.773575	1994636193.72266
25.8034933333333	1895719594.25781
25.8329116666667	1831580024.25
25.8638633333333	1887007729.73047
25.89356	1810626268.22656
25.92321	1839871627.875
25.953945	1758339826.97266
25.9843683333333	1815235781.46094
26.0136966666667	1839985215.64844
26.0444966666667	1869048528.10547
26.0750566666667	1849475176.64453
26.1032633333333	1831905592.13281
26.133795	1843413411.01172
26.163535	1843693365.02344
26.1956816666667	1839618511.96484
26.22585	1826148334.12891
26.2553233333333	1806659462.51953
26.2862533333333	1912426671.46875
26.31767	1892005493.53906
26.3477116666667	1920281940.84375
26.3765783333333	1860092163.04297
26.406865	1963252907.74219
26.437355	1956596505.47656
26.467235	1903382208.74219
26.499735	1790749434.70313
26.53196	1762400933.83203
26.5626066666667	1668918440.55273
26.5956916666667	1634484858.42578
26.6258616666667	1655225428.27539
26.658435	1627127258.08984
26.68826	1548149754.16602
26.7187233333333	1575641380.29297
26.7485816666667	1551823417.25195
26.778135	1572715231.33203
26.8089416666667	1617761024.01563
26.8383783333333	1644689703.16797
26.868165	1737805532.46875
26.898815	1747395164.30078
26.9303616666667	1745496689.01953
26.9616816666667	1940398187.84375
26.9903416666667	1883856990.88672
27.0220633333333	1901586943.0625
27.0512233333333	1929570525.85156
27.0831466666667	2077545698.19922
27.1132366666667	2001990731.77734
27.142245	2031853088.96484
27.1726816666667	1998968470.03906
27.2038983333333	1837553504.26953
27.2348083333333	1822353679.52344
27.2659583333333	1775831548.83984
27.29822	1742981877.36719
27.3310666666667	1702790112.44531
27.3640283333333	1757186010.37109
27.3943583333333	1790161457.65234
27.4253816666667	1794892899.1875
27.45686	1565676595.33203
27.4883766666667	1622848213.25781
27.5188333333333	1649111646.34766
27.5502866666667	1582501361.68359
27.5803266666667	1582209724.30078
27.6110833333333	1594075588.67188
27.641015	1524974281.55664
27.6694416666667	1580449612.3125
27.6988183333333	1698517629.52734
27.729305	1602656373.33594
27.7585183333333	1671498477.42969
27.78937	1624083204.26953
27.8192966666667	1593642505.87891
27.8497666666667	1626558214.26953
27.8802183333333	1565073659.05469
27.911205	1514225587.88672
27.9412466666667	1553970047.95313
27.9712683333333	1610165700.03125
28.0006966666667	1603385819.46875
28.03033	1695583088.46875
28.0605916666667	1657294499.04297
28.0906866666667	1710150597.84375
28.1212433333333	1771338570.12891
28.1499716666667	1792726362.69531
28.1799766666667	1837082149.57422
28.2094966666667	1777336125.88281
28.2407933333333	1829711974.60547
28.2718	1704203227.13477
28.30214	1734603164.31641
28.3337133333333	1700336207.00781
28.36472	1688436174.625
28.3955733333333	1650485221.54297
28.426645	1725434667.77734
28.458105	1649767071.05469
28.4894883333333	1599728169.74609
28.5198766666667	1621258440.03125
28.550895	1495245437.4082
28.5822	1474157702.49023
28.6137116666667	1399482448.5332
28.6450983333333	1508668301.06641
28.6747233333333	1437540263.86328
28.7043633333333	1475001822.31445
28.736185	1584377660.53125
28.7652316666667	1641818573.78906
28.7953633333333	1611095811.23242
28.8276133333333	1596595371.58203
28.857315	1641796527.86719
28.8902866666667	1657954775.15234
28.92095	1723709318.125
28.952235	1609540394.59961
28.9823033333333	1627130071.17773
29.0125866666667	1688187031.76953
29.0418633333333	1607221713.85938
29.07099	1687892048.64844
29.1025516666667	1631150374.50781
29.1344016666667	1583652058.28516
29.1645766666667	1596068745.33594
29.193775	1617286715.21484
29.2238266666667	1694739806.88672
29.25541	1566456375.18555
29.285695	1510374288.63281
29.3160816666667	1611184427.07813
29.3466366666667	1664448454.39844
29.37631	1728449626.55078
29.405925	1647654671.77734
29.4360883333333	1618442767.77344
29.4653616666667	1754633459.91406
29.4939283333333	1714519331.24609
29.5251516666667	1674373642.07031
29.5564283333333	1556195719.0293
29.5878716666667	1681875635.25781
29.6162783333333	1612285928.40625
29.6459883333333	1676552161.42969
29.6755633333333	1619910593.68555
29.7053	1667066699.25781
29.7359933333333	1557598806.36133
29.7673883333333	1633609968.22656
29.7991483333333	1677220079.65625
29.8311933333333	1670591268.44141
29.8617216666667	1613603418.19141
29.893385	1544030311.17578
29.9231783333333	1600991704.09766
29.9534933333333	1680462360.51953
29.98428	1659143660.66406
30.01444	1665785908.92188
30.0443133333333	1593068310.57813
30.0748466666667	1628717462.78516
30.1054116666667	1739062313.63672
30.1361366666667	1729758182.46094
30.1665583333333	1656500104.14453
30.19753	1631825406.71875
30.2295466666667	1658519362.64844
30.2614383333333	1667346111.14063
30.2923	1590458006.32813
30.32374	1566400746.53906
30.3530283333333	1555182423.97461
30.38515	1605043396.80469
30.4160216666667	1702011515.48438
30.44763	1656263050.98438
30.4781583333333	1708293822.08203
30.5112616666667	1665733811.41016
30.5428783333333	1764162700.45703
30.573175	1822133100.98438
30.6019866666667	1657805207.96875
30.633315	1652829969.38672
30.66352	1640049324.85938
30.6932833333333	1657343859.73828
30.7238316666667	1634831557.45703
30.754015	1569017745.91797
30.7844933333333	1556895908.09375
30.8148616666667	1559997774.15234
30.8453283333333	1569294146.41992
30.8748616666667	1597216150.34766
30.90415	1541638444.24219
30.932655	1621602246.26172
30.9635983333333	1599417132.01953
30.99396	1632949905.38672
31.0245133333333	1594770304.74609
31.0560333333333	1566042589.79102
31.0850816666667	1545327873.73047
31.1149933333333	1582268197.32422
31.14633	1540493212.92188
31.177345	1567968162.125
31.2070366666667	1465276187.39648
31.2384266666667	1495241373.81836
31.267415	1613020551.70313
31.3002016666667	1653582512.73438
31.3306733333333	1653372730.47656
31.3593733333333	1719836140.23047
31.3905133333333	1596017968.29102
31.4202616666667	1689341476.24219
31.4509233333333	1688389571.26172
31.482775	1763476596.15625
31.5137916666667	1662761366.32813
31.5452866666667	1660056605.88281
31.574985	1647594146.85547
31.6048	1718395064.09766
31.6351033333333	1548272671.53516
31.6635016666667	1544734703.80469
31.6921933333333	1524979188.20117
31.7220566666667	1688751012.98438
31.7529616666667	1664967472.14844
31.7845983333333	1724334813.07813
31.815075	1716876565.1875
31.845945	1587837005.21094
31.875465	1667296708.73828
31.9060283333333	1646724412.21875
31.9375016666667	1623444044.28516
31.969045	1601102291.93359
32.0007166666667	1605538553.85938
32.0327766666667	1618337296.97266
32.06281	1643127212.15234
32.0937466666667	1598138841.58008
32.12452	1536223785.47266
32.1551383333333	1530961500.03125
32.1842333333333	1610955142.57813
32.21491	1608594291.00781
32.2449833333333	1582986769.42578
32.276355	1453318895.85938
32.3073266666667	1483269742.14648
32.340105	1517854495.47656
32.3709133333333	1494179115.49219
32.402115	1467030463.56445
32.4329433333333	1410512739.81641
32.463975	1515522822.48047
32.4941666666667	1518034090.07422
32.5239783333333	1508180870.375
32.553375	1524847392.60938
32.5833866666667	1486856788.79297
32.6141283333333	1547074101.0625
32.6438683333333	1513646911.14844
32.67417	1532707785.66797
32.7039083333333	1408227960.96875
32.73499	1438257874.32422
32.7669083333333	1442144551.69727
32.7980966666667	1490884580.20313
32.8288583333333	1518222865.4375
32.85916	1454305062.69922
32.89029	1582687240.99219
32.9216083333333	1603485998.81641
32.9526983333333	1509350434.05859
32.9828683333333	1596371880.69141
33.01346	1496072357.47461
33.0431466666667	1544491756.5332
33.072095	1560419130.82031
33.100685	1550885771.46484
33.1321116666667	1551881657.31641
33.1603566666667	1551766047.78516
33.1905116666667	1609453516.21875
33.2195633333333	1586937492.93359
33.2504083333333	1650699422.375
33.2803016666667	1626674944.25
33.3113816666667	1464872225.03125
33.344155	1517382703.07813
33.3758116666667	1567444384.91016
33.4088883333333	1557631674.30859
33.4413483333333	1542389404.57813
33.4713233333333	1486131051.55078
33.5031616666667	1492753652.48047
33.5337533333333	1598667902.66016
33.5637016666667	1540001527.95313
33.5942216666667	1598929854.5625
33.624985	1525030602.77734
33.6552683333333	1600245725.02734
33.6854933333333	1722530202.625
33.71619	1669915010.45703
33.7468166666667	1608222031.73438
33.77724	1610111797.53125
33.8077433333333	1604706079.1875
33.83745	1645191385.94141
33.8664566666667	1674307565.27344
33.8965333333333	1685752015.14063
33.927435	1582515175.92188
33.957775	1667549745.3125
33.9894583333333	1615552281.88672
34.0209983333333	1633327975.69141
34.050055	1531849889.18359
34.07981	1504632427.34766
34.1092566666667	1561783817.27344
34.1403916666667	1506234059.82031
34.170385	1513550606.41016
34.200525	1383654246.50781
34.23235	1421785983.20703
34.26375	1536421223.04492
34.2949866666667	1655606468.5918
34.32603	1635680123.41992
34.3572066666667	1564163569.80469
34.3887483333333	1689765045.87109
34.4208266666667	1647022017.4375
34.4525833333333	1590403081.11328
34.48308	1567345137.30859
34.5130933333333	1575759084.05469
34.5433166666667	1545413755.22266
34.57285	1593214077.51563
34.6029516666667	1651919373.71484
34.6327616666667	1656323135.09766
34.6646066666667	1589517904.89063
34.694725	1539927816.82813
34.724975	1615566754.51563
34.7545383333333	1604463025.99219
34.7853766666667	1599942058.88477
34.8162716666667	1620504488.70117
34.8447816666667	1627803372.28906
34.8748833333333	1745114796.82422
34.9051816666667	1667809163.33984
34.9370283333333	1691891309.59375
34.9686033333333	1603934282.89844
34.99995	1553590456.40625
35.032465	1722895856.29688
35.0625316666667	1733279322.88281
35.0932833333333	1738038007.07422
35.1234783333333	1636714542.28516
35.1555033333333	1792780626.19141
35.1866383333333	1801180731.49609
35.216345	1712783950.71484
35.2471566666667	1710737997.14453
35.2776866666667	1717504143.86719
35.3080266666667	1808149528.64844
35.3383433333333	1823544684.78125
35.3677483333333	1751324091.625
35.3988716666667	1781137338.86719
35.430315	1617638422.86133
35.4608283333333	1744258965.4375
35.491185	1833653560.17188
35.52175	1830546919.41797
35.55325	1792154272.40234
35.584085	1753072059.33203
35.6138866666667	1728875707.19531
35.6440683333333	1727707520.79688
35.6738183333333	1747336572.11719
35.7038816666667	1744273668.38086
35.7338766666667	1667073635.46484
35.7636833333333	1670323819.54883
35.7931333333333	1778060272.6875
35.824895	1815976358.25781
35.8548483333333	1795153772.76563
35.8862833333333	1727241752.98047
35.9173816666667	1815706360.89844
35.9483766666667	1801343297.24609
35.9791933333333	1822789034.03125
36.0095033333333	1810778660.40234
36.0403566666667	1807591252.04297
36.0708016666667	1922128315.23438
36.10106	1844151850.64844
36.1322616666667	1987322191.20703
36.1623933333333	1880080054.9375
36.19354	1879647537.27344
36.2254816666667	1943595857.25781
36.256065	1885936038.34766
36.2856483333333	1774473988.47266
36.3159433333333	1731157585.74219
36.345505	1702876361.81641
36.37522	1836757198.17578
36.40586	1753392396.93359
36.4369483333333	1790020530.01953
36.4686866666667	1730244977.15625
36.4990566666667	1732456870.42773
36.52915	1820806042.57422
36.560315	1841437760.54297
36.5905816666667	1775913445.39453
36.6211983333333	1682245473.48438
36.6523533333333	1537495750.24219
36.68377	1622620813.97656
36.7154966666667	1538894262.08984
36.7461483333333	1529575592.17188
36.7772883333333	1439946266.41016
36.8074316666667	1524492558.81641
36.8394666666667	1566083018.95898
36.8705766666667	1518159074.65625
36.9019516666667	1535675739.62891
36.933005	1633482387.25781
36.96314	1597190020.98438
36.9931566666667	1602289510.21094
37.0244883333333	1692576052.16016
37.055355	1577462747.12109
37.0864933333333	1473926562.74414
37.1182683333333	1462751877.35938
37.1487316666667	1466735507.33594
37.179685	1465045755.87109
37.20942	1531987715.71094
37.2407766666667	1511482097.89844
37.271225	1513940319.91406
37.3011483333333	1517131818.2168
37.3335483333333	1593941731.85938
37.364075	1566545500.80859
37.39371	1617683425.90234
37.423315	1536048156.66016
37.4538816666667	1677210968.28711
37.4850483333333	1655444355.99219
37.516135	1707011035.21094
37.5469333333333	1658595816.46094
37.575795	1615579117.24219
37.6066633333333	1580246952.26172
37.6384533333333	1646655681.41797
37.66839	1570233047.23633
37.6987366666667	1513738606.35547
37.729615	1505972567.17578
37.7604683333333	1688439933.94141
37.790115	1633372681.26953
37.820885	1495408878.32422
37.8518583333333	1438347510.25391
37.8834533333333	1433987563.17383
37.91524	1580330397.08594
37.9465516666667	1529832037.44531
37.978665	1479289165.90234
38.0101233333333	1495894599.27344
38.0402283333333	1616295634.53125
38.0703166666667	1537405490.44141
38.101215	1635195910.42578
38.1326466666667	1501477138.78125
38.1633683333333	1599395793.96484
38.1935116666667	1592606907.64453
38.22378	1649897328.6875
38.25345	1585565553.03516
38.2848133333333	1637620482.48438
38.3153183333333	1730285727.85547
38.34549	1877971054.23047
38.37541	1947267965.3125
38.4055983333333	1876374433.61328
38.4357116666667	1852252465.65625
38.466465	2130720327.74219
38.4982466666667	2071881456.72656
38.5309933333333	2170648853.96094
38.5618783333333	1969000720.6875
38.59416	2100366109.49219
38.6257566666667	2019096756.49219
38.655615	2030998434.02344
38.6877166666667	1975112125.42188
38.7188883333333	1875136695.125
38.74986	1925488398.22266
38.7822766666667	1802813635.76172
38.814045	1812667507.58203
38.8460733333333	1608574714.00781
38.8779016666667	1483326435.57031
38.9106666666667	1471532108.47852
38.9414366666667	1448720069.69531
38.9725616666667	1563527744.00781
39.0037133333333	1466436502.53516
39.03394	1434380111.96289
39.0651783333333	1578460263.01172
39.0960166666667	1586891080.08203
39.1264733333333	1580782861.76172
39.15736	1514112536.90625
39.187915	1592586794.98047
39.2179183333333	1596206716.3125
39.2491066666667	1683251565.49609
39.27988	1710632074.44531
39.3105616666667	1645754828.36719
39.3411533333333	1622160169.48438
39.3731316666667	1707765209.88281
39.403475	1831152084.06641
39.4342683333333	1779516509.4375
39.4658116666667	1734359978.32422
39.4954	1745141410.00781
39.5273116666667	1757581177.08594
39.5588166666667	1753770494.97656
39.5889016666667	1656685759.5
39.6205216666667	1585954293.14844
39.6519766666667	1681271982
39.6838266666667	1589078969.23438
39.7150783333333	1657363823.90234
39.74498	1595187997.48438
39.775075	1588595326.43359
39.806995	1602480354.46484
39.8381733333333	1578363279.58984
39.86807	1646687107.19531
39.8978666666667	1750423029.71875
39.929535	1599264056.49609
39.9612416666667	1742661683.99219
39.99222	1768128271.80859
40.0235966666667	1857644385.03125
40.0546233333333	1705149838.875
40.0855866666667	1704503393.35156
40.114295	1712995089.77734
40.1435066666667	1732576876.26563
40.1739116666667	1780007693.44531
40.2049333333333	1795704217.97852
40.2358816666667	1832591063.84375
40.2675483333333	1805157483.91797
40.2992166666667	1849308862.3125
40.3288933333333	1921072264.47266
40.3597166666667	1924917231.96875
40.3905783333333	1875902526.51563
40.4218616666667	1868291216.64453
40.4528183333333	1773085713.36328
40.484855	1787265236.57422
40.516055	1722700347.15625
40.5476216666667	1727642640.51563
40.57897	1891278906.32031
40.6099066666667	1892260250.05859
40.641855	1894657420.65234
40.673525	1916929000.51563
40.7044466666667	1969711176.74609
40.7350516666667	1911022868.63281
40.7668616666667	1945431579.76563
40.7984583333333	2101951509.84766
40.8290783333333	1886363073.13672
40.8599466666667	1915010300
40.8903633333333	1953620807.26953
40.9211633333333	1883904901.13672
40.9514833333333	1822946136.70313
40.980935	1862709002.82422
41.01155	1922113270.14844
41.042925	1826782976.94922
41.0746516666667	1833669211.54688
41.1061416666667	1757935058.14453
41.13647	1708701582.11719
41.16883	1736462132.98242
41.2004666666667	1709318824.37109
41.2314466666667	1640779209.15625
41.26233	1620688590.24609
41.2944533333333	1547937221.19922
41.32542	1655820075.76172
41.3566566666667	1663797445.375
41.3883483333333	1784698046.49219
41.4201866666667	1759279233.17578
41.4513616666667	1770413382.60156
41.48108	1820206834.60156
41.5135033333333	1814437929.40234
41.544975	1736631270.45703
41.57561	1817479305.05469
41.6066316666667	1815490931.56641
41.636685	1831325678.33984
41.6680983333333	1832706779.28906
41.699255	1799057996.97266
41.7308933333333	1722778959.55078
41.763505	1832675737.70703
41.7952616666667	1661885197.00781
41.8275616666667	1632278170.39453
41.858105	1573900131.60352
41.8887883333333	1598121424.49219
41.9192966666667	1615204699.8125
41.95024	1692105182.90039
41.9804416666667	1723922659.01172
42.0117766666667	1651958926.22266
42.0423683333333	1659220572.72461
42.0727216666667	1758129588.66016
42.103025	1704338352.45313
42.1333566666667	1699439842.02734
42.16523	1591534885.42578
42.196045	1615729442.75391
42.2270266666667	1548818096.89453
42.2582166666667	1498815975.33789
42.2895533333333	1651920679.70703
42.32123	1363903010.71875
42.3521866666667	1360540861.39063
42.383475	1392540382.14063
42.415465	1263643411.39648
42.4467583333333	1259466429.40625
42.4772183333333	1234702529.22266
42.5080933333333	1254172182.46875
42.5388316666667	1369666172.95313
42.5692633333333	1339299882.04492
42.6001866666667	1406939141.11719
42.6313483333333	1509115207.63281
42.66185	1422865443.94922
42.6931016666667	1446122733.51172
42.72363	1497973574
42.7543983333333	1429629259.00977
42.7846966666667	1438208707.36328
42.8157716666667	1416601623.81055
42.8476166666667	1455307627.16016
42.8780816666667	1462461896.80078
42.9092616666667	1386104768.71875
42.9393616666667	1515773359.19336
42.969715	1504745025.90625
42.9993966666667	1483737126.30664
43.029045	1444580616.42969
43.0599416666667	1420087314.51172
43.090325	1432113909.39258
43.1202166666667	1400764796.0918
43.1513033333333	1489409330.72266
43.1831333333333	1440560652.30859
43.2141966666667	1329087772.07031
43.2473383333333	1331133074.08008
43.2776483333333	1440964955.70703
43.3095183333333	1512380522.86719
43.34162	1569753704.63281
43.373535	1434536611.73828
43.4046333333333	1444874100.5957
43.43481	1431415077.27734
43.4649583333333	1470445116.83008
43.49497	1493212783.66797
43.526025	1423484722.00391
43.55797	1443979757.37109
43.59076	1543624917.81445
43.62222	1564489151.95117
43.6538583333333	1536923917.95313
43.6838433333333	1534376119.98047
43.7145983333333	1716660384.53125
43.747065	1720934864.45703
43.7791233333333	1592104162.05859
43.81086	1526105182.03516
43.8423766666667	1559992624.16211
43.8748083333333	1603792922.32422
43.9048816666667	1561385808.94727
43.9365883333333	1549460010.28906
43.9661816666667	1460920791.44531
43.9967316666667	1427130968.12305
44.0271333333333	1534774951.07031
44.0574783333333	1513832894.91797
44.0878133333333	1532557582.25977
44.1190783333333	1427778984.14648
44.1503066666667	1462066951.89453
44.18271	1477662643.28516
44.2139	1422689594.28516
44.2437966666667	1391520226.46875
44.2746566666667	1528700520.99219
44.3062316666667	1426519381.26367
44.33784	1467353444.50195
44.3692133333333	1343077214.17383
44.401445	1395216188.50391
44.4341366666667	1349063917.74414
44.4652083333333	1252450760.07227
44.4983733333333	1407938627.75781
44.529885	1300178332.38477
44.5616183333333	1418984955.49805
44.592745	1459054994.32031
44.6245616666667	1468681803.26367
44.65591	1526825050.66406
44.6872216666667	1501168098.93359
44.7187283333333	1434266654.36914
44.7511533333333	1455296119.88281
44.7825316666667	1427948692.4707
44.8137116666667	1465767459.80078
44.8459983333333	1485839482.91602
44.8773233333333	1496073193.24805
44.9079966666667	1536936165.75
44.93866	1492079903.43164
44.9697683333333	1489277918.10742
45.000275	1461921628.68359
45.03206	1463433548.69531
45.0626533333333	1382889036.15039
45.0942216666667	1425419686.5918
45.1247166666667	1384847443.76563
45.1552233333333	1314894854.36914
45.186445	1320416517.9707
45.2182883333333	1339170925.38086
45.2492566666667	1499660189.60938
45.2803116666667	1626115546.32422
45.3117666666667	1434701148.41602
45.3433766666667	1478830088.17969
45.3754266666667	1626235528.88281
45.4064216666667	1522497209.33398
45.4363533333333	1423930758.76953
45.4676466666667	1400335958.84961
45.4996483333333	1359858581.50195
45.5313566666667	1333548068.375
45.561625	1335940009.74414
45.591975	1419419473.32617
45.62304	1365961824.93164
45.6541883333333	1268805403.4043
45.6857733333333	1250679348.41406
45.7182183333333	1276052002.04688
45.7489766666667	1264955228.08398
45.7798616666667	1297378168.00977
45.81081	1530512014.625
45.8421166666667	1477780744.67383
45.87284	1445049950.82813
45.9033266666667	1484102169.3418
45.9333716666667	1535745447.65234
45.9631683333333	1478841520.03516
45.9940716666667	1536681894.45117
46.0251233333333	1515798664.25781
46.0566166666667	1452736724.03906
46.0879116666667	1461641729.84375
46.1209783333333	1467867816.26758
46.15304	1463265710.79297
46.1836666666667	1393332283.23438
46.21435	1504362033.54102
46.2455983333333	1469424924.30859
46.27736	1493969102.94727
46.3083	1611171054.19336
46.3388616666667	1584263197.02148
46.3690516666667	1384248424.51172
46.4006716666667	1443555606.83398
46.4320566666667	1388252036.52344
46.4637416666667	1305791158.05859
46.49511	1302790957.19531
46.525905	1274847040.06445
46.556755	1456499171.50781
46.5869033333333	1290006183.9668
46.6160983333333	1272199439.31055
46.6470566666667	1285647301.59961
46.6780316666667	1331305600.17773
46.7094316666667	1374904238.29688
46.741225	1347151495.3457
46.77264	1361049067.75781
46.8040616666667	1311290521.95313
46.834875	1363374770.79688
46.8660133333333	1464287443.30078
46.8962583333333	1490994240.89258
46.9266833333333	1506285660.29883
46.955915	1532514335.09766
46.9858966666667	1532448051.06836
47.0175516666667	1670046652.39648
47.0481583333333	1588828616.71484
47.0795416666667	1538421971.94531
47.1113816666667	1491421916.47266
47.14178	1487166386.48047
47.174355	1481581254.81445
47.2066416666667	1444778074.24414
47.2385633333333	1462456374.75391
47.2709333333333	1451289949.14258
47.3026333333333	1489124522.62305
47.33329	1449789139.44727
47.3649333333333	1440981827.74609
47.3968666666667	1424898917.06836
47.4281683333333	1473486744.86523
47.45969	1544508404.76758
47.4922166666667	1600165047.04883
47.5221883333333	1601600642.38281
47.5545233333333	1580061146.22266
47.58707	1577569504.67773
47.62009	1560605491.20313
47.6516933333333	1516184427.62109
47.6844133333333	1465563552.47852
47.7161333333333	1412899131.76758
47.7474183333333	1421890923.65625
47.7787933333333	1454839087.31836
47.8101366666667	1397551852.49805
47.8403866666667	1324495027.86914
47.8717783333333	1395614208.85547
47.90369	1405531383.73828
47.9332266666667	1370225716.72461
47.964245	1253584226.2793
47.99525	1496344257.96484
48.025385	1268699923.9082
48.0566966666667	1299290837.67773
48.08805	1311687084.04883
48.1194566666667	1377455649.26953
48.1511483333333	1233462598.50781
48.1834266666667	1375386383.21289
48.2148183333333	1275084822.13086
48.2469966666667	1289188891.82422
48.278625	1282524493.68945
48.3100083333333	1325388946.66602
48.3418033333333	1299077937.50781
48.3725733333333	1376942698.76563
48.4054966666667	1357581104.35938
48.4360116666667	1331759292.30078
48.4674366666667	1243411726.28906
48.499715	1276196730.61914
48.5303666666667	1312254861.04492
48.5625016666667	1485486991.09961
48.593955	1272127359.93555
48.6251333333333	1350824670.66797
48.6563383333333	1417942252.70703
48.68729	1526471397.87891
48.7186766666667	1619076578.3457
48.7502183333333	1546705146.51172
48.7823083333333	1650660534.27344
48.8135233333333	1492751759.94141
48.84426	1587377992.37695
48.8753983333333	1536399586.5293
48.9061616666667	1485426010.08594
48.93746	1403816767.51367
48.968205	1339697944.59961
48.9997216666667	1364594880.23242
49.031435	1329556032.93555
49.0630766666667	1505534046.57422
49.0946033333333	1353420089.30273
49.1269233333333	1437847940.15039
49.1586833333333	1421526549.6543
49.18929	1338494611.67188
49.2215716666667	1335954208.70703
49.251815	1469248639.58984
49.282705	1347688957.94922
49.31469	1259974319.0918
49.34581	1287614152.38281
49.376725	1379920092.41211
49.40662	1390037022.22852
49.4380883333333	1367137162.44141
49.47023	1479985042.17383
49.5018683333333	1440869950.00781
49.5337566666667	1653235267.45898
49.5641666666667	1502452503.35352
49.5960883333333	1521976833.99609
49.62691	1502693690.38477
49.6590483333333	1549803947.48438
49.69073	1625557768.10352
49.7212583333333	1529555927.80273
49.7532766666667	1488449716.58984
49.7869633333333	1503994952.42969
49.8195983333333	1469208094.22461
49.8520516666667	1439610016.35938
49.8827216666667	1519972314.95898
49.9155333333333	1417312131.48633
49.9462466666667	1424045564.57031
49.9783916666667	1478525082.70898
50.0096866666667	1391612282.05664
50.0422	1408236704.27539
50.0748016666667	1332316223.5293
50.1057633333333	1325062260.52539
50.137915	1256767799.35742
50.17018	1275331308.07813
50.20167	1251696851.47852
50.23374	1269891520.52539
50.2652066666667	1229690295.38867
50.2961033333333	1234590428.42969
50.3278383333333	1247174316.91992
50.3595683333333	1235999334.62109
50.3903583333333	1161030883.47266
50.422265	1175550768.0957
50.4548766666667	1225513237.33594
50.4862016666667	1359055443.74023
50.5171066666667	1230262571.06055
50.54861	1392250128.84961
50.5799016666667	1292668536.82031
50.6112066666667	1428514326.82422
50.642355	1337411387.0332
50.67291	1321313160.14844
50.704365	1280695382.48438
50.73624	1339709392.05859
50.76828	1309824485.0293
50.8007133333333	1337557550.32227
50.8321966666667	1295357607.44141
50.8639716666667	1233118940.21094
50.8960383333333	1232351439.64258
50.9284633333333	1400971138.89258
50.9593783333333	1318664930.81641
50.9905183333333	1284223965.74805
51.0214516666667	1389304713.38281
51.052625	1380601782.20703
51.08302	1555576305.48828
51.1137666666667	1360161394.8418
51.145205	1363560369.48242
51.1762483333333	1384967570.99805
51.2065433333333	1312620034.99219
51.2369033333333	1343312683.34766
51.2691066666667	1248989729.48828
51.30164	1290350401.84961
51.33186	1366109119.58984
51.36336	1399733751.5957
51.3953316666667	1476586282.99609
51.4268966666667	1391861600.68164
51.4586216666667	1517614163.1582
51.488855	1460842312.39258
51.5202383333333	1354638340.59961
51.5521466666667	1373509887.59375
51.5837266666667	1280831061.33984
51.6156866666667	1239279429.23828
51.6486983333333	1273663235.84375
51.68164	1266825318.14258
51.7119333333333	1166309961.78906
51.7432	1181106702.07813
51.7742816666667	1250207688.42578
51.8052033333333	1206900849.20703
51.8370466666667	1138364812.93945
51.867915	1179434673.48828
51.8990066666667	1162213682.64063
51.9316516666667	1185321173.18945
51.9639883333333	1220729995.70703
51.9958866666667	1285425659.48438
52.0274333333333	1227895431.35742
52.0590983333333	1244359333.63672
52.0916416666667	1226778586.42188
52.1224966666667	1196807811.57031
52.1541416666667	1140972768.72461
52.185295	1119331355.42773
52.2155833333333	1105681491.87305
52.2459216666667	1088779079.95703
52.2759383333333	1189548351.11914
52.30714	1121112177.80078
52.339285	1164344341.01367
52.37043	1109470558.98828
52.4022	1139743185.36914
52.4331816666667	1225764008.36914
52.465885	1174654498.31445
52.4980133333333	1124065595.22461
52.5300533333333	1228389721.77734
52.5617866666667	1219433659.88086
52.5939066666667	1311238219.51367
52.62466	1155269059.83789
52.656815	1180720102.63672
52.6887416666667	1172344786.45898
52.720735	1242871597.49609
52.752395	1252064320.62695
52.78415	1224593972.33203
52.8157266666667	1190003641.48047
52.846845	1286572989.49609
52.878855	1366611575.67773
52.9105633333333	1432995525.7793
52.9438533333333	1376121213.00977
52.9756383333333	1343193306.18164
53.0076516666667	1295127854.20508
53.0407633333333	1392126813.49414
53.0728083333333	1386209636.18945
53.10352	1270354286.35156
53.1364466666667	1308547603.35352
53.1673883333333	1315082973.5625
53.1995066666667	1322105891.87891
53.232065	1270937580.08008
53.2643516666667	1132070197.09766
53.29642	1177009696.54297
53.327725	1143767739.35156
53.3594133333333	1142359174.54102
53.3914233333333	1263351413.00391
53.4234283333333	1074463016.64453
53.4558433333333	1110092855.11328
53.4882066666667	1132706362.48633
53.519535	1158202309.96484
53.549995	1128828977.4668
53.5807883333333	1107527921.53711
53.6125566666667	1268567449.0918
53.6431933333333	1162466052.91406
53.67358	1154003708.89453
53.70478	1266905682.23047
53.7356766666667	1297076978.08789
53.76684	1292889969.39063
53.7996933333333	1275188771.50391
53.8327383333333	1352547387.42969
53.86494	1309015978.76953
53.8957666666667	1280657371.81641
53.92619	1289544535.20313
53.95731	1174687640.5918
53.9878333333333	1089671213.19727
54.0186166666667	1283758705.02344
54.04909	1126311216.61523
54.0804616666667	1184849091.33789
54.11179	1109229200.77344
54.1432166666667	1067664913.54492
54.174985	1116204867.54883
54.20572	1156320583.61914
54.2374383333333	1195314724.66016
54.267765	1249655141.24219
54.2981033333333	1395963696.76367
54.3277433333333	1292714117.02148
54.357885	1297432820.27148
54.3890916666667	1338877302.48438
54.420815	1495353957.63672
54.4526566666667	1244335909.66016
54.4845966666667	1301351591.61914
54.5157916666667	1361156521.87109
54.5489533333333	1227718007.14453
54.5808283333333	1184148778.80664
54.6129333333333	1166850191.74023
54.6449333333333	1115371491.70313
54.6778533333333	1089221818.55859
54.7102016666667	1084677919.05273
54.7422633333333	1047462900.20117
54.77384	1170069986.14648
54.8051783333333	1203101241.23633
54.8383283333333	1324417259.06641
54.8715483333333	1325762715.89258
54.9031783333333	1287869066.52148
54.93422	1272552526.5957
54.9656516666667	1346806592.41016
54.9981816666667	1334138915.76367
55.0292916666667	1378397059.12891
55.060175	1377199109.75781
55.0908966666667	1378296256.86328
55.12282	1430613457.17773
55.153065	1335807889.0293
55.18497	1319815266.69141
55.216905	1242747042.31641
55.2479566666667	1236176052.875
55.279165	1284405132.54297
55.3114033333333	1111354878.54297
55.343295	1043561285.75195
55.3761766666667	975920817.929688
55.408765	1026149175.58984
55.4400666666667	952250387.710938
55.4714283333333	977837271.621094
55.5034383333333	892939923.580078
55.5356633333333	931152509.705078
55.5669616666667	917966763.792969
55.5990283333333	951190020.917969
55.6295733333333	1078906006.6582
55.6606233333333	971201689.357422
55.6910666666667	1050246631.97266
55.7224083333333	1099008533.41211
55.75231	1288481345.71094
55.7834283333333	1126590325.70508
55.81455	1097981892.60938
55.84571	1280876342.10156
55.8771683333333	1290408740.4082
55.908595	1246715132.5293
55.9406083333333	1195202160.91602
55.973085	1344302987.46094
56.0045483333333	1217974717.35547
56.0368366666667	1221120453.5957
56.0676966666667	1190416723.375
56.09998	1193173046.85938
56.1329466666667	1276256620.23047
56.1644716666667	1129912358.01953
56.196205	1073941366.42969
56.227945	1084575805.66211
56.2576616666667	1063880669.37891
56.2895416666667	1017983785.90039
56.320725	1143227807.64648
56.350725	1081389174.05664
56.3829283333333	1089119354.20898
56.4144583333333	1182248095.7168
56.4473866666667	1169026792.70508
56.478875	1183650735.27148
56.5113383333333	1413190971.9082
56.5426283333333	1293116568.82813
56.575855	1253017361.93164
56.6055766666667	1339754384.73047
56.6371883333333	1297440110.64648
56.668175	1257144719.55273
56.700685	1039364843.40625
56.732575	1059411114.02344
56.7644666666667	1014617712.83594
56.7969516666667	1048147918.26953
56.82883	1023891854.19922
56.861645	1034960608.65039
56.8939316666667	1120879746.98242
56.9244983333333	1286797494.11328
56.9550116666667	1226414807.47461
56.98563	1243647750.23828
57.016225	1128370016.12305
57.0465333333333	1211145525
57.0777366666667	1189636538.64258
57.1083366666667	1299215324.48047
57.1397116666667	1199603526.0293
57.17038	1237982207.32813
57.2027716666667	1272943886.30859
57.2349683333333	1229095068.83203
57.2671366666667	1225956991.05273
57.2998983333333	1222466889.64844
57.33204	1124542757.36719
57.3641066666667	1165147311.78711
57.3955916666667	1157553727.88086
57.4274133333333	1123050393.12695
57.4591766666667	1160706741.36523
57.4911016666667	1171396495.28516
57.5219766666667	1152502817.15625
57.5540433333333	1244742024.36523
57.5871916666667	1334219415.77734
57.6185383333333	1231168217.87305
57.6506683333333	1213006651.59375
57.6824366666667	1235772586.9707
57.7141483333333	1194349020.32813
57.7462183333333	1173582162.69141
57.7778466666667	1128318391.71484
57.8099216666667	1259120641.42773
57.8423166666667	1223219420.55469
57.8750266666667	1119906508.99609
57.9074983333333	1110322632.43555
57.9391716666667	1026984209.10156
57.9703883333333	1137944159.24805
58.003985	1131959327.01758
58.0371083333333	1086084159.72852
58.06874	1107033208.69336
58.1017166666667	1169684762.77148
58.1336233333333	1143803167.83984
58.1658433333333	1391016703.92773
58.19783	1093338887.06641
58.229625	1124158206.42383
58.2620833333333	1185886024.77148
58.293705	1205978019.46094
58.3254733333333	1090456527.74609
58.3560883333333	1087723525.33789
58.3880466666667	1109607071.92188
58.4201616666667	1165111668.3125
58.4515266666667	1069452541.29492
58.4846366666667	1083932045.26953
58.51647	960203383.873047
58.5481816666667	961649069.171875
58.5796183333333	996284943.998047
58.61212	1016621334.85352
58.64441	999438509.96875
58.6761266666667	935778827.113281
58.7077633333333	983150252.064453
58.7393616666667	1053249735.37305
58.7717733333333	950252180.533203
58.80326	932491628.166016
58.834515	916439405.660156
58.8677066666667	932748742.570313
58.8996783333333	961895831.712891
58.9326	1180332498.64844
58.9628766666667	1134351308.30469
58.9945666666667	1146148328.85938
59.025705	1178782642.70508
59.0561133333333	1203295067.43164
59.0884283333333	1156610833.34766
59.1199316666667	1197009675.56055
59.1521366666667	1202054965.50586
59.1848516666667	1161328810.38281
59.2166016666667	1133259919.54883
59.2495516666667	1045243722.68164
59.2830266666667	1183331794.99023
59.3154416666667	1147544147.44727
59.3468533333333	1135240609.28125
59.3785666666667	1116438226.25586
59.40992	1020837771.93945
59.4428283333333	1002287839.02344
59.4761516666667	1199020756.61914
59.5085983333333	1020663832.50391
59.5409133333333	1049658004.23242
59.5727	1006904341.32227
59.605805	1102530934.25781
59.638405	1123579255.83203
59.669845	1099817642.56055
59.7015166666667	1163622333.31055
59.7341883333333	1122377284.24414
59.7655566666667	1108853529.17578
59.7976316666667	1149761532.82617
59.828325	1111789043.50977
59.8592333333333	1149556056.35742
59.8907366666667	1271310848.83984
59.9222	1295205267.77344
59.9535083333333	1230173783.42773
59.9857	1235132807.32227
60.0175783333333	1172599128.14258
60.04887	1156432190.125
60.081315	1228320803.89453
60.1130316666667	1261858282.38086
60.1446483333333	1283267987.62305
60.1759866666667	1247703262.8418
60.2066266666667	1230534214.50586
60.2380566666667	1267730965.14063
60.26989	1274553542.93555
60.3017383333333	1142064961.64844
60.3333566666667	1096880716.83594
60.3662616666667	1083086178.00586
60.3968116666667	1052982265.17773
60.4284816666667	965987616.271484
60.4612733333333	1135428795.63672
60.4933316666667	980043099.810547
60.5263433333333	939454440.701172
60.558775	883088260.591797
60.5914233333333	1017619801.37891
60.62289	978689369.890625
60.6537033333333	955942305.818359
60.6851016666667	1116270243.06641
60.7163966666667	1052683553.10547
60.748275	998270464.128906
60.7793533333333	996662261.1875
60.811265	1034127781.64063
60.84276	1062429816.01758
60.8740033333333	1000571763.93164
60.9058666666667	1020020806.69727
60.938405	1049211617.80273
60.9709716666667	1117705857.33203
61.0038233333333	1099451997.72852
61.036715	1074932908.63477
61.0681783333333	1152990658.17188
61.1017033333333	1190730704.20508
61.1325366666667	1138967759.85938
61.163705	1141341203.43164
61.19709	1147824431.0293
61.2291516666667	1229542472.5625
61.2618616666667	1121176341.71289
61.29448	1057362141.61328
61.3262083333333	1006409493.90625
61.36012	906222113.292969
61.3937233333333	978255667.160156
61.4256083333333	919387602.644531
61.4575633333333	985233226.041016
61.4888333333333	877315546.482422
61.520375	925566823.595703
61.55233	908490201.705078
61.5849216666667	957931497.115234
61.6168516666667	902070657.449219
61.6487066666667	930719690.244141
61.682045	986411837.552734
61.7150333333333	966255285.654297
61.7474433333333	925628967.142578
61.7802466666667	915653062.306641
61.8132966666667	989719532.726563
61.8461033333333	1031172418.35547
61.8785016666667	1059176036.69922
61.9112266666667	1017309473.98047
61.9427366666667	1099206033.89844
61.9755016666667	1114075171.59375
62.0084233333333	1159524604.11328
62.04067	1162374611.26172
62.07319	1152196784.13086
62.105665	1008265661.61914
62.1390683333333	1081157003.11133
62.1723533333333	1061208440.91602
62.204775	1117976932.56445
62.2370583333333	978265488.080078
62.2691533333333	1084040222.04883
62.30147	959803878.054688
62.3356633333333	925161142.496094
62.367105	920811651.337891
62.4015883333333	882270954.490234
62.43374	1001713128.49023
62.4661216666667	939223163.048828
62.4986	1001149503.44336
62.5302066666667	941674629.488281
62.562305	923396266.384766
62.5949283333333	948938653.992188
62.626835	994145836.029297
62.6577333333333	976062335.001953
62.6899633333333	998827666.966797
62.723705	1012667116.58203
62.7553483333333	1190822728.91992
62.7874066666667	1074210583.09375
62.8193633333333	1046118284.00977
62.851425	1070500041.02344
62.88277	1024620896.46875
62.9147333333333	999662346.011719
62.9477283333333	889572791.359375
62.9814966666667	899223215.376953
63.0142783333333	942120095.193359
63.0454233333333	978567354.894531
63.077755	918855167.978516
63.1096666666667	851685814.96875
63.1404466666667	884560510.619141
63.1722166666667	931445108.126953
63.2040516666667	986517866.191406
63.2367233333333	942674564.984375
63.2689983333333	1021745640
63.3022333333333	1049665960.54297
63.33479	1034133582.93945
63.3686633333333	1011536725.43359
63.4007933333333	1038879483.23242
63.431755	1042052824.84961
63.463795	996780158.943359
63.4956066666667	1034473629.16016
63.527915	955540318.335938
63.56055	939517154.802734
63.5931583333333	976400082.267578
63.6244383333333	982962229.830078
63.6570683333333	932952675.369141
63.68943	1141473618.27148
63.7213866666667	884513362.951172
63.7545316666667	971956756.550781
63.78803	922259140.957031
63.820515	924911818.005859
63.8523916666667	899833749.832031
63.8861	1115193823.27344
63.9179166666667	1101981599.54883
63.9492766666667	991340474.898438
63.980805	967810083.572266
64.01222	903120054.335938
64.043985	909825634.441406
64.0754716666667	911111200.914063
64.1074333333333	890041843.050781
64.1385866666667	779554821.904297
64.1698833333333	860051676.197266
64.20072	856031565.083008
64.2319283333333	1115393598.32227
64.2630033333333	986433449.833984
64.2955183333333	1029267501.1543
64.326705	1079626726.06836
64.3582733333333	1112188273.01758
64.38973	1266913423.90234
64.42175	1313498881.90039
64.45302	1217126019.27539
64.4852266666667	1189784184.33203
64.51732	1266292248.5293
64.5494383333333	1174925018.82422
64.580825	1136131975.73047
64.611875	1171473728.68945
64.644215	1165701562.32813
64.6756266666667	1093095570.61133
64.70767	1122229380.75391
64.7397033333333	1113985304.92188
64.7712683333333	1066699024.41016
64.803485	1158583661.02539
64.8366233333333	991178982.398438
64.8706	998443199.736328
64.9026166666667	991204518.455078
64.9356433333333	924319558.790039
64.9680333333333	951937548.611328
65.000495	903746343.912109
65.0332066666667	919321375.202148
65.06526	889581317.279297
65.09845	823641270.511719
65.1307966666667	827394361.303711
65.1641433333333	851789646.665039
65.1960183333333	828848300.879883
65.22653	856493049.732422
65.2590233333333	853578007.571289
65.2917	972546666.445313
65.3241233333333	906556285.197266
65.3556233333333	929962545.761719
65.38842	841845479.786133
65.42208	829799741.950195
65.4546083333333	876249027.074219
65.4868616666667	811564790.166016
65.5198983333333	729811444.006836
65.5533983333333	746719870.226563
65.5854666666667	765303185.579102
65.6181366666667	726408196.037109
65.6521483333333	789614722.996094
65.6844283333333	693957586.734375
65.71627	840180658.421875
65.7474933333333	756571268.365234
65.7793683333333	732081194.314453
65.809905	800154989.597656
65.8418466666667	843611503.994141
65.872555	870525874.509766
65.904695	893212187.722656
65.936985	872723932.931641
65.9687666666667	878106982.074219
66.00108	898684155.177734
66.0350166666667	1064141142.21484
66.0674333333333	1035428354.03906
66.0991733333333	961246062.484375
66.1322733333333	859419663.121094
66.16383	973899752.757813
66.196805	884221452.942383
66.2282333333333	836552969.500977
66.26125	861892814.570313
66.294205	906392372.549805
66.3280483333333	999129338.748047
66.3607866666667	1047110613.14258
66.392865	1201725821.26953
66.4245816666667	1143069835.70703
66.45747	1171685962.33203
66.489385	1195992931.38477
66.520905	1190061088.34766
66.5533016666667	1163040030.33594
66.5851466666667	1161329626.7168
66.6165016666667	1156892297.18555
66.6475133333333	1249832887.8125
66.6793416666667	1184392240.93945
66.711845	1126201554.16797
66.7438316666667	1045340820.9668
66.7760583333333	1202002962.19531
66.8078983333333	1145571256.86523
66.8400383333333	1173422214.36328
66.87397	1059589303.76172
66.90696	1110493084.85156
66.940405	1147750465.23633
66.9726033333333	1095524662.82227
67.0059133333333	982207543.183594
67.0381033333333	963271032.078125
67.0712216666667	919940579.216797
67.1057183333333	822748746.092773
67.1408433333333	889606359.056641
67.1730283333333	748821887.845703
67.20839	754718051.150391
67.2419183333333	708982483.063477
67.2762683333333	679091548.478516
67.3087033333333	589059383.25293
67.3408283333333	667446227.408203
67.3727383333333	539443310.258789
67.4048866666667	593584416.110352
67.4361083333333	547601834.648438
67.46946	512370192.40918
67.50277	496111026.076172
67.5359416666667	606184928.660156
67.568835	574453437.775391
67.601075	580785376.828125
67.633775	596142048.538086
67.66569	672017500.772461
67.6982083333333	667060462.988281
67.7315883333333	767960509.632813
67.7633883333333	668658932.915039
67.79594	674292549.075195
67.8306333333333	716594980.458984
67.8635733333333	644066561.833984
67.8980166666667	621694434.736328
67.9322583333333	568792748.293945
67.9649116666667	567370328.756836
67.9998133333333	527678046.699219
68.0359233333333	548607021.475586
68.0696616666667	473536814.15918
68.1041583333333	517268575.235352
68.1376933333333	537377556.073242
68.17198	534368155.933594
68.2055133333333	510242428.969727
68.2386316666667	497963680.803711
68.27202	512625290.276367
68.3041816666667	506761502.331055
68.3371083333333	474510358.882813
68.3708616666667	476217352.855469
68.4040566666667	515379554.445313
68.4386183333333	525045026.271484
68.4696116666667	534120254.943359
68.50146	494662794.297852
68.5356416666667	525897908.388672
68.5675516666667	623632938.520508
68.5998816666667	591677024.881836
68.632885	620488874.129883
68.664975	548378056.905273
68.6970716666667	556613929.575195
68.7308983333333	627204359.222656
68.7639266666667	578314389.141602
68.7965033333333	587608145.00293
68.828605	556807874.539063
68.8621966666667	591780859.014648
68.894765	623318176.96582
68.92766	668245790.275391
68.9602666666667	685461481.116211
68.99236	706802872.819336
69.0243983333333	680451727.958984
69.056645	752454826.038086
69.0900183333333	750441519.178711
69.12281	726358622.150391
69.1565366666667	759455928.884766
69.1893083333333	731245074.995117
69.2230416666667	633284658.889648
69.2575683333333	640799186.088867
69.29051	733273906.981445
69.323445	625650447.133789
69.3561016666667	590735121.136719
69.38955	586599720.128906
69.421235	603466864.323242
69.4534583333333	671797854.615234
69.4858733333333	639744171.53418
69.5179266666667	709843824.505859
69.5510866666667	706311346.041016
69.5830916666667	721218261.661133
69.6160366666667	696492831.395508
69.6489633333333	737303968.976563
69.6822033333333	699005715.539063
69.7154516666667	656779341.739258
69.74961	599864647.731445
69.78286	699649694.008789
69.8150866666667	655693682.867188
69.8474516666667	624860926.921875
69.8802516666667	636573886.338867
69.913145	670525751.106445
69.94615	707663518.381836
69.9800883333333	668233639.080078
70.011985	744578183.787109
70.04382	688385451.421875
70.07698	703621115.549805
70.108955	707963834.306641
70.14142	656377856.676758
70.172685	623216874.69043
70.2045333333333	631224057.560547
70.237145	597453427.821289
70.269685	612281260.201172
70.3036616666667	813646777.620117
70.3375683333333	716178914.455078
70.371605	876825478.352539
70.4036466666667	761344177.717773
70.4364116666667	757078801.681641
70.470045	853619225.611328
70.5041466666667	820574879.53125
70.538205	845960603.814453
70.572475	778261301.145508
70.6057816666667	730402435.804688
70.63839	835678612.123047
70.6717133333333	715635128.40625
70.7050633333333	821213682.013672
70.738015	677793211.848633
70.7706366666667	672786362.75293
70.8041483333333	720769367.618164
70.8377366666667	666500194.857422
70.8708283333333	699009895.261719
70.90479	614359039.808594
70.9379416666667	676402797.958984
70.9717166666667	638705461.828125
71.0041816666667	725330370.429688
71.035985	751522574.120117
71.0682483333333	701507433.973633
71.1018233333333	642258800.043945
71.1363633333333	664547995.959961
71.1702283333333	680742453.985352
71.2034433333333	700046173.049805
71.23533	647831703.070313
71.26805	699530170.822266
71.3027033333333	713244325.961914
71.3370466666667	724809101.271484
71.3704783333333	698372898.682617
71.4036416666667	727184905.777344
71.4360366666667	724258047.668945
71.4708266666667	706224281.459961
71.5039816666667	669371222.053711
71.5380816666667	673667055.955078
71.5704316666667	715170763.011719
71.60383	633045260.350586
71.636535	684256000.056641
71.6696483333333	663712398.055664
71.7023766666667	574172970.466797
71.734755	642122636.371094
71.7685766666667	585327886.851563
71.80213	559338673.368164
71.834555	583472923.701172
71.8673566666667	713062827.119141
71.9003033333333	653876623.154297
71.933955	649422052.369141
71.9670533333333	632681268.176758
71.9994933333333	593084483.129883
72.0315883333333	623111145.288086
72.0630366666667	628251503.368164
72.095565	604441396.716797
72.1286483333333	595833814.913086
72.1615766666667	657216270.25293
72.1950016666667	654316983.4375
72.2263066666667	638109689.797852
72.2587816666667	743834561.920898
72.29025	685261549.414063
72.3238783333333	691802590.699219
72.356535	790458570.44043
72.38985	693987889.341797
72.4213866666667	650717239.570313
72.4553766666667	741475850.908203
72.48769	689714438.125977
72.519965	639958168.37793
72.5532416666667	672142937.008789
72.5857266666667	696954422.34375
72.6191283333333	641550990.22168
72.65085	662842655.021484
72.6833733333333	744451349.741211
72.7149083333333	703770062.128906
72.7473583333333	754142642.481445
72.780795	682126500.477539
72.8135183333333	670678998.949219
72.846355	642125101.166016
72.8795333333333	681081897.249023
72.91183	605740553.564453
72.94448	585934838.448242
72.9776116666667	603190654.322266
73.0094033333333	605977865.610352
73.041235	582013867.030273
73.073025	617685193.666016
73.1035266666667	784314374.772461
73.1350733333333	699156253.899414
73.1667016666667	699525435.852539
73.19889	765318727.633789
73.2306483333333	744012886.728516
73.262405	739000442.415039
73.2946416666667	747291894.703125
73.326675	760490806.068359
73.35919	767631051.066406
73.3916533333333	725864718.240234
73.424965	771616757.973633
73.4568583333333	756042909.25
73.4902433333333	728394229.989258
73.5238466666667	768890172.365234
73.5563916666667	726135317.155273
73.5894433333333	657010009.736328
73.6220066666667	595311169.408203
73.6573933333333	619817664.695313
73.6905633333333	571204852.59082
73.7233083333333	548653493.208008
73.754275	485366412.345703
73.7874616666667	444093320.458008
73.8208916666667	497604405.994141
73.85512	494599026.853516
73.8866283333333	481475843.204102
73.91895	527767686.271484
73.95073	599066417.442383
73.981945	669584403.923828
74.013475	749549924.884766
74.045	783195774.041016
74.0763166666667	886550134.046875
74.1078583333333	935689800.849609
74.1396316666667	974407348.685547
74.1738566666667	926052459.789063
74.205505	953847715.494141
74.2371833333333	970116622.357422
74.269995	891758974.379883
74.3013333333333	880025145.09375
74.3339166666667	812145500.797852
74.3664533333333	744487169.530273
74.4002783333333	922330585.844727
74.4318366666667	750024720.09375
74.4653983333333	821588597.783203
74.4979366666667	889281828.180664
74.529755	863135328.581055
74.563425	938829621.080078
74.597035	1023617667.875
74.6292233333333	834445654.294922
74.66231	760575609.708984
74.6957833333333	807270814.801758
74.7278766666667	788668565.478516
74.7603933333333	694997414.224609
74.7921716666667	635280098.378906
74.8250783333333	625782177.138672
74.856465	793724379.385742
74.88873	732293012.764648
74.920595	682536203.142578
74.95331	609585817.672852
74.985805	651163516.729492
75.0183716666667	559738075.128906
75.052545	532230964.202148
75.085665	417326992.862305
75.1203966666667	523530574.130859
75.1538883333333	446712598.62207
75.1866833333333	463023854.041016
75.2192483333333	474318999.673828
75.2533483333333	564177955.855469
75.2851366666667	618809238.671875
75.3175316666667	707484798.220703
75.34844	835262556.415039
75.3793583333333	948396776.867188
75.4102333333333	979008596.171875
75.44232	1062638922.31836
75.4740066666667	1052531144.63965
75.505185	1094403115.79688
75.5375583333333	1011360148.7959
75.5686766666667	1027352104.58887
75.600265	975501226.591797
75.6321933333333	852144552.321289
75.664725	840736557.672852
75.6973633333333	673745801.786133
75.73042	610210556.165039
75.7637383333333	633354462.31543
75.7945266666667	578243096.921875
75.8261716666667	517835332.746094
75.85911	552099784.138672
75.89122	520009129.182617
75.923525	563591253.522461
75.95618	640442399.246094
75.9898283333333	725989842.703125
76.022445	769157480.169922
76.0537883333333	864592052.144531
76.0846733333333	695435838.368164
76.11697	860624588.760742
76.1492283333333	732342891.182617
76.1834066666667	833980699.21582
76.21546	1030239500.45508
76.2485733333333	1002766359.25781
76.27974	839050768.756836
76.3121966666667	890398535.086914
76.3452333333333	972101189.707031
76.37798	854437084.969727
76.411205	835080525.918945
76.44446	762403665.330078
76.4776466666667	688047377.708008
76.5105283333333	817791960.957031
76.54235	774629646.363281
76.57622	657821525.474609
76.6077633333333	729944682.666992
76.6417383333333	664638069.241211
76.6732366666667	638411666.439453
76.7064533333333	617725614.698242
76.7386083333333	592707584.992188
76.7708133333333	600376588.529297
76.8032483333333	612131999.1875
76.835385	714748359.075195
76.8693883333333	682622946.120117
76.90158	622593132.535156
76.9345766666667	672981938.666016
76.9685833333333	602497437.283203
77.003735	541392068.666016
77.0373583333333	550417658.876953
77.0697233333333	501939909.648438
77.1015883333333	529107240.707031
77.1353116666667	552342874.475586
77.1692866666667	520445099.773438
77.20077	481041164.817383
77.233175	497717345.158203
77.266545	477331442.976074
77.30017	446548796.976563
77.33447	479008824.814453
77.36934	435855371.733398
77.4035866666667	522693646.604492
77.4371833333333	610498033.847656
77.4694933333333	619539449.460938
77.5004883333333	620881309.154297
77.5326416666667	520693300.745117
77.5641666666667	593635658.069336
77.5954266666667	465974269.470703
77.6273916666667	453547451.789063
77.6593916666667	453962310.845703
77.6927283333333	473216447.483398
77.7244366666667	447367402.069336
77.7590183333333	543697966.171875
77.7909516666667	507269400.822266
77.821405	507196898.87793
77.851695	561367904.756836
77.883055	586741960.755859
77.9143483333333	554644177.575195
77.947715	559297275.035156
77.9814033333333	547970137.154297
78.015375	495786485.182617
78.04832	469821858.926758
78.0814416666667	375063214.962891
78.1165666666667	350325690.250488
78.15344	357289088.265625
78.1872216666667	385288544.416504
78.2207666666667	409137974.45459
78.2546816666667	384300505.282227
78.2885366666667	431828896.524414
78.32156	572616989.376953
78.3536616666667	343425799.217773
78.387355	366470004.540527
78.4209983333333	294023145.905762
78.4567783333333	331283097.398438
78.491645	352445119.390625
78.5236816666667	406458454.781738
78.5572483333333	416046618.039063
78.589795	378726456.872559
78.6228716666667	307273159.879883
78.6568033333333	300598998.775391
78.69124	225735857.213379
78.72817	222026687.516113
78.7624333333333	197031143.462891
78.7995766666667	249555017.879395
78.8337816666667	255357006.921875
78.8666433333333	288610692.712891
78.899815	270155562.512695
78.9333783333333	351604795.186035
78.9679533333333	359815850.953613
79.0011283333333	365432972.286133
79.0353416666667	319393343.473633
79.0720533333333	375954380.323242
79.10774	312015064.92041
79.1440233333333	272397109.107422
79.1806733333333	277758618.638672
79.2170616666667	313674788.70459
79.2500133333333	322504395.171387
79.2837816666667	299933546.48584
79.3177216666667	320796110.022461
79.3523633333333	326904650.874023
79.3866266666667	348957281.055664
79.4202383333333	307864513.132324
79.4545366666667	277932064.224609
79.4892183333333	309657518.643555
79.5241166666667	306365289.818359
79.556925	262417662.73877
79.5909983333333	218143896.773193
79.6271616666667	191649019.846191
79.6619366666667	246868741.907227
79.6976266666667	222451695.030762
79.7324966666667	220791376.50708
79.7674533333333	241570215.637207
79.80764	218840102.05127
79.84026	196868942.797852
79.87529	183274452.453613
79.9077483333333	195667226.41333
79.939325	225933859.525879
79.97512	249327557.963379
80.010185	266955438.868652
80.04403	226600350.606201
80.0794733333333	272093394.893555
80.1173	253299839.171875
80.1521116666667	238554727.734863
80.1899683333333	248814375.982422
80.2272833333333	167158401.157227
80.2664716666667	211359867.935303
80.2993916666667	156640401.694092
80.3369916666667	194764204.89502
80.3707783333333	141670804.267822
80.4099233333333	133106867.967529
80.4460333333333	137405832.457031
80.483705	161304113.040527
80.51962	166425841.23584
80.5563483333333	140063912.211182
80.5918566666667	152810228.620117
80.6296233333333	149929861.904297
80.666385	147819131.218994
80.7077933333333	123661722.612549
80.742545	112985383.26123
80.7774583333333	110248890.114502
80.816015	101791057.068604
80.8549116666667	111638021.953857
80.89131	107442674.614502
80.9262116666667	108674685.313232
80.9618283333333	92282246.4626465
81.0028566666667	118432831.73291
81.03905	124247678.977783
81.0761666666667	120804757.475586
81.1146166666667	104632482.269531
81.1545016666667	110653426.971191
81.1906516666667	141951478.472412
81.2314233333333	94901014.9733887
81.2699866666667	98312982.657959
81.3097416666667	95491305.8852539
81.3449633333333	90568390.0727539
81.3876416666667	88874017.6608887
81.4261983333333	74347908.7388916
81.4673133333333	75839330.5748291
81.508485	84704452.3049316
81.5533733333333	89034530.5201416
81.59167	92184312.8427734
81.6324566666667	116919727.044678
81.6743966666667	108702866.973145
81.7123666666667	104704237.336426
81.751945	96145538.6782227
81.7841983333333	97709135.6347656
81.8244783333333	109338351.663574
81.8602366666667	119534194.049072
81.900625	161082588.939941
81.9357133333333	198563408.268311
81.973525	164385794.437744
82.0076566666667	143136460.89209
82.0465383333333	159679426.179199
82.0814783333333	170690108.162842
82.1170716666667	128216921.158691
82.15878	102527412.740234
82.20333	94739921.260498
82.242415	93343185.1125488
82.2863516666667	77518049.8455811
82.3261	80284080.0068359
82.36696	85184145.7663574
82.4066183333333	71216355.2126465
82.4469633333333	78185621.3828125
82.4878683333333	94601509.0557861
82.5256883333333	144684385.506348
82.5589766666667	132695192.183105
82.597455	111938508.444336
82.6379766666667	107482313.170898
82.6784816666667	119387281.648438
82.7169083333333	108453647.668945
82.7590366666667	100589339.755981
82.794255	87289237.1854248
82.8364516666667	83737223.210083
82.8771533333333	72244457.6853027
82.920455	63614408.3101807
82.9620633333333	77491360.1556396
83.0042566666667	57445362.635376
83.047735	79025803.9953613
83.0847866666667	75160732.0825195
83.123155	59129452.3757324
83.1655533333333	61663985.0574951
83.20768	56851760.065918
83.2511183333333	58284856.9414063
83.291645	59612835.74646
83.3346916666667	67621126.0311279
83.3735616666667	70998679.1243896
83.4143466666667	94809370.6584473
83.4527616666667	75635387.5638428
83.4964183333333	63401555.0056152
83.5379183333333	70478608.0703125
83.5769666666667	74326170.6503906
83.61869	66465741.5457764
83.6606216666667	73022952.8634033
83.7045916666667	86554638.4090576
83.74628	84135904.7427979
83.7883733333333	72359597.1563721
83.82948	82953588.1422119
83.8680866666667	76585158.1945801
83.9079216666667	68190871.4422607
83.94882	66859147.0184326
83.9910716666667	75670347.3011475
84.0313183333333	95368042.532959
84.07203	77185417.3415527
84.1127216666667	92484127.4776611
84.1490383333333	69241155.6962891
84.191225	60774581.3886719
84.2346183333333	69290773.3990479
84.27707	52687987.4171143
84.3190733333333	54904224.8468018
84.3607666666667	50088038.4473877
84.4024166666667	49774553.5673828
84.4470233333333	51048333.8306885
84.4896433333333	49031655.0848389
84.5349066666667	42880587.697998
84.5776	49662955.1252441
84.6243483333333	39695161.640625
84.6682183333333	44035916.6743164
84.71144	48747983.2008057
84.7546233333333	46668808.052124
84.7995733333333	42867702.9779053
84.843655	39822658.0012207
84.8891466666667	40392391.3056641
84.9335233333333	46452107.9066162
84.9749033333333	40038974.925293
85.019045	41945951.1954346
85.0604316666667	44665757.75354
85.1049666666667	42705820.0273438
85.147615	45111387.4678955
85.189735	40004191.3237915
85.23472	42435374.5129395
85.2778916666667	40891673.6239014
85.3238316666667	42951716.123291
85.3688733333333	44207319.0333252
85.410115	43926702.5559082
85.452625	39520963.8657227
85.4984116666667	40558444.2828979
85.5379566666667	41950878.1152344
85.583025	35755601.3674316
85.6283033333333	44641541.4709473
85.673355	57450890.0211182
85.7165283333333	42033156.3582764
85.7612216666667	60761795.3095703
85.8035716666667	68223902.7033691
85.84587	77090014.855835
85.883605	85510309.0483398
85.926305	126522221.242188
85.96664	118772382.363037
86.01174	106021858.399902
86.0544	60488239.7055664
86.1001816666667	59811475.5222168
86.144495	46731426.9464111
86.1867583333333	41118491.2623291
86.23074	43849593.258667
86.27495	39814575.8259277
86.319045	39821336.8577881
86.363205	32911397.4778442
86.4086933333333	41216598.2810059
86.451605	36407651.1826172
86.4973766666667	39325286.0285034
86.5425833333333	48755927.9005127
86.5845566666667	35830981.4175415
86.6307216666667	38983074.8544922
86.6769466666667	41801216.8379517
86.7216683333333	44175743.0377197
86.7663933333333	59610130.5697021
86.80989	45703362.230835
86.85478	35708467.2320557
86.8994333333333	34595779.5703125
86.94459	28882088.7098999
86.99005	36325546.0112915
87.03484	36360491.3939819
87.082875	35228710.6300659
87.128885	37135593.9321289
87.1725316666667	42241598.9508667
87.2155366666667	40381601.1092529
87.26104	42736612.2071533
87.3051783333333	31688865.4542236
87.3496933333333	31498036.6871338
87.3955416666667	28750931.0870361
87.4421683333333	30192101.796936
87.4868866666667	30279893.9655151
87.532475	28188387.9303589
87.5743166666667	32555438.9503174
87.6203333333333	42895064.2098389
87.665095	47244232.4251709
87.71027	40155253.255188
87.75583	41364162.6832275
87.800025	32953951.831543
87.8448033333333	32793396.6763306
87.8906766666667	34547089.0634155
87.9358233333333	37183109.1922607
87.983295	39541949.7976685
88.0288566666667	47140031.2172852
88.07522	46931442.2806396
88.119555	47768725.675415
88.1647266666667	50642056.9365234
88.2092033333333	46140509.7131348
88.25206	44468444.3030396
88.2960783333333	39530918.1625977
88.3361533333333	45921744.6809082
88.379945	34614829.2460938
88.4243016666667	31522614.0429077
88.4709866666667	30337685.1187744
88.5139633333333	28052204.5063477
88.5601133333333	27284562.000061
88.60585	36547017.9992676
88.6499083333333	32470536.5692749
88.6937016666667	38154526.9281006
88.7389666666667	25617238.5879517
88.7847766666667	32832127.3103638
88.8284533333333	30563173.8790283
88.874535	27565737.8066406
88.9214366666667	34832108.1419678
88.9649716666667	34276132.6156006
89.0120666666667	30344876.4815674
89.05817	34522963.6094971
89.1046966666667	35513209.8067627
89.1490466666667	37171074.1343994
89.1948516666667	42103565.9892578
89.2396866666667	40123745.2244873
89.2818616666667	36117991.1732178
89.3277133333333	31756739.631897
89.3721016666667	26324677.8137817
89.416535	26136202.7348633
89.460105	23297709.9770508
89.506975	20800861.6147461
89.5530866666667	23180697.4078369
89.59937	26944876.012207
89.6459733333333	22377976.2675781
89.6920383333333	28167779.5385132
89.7357383333333	26025977.8287354
89.7822016666667	21765525.5458984
89.8277683333333	21478911.1375122
89.8743133333333	22971480.3173218
89.9211433333333	21678618.3182983
89.9670333333333	20706053.7044067
90.012515	26134088.4195557
90.0573983333333	23931084.8952026
90.1019783333333	23120783.0186157
90.1495233333333	25529486.4074097
90.1949266666667	22487928.4302368
90.241085	24304655.7261963
90.2854166666667	22910119.0862427
90.32833	21036760.0106812
90.3745766666667	26188310.1400757
90.419605	21394522.8607178
90.4647983333333	19351931.4967651
90.51064	20550596.6843872
90.5565733333333	22166099.7169189
90.600935	22669987.6608276
90.6474016666667	18790016.3706665
90.693755	19292278.6606445
90.7396216666667	18957560.0125732
90.785735	19427848.6256714
90.832305	18268554.9755249
90.8785266666667	19380558.6192017
90.9234583333333	17626470.7402344
90.9701216666667	20455177.6112671
91.0156483333333	16303836.3521729
91.0626066666667	17390936.4494629
91.107665	18566509.0722656
91.1521983333333	17962984.9994507
91.1978766666667	17919490.1176147
91.2434766666667	17121608.1278687
91.2887133333333	17956914.0116577
91.33455	17958466.9807129
91.3790933333333	15580731.2116089
91.4236366666667	16549610.1211548
91.4685833333333	19394613.6665649
91.5145466666667	18239573.7550049
91.5602533333333	17858417.9708252
91.606965	18553679.7926025
91.6510233333333	18716943.0811157
91.6967966666667	16654677.354187
91.7432616666667	19452969.9456177
91.7881633333333	16989274.9262695
91.83414	19649233.2449341
91.8810366666667	14421648.9385986
91.9260316666667	14182774.0113831
91.9720983333333	16010160.1587524
92.01936	14310742.2516479
92.0654616666667	15602577.7687378
92.112175	18395546.7661133
92.1567266666667	16747981.2302246
92.20273	19060042.6916504
92.247265	13843840.1523132
92.29384	13430448.1233215
92.3401866666667	14305042.9031677
92.3864733333333	15574028.8426514
92.4305833333333	13797345.1657104
92.4759383333333	14464090.6925659
92.5208283333333	15934791.1513062
92.56587	13113164.07724
92.611835	13880543.3890381
92.6585466666667	13508252.1271362
92.7023283333333	13778478.7189331
92.7472583333333	12524375.9397278
92.7930033333333	12536025.3925476
92.8390583333333	13136880.3557129
92.8833133333333	12761518.8604431
92.929475	9940347.47842407
92.9752216666667	13953522.3259277
93.017535	12887652.3552856
93.0617533333333	11696600.7938538
93.10632	11809728.4694214
93.1503116666667	12527334.8432007
93.1955566666667	12045006.0533447
93.2413133333333	13608464.6992798
93.2839083333333	12591985.3700867
93.328635	10422458.3876953
93.374705	11284362.0123291
93.421245	13532735.0350342
93.46495	13439877.8568726
93.5103383333333	13849049.2434998
93.55424	12101673.9324646
93.6002766666667	19626062.9195557
93.643585	15126846.3231201
93.6902633333333	13527156.7836304
93.7346666666667	16192853.7932129
93.7806866666667	18609951.2827759
93.8270716666667	15881562.1155396
93.8729516666667	18771121.3510742
93.9189116666667	20915711.0443115
93.96293	20251315.5379639
94.0085683333333	20749024.1437378
94.0519883333333	23418531.9945068
94.0957266666667	26113326.9946289
94.142055	29304499.8814087
94.1872566666667	30714993.9526367
94.23263	28383692.0921631
94.27805	39044219.15625
94.3209216666667	30830840.0179443
94.3662516666667	32016937.3890991
94.4124766666667	34599895.9188843
94.4584816666667	37931546.7489014
94.5029383333333	44199069.0410156
94.5462816666667	42571516.7922363
94.5887116666667	40692299.1484375
94.6337783333333	41275540.7961426
94.676095	43691543.9699707
94.7206966666667	43757153.8334961
94.7623983333333	39796742.0603027
94.8082233333333	46327250.177124
94.8531033333333	36365534.1259766
94.898075	40634495.5864258
94.93993	36312775.8598633
94.9851433333333	40721839.1103516
95.0302316666667	33726702.6342163
95.07618	34194131.5267944
95.1171916666667	33496329.8887939
95.1635116666667	45355578.8023682
95.2080583333333	35928743.9279785
95.2538016666667	32542438.9971924
95.2999366666667	34101616.7885132
95.34467	43095675.0970459
95.3876416666667	44462901.6015625
95.4323933333333	31633486.3151245
95.4775233333333	32834835.6328125
95.5220583333333	30106869.7714844
95.5649716666667	29975566.5004883
95.60984	38209211.7991943
95.6535233333333	35260077.4170532
95.697205	30760717.001709
95.742805	28834407.2526245
95.7863233333333	31123787.5686035
95.83146	33134977.8944092
95.8762516666667	27222306.3882446
95.92148	30342222.8012695
95.9660166666667	27430324.2463989
96.00965	25662297.1748047
96.0541183333333	33343831.7185669
96.0994133333333	30645679.0442505
96.1427016666667	27705226.3322144
96.18767	24939537.0227051
96.232945	24365230.6706848
96.2782783333333	26310434.894165
96.3230983333333	28776956.4770508
96.3679033333333	27161391.3344116
96.4128033333333	26590313.7296143
96.4577866666667	23678695.0900269
96.5023233333333	21310665.9309387
96.54759	28619784.0198975
96.5912016666667	23556029.3277283
96.6362166666667	19742333.8001099
96.68107	21853433.3059387
96.7259183333333	22239561.939209
96.7712583333333	22731987.2181702
96.8156083333333	20129176.9418945
96.8612633333333	23303073.9631348
96.9062433333333	24676705.7562256
96.9513333333333	18655001.8068237
96.996535	19045817.7815552
97.0419366666667	20430994.8219604
97.0874066666667	21045512.8753967
97.13299	17628097.6242065
97.177405	18252017.0903625
97.222775	18315351.1588135
97.2678433333333	20570417.2493286
97.3134066666667	19076130.0958252
97.3587416666667	20204567.4960938
97.40413	17233107.2366333
97.4493916666667	18435987.1647339
97.4934433333333	19933915.5410767
97.5389	16599787.9780884
97.5843733333333	16308137.6792908
97.6291416666667	16500803.4168701
97.6744633333333	15075527.0093384
97.7186966666667	14953175.3952637
97.7640283333333	15984241.0981445
97.8097866666667	13232083.1613159
97.855075	15636909.5389099
97.900615	13950651.5676575
97.94604	13121190.6859436
97.99083	11927133.1292419
98.03639	13499875.9482422
98.0821133333333	12612253.5719299
98.127445	11481679.2457886
98.1725733333333	11292528.0847778
98.2177433333333	11834721.1260071
98.2628233333333	12511344.1351929
98.3073583333333	9894736.75909424
98.3523583333333	12198783.5246887
98.39653	9345163.30395508
98.4417983333333	9500373.98194885
98.48711	9830713.72802734
98.5326166666667	8864030.20083618
98.5776916666667	7611645.15660095
98.6220083333333	7288587.86997986
98.6674933333333	7091476.82794189
98.71275	7113245.35681152
98.7575433333333	6505196.56509399
98.8027766666667	6353038.8184967
98.8483533333333	6725769.20011902
98.8935616666667	6539420.00350952
98.9384433333333	6371747.14299011
98.98368	6099853.04452515
99.0283183333333	5323354.84074402
99.07282	5090870.08618164
99.1170366666667	5932532.9286499
99.1619683333333	5967949.9278717
99.2065633333333	5514960.61050415
99.2509466666667	5083288.15567017
99.2959	4516108.99232483
99.33944	4358246.55162048
99.3842183333333	5375231.01402283
99.428475	5322165.27476501
99.4732116666667	4269567.86578369
