RetentionTime	Intensity
0.00334333333333333	4801622.12112427
0.0438166666666667	3765432.58599854
0.0859883333333333	3629937.89378357
0.128726666666667	3841593.44937134
0.172833333333333	4075882.2555542
0.217551666666667	3814331.87626648
0.261823333333333	3692365.03785706
0.304135	3742516.76217651
0.349321666666667	3686485.7260437
0.394896666666667	3932164.14537048
0.439795	3686884.58192444
0.485723333333333	3843275.94221497
0.531048333333333	3699362.19676208
0.575148333333333	3595999.32978821
0.620925	3997589.84962463
0.666755	4922918.39050293
0.710403333333333	4910823.33956909
0.751955	2742825.02960205
0.795145	1953967.9359436
0.839431666666667	1883524.09481812
0.882898333333333	1747565.19753265
0.92769	1788508.29740906
0.973281666666667	1650375.0715332
1.01967666666667	5769450.55387878
1.06401833333333	1794033.60791016
1.10721833333333	1634905.472229
1.151315	1644789.09494019
1.19707666666667	1499227.59144592
1.24224166666667	1556992.70747375
1.287815	1581509.35398865
1.33443166666667	1598202.53189087
1.38007	1605316.39460754
1.42656333333333	1499101.24273682
1.47215	1547227.72341919
1.51792333333333	1629099.05984497
1.56384	1566668.02406311
1.609385	1593519.12728882
1.655715	1581462.34758759
1.70283333333333	1603128.88925934
1.74719666666667	1586461.08573914
1.78879	1558133.3190155
1.83351666666667	1669370.98875427
1.87756	1710286.1438446
1.922765	1653566.4132843
1.96829	1655160.75958252
2.014115	1708010.45823669
2.05865333333333	1774313.88098145
2.10395	1719120.49421692
2.148135	1691855.24879456
2.194095	1706976.75108337
2.239175	1749428.02261353
2.28379166666667	1758876.01863098
2.330775	1811300.43005371
2.37612833333333	1734961.7263031
2.420075	1806429.87016296
2.46493666666667	1746818.1530838
2.510755	1820686.75117493
2.55700833333333	1842920.42019653
2.603605	1772576.82266235
2.64930833333333	1755939.88967896
2.694325	1861348.06524658
2.73963833333333	1885250.10693359
2.78472333333333	1919970.79528809
2.826295	1920222.04942322
2.87276666666667	1987712.41017151
2.917595	2048047.31802368
2.96149666666667	2071549.54176331
3.006025	2030065.09658813
3.05148666666667	2128307.06692505
3.09704166666667	2318873.99763489
3.14191333333333	2394335.71447754
3.18733166666667	2447686.40458679
3.23224833333333	2514420.76542664
3.27697	2523055.84460449
3.31975833333333	2561482.12135315
3.36487666666667	2589869.87145996
3.41104666666667	2677551.69639587
3.45640166666667	2816882.70875549
3.50112833333333	3039941.05854797
3.54654	3070473.65914917
3.59258833333333	3195252.39572144
3.63777833333333	3252307.85832214
3.68044	3778729.92132568
3.72655166666667	3407896.81044006
3.77057666666667	3236612.09109497
3.81656833333333	3062902.49281311
3.86039333333333	3285688.35266113
3.90406333333333	3956618.40560913
3.949445	3277854.98564148
3.99488166666667	3102107.26602173
4.04143166666667	3309357.14199829
4.08680833333333	3378874.73002625
4.132625	3339430.6230011
4.17885	3303636.37202454
4.2246	3466247.21995544
4.27091333333333	3575283.11605835
4.31669333333333	3477760.01667786
4.35826166666667	3421290.10554504
4.40257833333333	3296890.47822571
4.44786	3342591.47276306
4.49387	3599586.62359619
4.53963333333333	3520273.87939453
4.58441833333333	3426717.55981445
4.63057666666667	3354726.23118591
4.67643333333333	3408283.45541382
4.720635	3378094.55444336
4.76557	3218075.66738892
4.81113833333333	3344829.71540833
4.85531333333333	3200836.79737854
4.89966166666667	3204352.31626892
4.94528833333333	3417318.6697998
4.98900333333333	3591747.8183136
5.03422666666667	3427231.9079895
5.08069	3622026.3515625
5.126895	3641192.2504425
5.17325666666667	3711071.06695557
5.21972666666667	4003263.41915894
5.26555666666667	4071036.58340454
5.31347166666667	4070722.36593628
5.35851333333333	4227183.87809753
5.40481833333333	4051299.61549377
5.44784333333333	4227966.86152649
5.492755	4259327.95463562
5.538955	4360157.23886108
5.585305	4617143.25358582
5.63129	4960471.77250671
5.67905833333333	5185399.94387817
5.72289166666667	5794316.62538147
5.76639833333333	6507998.06646729
5.81199333333333	6923783.26101685
5.85893333333333	7324591.64614868
5.90386833333333	7103103.540802
5.95126166666667	7081765.75869751
5.99828166666667	6824145.39727783
6.044885	6447419.58572388
6.09058166666667	6450477.09069824
6.137425	6634015.8717041
6.183815	6557232.69772339
6.230845	7047446.65805054
6.27654	6996552.78915405
6.32153666666667	7842265.70184326
6.36580333333333	9727065.63168335
6.40946666666667	12229008.6027832
6.45598333333333	13572850.5725098
6.49701166666667	14209738.5241089
6.54113666666667	14170024.7542114
6.58363166666667	12381397.0144043
6.62428833333333	11857517.2952271
6.668615	11204474.4497375
6.71128666666667	10522545.2735291
6.75708833333333	10377857.3424377
6.80037833333333	9513561.0664978
6.84556833333333	9794038.76351929
6.89308833333333	9216970.34185791
6.93676666666667	9325406.16842651
6.98304666666667	9770013.24966431
7.02889333333333	9674655.9621582
7.07506	8951290.89950562
7.12209166666667	8649089.25326538
7.168305	8351836.55657959
7.215065	8163707.8107605
7.26074666666667	8242570.37844849
7.30524833333333	8823507.90081787
7.34586666666667	9396071.38851929
7.39018166666667	10096259.3349915
7.43504	10495582.6357727
7.48024333333333	10642085.432373
7.52479333333333	9789250.88015747
7.57118166666667	9700872.10522461
7.61607	9039125.67672729
7.66062333333333	8565446.26242065
7.70763666666667	8364298.15570068
7.753785	8830498.10443115
7.800165	9324950.16616821
7.84372	10384778.0214539
7.88900666666667	11517755.7573242
7.93526	13262274.8850098
7.97650333333333	15929348.3668823
8.02147333333333	17733895.7416382
8.06803666666667	21476121.9463501
8.10961333333333	24347181.3549805
8.15513333333333	24079483.3209839
8.19960333333333	24387425.3815918
8.24546833333333	25663621.9172363
8.29387	23347967.5773315
8.33418166666667	21340446.192749
8.378565	20965850.4205933
8.425025	20140538.8725586
8.46929833333333	19748153.8807373
8.517195	19812602.9083862
8.56200166666667	22400895.6036987
8.605505	27547179.1571655
8.64586333333333	30889387.0094604
8.6865	34045229.0778809
8.72419666666667	34240671.638855
8.769645	31622065.7087402
8.81355666666667	27680837.3726807
8.85500333333333	25499793.2946167
8.90005833333333	25130610.5237427
8.94339666666667	22892570.7130737
8.98445833333333	25413621.0584717
9.02625166666667	27800715.949707
9.06944	36470936.2314453
9.1095	43123287.5454102
9.15085333333333	50100686.2929688
9.19498	54054126.4700928
9.23690166666667	54787995.8641357
9.278915	46495495.291626
9.32240666666667	46006453.5111084
9.36356666666667	43829978.1467285
9.404825	41094384.0256348
9.44813	41380515.5133057
9.48986833333333	40401884.1030273
9.529325	35055122.1136475
9.57211333333333	33668999.2789307
9.61425	31645494.9665527
9.65481333333333	30600507.2530518
9.69679666666667	34998540.3123779
9.741155	42010582.2849121
9.78222666666667	56336518.3651123
9.82377333333333	65895581.6152344
9.86252333333333	65004351.5004883
9.90660333333333	59617501.9656982
9.95044666666667	52201544.9643555
9.984735	46388594.9730225
10.0304016666667	44071344.5936279
10.0744283333333	42942872.7355957
10.1165433333333	51822377.8950195
10.1559566666667	50518966.4023438
10.1996483333333	55696148.7460938
10.2439933333333	68800259.75354
10.2871783333333	78001275.4238281
10.3284816666667	77354195.7407227
10.3704516666667	73561607.503418
10.4108916666667	72653155.3115234
10.4476883333333	72856731.607666
10.48606	75883886.8461914
10.524535	77375683.6119385
10.564095	86366640.729248
10.6062833333333	90036481.1921387
10.645015	89725859.1047363
10.6846366666667	105113401.813721
10.72604	115595136.186035
10.7665116666667	125247617.675537
10.8096133333333	125864480.186279
10.8492	103805066.30127
10.8835016666667	95536451.0769043
10.9194716666667	88637472.1000977
10.9577433333333	95027885
10.99553	104955431.451416
11.03342	119948485.463135
11.0731383333333	122148548.463867
11.1115416666667	125037861.508057
11.151475	134712483.361572
11.1873683333333	140374414.815674
11.222355	157249103.899414
11.2561616666667	166239164.657471
11.2935433333333	166451707.166748
11.3383466666667	165421653.2146
11.36936	150844684.619385
11.4128683333333	175133154.171631
11.446675	180797881.550293
11.4849783333333	211225957.491211
11.5229833333333	223412021.802734
11.5603233333333	214598740.104492
11.59844	190201818.094727
11.642285	186943859.01123
11.6808883333333	169153880.436035
11.7143233333333	152594314.40625
11.7526783333333	136388437.632568
11.7930283333333	135720126.119141
11.8335433333333	147293174.509766
11.869835	178810027.453369
11.9035933333333	188217014.462402
11.935675	207322872.42334
11.9711516666667	201303020.095215
12.00584	222296970.432129
12.0436316666667	233253263.899414
12.0813716666667	279302115.905762
12.1148233333333	348847006.300293
12.1531416666667	463618571.017578
12.1904883333333	461155179.675781
12.2272833333333	421966676.496094
12.26332	395506206.177734
12.301925	338388855.128906
12.340885	292387221.350586
12.381195	221182047.089844
12.4171066666667	210213573.452148
12.4606083333333	181242301.030762
12.4948033333333	183969567.367676
12.5277566666667	184231229.98584
12.5668883333333	218353579.664551
12.6024516666667	268584455.220703
12.6384183333333	246237360.583008
12.6756866666667	295027600.70752
12.71424	244698248.850098
12.74839	311220981.64502
12.7849833333333	274146119.865723
12.8202216666667	302018981.412109
12.8558516666667	272999148.310059
12.891625	242888241.63916
12.92524	246507101.422852
12.96153	227506258.304199
13.001585	216715812.73584
13.03731	277548059.383789
13.07116	309312776.834961
13.103255	364958478.649414
13.134175	334972718.994141
13.16579	408652907.296875
13.1987283333333	404620416.321289
13.233635	486070317.320313
13.2734033333333	418815558.817383
13.3037866666667	473279609.758789
13.3471766666667	408953991.459961
13.383495	384604012.186523
13.41819	308510364.318359
13.4566033333333	286479479.386719
13.49193	297509720.141602
13.52489	261147230.128906
13.5607333333333	257502035.861816
13.597995	261290526.367188
13.63495	263714708.264648
13.6684083333333	247051662.896484
13.7069033333333	256717099.855469
13.7427233333333	266946921.189941
13.7756133333333	321526659.305664
13.81073	348583954.155273
13.843105	326759873.526855
13.87359	359498896.536133
13.9065566666667	379957642.749023
13.936175	439100308.069336
13.9669666666667	527661731.961914
13.9983483333333	647505793.263672
14.0309783333333	808200093.412109
14.0631683333333	808583541.708984
14.09757	974289055.878906
14.1297683333333	852681293.171875
14.16056	901591211.277344
14.193285	884732147.201172
14.2236316666667	987620711.095703
14.25312	887835933.236328
14.2872366666667	855443267.773438
14.3185666666667	859971782.324219
14.3497666666667	758560383.478516
14.3821616666667	843129557.857422
14.4148833333333	769152651.445313
14.4466666666667	784049450.349609
14.477835	738037907.28125
14.513705	784660652.603516
14.5440116666667	776429030.027344
14.5800816666667	748828852.654297
14.6127766666667	729710487.4375
14.6465783333333	822930761.331055
14.6768066666667	822957061.101563
14.7075733333333	718196524.533203
14.743125	669257028.400391
14.7763566666667	638409022.203125
14.807725	705884598.763672
14.8430433333333	663664416.548828
14.8784566666667	659945609.539063
14.9112316666667	662282454.90625
14.9434616666667	628331562.366211
14.97374	631885478.214844
15.0100566666667	497951939.098633
15.04107	601092773.256836
15.0729383333333	584110146.763672
15.1055383333333	497619254.924805
15.1374066666667	531751301.920898
15.1677666666667	568231805.816406
15.20417	556074747.1875
15.2349016666667	541875280.081055
15.26737	471343609.109375
15.3011566666667	512803660.324219
15.33289	591212709.672852
15.364055	783841985.418945
15.3943433333333	859470565.033203
15.42618	996007280.113281
15.4582133333333	952715389.164063
15.4877316666667	1008414172.48242
15.519035	1038337674.82617
15.5503316666667	967937522.228516
15.5817566666667	927885270.052734
15.61316	925700718.873047
15.6435383333333	802624309.199219
15.6753483333333	813221235.585938
15.7085216666667	803892104.75
15.7413516666667	795915521.013672
15.77427	755543326.911133
15.80694	805136058.163086
15.8399966666667	703752271.955078
15.8749166666667	697116484.797852
15.9087233333333	740667268.442383
15.94058	811792358.556641
15.96924	757705601.697266
15.9991216666667	769543087.044922
16.0307533333333	680110887.81543
16.0632066666667	690225847.992188
16.094415	661942835.62793
16.124665	634859273.797852
16.1554	596707225.854492
16.1880616666667	609815039.90918
16.2207283333333	762035778.375
16.2509633333333	809188087.164063
16.2824633333333	767682783.822266
16.31276	726437746.115234
16.3451766666667	679282615.238281
16.3773	781735392.423828
16.411665	723021637.509766
16.4428933333333	668256183.517578
16.4776033333333	716430085.554688
16.5102016666667	693478334.861328
16.5421416666667	677923835.455078
16.5755366666667	709189701.155273
16.6060583333333	721442370.477539
16.6381716666667	696815313.999023
16.6693816666667	855303603.858398
16.6996183333333	967131423.970703
16.7310616666667	1052394684.13086
16.7621083333333	1179792168.83789
16.7952	1116106043.34766
16.8271	1237675892.82813
16.8581716666667	1037296354.87109
16.89012	1057230040.12305
16.919275	1026260080.63867
16.9503216666667	999279915.041016
16.98093	1052006495.81836
17.0141766666667	1048484305.05273
17.0453183333333	955573208.019531
17.0760633333333	870607661.560547
17.1067166666667	742304519.952148
17.1379133333333	839882961.044922
17.1688966666667	818052867.306641
17.2010666666667	684123002.518555
17.2319683333333	693824949.010742
17.264085	704164081.992188
17.295685	680880047.991211
17.3273083333333	632923470.272461
17.3578716666667	599702887.236328
17.388315	679508983.196289
17.4189816666667	655345781.240234
17.4544683333333	691543081.724609
17.4852266666667	742137286.955078
17.5181666666667	789765324.71875
17.5507666666667	751667565.339844
17.5826066666667	731841930.054688
17.6120566666667	712677289.167969
17.644235	770816372.546875
17.6751733333333	776677827.826172
17.7085083333333	888211785.375
17.737035	802567311.699219
17.767305	949618206.003906
17.7997166666667	819743315.623047
17.832125	844629509.589844
17.86317	816341739.427734
17.895985	849578107.841797
17.9267516666667	832945103.685547
17.9578	909675748.75
17.9865933333333	1007283375.86719
18.01593	977078434.921875
18.04692	1043605164.20703
18.076465	1123089396.64453
18.1057066666667	1067611250.36328
18.1360633333333	1063494580.97266
18.1655616666667	1025343733.3457
18.1975933333333	1054651718.95508
18.2287316666667	1169874496.20898
18.260405	1029210074.63086
18.2921516666667	1026757665.16406
18.321015	978048396.181641
18.35134	1031525382.90234
18.38424	960706314.417969
18.4156816666667	1020454666.57617
18.44576	1006075390.80664
18.47606	1086426474.39844
18.50741	1106000560.0918
18.5384516666667	1125081510.64258
18.5699083333333	995897107.560547
18.5992833333333	998238411.628906
18.6280233333333	990817005.439453
18.6590333333333	1126371244.09961
18.6905183333333	1019315556.11914
18.722645	906653664.822266
18.75416	935039899.236328
18.7858766666667	881640134.113281
18.816975	949614619.558594
18.8483033333333	916455021.166016
18.8791733333333	993798430.585938
18.9108866666667	1002290803.54688
18.9427016666667	961701705.796875
18.9739	1097389727.84375
19.0043366666667	1110061496.87695
19.03525	1079166973.01563
19.0686816666667	934186761.5
19.1024966666667	1164354600.31641
19.1343683333333	1069520847.21484
19.16765	1148326766.48633
19.1982316666667	1116240204.28906
19.228975	1088657512.67773
19.259175	1065112323.5957
19.2882483333333	1001077661.47266
19.318095	1095172115.85742
19.3471416666667	1160251113.12695
19.3767216666667	1172740241.33594
19.4075866666667	1234217121.11719
19.43856	1123987935.15039
19.4698533333333	1190870074.44727
19.5004216666667	1182616242.44531
19.5297966666667	1039633882.41016
19.5582516666667	1141907698.7207
19.5876483333333	997205593.662109
19.6170416666667	970499435.310547
19.6442333333333	1059702707.78516
19.6732966666667	897195912.091797
19.702795	893828339.736328
19.73296	848529429.056641
19.76235	839495097.494141
19.7929866666667	936223259.753906
19.826695	932299099.400391
19.8561233333333	921415950.308594
19.8857083333333	1024164129.60156
19.9167733333333	935008088.912109
19.9491483333333	1169522167.31641
19.9803816666667	1170007503.96289
20.01074	1129122081.25781
20.04208	1220207071.29297
20.0715083333333	1134795440.54883
20.1025433333333	1109398587.2207
20.1318833333333	1068867000.07617
20.1609433333333	949094437.410156
20.1900633333333	1054479488.55078
20.2198616666667	1055980412.14453
20.249845	1008980950.93945
20.28135	1055671936.8418
20.3139833333333	914494193.720703
20.3468333333333	897577792.476563
20.3785233333333	1057412462.68945
20.4133833333333	1034970974.00391
20.4427716666667	974454154.09375
20.472585	936118651.929688
20.5045566666667	982862012.839844
20.53529	1156581776.50195
20.5635583333333	1087255376.31641
20.59331	1139631718.11523
20.621935	1077153062.65625
20.6534683333333	1088737366.24609
20.6825516666667	1234024197.82422
20.7140166666667	1125359418.85547
20.7440666666667	1176273633.27734
20.7742583333333	1092261319.60742
20.8042766666667	1087443512.39258
20.833305	1028057465.62305
20.86761	1139644190.32422
20.8969833333333	1226395926.75977
20.9280066666667	1183996288.12695
20.958175	1122000728.46289
20.9880566666667	1275075291.31641
21.0174983333333	1221442864.18945
21.0463966666667	1168113649.70313
21.075635	1153314522.59766
21.10483	1229899634.44922
21.133425	1212369745.82031
21.16265	1233865225.47266
21.191545	1282224134.10156
21.218805	1344392862.39648
21.2469733333333	1345595147.66406
21.2767283333333	1403954271.80664
21.3057583333333	1425798766.07031
21.3364533333333	1376261780.61133
21.3658783333333	1376182341.19531
21.3973533333333	1323104941.99805
21.4284166666667	1458857093.95313
21.4609	1349792401.81445
21.4914683333333	1422806572.17773
21.5204566666667	1314306866.72852
21.5500216666667	1330275125.88672
21.5803966666667	1315034036.38867
21.6090683333333	1227073505.75586
21.639045	1386801488.58398
21.6691616666667	1419020750.42383
21.6985466666667	1253821915.7832
21.7285983333333	1318616258.54688
21.757395	1350370102.60547
21.7872916666667	1492621610.62695
21.8165316666667	1306950571.80469
21.8467066666667	1292984511.93359
21.8768266666667	1378172537.57813
21.9069033333333	1243778166.4082
21.9382133333333	1261979994.79883
21.9696566666667	1306835028.875
22.0009583333333	1472171175.87109
22.03201	1398184650.20508
22.0628066666667	1403114377.7168
22.0929866666667	1401571436.37109
22.1223683333333	1415538474.78711
22.1503633333333	1250656771.26953
22.1808683333333	1350955412.0293
22.2087866666667	1299707964.20703
22.2374916666667	1329482946.05859
22.2660816666667	1394602830.51367
22.293875	1498628412.3125
22.3245316666667	1391461427.64844
22.3553516666667	1295905722.10938
22.3848983333333	1387571114.3418
22.41497	1362700039.66797
22.44635	1437480379.58789
22.4770666666667	1497317227.81641
22.508045	1461863570.05469
22.5371433333333	1410273395.96875
22.568225	1376023898.45508
22.59829	1460047791.01758
22.6273833333333	1418167646.40625
22.6572916666667	1402991205.31836
22.6882516666667	1219746978.66016
22.718085	1316208485.24609
22.749385	1332354946.09961
22.780865	1243181834.64648
22.8105583333333	1394027130.67578
22.84108	1217382624.54688
22.8705383333333	1235007614.45898
22.901915	1462865505.24414
22.9312516666667	1374254442.66992
22.96107	1408460744.39063
22.9897183333333	1665171049.51563
23.0194333333333	1678406973.01758
23.0480833333333	1588923919.71484
23.0772283333333	1715246521.12109
23.1065266666667	1669757630.625
23.136385	1760187139.12109
23.1675466666667	1704336075.07031
23.1980383333333	1621553241.56641
23.2296633333333	1533197665.82813
23.26138	1613289538.13867
23.2930183333333	1469252941.99023
23.3235416666667	1422486216.23438
23.3548783333333	1434618913.79688
23.3855966666667	1364497041.33008
23.4165516666667	1355662270.9668
23.4475566666667	1300728694.01758
23.478295	1372723883.46875
23.5081066666667	1394546444.43359
23.53611	1437036116.92188
23.5649083333333	1394447580.52734
23.5956733333333	1600590171.40625
23.6243	1602149496.87891
23.6531433333333	1639964713.89063
23.684575	1751716833.76563
23.715925	1828079206.13281
23.74636	1721828532.15234
23.7766283333333	1948462753.33984
23.805005	1925959706.05859
23.8353133333333	1937964892.91797
23.8669183333333	1843920667.0293
23.8984366666667	1786564902.48438
23.9308233333333	1968067980.84766
23.9607116666667	1676538710.61133
23.9910966666667	1710839053.13867
24.022265	1693801818.67773
24.0538016666667	1613997483.95313
24.0846166666667	1735944674.34375
24.115165	1779001426.57031
24.1456266666667	1701891315.72656
24.1758933333333	1836385813.40625
24.2063083333333	1828055264.32422
24.238	1544277295.62695
24.26903	1722275356.22266
24.2980733333333	1641303140.64453
24.3305833333333	1687784388.46484
24.361495	1641761693.64063
24.3910583333333	1697522727.14063
24.4230233333333	1637463647.62109
24.4568016666667	1352569430.6582
24.4874533333333	1635666008.92578
24.5177933333333	1535162572.68359
24.5493933333333	1401597734.20117
24.5802716666667	1412564783.94727
24.6121366666667	1376395323.26758
24.6427933333333	1314566884.26758
24.6744466666667	1584236874.25977
24.7043316666667	1450340517.43359
24.73372	1528612300.66406
24.7641433333333	1453621324.4082
24.7929633333333	1502393062.29492
24.82283	1607565388.16602
24.8527266666667	1466207610.76172
24.8826733333333	1374352883.0293
24.91261	1608376355.24609
24.94168	1548314470.24414
24.9717383333333	1611207835.91602
25.0013316666667	1620474877.59766
25.0318166666667	1737273957.23242
25.0611483333333	1625626273.72266
25.0933633333333	1760663686.28516
25.1240916666667	1699673658.48438
25.1541133333333	1784823535.53516
25.1850283333333	1694554616.23047
25.213205	1618641277.19531
25.24363	1518030864.11328
25.274405	1655031862.37109
25.30383	1723008874.91992
25.3344466666667	1663734734.44141
25.365675	1440995328.32227
25.3962916666667	1664154299.14453
25.42681	1478217864.12695
25.45899	1574461918.60938
25.489515	1404020289.57422
25.5198516666667	1520921890.17969
25.5504466666667	1566670593.12891
25.5822583333333	1675680429.04883
25.6137366666667	1322165738.41211
25.64698	1509752652.85156
25.6772083333333	1571130546.54102
25.7114716666667	1633850692.90234
25.7431666666667	1562740800.20703
25.7756366666667	1396522806.64648
25.806855	1620363935.78516
25.83728	1494992814.76367
25.8682566666667	1471149006.66602
25.8990816666667	1582991997.67578
25.9292666666667	1480717228.31445
25.960135	1380427064.25781
25.9906783333333	1500885511.45117
26.02075	1598816233.55859
26.0515883333333	1374381965.26953
26.08311	1556063917.72461
26.11309	1485984973.20898
26.141775	1474303294.27344
26.1713283333333	1344546015.66602
26.2014016666667	1414759247.42773
26.2323783333333	1628170853.53125
26.262975	1433568188.37109
26.2915233333333	1322113374.1543
26.3201966666667	1436370692.57813
26.34938	1402347730.93945
26.379425	1514145201.49219
26.41036	1482851184.79492
26.4407266666667	1578235588.20703
26.4712633333333	1370893618.65039
26.5021233333333	1555207046.78516
26.5308516666667	1604215838.63281
26.561775	1368145678.77539
26.59297	1530051402.44141
26.6251833333333	1688787124.89063
26.65592	1400270317.29102
26.6871783333333	1602785491.24219
26.7184483333333	1553547362.87109
26.7496533333333	1502615736.01953
26.77965	1498990337.69922
26.8113483333333	1682030557.91797
26.8415233333333	1526804208.04883
26.8730183333333	1631227740.75391
26.9027383333333	1646993258.70703
26.9326216666667	1472711251.70898
26.9629616666667	1556736063.25781
26.9937483333333	1553897503.55859
27.0248366666667	1474170587.78906
27.055655	1596534679.33398
27.0857583333333	1623406219.83398
27.11604	1653117630.19531
27.14688	1776860652.77344
27.17701	1928982238.69141
27.2064616666667	1728520683.90234
27.235235	1977373186.13672
27.2651183333333	1954182597.73438
27.2947333333333	1936424819.57422
27.3250283333333	1858825943.85938
27.3553166666667	1775139597.81641
27.3859416666667	1578819924.89648
27.4162366666667	1628572836.5
27.44724	1389126590.40625
27.4787333333333	1521824597.63672
27.5088666666667	1290253931.32813
27.5385116666667	1435915197.94727
27.5677366666667	1268927008.17969
27.5973033333333	1335320934.28125
27.626775	1295920716.08203
27.6551616666667	1382432975.76367
27.6849766666667	1350811298.84766
27.71656	1391026317.69922
27.74705	1553020691.20703
27.7779233333333	1532354349.08984
27.8083383333333	1542846413.51563
27.8375566666667	1524686258.4375
27.8685883333333	1704541960.62109
27.9004	1430058651.55078
27.9314966666667	1709770794.8125
27.9619016666667	1593978088.80273
27.99287	1609890834.98047
28.0245683333333	1516431108.61523
28.0535866666667	1615883676.22461
28.0829566666667	1647432547.76172
28.1136283333333	1391736827.35938
28.1442466666667	1584137485.35742
28.1749066666667	1642951156.39453
28.2043433333333	1542519320.05469
28.237385	1696431169.18359
28.2673683333333	1436065861.32227
28.2964983333333	1344863861.64648
28.3275566666667	1351406845.55273
28.358335	1453552571.39258
28.3880233333333	1324860845.23242
28.418025	1273358635.11914
28.4473666666667	1373166496.51953
28.4782766666667	1504373188.05859
28.5073366666667	1465548785.11133
28.5377983333333	1377159324.86523
28.5672983333333	1428248237.04102
28.5975483333333	1591861239.57813
28.6268766666667	1414515368.37891
28.656385	1325011914.85547
28.68746	1507850683.19922
28.7168966666667	1403524801.66016
28.7463583333333	1546155837.46094
28.776	1586883003.75
28.8059333333333	1396602605.62109
28.8376916666667	1558589745.30469
28.8679366666667	1445672064.75977
28.8981683333333	1309112763.91797
28.9289383333333	1237078333.54492
28.958885	1172382156.47461
28.989715	1315266014.35352
29.0206666666667	1224783035.37695
29.0529166666667	1267024644.75195
29.0839883333333	1236442741.94531
29.1164333333333	1342917792.59766
29.1478083333333	1310039299.79492
29.1796366666667	1397557341.57813
29.2112016666667	1271087070.00195
29.2436733333333	1355804879.01563
29.2747466666667	1425717624.9668
29.3050483333333	1515818350.43164
29.3348116666667	1364413421.7207
29.3635816666667	1494534801.33789
29.3934666666667	1378380411.86914
29.4244616666667	1319050056.78906
29.4553266666667	1518140060.8125
29.4859	1344175844.27734
29.5173366666667	1580913898.11719
29.5480883333333	1496511648.11328
29.5777416666667	1493914834.55859
29.6079433333333	1530697367.80469
29.6377466666667	1463289480.40039
29.6668616666667	1390224343.91016
29.697545	1369145172.80859
29.7279683333333	1486572845.92383
29.7577233333333	1451876246.43945
29.7883583333333	1407532654.35547
29.8194066666667	1405093838.97852
29.85035	1182813496.52539
29.878865	1210139327.33789
29.9077766666667	1341224380.26758
29.9382633333333	1396588852.96289
29.9676166666667	1235579422.97461
29.9974133333333	1306127112.58984
30.0280533333333	1464087165.20703
30.058875	1365321403.71094
30.0901983333333	1421595199.1543
30.121595	1408573300.05273
30.152725	1417971908.48047
30.1842833333333	1364207498.02734
30.2155033333333	1441436840.24609
30.2472766666667	1344681010.88867
30.2786066666667	1395725869.88867
30.3091283333333	1362932751.59766
30.3406883333333	1456684350.01563
30.3704983333333	1571780675.73438
30.4008433333333	1659399152.48047
30.4316816666667	1716784656.51172
30.4620383333333	1793609865.35156
30.4921166666667	1732541837.21875
30.523305	1587770738.99609
30.5541183333333	1642935879.97656
30.5845466666667	1489673559.92188
30.613965	1478857689.03906
30.64437	1444864260.34766
30.6741516666667	1258319904.79688
30.7047016666667	1536623543.31641
30.7351183333333	1446590680.4375
30.76587	1410522159.47656
30.79459	1502363409.97852
30.8260266666667	1426066976.95313
30.8567183333333	1494436910.13672
30.8893583333333	1398965481.96289
30.920645	1414589793.05273
30.951655	1369286757.75586
30.982615	1364559340.31641
31.0132283333333	1533974117.57031
31.0439416666667	1359147820.14844
31.073625	1500924878.88672
31.1050666666667	1432323358.43359
31.1347533333333	1544521795.64844
31.165415	1390592390.40039
31.1957	1449716552.30469
31.2276616666667	1447520228.64844
31.2570416666667	1516066354.54883
31.2883983333333	1598860367.72266
31.31974	1596404099.15625
31.351495	1589277399.72656
31.3826416666667	1565015048.07422
31.4125416666667	1577704905.39063
31.4422483333333	1630954811.76563
31.4728466666667	1585441951.0625
31.500365	1593049201.82031
31.5295716666667	1277090904.28516
31.5613283333333	1406716112.17578
31.5908483333333	1456046582.05078
31.6211666666667	1312263729.69922
31.6536083333333	1346111995.23828
31.6829266666667	1312842130.14258
31.7127666666667	1289399537.41602
31.7426366666667	1341454878.71094
31.7739483333333	1208224863.40039
31.8040333333333	1210070199.26953
31.8336016666667	1280058670.93945
31.8661916666667	1321002609.54297
31.897425	1440531460.95508
31.927225	1379779605.16992
31.958465	1505511924.21484
31.9878633333333	1436052111.33789
32.0166183333333	1411386905.10156
32.047385	1429759032.43164
32.0793933333333	1553024539.98633
32.1076883333333	1490866098.80469
32.1374816666667	1538131538.23828
32.166975	1580803889.27344
32.1982866666667	1528538292.60938
32.229345	1547921703.3125
32.26003	1867296952.9375
32.2912983333333	1631888269.02539
32.3237333333333	1691179726.53906
32.3558166666667	1716973380.875
32.386195	1546937664.49023
32.4183766666667	1587823224.36719
32.4478066666667	1600437930.40039
32.4786666666667	1313236337.84375
32.51034	1506514079.3125
32.54042	1196909934.59375
32.5712133333333	1376138984.13867
32.60158	1349888058.89844
32.63331	1424774443.375
32.6653783333333	1426900280.10938
32.6964716666667	1371135930.37109
32.7274966666667	1419266139.15234
32.7582433333333	1347966565.25391
32.78875	1442484801.9043
32.817915	1369106477.70313
32.849345	1173899568.73633
32.88009	1241757435.96875
32.9107316666667	1239511164
32.9412966666667	1272857108.67969
32.972155	1416082451.69531
33.0023683333333	1398038616.59375
33.03298	1349047411.33594
33.0645933333333	1339067708.39844
33.09563	1370523415.53516
33.1259616666667	1517339036.04102
33.1572083333333	1493470733.49609
33.186765	1510629111.72266
33.2161283333333	1617329420.19922
33.246335	1648028032.55469
33.2751783333333	1586059883.44141
33.3057583333333	1395070820.51367
33.3375116666667	1287093684.73828
33.3678383333333	1361071719.04883
33.398115	1336897317.01953
33.4282	1514997629.73828
33.4585083333333	1553629552.40625
33.4900833333333	1559218726.75391
33.5190866666667	1534346973.64453
33.54968	1617721880.79297
33.5788866666667	1614689518.45898
33.60791	1467339716.73047
33.6411666666667	1614827195.31055
33.67255	1374661237.22852
33.7033866666667	1322470502.46289
33.733435	1432585440.08203
33.7641233333333	1365331160.66406
33.7954216666667	1254864162.81055
33.8259166666667	1374119319.625
33.8553233333333	1384621729.95898
33.8849366666667	1372562607.92578
33.9162716666667	1382104316.61328
33.94651	1255886751.58594
33.9772266666667	1329459158.81055
34.0086383333333	1445740781.74023
34.0389583333333	1460703979.6543
34.0668966666667	1683705586.96484
34.09667	1544347195.18945
34.12607	1501524784.10938
34.155825	1576456214.27539
34.1870816666667	1476195873.88672
34.2173916666667	1568910793.49414
34.24611	1420633362.70703
34.2761116666667	1489695404.30078
34.3065133333333	1685788421.89453
34.3379616666667	1417896397.04883
34.3677683333333	1660592106.91406
34.3991133333333	1557710285.20117
34.429815	1436202076.51172
34.4615866666667	1589115611.97266
34.4926483333333	1494966286.41406
34.5236166666667	1327240664.97266
34.5547216666667	1310642717.01953
34.5861183333333	1360539470.5625
34.6159983333333	1360767593.87109
34.6472233333333	1257808642.10352
34.6785616666667	1280886974.96875
34.7091016666667	1273895818.07617
34.7410683333333	1259507486.15234
34.7708366666667	1355397947.86328
34.8008	1613950719.13281
34.8322816666667	1477409685.07813
34.8639133333333	1531962235.11328
34.8936983333333	1691091821.96875
34.9243333333333	1692675077.30469
34.9538716666667	1683950191.92188
34.98399	1712381080.78906
35.0146816666667	1754239497.77734
35.0467633333333	1738178378.35938
35.0766983333333	1671200894.44336
35.10749	1597703874.38281
35.1382733333333	1682808738.39844
35.1703366666667	1669908913.97266
35.2002733333333	1965639166.77734
35.2306433333333	1920849473.42578
35.259425	2028110147.11328
35.28972	1946344181.58984
35.32084	1984768831.31641
35.3526216666667	1835382614.46875
35.3831183333333	1995046476.79688
35.4146416666667	2048239024.33203
35.4440333333333	1839933095.42188
35.4743433333333	1750651820.17969
35.504305	1807700534.63281
35.5355016666667	1523534890.96875
35.5668316666667	1610705651.47656
35.5986916666667	1592896239.88281
35.6278333333333	1482121298.0957
35.6584666666667	1672700535.94141
35.6883766666667	1503797542.20313
35.719755	1525100872.53906
35.7492933333333	1583401352.49219
35.7806566666667	1723792446.67578
35.8105466666667	1785862631.70313
35.8418233333333	1819800134.34375
35.873005	1593586661.22656
35.9039733333333	1645497760.47656
35.9342166666667	1550352984.51758
35.965095	1560163869.11719
35.996725	1625503689.66016
36.0270616666667	1696579611.15234
36.0574683333333	1655839427.24219
36.0876083333333	1614558277.76563
36.1171983333333	1563679944.96484
36.1480033333333	1592884680.63672
36.18008	1635144496.24805
36.2104466666667	1553634486.15234
36.2405183333333	1691342667.65234
36.2705716666667	1603155438.78516
36.3005716666667	1606940348.24609
36.3309316666667	1498558814.71484
36.3616666666667	1432092492.92578
36.3916216666667	1211822637.49805
36.4215633333333	1391966379.52148
36.4520083333333	1323368136.39844
36.4816916666667	1292259116.25586
36.5111016666667	1229110377.22656
36.5421166666667	1311846998.19336
36.573125	1260560734.35742
36.6034783333333	1192519530.05859
36.633285	1165768581.41016
36.66451	1351758667.02734
36.6959983333333	1252004010.88086
36.7256033333333	1407523652.08008
36.75591	1612956528.51563
36.7868033333333	1617870471.75391
36.8159016666667	1709700335.95117
36.845665	1704982248.00391
36.8755433333333	1721270509.35156
36.9053666666667	1740872143.96484
36.9358833333333	1601696421.58594
36.9667666666667	1601867028.79297
36.9988316666667	1522660196.44531
37.0299133333333	1330096677.48828
37.0613466666667	1396725495.82031
37.093375	1432679721.31445
37.1242216666667	1290457771.78516
37.1556183333333	1394963090.1582
37.1871166666667	1352166297.36719
37.2171566666667	1169720440.62891
37.24701	1254403046.06641
37.27795	1385185742.27539
37.3080233333333	1305971295.08203
37.338385	1357919448.44531
37.3668116666667	1376036915.58203
37.39677	1461842902.50195
37.4261	1472636794.03125
37.4550383333333	1518623671.01563
37.4853133333333	1643136636.35352
37.5147833333333	1519451666.15234
37.5459833333333	1598282350.58594
37.5751716666667	1737024413.97656
37.6050366666667	1787953881.70313
37.6351566666667	1728858627.86719
37.6657483333333	1805383704.15234
37.6968666666667	2143268767.23438
37.7266833333333	1900579048.44141
37.7578	1987354238.26563
37.788805	2152388134.27344
37.8190166666667	2041871082.84766
37.8512033333333	2245311286.64453
37.880935	1855971345.01953
37.9116733333333	1989368748.6875
37.943	1991581672.82422
37.973845	1927940529.41797
38.0046166666667	1756177517.87109
38.034585	1862346946.10938
38.0658516666667	1711270412.92578
38.0980033333333	1722335636.57031
38.1304766666667	1715755261.87891
38.162555	1638325151.80273
38.19379	1640367030.62891
38.2236983333333	1559687404.03711
38.2542566666667	1484801978.46094
38.2848366666667	1506383260.125
38.3157916666667	1497457893.33203
38.3460166666667	1471365129.19531
38.3749466666667	1420853616.04297
38.40471	1607429215.29102
38.434765	1574576767.33203
38.4657816666667	1413909052.83789
38.4965383333333	1431496731.1582
38.5257983333333	1465017788.21875
38.5557233333333	1412582692.17969
38.5864633333333	1435635132.83594
38.61751	1473220699.84375
38.648785	1372300998.60547
38.68009	1554097652.78906
38.7096733333333	1490514312.10547
38.7392516666667	1494490715.68945
38.768665	1452068255.67188
38.7981466666667	1465014752.76563
38.8279633333333	1491770878.99609
38.8586616666667	1498459705.94141
38.889755	1476961232.29688
38.92027	1523157190.97656
38.9510333333333	1574013099.18359
38.9821666666667	1580496556.91016
39.0135316666667	1549022790.80859
39.0460783333333	1604828318.36719
39.07823	1587304691.99219
39.10968	1482425382.9375
39.1417116666667	1293183875.69141
39.17258	1458677691.70703
39.2036933333333	1575127194.34766
39.2344533333333	1619721369.22656
39.26556	1469896659.49609
39.2965716666667	1448970390.08008
39.3268066666667	1475067255.97656
39.3567	1527044472.83594
39.3867666666667	1569316560.19531
39.415215	1662354288.57813
39.4459716666667	1695501373.25781
39.4750866666667	1735114085.33594
39.5054383333333	1868017294.5625
39.5366233333333	1974047567.95703
39.56789	1717763926.54688
39.5993666666667	1806212257.81445
39.6297966666667	1827248029.17578
39.659535	1680375290.23438
39.6901266666667	1745841995.41797
39.72067	1702619174.11914
39.7513416666667	1674543747.99609
39.7820666666667	1671706878.28125
39.812755	1764515088.94141
39.844335	1609661031.57422
39.875165	1731459565.52344
39.905415	1613265949.29297
39.9355166666667	1866685650.82422
39.965415	1801257762.50781
39.9972166666667	1834941638.07422
40.0280666666667	1623284097.01172
40.05834	1519635494.76367
40.0904033333333	1800988430.99219
40.12249	1614141020.98633
40.1529166666667	1556161993.58398
40.183855	1694583994.21484
40.2150266666667	1596681794.05273
40.24564	1517459093.44531
40.2758383333333	1622843003.27344
40.3061616666667	1538502118.61719
40.3366433333333	1385186725.09766
40.3673666666667	1474148920.4082
40.3991033333333	1400508888.70313
40.430915	1602443612.36328
40.4612483333333	1536401210.50781
40.4921733333333	1498479621.33203
40.5224933333333	1594936346.55859
40.5539866666667	1580106701.01758
40.58619	1714540091.02734
40.6183966666667	1669137157.45508
40.6506883333333	1708141832.32031
40.6832266666667	1682144796.97266
40.71395	1510357591.85352
40.7451133333333	1614661771.69141
40.7770516666667	1657815642.51563
40.8083633333333	1623211401.04688
40.8402766666667	1561192885.39063
40.87115	1560139067.94531
40.9030283333333	1625963792.59766
40.9328366666667	1635602745.69531
40.9643216666667	1584852378.98828
40.9956016666667	1613931414.48047
41.0258183333333	1705930896.60156
41.0560216666667	1694207682.69922
41.0866766666667	1710075900.95703
41.1171666666667	1601679651.32813
41.1473583333333	1500303114.44141
41.17869	1541156458.2207
41.2088633333333	1800587723.08984
41.24018	1570170633.4043
41.270765	1439908446.65234
41.3020833333333	1496624464.1875
41.334245	1555308875.87109
41.3656033333333	1425694979.67969
41.3957916666667	1321042597.72656
41.4257766666667	1527289864.25391
41.454505	1426623705.98047
41.4845916666667	1426162093.23438
41.5137233333333	1413066135.51172
41.5441	1386294976.8125
41.57535	1454347989.7793
41.6085083333333	1342307093.6543
41.6398483333333	1546048480.44141
41.6718466666667	1442142753.27734
41.7028416666667	1410483858.27344
41.73478	1550383464.02539
41.7659533333333	1490558294.26758
41.7963133333333	1454568273.58594
41.8273033333333	1423979707.54883
41.858575	1317911322.66016
41.8889133333333	1505204757.19336
41.9199633333333	1399854349.46875
41.94872	1399100178.33789
41.9786533333333	1724877774.96875
42.0082283333333	1585327291.39063
42.0379583333333	1601812653.67188
42.0671766666667	1544516154.83008
42.09757	1570141218.38672
42.1284183333333	1556212474.48828
42.1582416666667	1611243436.86719
42.1878483333333	1488219756.09766
42.2192033333333	1520996218.76172
42.2501883333333	1454028816.71484
42.281385	1375932626.18164
42.3117983333333	1531690315.73828
42.3420566666667	1701540700.29688
42.37364	1597637658.98438
42.4045466666667	1656983910.55469
42.4356966666667	1537081165.18359
42.4646533333333	1549003763.99609
42.495615	1579458160.32031
42.5268666666667	1557014516.92578
42.55903	1566101955.75781
42.5917883333333	1534349179.21094
42.6240666666667	1441012912.95117
42.6548883333333	1280319719.07617
42.6857433333333	1278180450.0918
42.71739	1311478826.59766
42.747295	1398153660.01953
42.7781483333333	1359300787.56445
42.8098966666667	1319357439.17969
42.8402916666667	1233429866.27148
42.8709366666667	1280001988.15039
42.9011466666667	1408022922.16406
42.931585	1405358007.36523
42.9615983333333	1514810800.12109
42.9921333333333	1441387240.2793
43.020085	1469297231.09375
43.0509383333333	1497859926.72266
43.08022	1403261441.75391
43.111365	1524147541.92969
43.1411816666667	1610858536.55078
43.1707183333333	1523236251.25586
43.2016383333333	1584815387.40625
43.23222	1567182625.91016
43.264735	1460548020
43.29613	1506836711.18359
43.32701	1444590987.21484
43.3583133333333	1519208915.88672
43.3888616666667	1445706173.8125
43.4198216666667	1385125053.875
43.4521466666667	1457935316.61719
43.483675	1377681179.10742
43.5152116666667	1548844111.61328
43.54658	1622952632.19922
43.5776	1766874633.96484
43.608155	1531433994.13477
43.6386466666667	1512435362.26172
43.6689983333333	1452671346.13281
43.7004483333333	1522746140.63281
43.7315216666667	1470850503.98828
43.762265	1509886926.50781
43.7948566666667	1356694809.20703
43.82636	1421705163.74414
43.85719	1366462551.66016
43.8894616666667	1309537792.77344
43.9219466666667	1264364977.26953
43.9542616666667	1239671567.19531
43.9860416666667	1149987246.70703
44.0181783333333	1183596497.60938
44.0488733333333	1286453326.13086
44.0796033333333	1217636326.70117
44.1109733333333	1219382880.86133
44.1410783333333	1385623570.66406
44.1711366666667	1377554366.49609
44.2006816666667	1286952124.20703
44.2307583333333	1385733368.67188
44.2616683333333	1450349952.37109
44.2913366666667	1484453615.63281
44.3224516666667	1269040840.95703
44.354135	1321322598.86523
44.3847816666667	1358702159.07031
44.4152316666667	1446533737.56055
44.4454633333333	1574443086.83203
44.476015	1606625673.41797
44.5058566666667	1663949067.23828
44.5370916666667	1662086836.00391
44.5666416666667	1775072119.73438
44.59631	1774824562.18359
44.626355	1818653796.77734
44.6571166666667	1750557629.44141
44.687095	1659560502.66797
44.7172016666667	1597635148.43359
44.7476283333333	1624506510.06641
44.7780866666667	1572308924.70703
44.8088733333333	1587962833.74609
44.83896	1457651322.41406
44.8690333333333	1493676934.08984
44.8994983333333	1614813060.69531
44.93045	1523521242.99219
44.9623316666667	1510282332.35547
44.991705	1413622874.55469
45.0227616666667	1421417487.11133
45.0541	1430712099
45.0853166666667	1399721065.91797
45.1158283333333	1367076762.09375
45.1463816666667	1337988135.54297
45.1769	1507945872.97266
45.207695	1377512610.68164
45.239235	1368585214.58984
45.26937	1418893546.14453
45.30021	1466385737.34375
45.3322483333333	1416625844.42188
45.3644133333333	1348255564.9043
45.3965433333333	1365724501.81836
45.4270583333333	1451016244.87109
45.458525	1434510892.73438
45.4902683333333	1456571195.23047
45.5217016666667	1390519927.13672
45.55268	1448940876.13086
45.5834833333333	1655663125.5
45.6149283333333	1743024446.20703
45.6464066666667	1574024567.87305
45.67751	1637999189.36914
45.7087516666667	1663236362.93164
45.739725	1542341030.13672
45.7706316666667	1658974324.8125
45.8019583333333	1545022041.41602
45.8341133333333	1427131432.40234
45.8649916666667	1560731155.16602
45.89614	1453678614.76563
45.92759	1436256100.4082
45.9583083333333	1304282617.38477
45.9890883333333	1421528737.43945
46.0198833333333	1323892165.41992
46.0499766666667	1409656572.39063
46.0802883333333	1399413586.96484
46.1106216666667	1337645819.24609
46.1406166666667	1362805549.55469
46.1721833333333	1474449610.41211
46.2037216666667	1391858315.13281
46.2348166666667	1414411531.35938
46.265495	1352444166.24219
46.2967616666667	1423122559.71094
46.3282783333333	1282419530.21484
46.3592616666667	1247930929.06836
46.39037	1339600594.76172
46.4221783333333	1179139314.67578
46.4534683333333	1320722100.66992
46.486045	1267470736.63867
46.5174166666667	1209315877.97266
46.5486116666667	1202886178.85547
46.58113	1263437882.625
46.6117266666667	1172131155.65039
46.6419866666667	1330451092.54688
46.6741383333333	1295199253.44141
46.705295	1252898808.44531
46.7366583333333	1365011989.60352
46.767795	1335471849.53125
46.7986516666667	1552209492.7168
46.8296666666667	1503647406.25195
46.8616066666667	1489606177.41797
46.8928533333333	1536946375.76172
46.9245416666667	1562823020.40234
46.9551516666667	1372572884.87305
46.986935	1367310579.75391
47.0179533333333	1390527837.47266
47.0493166666667	1432088296.09375
47.081465	1443958891.42578
47.11314	1526432766.32813
47.14408	1460739541.09766
47.1747466666667	1526365830.71484
47.2053083333333	1603657798.80859
47.2364983333333	1636361314.60742
47.2663333333333	1577398104.83984
47.29776	1721006965.54688
47.3277983333333	1702527622.16797
47.35889	1679076025.99219
47.390135	1646066435.32813
47.4210916666667	1723589585.16797
47.451655	1621569647.93945
47.4829383333333	1555750609.94727
47.51413	1629400634.64453
47.5454066666667	1555636545.31641
47.5765916666667	1399745985.45703
47.60725	1329313671.31445
47.638345	1336472795.58008
47.66906	1367200142.24219
47.700725	1357945942.4668
47.7324816666667	1377430274.92773
47.7638566666667	1227937336.44922
47.7949883333333	1338304738.87109
47.8259766666667	1312898969.24219
47.856225	1366119745.51172
47.88753	1411218857.64844
47.918245	1379781711.37695
47.9489866666667	1589234413.82422
47.9804583333333	1314586332.81641
48.0121483333333	1262668203.69727
48.0432283333333	1364116486.30859
48.075545	1434284308.41992
48.1082466666667	1292479486.73047
48.14124	1293631281.42188
48.1738	1295661459.37305
48.2047333333333	1545174870.76172
48.2353483333333	1387007866.86328
48.266175	1530201071.48438
48.2983766666667	1615890454.01563
48.330875	1600578852.97656
48.3622033333333	1645038200.82422
48.3937216666667	1752583499.73828
48.42625	1575751153.80664
48.459405	1572778677.77539
48.491475	1454867831.125
48.5229533333333	1412530749.28711
48.5544733333333	1402846663.2832
48.5860433333333	1318963279.08398
48.618385	1299690341.23828
48.6501483333333	1229360776.58789
48.6810533333333	1302119812.07227
48.71173	1180710568.75391
48.7425366666667	1193709395.67773
48.7741466666667	1220460851.58398
48.80516	1315787766.70117
48.834705	1206739357.95117
48.8657766666667	1144822464.84375
48.8967433333333	1240987132.52539
48.927055	1320967715.13281
48.9584383333333	1147409310.35742
48.9894866666667	1163075199.39258
49.0216033333333	1197800297.95703
49.0526583333333	1172673480.57422
49.0847683333333	1334417875.48242
49.1152766666667	1239501636.71484
49.1480733333333	1281850727.27734
49.1804083333333	1203239774.20508
49.2129933333333	1160708057.31445
49.2439166666667	1128475787.5332
49.275145	1168495393.91406
49.306815	1136255642.69922
49.3386	1084953847.52539
49.3708533333333	1146861246.29492
49.4012283333333	1098093654.91992
49.4326683333333	1252589939.91992
49.4643466666667	1179717336.17578
49.4959833333333	1280467742.09766
49.5271216666667	1305619635.06641
49.5579566666667	1298553582.78711
49.5882	1399746602.63867
49.617845	1467045592.78906
49.649085	1505014415.30469
49.6802233333333	1336525227.19531
49.7120033333333	1395080588.07422
49.742915	1483420973.38867
49.773935	1446821648.0625
49.8037483333333	1328804950.28711
49.8358266666667	1277007397.90039
49.8670466666667	1400779171.00781
49.8976516666667	1278051179.14648
49.9292116666667	1250644920.34766
49.9606916666667	1249734076.48828
49.9922433333333	1218939339.37305
50.024705	1224699640.62305
50.0567433333333	1225184554.20898
50.0884766666667	1221045462.7168
50.1211683333333	1104963658.76563
50.1529533333333	1143910143.53516
50.18366	1059703831.76563
50.2156433333333	1026578167.97461
50.2479	1083543269.60156
50.2797083333333	1063424932.83398
50.3120766666667	1023496930.9375
50.3440533333333	1069419883.00781
50.3751433333333	1094429927.02539
50.4062833333333	1071948100.67773
50.4375083333333	1080319083.37109
50.4681833333333	1197915926.41602
50.4996716666667	1344199037.99219
50.5302333333333	1402986960.63867
50.5601683333333	1336865332.66602
50.5915433333333	1484912683.66211
50.6220916666667	1442567688.51367
50.6525133333333	1380271059.46875
50.6836416666667	1456407194.29688
50.7150166666667	1377046091.86133
50.7460083333333	1296118230.01563
50.7766433333333	1338239893.08008
50.807355	1279459428.98242
50.83852	1327802116.52344
50.870085	1248258902.07813
50.9013566666667	1308875684.66406
50.932515	1281781825.58203
50.9649533333333	1254836439.93164
50.99721	1290749933.07031
51.0280616666667	1231076643.33789
51.05952	1291839387.19531
51.0907983333333	1324521216.01367
51.1215333333333	1221602688.69336
51.1528833333333	1175899724.05859
51.1840383333333	1155808770.8457
51.21567	1149825298.91992
51.2468983333333	1176516444.14648
51.2770566666667	1248758572.26172
51.30828	1243525039.22852
51.33923	1197101800.17578
51.3695233333333	1201987152.16016
51.40024	1314195783.78906
51.4314466666667	1344644646.46875
51.4616533333333	1225077515.04492
51.4924183333333	1210820419.6582
51.5235283333333	1229319696.69922
51.556335	1226552359.83984
51.5882133333333	1274013139.75586
51.6195616666667	1230899891.23633
51.650915	1223896894.9043
51.6819633333333	1178180651.42188
51.7127716666667	1188820580.24414
51.74369	1206299778.25781
51.7746	1172904981.01953
51.8059483333333	1146473854.68164
51.8375966666667	1093230889.60352
51.8690733333333	1105979437.15625
51.9007083333333	1201444913.72852
51.932085	1053979560.75391
51.963625	1051349751.56836
51.9944283333333	1120734657.30273
52.025955	1067779623.69922
52.05681	1107519133.74805
52.08817	1248600087.875
52.11967	1282974639.20313
52.1505183333333	1291982726.04688
52.1808266666667	1347609054.76758
52.2113716666667	1386338597
52.2415416666667	1363619755.09961
52.2712433333333	1337676503.66016
52.301715	1441648919.7793
52.33186	1302796799.875
52.36264	1353372468.2207
52.393255	1380320769.43945
52.4248716666667	1337050581.63672
52.45641	1338024228.70898
52.4877116666667	1260691672.76563
52.5198983333333	1354527818.75977
52.5520616666667	1302504473.82031
52.58435	1295042081.9082
52.6158866666667	1248772632.08789
52.6467783333333	1243351420.82031
52.679515	1181341482.01563
52.7121416666667	1241206933.33398
52.74356	1100683213.54297
52.7766333333333	1193658036.48047
52.8101633333333	1042392242.17578
52.8418816666667	1084159471.79492
52.8743916666667	1101663900.40234
52.9056566666667	993607751.921875
52.9371433333333	915149151.365234
52.9685583333333	965479014.041016
53.0005466666667	946043933.144531
53.03289	1004583438.60156
53.0640433333333	932300917.132813
53.0931066666667	933702247.671875
53.12409	962161216.447266
53.1549883333333	1033651919.9375
53.18716	975320205.09375
53.21912	952715972.029297
53.2495766666667	1041789328.33008
53.2814383333333	1007453783.05078
53.31268	1070753046.5332
53.3432916666667	1110920939.7168
53.374655	1099148239.92578
53.4060166666667	1090990739.4707
53.4372816666667	1187249849.33984
53.4689133333333	1194858589.33008
53.50124	1269160487.43555
53.5331733333333	1212904889.80469
53.5648266666667	1219105314.36914
53.596665	1235553529.1543
53.6281216666667	1307682475.83008
53.6585833333333	1401490129.45898
53.6896333333333	1340178059.24609
53.7206833333333	1323383749.00586
53.7526033333333	1345765888.04102
53.7843183333333	1348648530.52148
53.8179233333333	1355913082.11523
53.849295	1283414471.87891
53.8812783333333	1130019126.19141
53.9136866666667	1126594181.51953
53.94404	1137843241.9082
53.9760316666667	1098354317.73047
54.0075366666667	1055260566.01953
54.0377183333333	1063683860.64258
54.069585	1066235953.91602
54.09971	1102799906.43164
54.1314933333333	1131335489.34766
54.1626883333333	1188331688.46289
54.1932566666667	1195111621.85938
54.2250283333333	1184286529.02344
54.256395	1243875516.29492
54.2885233333333	1219156969.12695
54.31957	1265867716.39453
54.350915	1199221776.21875
54.3830033333333	1217948492.24219
54.4138716666667	1198792302.28516
54.444875	1265322696.38281
54.4762333333333	1312917464.72266
54.50816	1274506056.57617
54.53892	1327572652.88086
54.5706616666667	1338986062.91406
54.6025366666667	1278936735.37305
54.6338616666667	1276479652.69531
54.6648583333333	1253792837.56641
54.6959083333333	1294005886.37891
54.7273016666667	1260441662.54297
54.758845	1176880879.22266
54.7907316666667	1199288709.78516
54.82373	1122547305.03125
54.8559433333333	1136177110.61719
54.8879416666667	1176203989.23242
54.9193566666667	1259126095.25
54.951835	1176515229.41602
54.982975	1118916156.40039
55.0151716666667	1192668128.56836
55.046125	1168139927.46289
55.077475	1086147791.25977
55.1083433333333	997244991.654297
55.14001	1097930040.66992
55.172255	980876341.310547
55.20389	954681027.404297
55.23687	989499045.861328
55.268705	940749604.244141
55.2994366666667	948868596.683594
55.3304033333333	949640673.126953
55.3621983333333	891517093.908203
55.39366	900851415.917969
55.4252533333333	844147232.132813
55.4550733333333	869300130.373047
55.48693	905907705.550781
55.5179183333333	908708847.986328
55.5495683333333	947942030.201172
55.5820466666667	1025352036.48047
55.612835	980331467.605469
55.64533	993860719.210938
55.6764566666667	1060316003.82031
55.7096966666667	1110737117.75977
55.7415716666667	1128986484.51758
55.7736033333333	1202211422.57227
55.8061366666667	1249380306.96875
55.83813	1239766132.08008
55.86993	1304852730.36523
55.90103	1292993967.3457
55.93279	1292766316.19336
55.965395	1336740895.19336
55.9978366666667	1342691297.92383
56.0305466666667	1300089139.92969
56.062635	1255285335.92773
56.094675	1260155529.44141
56.126555	1246310632.69531
56.1578566666667	1211604100.11328
56.1880516666667	1140827773.29297
56.219295	1145358226.46289
56.251545	1109334688.28906
56.2832216666667	1097930479.67383
56.3146133333333	1079563597.44336
56.3464766666667	1099549734.85938
56.37759	1106508405.15234
56.40865	1187327552.48047
56.4406033333333	1102176160.91992
56.4721816666667	1106828346.60352
56.503155	988250582.8125
56.5335333333333	997952695.570313
56.5646433333333	1018387128.25977
56.5965416666667	1015968388.37891
56.6277883333333	1051856488.82617
56.65945	1072074788.25195
56.690535	1042953935.4707
56.722185	1029022666.14258
56.7539933333333	1025842337.10352
56.7855183333333	1037220752.47266
56.81681	1044822582.25781
56.8485933333333	1010183337.0918
56.8804516666667	990803845.556641
56.9126716666667	985413240.791016
56.9447116666667	977647528.982422
56.9763333333333	969931175.908203
57.0085666666667	945368449.941406
57.040485	959596464.248047
57.072665	904993833.148438
57.1043316666667	1070227595.86914
57.1362366666667	1135337622.16211
57.1682116666667	1118779586.51367
57.2012933333333	1189205518.86914
57.2328216666667	1274219174.37305
57.2657433333333	1276796825.93359
57.2976866666667	1239873493.25195
57.3297966666667	1194504152.74414
57.3610183333333	1076435147.96289
57.3935833333333	1085467023.78125
57.4255883333333	1036791909.94922
57.4580366666667	984892699.865234
57.4905366666667	855107565.107422
57.52167	892500871.519531
57.5517966666667	878365518.953125
57.58356	818876495.076172
57.6137966666667	880057582.224609
57.6444466666667	846451021.71875
57.6754666666667	836611154.384766
57.7069333333333	870754978.806641
57.7383766666667	868375978.839844
57.7699433333333	912323956.494141
57.8011466666667	956793480.625
57.8328666666667	930781159.291016
57.8639333333333	952535264.119141
57.89476	1044490199.04883
57.9270116666667	1073484914.71875
57.957715	1138976165.37695
57.98873	1147354548.18359
58.0202833333333	1161021907.61133
58.0507216666667	1305655956.35156
58.0823816666667	1427034845.10352
58.1137516666667	1409399062.56836
58.14524	1497110240.80664
58.176805	1474950857.78125
58.2093216666667	1464360128.1582
58.2404216666667	1555705655.61328
58.272485	1442038225.19336
58.3035466666667	1410664351.24023
58.33523	1395516851.82813
58.3668516666667	1425549834.18945
58.3995333333333	1344176765.88086
58.4312416666667	1330723450.98438
58.46379	1359514211.98633
58.49666	1318831938.15625
58.5281683333333	1295401862.23047
58.559605	1279672094.08984
58.5908533333333	1210938630.46484
58.6213866666667	1163896750.5625
58.6531966666667	1080216976.37891
58.68497	1103706845.15625
58.71555	1019444466.0625
58.7468133333333	959518143.085938
58.7789616666667	1046783663.20703
58.810675	967121321.064453
58.8430216666667	1010117812.50195
58.87368	950603716.197266
58.9047366666667	862158324.714844
58.9364483333333	877026543.408203
58.9676216666667	893760763.521484
58.999435	888265078.183594
59.0309716666667	833813497.414063
59.0626716666667	784547971.970703
59.0953233333333	856278214.46875
59.12749	937206748.037109
59.1605116666667	935465485.023438
59.19265	975784501.728516
59.2251483333333	1035428213.16211
59.2571366666667	989670846.568359
59.28824	991661679.716797
59.31963	938088937.208984
59.3526916666667	953340713.830078
59.3850566666667	991346490.568359
59.41714	944506296.833984
59.4484783333333	991531012.232422
59.479845	1032598807.79688
59.5131866666667	950181812.945313
59.5460566666667	1004100477.22461
59.5790633333333	991537984.556641
59.61148	996920775.224609
59.6431383333333	1024514725.30078
59.67459	1061962762.87109
59.706465	965486998.193359
59.7378533333333	923382891.580078
59.7703483333333	881103786.478516
59.800805	942306861.292969
59.8328916666667	881034843.8125
59.8656116666667	918582058.648438
59.8979416666667	834708616.75
59.93089	819585361.513672
59.962405	794195201.994141
59.9936833333333	791151056.650391
60.0256216666667	775566183.744141
60.0559733333333	781013234.214844
60.0878616666667	729650819.087891
60.1195466666667	716960961.398438
60.15205	745205408.697266
60.18549	780359419.740234
60.2176883333333	751758573.455078
60.250845	767876037.214844
60.2833733333333	756059321.570313
60.314885	789779027.71875
60.348175	844640248.990234
60.379715	797663580.664063
60.4113166666667	876903970.515625
60.4428683333333	848650173.060547
60.474505	878005815.349609
60.5056383333333	885637451.880859
60.5373683333333	888066314.707031
60.5678383333333	964589704.710938
60.5995633333333	1056233153.30859
60.6312383333333	1059581333.56836
60.6631033333333	1196438113.76563
60.6938416666667	1252486512.97656
60.7266216666667	1304512470.79883
60.7591933333333	1277354963.40234
60.7906483333333	1386762579.84375
60.8227866666667	1386101514.55078
60.85433	1438417999.03906
60.8857616666667	1366310177.87109
60.916575	1556858159.78125
60.9476633333333	1510612967.93555
60.9790916666667	1516836961.82031
61.0106633333333	1475557631.11914
61.0428016666667	1335530893.37109
61.0758916666667	1291920225.53125
61.1088983333333	1225282771.7832
61.1433516666667	1269176409.43359
61.1759183333333	1127802259.68359
61.20846	1182686591.03516
61.240275	1065619241.68945
61.272585	909768874.130859
61.3050566666667	876593729.611328
61.3372683333333	826371549.935547
61.3692633333333	829633525.998047
61.4019066666667	814292617.914063
61.433285	801979793.271484
61.4648316666667	786098886.806641
61.49762	737438981.701172
61.5286416666667	743971376.306641
61.558955	778996633.871094
61.5893416666667	786402076.941406
61.6197466666667	815196759.763672
61.65037	869069379.248047
61.6815166666667	975758567.46875
61.7130166666667	1032795423.31055
61.744695	1083460940.61328
61.7776983333333	1084915642.07031
61.80991	1124346219.35938
61.8419583333333	1140164083.1875
61.8744616666667	1186363858.27344
61.906275	1164839031.94141
61.9385116666667	1124502905.1875
61.9712516666667	1097091487.29688
62.0037833333333	1045183997.44336
62.0365266666667	1047197238.5625
62.06936	986458329.371094
62.10041	985970239.792969
62.1338083333333	875011749.841797
62.1655866666667	914337381.335938
62.1976266666667	943650634.765625
62.2297016666667	880484568.535156
62.2629566666667	850893790.796875
62.2953	862681649.912109
62.3268583333333	855815579.205078
62.3588533333333	766542855.675781
62.3905616666667	839358339.195313
62.4240583333333	791162809.091797
62.4564366666667	773620628.966797
62.4886183333333	783860339.28125
62.5203266666667	790455538.015625
62.552645	791531454.861328
62.58566	840542400.884766
62.6172933333333	845219746.082031
62.648435	857262296.082031
62.680175	867274300.273438
62.7120716666667	967387908.6875
62.7438766666667	979195305.142578
62.77615	987004088.59375
62.8076616666667	1003203964.72656
62.839375	1010007068.76172
62.87184	1102928737.54297
62.90317	1069551882.88086
62.93525	1030732166.9668
62.9667633333333	1058571913.25977
62.9986516666667	1075852659.9043
63.03022	1078533206.80469
63.0625866666667	1174929147.83789
63.0934216666667	1219431447.0625
63.123505	1194348378.57617
63.1550133333333	1250293908.63672
63.1859066666667	1281900084.92578
63.2164566666667	1289069356.37891
63.248295	1146197551.58594
63.2800133333333	1194939117.82617
63.3114983333333	1115067604.83008
63.3430983333333	1149565523.48633
63.3760133333333	1101876041.44141
63.4077	1117246626.05273
63.4398416666667	1126401541.31641
63.4740166666667	1086372349.45703
63.5058316666667	1072992874.63672
63.5386983333333	1047968369.77539
63.571615	1007568854.87109
63.6048716666667	1010343298.84961
63.6383483333333	965193018.734375
63.6716333333333	874404475.849609
63.7033916666667	780954049.472656
63.7357366666667	812026451.107422
63.7686033333333	779826708.048828
63.8033716666667	712254749.835938
63.8364983333333	721927348.910156
63.869655	675291339.970703
63.9034583333333	673362755.867188
63.9359316666667	654593037.501953
63.9679233333333	650316661.666992
64.0007983333333	655411268.753906
64.0321983333333	625504170.950195
64.0642283333333	607283871.613281
64.097655	625755427.547852
64.1318583333333	595481724.276367
64.1631	553974903.325195
64.19548	560600760.438477
64.2279216666667	557018545.033203
64.2599816666667	545802076.928711
64.2931083333333	535255799.858398
64.3250733333333	527938543.301758
64.3584266666667	560196851.59082
64.39104	516433007.943359
64.4248083333333	511984738.668945
64.45852	513229453.602539
64.492205	508025692.15918
64.5236233333333	539994738.102539
64.5536583333333	493986108.398438
64.58454	514337783.744141
64.616485	544850257.079102
64.647865	520602381.277344
64.67908	510036437.625
64.711725	534958060.209961
64.7438616666667	564563334.314453
64.777375	550420970.486328
64.8098483333333	559970186.058594
64.8405983333333	558100529.992188
64.87252	585682081.730469
64.9052116666667	602589512.208008
64.938485	589547330.28418
64.9704516666667	611622999.661133
65.0028716666667	605652938.109375
65.0356716666667	612642153.100586
65.0680883333333	596011211.597656
65.1009266666667	586054369.962891
65.1346066666667	586287603.982422
65.1678466666667	607944048.564453
65.2008966666667	634154128.796875
65.2342166666667	644996044.443359
65.2680083333333	665780939.121094
65.2986816666667	675766612.142578
65.3316583333333	629637238.807617
65.364485	620603135.123047
65.3980883333333	619800066.365234
65.4305116666667	595282528.950195
65.4634783333333	627321527.806641
65.4968916666667	616739357.151367
65.5291083333333	634115388.182617
65.5620416666667	638622740.790039
65.5915833333333	655350414.245117
65.622365	660807412.189453
65.6540183333333	649849021.47168
65.6876783333333	699410479.957031
65.71927	687285885.724609
65.75104	693508531.164063
65.7847666666667	746062270.697266
65.8172633333333	775454713.826172
65.8490716666667	802448795.533203
65.88013	767339522.083984
65.9126283333333	768749043.198242
65.9437866666667	774075146.667969
65.9758766666667	770778481.015625
66.0074	838802607.701172
66.0394966666667	805205978.634766
66.0716733333333	806917469.701172
66.10399	808347623.197266
66.1368866666667	808304224.882813
66.16981	875079137.431641
66.2032016666667	835860107.708984
66.236565	843287928.234375
66.2709183333333	738702035.8125
66.3061083333333	693414053.933594
66.339855	685107795.365234
66.375425	587683653.399414
66.407155	585547108.091797
66.4395883333333	610307435
66.4717583333333	577452054.426758
66.504035	581095996.946289
66.5369233333333	564037811.188477
66.56902	604216100.887695
66.6011433333333	586019024.038086
66.6333483333333	603059141.361328
66.6666583333333	593185463.737305
66.6996166666667	637301555.386719
66.7322783333333	607745811.592773
66.7643333333333	626743795.618164
66.7982933333333	611629525.689453
66.8313216666667	648186481.660156
66.8638633333333	562512390.070313
66.8973233333333	596483238.75
66.92965	586015775.679688
66.9622533333333	621108438.40625
66.9949466666667	628873474.675781
67.02717	594082686.50293
67.0595716666667	553773718.955078
67.0932183333333	586908410.089844
67.12718	557471073.52832
67.1600583333333	567683017.711914
67.1951566666667	551657333.991211
67.228845	542882802.288086
67.26223	503512654.474609
67.294505	532248130.754883
67.3277366666667	520454719.095703
67.3599733333333	549353615.564453
67.3930433333333	520420003.691406
67.4253033333333	526636308.011719
67.458655	532690954.321289
67.4917116666667	561757314.160156
67.5249833333333	561242037.036133
67.5576483333333	587286442.585938
67.59153	571738213.832031
67.6235916666667	631170796.349609
67.6561	677625407.993164
67.68892	643225428.935547
67.7221116666667	684331523.345703
67.7545533333333	672958205.959961
67.7879116666667	704856244.185547
67.821645	702375952.125977
67.8560383333333	724914831.415039
67.8903516666667	724108618.461914
67.9233733333333	717851982.092773
67.9564416666667	719822825.130859
67.9898966666667	734635988.415039
68.0234733333333	715263507.041016
68.0557666666667	720370043.634766
68.0883483333333	681356691.888672
68.1226616666667	656297394.288086
68.1559916666667	639301914.118164
68.1882533333333	629494531.505859
68.2208566666667	605808863.010742
68.25457	574143899.823242
68.288345	564699540.640625
68.3215033333333	598191310.349609
68.3541516666667	549041514.757813
68.3864366666667	553255575.518555
68.4203616666667	538531620.775391
68.4537733333333	530253667.674805
68.4867066666667	490190881.1875
68.519705	483391585.827148
68.5524233333333	471902150.257813
68.5863133333333	461755459.49707
68.6192483333333	435408647.012695
68.6531216666667	470511676.623047
68.6864433333333	446545234.348633
68.7182483333333	432972232.027344
68.751195	472216523.134766
68.7846266666667	446643144.785156
68.8181416666667	465885723.592773
68.8524233333333	450995752.568359
68.88685	449565784.536133
68.9203816666667	459380725.504883
68.9536433333333	442977426.223633
68.98963	485979827.930664
69.0223433333333	523735202.331055
69.054885	492898818.450195
69.0894966666667	520653700.25
69.1229333333333	518546498.571289
69.1568316666667	519123348.541016
69.1897916666667	522950860.818359
69.2222916666667	552417094.03125
69.2542433333333	486810410.470703
69.2882116666667	510470340.25293
69.3216416666667	481058902.392578
69.354965	502997660.026367
69.3883916666667	509622843.683594
69.42191	488684469.050781
69.4548833333333	499506985.836914
69.4891766666667	483076935.3125
69.5240016666667	510008312.393555
69.558315	507293049.367188
69.5925	475342710.65625
69.62554	443578284.414063
69.6587266666667	495540418.669922
69.692085	500286600.483398
69.7260883333333	572518055.442383
69.7594683333333	593272249.302734
69.7906483333333	562050548.713867
69.8243033333333	592412555.328125
69.85687	599766231.282227
69.8883933333333	617596328.353516
69.921675	578142236.157227
69.95417	571551233.310547
69.9869716666667	544594258.875977
70.02022	540762732.279297
70.0534683333333	498636757.525391
70.0859083333333	503415621.203125
70.1183716666667	488680439.373047
70.1512866666667	486017257.957031
70.1843983333333	471363421.527344
70.2178783333333	487518636.723633
70.2528233333333	430690640.21875
70.2881666666667	464549843.472656
70.3198883333333	465088981.109375
70.3534583333333	478962617.0625
70.3874766666667	468827604.916016
70.421475	438084680.758789
70.45412	416642036.793945
70.4882733333333	411434065.979492
70.524435	372809160.388184
70.5588583333333	356174341.820801
70.59198	332993564.430664
70.624795	335372400.819336
70.6596266666667	362428477.745117
70.6930816666667	367326438.484375
70.726845	376879986.429688
70.7615883333333	391876159.875
70.7952983333333	438037805.333008
70.8285383333333	460346747.823242
70.8633616666667	502859551.789063
70.8962416666667	562698906.75
70.9286216666667	563526683.108398
70.9642083333333	594320982.413086
70.9974816666667	663320097.791016
71.030625	637193286.00293
71.064245	721761800.075195
71.09691	732503387.75293
71.1319416666667	634603872.164063
71.1675316666667	687586352.642578
71.2010233333333	586191045.864258
71.2343816666667	651618249.581055
71.2674716666667	620707627.455078
71.301975	644582870.09668
71.336985	618805138.294922
71.3700283333333	640085634.945313
71.4041683333333	600822085.253906
71.4378816666667	603638180.392578
71.4707966666667	556153878.118164
71.5022483333333	545277843.133789
71.5360516666667	547062426.300781
71.56884	539350671.616211
71.6016616666667	499640419.620117
71.6360183333333	478785543.692383
71.6692766666667	426407123.901367
71.70405	416678873.555664
71.7371366666667	399579674.31543
71.7706383333333	404188753.827148
71.8025083333333	406398640.163086
71.8372933333333	429414146.696289
71.8714666666667	457642413.878906
71.9044666666667	436800838.014648
71.9383916666667	493895174.662109
71.9711516666667	471903197.328125
72.00676	498099314.628906
72.0387683333333	510452350.193359
72.0707283333333	494861780.834961
72.1052583333333	474644476.834961
72.13771	456984906.146484
72.1709933333333	450718315.277344
72.2048283333333	466457562.71582
72.23905	457199198.132813
72.2719166666667	393053871.266113
72.3051366666667	381692899.664063
72.3391866666667	366669269.57959
72.374	421599515.943359
72.4082166666667	410984560.770996
72.4424233333333	477531184.225586
72.4777916666667	501390162.393555
72.511945	583076344.836914
72.5431766666667	606370015.760742
72.5777283333333	647789510.198242
72.6115983333333	617338827.629883
72.6457666666667	606819989.652344
72.6804816666667	596729940.87207
72.71396	539214369.598633
72.7486066666667	555910967.652344
72.780965	515918770.165039
72.8148683333333	479685001.06543
72.8491883333333	443498620.641602
72.8838066666667	424167580.383789
72.9181716666667	436011763.057617
72.9505616666667	410956200.372559
72.9840716666667	412066627.15918
73.01722	400226940.535645
73.0508616666667	402365350.022461
73.0854533333333	408914895.926758
73.12133	397372407.60498
73.15557	425458644.583008
73.1896266666667	400966407.155762
73.2233216666667	382170278.324707
73.2600483333333	372918038.725586
73.2956433333333	369338619.458984
73.32912	331401770.967285
73.364205	325402434.546387
73.4002316666667	320055264.821289
73.4378933333333	325033105.917969
73.475085	308408128.672852
73.5087833333333	314421807.404297
73.5417416666667	330834828.224609
73.575075	347295472.510742
73.6095	377928559.277832
73.6434433333333	478341086.329102
73.6768683333333	610016756.28418
73.7089233333333	691726110.168945
73.742835	763460232.333984
73.7767916666667	800766312.146484
73.8104583333333	846557287.96875
73.8449833333333	807203873.735352
73.8794833333333	766053913.549805
73.9151933333333	720029291.829102
73.9490033333333	727749231.040039
73.9836033333333	667418829.126953
74.0192033333333	564805901.352539
74.059225	538485771.577148
74.0940366666667	471604377.692383
74.13106	398775109.210449
74.1640733333333	424938881.956055
74.1967066666667	440070874.201172
74.2336233333333	406363956.768555
74.2663316666667	417629079.037109
74.3011566666667	432242238.585938
74.3370066666667	443407112.166992
74.36983	488501647.300781
74.405135	525297226.037109
74.43973	514094587.37793
74.4756616666667	550178314.558594
74.5097816666667	552365061.181641
74.5443333333333	620033071.827148
74.5766316666667	606956277.878906
74.6110716666667	603920793.37793
74.6447066666667	552538511.063477
74.6792283333333	590580798.209961
74.7115266666667	602573719.009766
74.7446016666667	556868059.665039
74.7789783333333	522148470.175781
74.81432	488294561.80957
74.84962	451924814.505859
74.884255	461268482.056641
74.9186466666667	472600715.222656
74.9553216666667	370277693.040039
74.9917883333333	349908547.754395
75.025025	317978908.228516
75.0599966666667	328143448.910156
75.0974816666667	267820424.46875
75.13487	244500554.756348
75.1715316666667	223896713.712402
75.2052233333333	231569401.875488
75.2455383333333	252698820.790527
75.27948	255968296.848633
75.3155633333333	267076132.007813
75.3515233333333	298095841.23877
75.3862166666667	316771644.232422
75.4227566666667	313360300.690918
75.4614566666667	324434563.227539
75.4973583333333	314633035.522461
75.53446	299018323.570313
75.571915	359777710.880859
75.6045466666667	341872141.069336
75.6392166666667	364967354.208496
75.6749016666667	372901168.159668
75.71116	391302642.176758
75.74455	371199847.617676
75.77906	396783004.32373
75.8160233333333	405964212.708984
75.8504933333333	380326343.046875
75.886075	364066979.525879
75.9211	360043317.036621
75.9560316666667	363597961.001953
75.9916266666667	333709213.525879
76.0261233333333	342630884.321777
76.0618866666667	343343215.514648
76.09639	323279665.305176
76.133655	326188756.966797
76.172845	312290008.139648
76.20809	317444034.060059
76.2440516666667	301298490.134766
76.2843816666667	288668315.029785
76.3242183333333	271664337.442871
76.358455	287980522.543945
76.3973033333333	261569551.545898
76.4306016666667	227108136.867676
76.4702383333333	230281421.186035
76.5057333333333	215951703.842773
76.5439566666667	214291686.412598
76.5806866666667	210008092.452148
76.61754	207262135.476074
76.65313	209036048.178711
76.6890816666667	222828908.406738
76.7267866666667	237916771.76709
76.7597933333333	243646063.597656
76.79489	262849621.670898
76.829625	266578693.023438
76.86419	255348737.483887
76.901445	252511067.016602
76.9376066666667	240633326.911621
76.97462	269049101.937012
77.0117683333333	257162764.737793
77.0466016666667	250916584.525391
77.08279	265833371.946777
77.1203933333333	273062061.6875
77.156585	251242455.480957
77.1936716666667	259042546.834473
77.231635	249256594.856445
77.2657383333333	245563424.652344
77.3005866666667	232572222.739258
77.335375	228786099.848633
77.3708083333333	202093965.783203
77.4105933333333	206354317.666016
77.44695	210327299.703613
77.4821416666667	208447023.456543
77.51582	198453544.636719
77.552795	212298004.090332
77.5893833333333	199941371.48584
77.6268416666667	188915806.182617
77.6621466666667	176000933.11084
77.6996383333333	171944302.175049
77.7372833333333	173751922.731934
77.7728016666667	165741635.519287
77.806985	151190356.540039
77.8453433333333	158685624.467773
77.8810083333333	153589088.70459
77.9186483333333	156490349.450928
77.957145	154132173.190674
77.9936533333333	176292039.85791
78.0317883333333	176150736.42334
78.0693083333333	160673100.984619
78.104685	170287626.33252
78.142405	175550448.872314
78.1766933333333	174107336.789063
78.2142516666667	195526594.42627
78.2557883333333	209163555.334961
78.2920566666667	211092003.001953
78.3286616666667	219845111.806152
78.36631	249585997.566895
78.4025733333333	258811944.894043
78.4377033333333	264521499.414063
78.474385	310354198.290039
78.5108283333333	258363463.73877
78.54795	301960631.558105
78.58474	284369038.516113
78.620435	277870792.141113
78.6551933333333	261149863.685547
78.6905933333333	253942860.752441
78.726295	229987964.18457
78.7619983333333	229416115
78.7974083333333	230693343.970703
78.8334666666667	225668968.239746
78.8721666666667	212295389.44165
78.9090733333333	192985985.38916
78.9481366666667	202156999.790039
78.9858133333333	202147446.896973
79.0227233333333	222683105.201172
79.058485	231745845.200684
79.0950216666667	254523810.164063
79.1315316666667	272345951.306641
79.1702083333333	309163703.842773
79.204825	297706961.547852
79.2400566666667	310816275.230469
79.2759916666667	304204807.459473
79.3128833333333	307207391.072754
79.3465566666667	258731684.124023
79.3831016666667	259795251.668457
79.4173833333333	268153428.32373
79.4519366666667	269289253.02002
79.49191	251949477.345703
79.5302483333333	231288838.882324
79.5697566666667	190497993.568848
79.6060616666667	203893111.736084
79.64317	192171919.183838
79.6801183333333	177112114.406738
79.7170333333333	191258336.536621
79.7551783333333	159243958.161865
79.7961683333333	157166333.688232
79.82932	178591729.055176
79.87012	167640508.754883
79.9086916666667	197305075.477539
79.94271	173617872.599365
79.9815483333333	170340724.408691
80.0151983333333	168526152.196533
80.052555	168759951.470215
80.0907733333333	185618581.355225
80.1260133333333	173015296.808594
80.1611466666667	160694908.89209
80.2015333333333	160407427.418457
80.23866	143636985.939209
80.27752	156528693.358398
80.316205	140543411.9646
80.3536016666667	138414461.870361
80.3936666666667	155778789.069336
80.4298033333333	146171083.366211
80.4703366666667	152813235.402832
80.5088666666667	164499857.266113
80.54765	167974301.151123
80.5850616666667	191249839.960938
80.62179	191323632.764893
80.658215	195245140.178223
80.6960716666667	194070220.581543
80.7358666666667	208117886.546387
80.77094	185935485.259521
80.8072733333333	180299069.731201
80.843975	180480357.176514
80.8853283333333	162748793.658447
80.9214983333333	151114953.764648
80.962515	146241187.217041
81.0026666666667	142265329.179443
81.04561	156466460.143555
81.0838766666667	148510214.043945
81.1222316666667	149222170.861084
81.1633716666667	144999532.550537
81.19894	141078394.244629
81.2384183333333	137139132.471436
81.277005	134182415.671875
81.3183966666667	136815344.918945
81.3582333333333	137771727.51709
81.400725	137458193.611084
81.4404183333333	144938823.752686
81.47694	148308791.288818
81.5195283333333	131388790.506836
81.5524933333333	134021199.006104
81.592425	128315315.658203
81.62958	129251774.912842
81.67295	120110485.960205
81.7061516666667	111236806.429688
81.74455	111287816.733643
81.7840116666667	117380833.197754
81.823825	114500277.859375
81.86282	121972377.922852
81.9046283333333	119336396.759033
81.9452416666667	110282417.362793
81.9860133333333	100587292.954102
82.0272633333333	103922483.834229
82.065175	98449696.7473145
82.1003116666667	101727665.354004
82.1411116666667	101281543.783447
82.1828333333333	96994624.6418457
82.2223633333333	93268407.1097412
82.2616383333333	97331057.1467285
82.301455	93210100.5551758
82.339895	101698719.925049
82.3804766666667	104352766.493408
82.4229916666667	103776023.631104
82.465815	116939188.833252
82.5071616666667	109411456.696289
82.548225	109281035.826904
82.587575	107460971.658203
82.6253916666667	113953323.509033
82.6660216666667	108782512.898682
82.7098833333333	114279040.599854
82.7510566666667	111794004.606689
82.7918116666667	115042990.207275
82.8317933333333	101214850.837402
82.8744416666667	98935146.9602051
82.9157966666667	98175726.720459
82.9577566666667	90813295.4743652
83.0006083333333	82957151.3619385
83.0434333333333	80106856.3626709
83.0836883333333	83283618.6270752
83.1271716666667	80095189.1135254
83.1703233333333	79093600.4316406
83.2146033333333	75753455.4581299
83.2516716666667	69538795.8068848
83.2916066666667	72077880.0576172
83.3351833333333	76858456.2336426
83.3777116666667	77408661.0992432
83.4181416666667	79750310.3594971
83.4591366666667	71129148.75
83.5007683333333	65987687.930542
83.5428533333333	72495546.0219727
83.5821833333333	72131253.0517578
83.6231866666667	72188159.4671631
83.6617283333333	70216888.3034668
83.7080933333333	75549064.4611816
83.7510933333333	69507813.9060059
83.7921166666667	73746792.2836914
83.8347283333333	78652133.4694824
83.8760683333333	78616528.68396
83.9159166666667	79005410.6060791
83.9601383333333	71677345.0133057
84.0031633333333	76097549.1520996
84.0431483333333	79011419.3040771
84.084065	84659307.0175781
84.1250316666667	76947376.1228027
84.1663983333333	86922893.758667
84.20721	88545813.0720215
84.247005	91937779.0036621
84.290005	88893697.9598389
84.3265833333333	82418966.0007324
84.3668783333333	80685390.5987549
84.4093966666667	71805928.6915283
84.4499816666667	71509160.4543457
84.49278	62728665.8364258
84.535445	60677269.7255859
84.5802783333333	58029286.8392334
84.6241166666667	57316322.5690918
84.6678483333333	55077774.2895508
84.7131916666667	55266134.6861572
84.7573416666667	52251280.6621094
84.8006233333333	59793845.0427246
84.8430333333333	60397473.3175049
84.8852066666667	57666695.3908691
84.92508	57025240.572998
84.9697333333333	57635932.9188232
85.0139116666667	57546417.2458496
85.05985	56732642.1022949
85.100795	53877695.8455811
85.1470933333333	52495240.5197754
85.1899783333333	47739923.3338623
85.2333066666667	45970876.925415
85.2795816666667	43870932.2020264
85.3243466666667	46188334.4827881
85.3684016666667	43679195.8575439
85.41272	45134601.6658936
85.4582266666667	46387610.897583
85.5001233333333	42041633.0429688
85.5441166666667	41885418.6259766
85.5879183333333	42605069.3950195
85.63206	42159039.0671387
85.676615	47885770.9499512
85.721685	48037597.5943604
85.766625	47835348.0515137
85.8093916666667	50256714.7950439
85.8512816666667	54394689.6708984
85.8936466666667	51938274.3015137
85.9355666666667	57838822.3969727
85.979765	58432592.4752197
86.0235733333333	62551221.4124756
86.0659616666667	68503951.8586426
86.1087516666667	74895921.2926025
86.148855	79732979.006958
86.1916183333333	83128024.8041992
86.2316683333333	89156755.2487793
86.2729883333333	93142630.7896729
86.3177983333333	96637590.9584961
86.3611833333333	94869717.2836914
86.40238	94281532.8282471
86.4471316666667	86093620.8494873
86.4921916666667	78446263.9633789
86.5325533333333	66982976.0783691
86.575595	59204238.7728271
86.6203216666667	54208407.4140625
86.6643433333333	49579185.166748
86.7091916666667	43035616.1571655
86.7535133333333	47810249.9820557
86.7982333333333	43435680.0720215
86.84433	40702591.4835205
86.8876983333333	41825527.6727295
86.9322316666667	43637958.0844727
86.9752383333333	39308598.9552612
87.0200983333333	44097066.666626
87.0650583333333	38485633.3334351
87.1115366666667	41663672.8911133
87.1551983333333	41587707.7156982
87.2003183333333	43332286.3537598
87.239045	44220577.4335938
87.2805383333333	39223144.4163818
87.3246566666667	43071657.7828369
87.371555	39892624.4447632
87.4165266666667	40321920.880249
87.4601133333333	42773675.2736816
87.5057883333333	40936228.2080078
87.5489633333333	41491842.7642822
87.5925283333333	38029994.7962646
87.6391366666667	38351974.123291
87.6807683333333	39777006.7542114
87.7271033333333	41329652.9506836
87.7704616666667	41996673.5699463
87.8151916666667	43128536.96875
87.8613316666667	46616759.5610352
87.906315	45982953.166626
87.9503333333333	45627762.0026855
87.9934833333333	41482822.4798584
88.038665	46903330.4614258
88.0829666666667	52739289.2824707
88.12662	59813639.2937012
88.1680016666667	70577021.2227783
88.2123683333333	76921470.399292
88.2571633333333	83707784.3660889
88.2964016666667	84824738.4082031
88.3393016666667	86108870.8713379
88.3836633333333	78743762.0042725
88.424465	63336195.8250732
88.4695283333333	53472966.6191406
88.5149533333333	48115095.8243408
88.5592333333333	40765126.6900024
88.60196	40164185.9293213
88.647415	40034739.2543945
88.688255	38464753.2830811
88.732765	40195027.3074951
88.7784816666667	38328147.055603
88.8200916666667	38603166.6263428
88.866065	44171000.0848389
88.9101316666667	38818339.3963623
88.95513	38669754.112854
88.9984333333333	38709128.7381592
89.0440183333333	36365995.475708
89.0895583333333	36853890.8904419
89.1358166666667	34495079.6234131
89.1798683333333	36854073.9030762
89.2207633333333	33779559.0724487
89.267125	36515592.8493652
89.3136183333333	38936700.1472168
89.3590233333333	38411316.0904541
89.40466	36273952.7751465
89.449535	34918232.3495483
89.4949116666667	36021879.6305542
89.5389583333333	35367083.9567261
89.5844383333333	34806055.6998291
89.6292833333333	37330227.576416
89.671435	33673883.6994019
89.7151416666667	43144644.9139404
89.7612116666667	44395633.8890381
89.8060716666667	47070553.3831787
89.8475066666667	53618059.4974365
89.89276	54550897.7032471
89.9361566666667	57629578.3309326
89.981165	56155438.6607666
90.02739	55957647.1451416
90.0721016666667	54476994.885498
90.1169166666667	49203017.2006836
90.1618766666667	45124362.4008789
90.204005	42106027.4853516
90.2478383333333	38096322.2730103
90.292015	32644155.2750244
90.33639	31961696.8131714
90.3823166666667	32790337.7166748
90.4268833333333	30787990.9997559
90.4733766666667	30708164.2426147
90.5185116666667	29617009.3067627
90.5644933333333	26274650.7014771
90.6108933333333	28416101.8428955
90.6559883333333	28495741.9072266
90.70259	27835080.8422852
90.7470266666667	27706672.6350098
90.7921766666667	29146930.7145386
90.836975	32001072.8530884
90.8827333333333	32694595.171936
90.928485	35098923.5689697
90.970475	38425936.6525269
91.0149466666667	42993041.8563232
91.0611683333333	41689437.4925537
91.1056266666667	40219213.7642212
91.1505283333333	40573955.2981567
91.1948166666667	37506280.8891602
91.2404933333333	34064615.7218018
91.2850416666667	29954203.8074951
91.32928	30445677.6603394
91.3741283333333	30293264.2749023
91.41864	30382759.8540649
91.46306	28237007.2524414
91.5080883333333	27525491.9738159
91.5546383333333	28077731.2817993
91.5985766666667	27956014.2814941
91.6443983333333	28674555.401123
91.6884466666667	27906941.6028442
91.7347933333333	27927474.4841309
91.78098	28042502.9547119
91.8263133333333	29644387.5403442
91.8704266666667	28238729.5460815
91.9164333333333	24780140.1087036
91.9616266666667	26912908.5311279
92.0079966666667	27875185.8823853
92.0545483333333	27229911.4151611
92.1011483333333	27671995.3670044
92.14541	26015513.5748901
92.1896266666667	26000784.3262329
92.23556	26694368.7026367
92.2817966666667	28524877.4117432
92.3262833333333	28182701.237915
92.370945	28876738.1121826
92.4171266666667	30974568.2858276
92.4617433333333	33014580.2300415
92.5070566666667	33876178.4176025
92.551665	33881778.5184326
92.598105	31440126.9577637
92.6439583333333	29457452.4341431
92.690295	28586110.9194946
92.7360383333333	29684934.7752686
92.77973	28624582.8258057
92.82334	27217034.4526367
92.8680933333333	26454278.2161255
92.91313	25971308.5458374
92.95765	25522384.7839355
93.00351	23756192.2241821
93.05024	21152983.5276489
93.09602	20295489.7850342
93.1406733333333	21266272.9633179
93.1843916666667	21165987.4815063
93.22841	20012395.4730835
93.2739083333333	20665410.9518433
93.3202633333333	20611755.0506592
93.36419	20804697.1171875
93.4092916666667	19631087.4819946
93.4556683333333	20026652.7858887
93.5009866666667	18912210.413147
93.546915	21163726.4801636
93.5912933333333	22856204.7808838
93.6366283333333	25098941.6045532
93.68276	27727259.005127
93.7291383333333	32478101.0542603
93.7733983333333	33195707.5532227
93.8185683333333	32725936.0896606
93.86313	28835688.2686157
93.9085183333333	28392349.9196167
93.95488	22639151.0823364
94.0009816666667	22814165.6808472
94.0474616666667	20351507.8595581
94.09348	19813030.4089966
94.139235	19164732.9876099
94.18512	18977892.7575684
94.2300533333333	20250755.307251
94.2742166666667	20107942.9597168
94.3201016666667	20464549.5922852
94.3659716666667	22415448.027771
94.4122316666667	21061486.3499146
94.45796	22286171.4584351
94.5028866666667	22317685.7235718
94.5485883333333	21008848.5227051
94.5922866666667	20587830.8588257
94.637685	20601421.5220947
94.682715	22182150.5380249
94.7290133333333	19642880.2606201
94.7743383333333	20381982.8887329
94.8208783333333	20320329.8069458
94.863065	21514294.369873
94.9094583333333	23104863.7514038
94.9550516666667	24803100.9285278
95.0011316666667	24566004.7321167
95.04775	23303389.4476929
95.0940483333333	22824336.6826782
95.1403583333333	22270059.4297485
95.1868366666667	20493016.6654663
95.2311216666667	20893315.1379395
95.27504	19738248.5614014
95.3213483333333	19681359.9710693
95.3670016666667	18871318.5719604
95.41304	19539544.0230713
95.4579266666667	17649775.4507446
95.5030166666667	17647490.9199219
95.5482583333333	18303370.5620728
95.5935733333333	17555027.3613281
95.63934	15820881.3356323
95.68451	15966949.4366455
95.730165	15897698.9894714
95.77627	16076707.4520264
95.82189	16753573.1115723
95.8658183333333	16336901.6837769
95.9105033333333	15771100.5032349
95.956315	16139730.7824097
96.001985	16901958.4908447
96.0477666666667	15808751.7713623
96.0940233333333	17188956.5806274
96.1400816666667	16515347.4888916
96.1863366666667	18108775.3612061
96.23137	17370816.8574829
96.2774483333333	17738440.1809692
96.3220766666667	17389522.8340454
96.3678233333333	18486185.0491333
96.41434	19110474.8336182
96.45974	17758551.6978149
96.5054766666667	18989237.59375
96.5509166666667	17821833.1900024
96.5971633333333	17844503.1762085
96.641905	16127189.144165
96.6876366666667	16412710.7232666
96.7324916666667	16174327.6132813
96.77934	15818857.159729
96.825295	16224642.6028442
96.870725	15193747.2080078
96.91763	15619658.8787842
96.9624833333333	15641669.7078247
97.0080433333333	15429975.9685669
97.05401	15243139.6323853
97.0998466666667	15271347.4769897
97.14515	14609032.673584
97.1910716666667	14411488.1011047
97.2372033333333	14602260.2998352
97.2836066666667	14396657.900238
97.32861	14420031.1040649
97.3738183333333	14839187.807251
97.4203966666667	14107116.8934326
97.4657683333333	14108083.3467407
97.5111666666667	13967100.7817993
97.5570633333333	13749764.7454529
97.60257	14550579.8674927
97.6486116666667	14606669.7142944
97.6934933333333	14711126.4486694
97.738635	14511432.0832214
97.7832866666667	13979937.65979
97.827395	15080801.2555542
97.8734783333333	14134563.0159607
97.9185633333333	14736858.1372681
97.9646433333333	14718770.8202515
98.0097783333333	14685576.3638916
98.05617	15124908.751709
98.1022066666667	15313220.2778931
98.1484466666667	15256183.2428894
98.193815	15200206.2250061
98.2391166666667	18173502.4262695
98.284	18366117.5997925
98.33004	24182951.3126221
98.3740816666667	28287084.4098511
98.4179333333333	34180757.696228
98.46223	40041790.8718262
98.5070366666667	48297380.6264038
98.5529183333333	52838219.0108643
98.59847	48749161.444458
98.641355	49232515.437561
98.6859283333333	42914985.3834229
98.72894	40474840.7476196
98.774145	36814666.3754272
98.8174733333333	30459547.1322632
98.8635616666667	28414380.5663452
98.910425	26900493.4122314
98.95505	25646257.6018677
99.001475	24252922.2548828
99.0469633333333	23152653.8704834
99.092255	23276510.3554688
99.136975	23117069.4988403
99.1801	21014759.069519
99.2236783333333	20374557.8653564
99.2686583333333	18674091.9200439
99.3148116666667	16867620.6575317
99.3614966666667	17358014.5409546
99.4064733333333	17359479.7039795
99.4533033333333	14896988.4510803
99.4996166666667	15117484.5931702
