RetentionTime	Intensity
0.00331833333333333	1526.16205596924
0.021755	1390.71749687195
0.0522716666666667	1530.65074634552
0.0827366666666667	1559.21325206757
0.113248333333333	1604.5237121582
0.14371	1504.16203784943
0.174318333333333	1426.58073711395
0.204686666666667	1516.14185714722
0.2352	1485.35104370117
0.26567	1315.03954029083
0.296183333333333	1281.6914768219
0.32664	1708.80017662048
0.357245	1853.5666847229
0.387615	1391.13313484192
0.418131666666667	1664.32714557648
0.448591666666667	2040.21874713898
0.479105	1181.86566638947
0.50958	1298.66757488251
0.540173333333333	1349.97812843323
0.570543333333333	1365.07597732544
0.601058333333333	2050.16447257996
0.63153	1687.55506706238
0.662035	1516.00620174408
0.692496666666667	1206.7129535675
0.723101666666667	1520.38550376892
0.753473333333333	1772.84186458588
0.783986666666667	1514.93439006805
0.814448333333333	1488.07154941559
0.844961666666667	2044.89694976807
0.875425	1719.32795524597
0.906035	1174.57796669006
0.936401666666667	1654.69441604614
0.966913333333333	1470.63356018066
0.997385	1754.41746807098
1.03051	229319.129844666
1.08513833333333	260545.909439087
1.12706333333333	267694.83392334
1.155955	295753.961315155
1.16918333333333	283440.362247467
1.19808833333333	284766.966110229
1.21825	324713.863677979
1.25356333333333	317078.044624329
1.27436833333333	305996.113189697
1.29129666666667	313141.146095276
1.31508166666667	291233.840911865
1.32811833333333	308862.12991333
1.35650333333333	291076.138557434
1.37385	307330.868621826
1.39459	322904.005470276
1.422625	278976.90045166
1.443275	336308.916507721
1.48192	313022.50409317
1.49885166666667	311171.882858276
1.52736166666667	318661.021911621
1.559015	336709.575424194
1.58696166666667	310790.951225281
1.60007833333333	313743.462181091
1.62483166666667	329087.978782654
1.645585	352697.727867126
1.69191833333333	349838.134185791
1.73808333333333	344715.203094482
1.75130833333333	352648.505767822
1.7889	293525.619358063
1.80623166666667	370576.120872498
1.851765	336819.150932312
1.88359666666667	335783.318359375
1.90060833333333	369284.994663239
1.947845	349828.257225037
1.96474166666667	369074.184631348
2.00783	330782.674911499
2.017195	370270.50428772
2.052545	329834.769973755
2.09429	348137.975028992
2.13584333333333	373870.609863281
2.1713	326535.949344635
2.18453166666667	337078.523429871
2.22062333333333	333789.188278198
2.240515	399967.332771301
2.26741	335501.344917297
2.276895	373514.824287415
2.31248666666667	351477.584106445
2.34338833333333	347078.276817322
2.35636333333333	354518.798683167
2.39194333333333	390585.225715637
2.43862666666667	298006.176311493
2.45206333333333	373294.054489136
2.49941	359821.575820923
2.5269	344087.577583313
2.55434166666667	338935.236660004
2.582225	371518.124275208
2.61034833333333	354153.118843079
2.64162	377123.172172546
2.67336833333333	372846.782661438
2.700855	319052.345905304
2.72180166666667	353503.005882263
2.73492333333333	363911.664901733
2.75532666666667	358691.934371948
2.78735166666667	356657.082687378
2.81493833333333	356859.023399353
2.86173333333333	325991.31244278
2.87127833333333	402599.029396057
2.92519333333333	406742.235733032
2.96441833333333	366550.0233078
2.98081666666667	365881.587554932
3.00949666666667	356259.291984558
3.02628666666667	362489.622535706
3.058565	356961.156394958
3.10157333333333	360055.28704071
3.14236333333333	374522.324195862
3.18603	377896.936798096
3.232835	375529.457725525
3.25514166666667	375390.701187134
3.27213666666667	360357.306640625
3.29637333333333	425913.045791626
3.32358833333333	353416.581214905
3.362705	436900.252540588
3.409495	375168.183876038
3.451675	427296.966575623
3.49725	503266.780761719
3.54254666666667	378886.931999207
3.57378	396506.382568359
3.61967166666667	477950.129066467
3.66517	466530.321754456
3.71106833333333	451430.984260559
3.75716666666667	480299.410629272
3.80286666666667	470534.222984314
3.84824166666667	469485.534141541
3.89417333333333	469308.858535767
3.93955166666667	497440.249137878
3.98527166666667	433382.937728882
4.03164833333333	476571.287139893
4.07784666666667	514463.759605408
4.11997	430703.858200073
4.16136	490448.86580658
4.20455166666667	500196.445297241
4.25073166666667	486433.930427551
4.29615333333333	485450.624526978
4.341775	459557.498580933
4.387205	474685.76184082
4.432655	502424.763214111
4.47858833333333	471905.608596802
4.52495333333333	487688.119003296
4.57127333333333	511592.968795776
4.617475	528965.755271912
4.66368666666667	475785.338058472
4.709585	482411.420890808
4.75564666666667	593681.810951233
4.80098666666667	544821.857803345
4.84698333333333	516054.459220886
4.89232666666667	538691.281730652
4.937225	556307.484184265
4.98220333333333	465135.728866577
5.02847	644562.949958801
5.07334333333333	580927.317070007
5.119345	511262.543632507
5.16158666666667	587957.869842529
5.20217333333333	493377.48802948
5.245	581614.522994995
5.29079	543148.94972229
5.33546166666667	617272.205604553
5.38032833333333	514975.927276611
5.42635333333333	515925.330421448
5.47266833333333	532089.682640076
5.51750666666667	560071.59703064
5.56349166666667	514184.347824097
5.609075	542912.769073486
5.65475333333333	548666.798469543
5.70071666666667	539710.876930237
5.746295	490401.838592529
5.79189833333333	501593.284461975
5.83721333333333	529836.975280762
5.88271	518697.61605072
5.92855333333333	686075.636665344
5.974135	566337.421089172
6.019165	661788.947990417
6.06465166666667	590045.904457092
6.11033333333333	580236.653678894
6.15604833333333	609034.779022217
6.19833666666667	635556.598953247
6.23929166666667	563617.805625916
6.28272333333333	617465.06842804
6.32830833333333	569737.924407959
6.37318166666667	562404.880027771
6.41877166666667	676844.588378906
6.46376	664369.220252991
6.50902333333333	607250.54447937
6.553975	608951.47277832
6.59953166666667	684783.640342712
6.64490333333333	696260.530708313
6.68994333333333	750773.470054626
6.73535833333333	670231.791496277
6.78053166666667	847582.514381409
6.82509333333333	929179.756118774
6.86991	987864.819343567
6.915115	992409.166366577
6.95936833333333	1034193.43947601
7.00496333333333	1008661.52915192
7.04916	1096668.08781433
7.09471833333333	849766.266746521
7.14022666666667	983100.175559998
7.18570833333333	881690.670166016
7.22755333333333	820554.557533264
7.27067166666667	917730.308273315
7.31540166666667	905034.066062927
7.36083833333333	952544.913619995
7.40485	946246.048950195
7.44890833333333	892453.14238739
7.493485	904677.628341675
7.53858666666667	907626.584007263
7.58382	951756.672836304
7.629265	902024.419586182
7.67482666666667	1022263.89257813
7.72008833333333	992981.267829895
7.76532166666667	969575.305747986
7.81108333333333	1082838.61966705
7.85602	1344425.03382874
7.90120666666667	1150525.7195816
7.94741333333333	1185366.83781433
7.99280833333333	1268553.32542419
8.03793666666667	1258044.52635193
8.083	1294893.1540451
8.12858	1480823.31031799
8.17439	1498685.50764465
8.219835	1778441.76390076
8.26319	1794175.65161133
8.30886833333333	1850117.91661072
8.35411166666667	2135507.06498718
8.39939666666667	1873249.85679626
8.44431	1677002.85173035
8.49092833333333	1470278.8513031
8.536585	1338161.66968536
8.58268166666667	1379005.61701965
8.62835333333333	1524924.37236023
8.67434333333333	1463254.51587677
8.72006333333333	1702974.45999146
8.76651333333333	1899058.44558716
8.81215333333333	2205835.37600708
8.85824666666667	1734918.02522278
8.90412	1516051.7746582
8.94985666666667	1564954.57351685
8.99558666666667	1442158.6164093
9.04126833333333	1466846.02510071
9.08623333333333	1717152.05755615
9.131675	1657673.65435791
9.17771833333333	1510104.53980255
9.22365333333333	2168104.30387878
9.2702	2081261.53096008
9.31397	2296217.68894958
9.35989833333333	2813454.60629272
9.40570666666667	3789646.66708374
9.451265	4253498.11187744
9.49603333333333	5248744.36196899
9.54266666666667	5404586.13475037
9.58817	4423601.86302185
9.633875	3584397.92649841
9.68037666666667	3114997.10424805
9.726675	3274247.64221191
9.77195166666667	3069531.0798645
9.81846	3482914.0308075
9.863575	3476918.65811157
9.90941666666667	3763081.39363098
9.95528833333333	3136028.83552551
10.0015166666667	3137520.15341187
10.0474033333333	2867992.25604248
10.094075	3036357.93617249
10.1400183333333	3487767.118927
10.1866933333333	4033261.28955078
10.2328183333333	4019576.42605591
10.278385	4189720.8293457
10.323905	4553568.7016449
10.3696083333333	5026063.08786011
10.41576	6236929.43280029
10.4623633333333	7259369.60397339
10.508205	9942635.58990479
10.551735	12417812.1035461
10.5961933333333	13075260.9847412
10.6407283333333	13084416.8728638
10.6852966666667	12086561.5177612
10.730175	10160882.2400513
10.7760966666667	8604118.07699585
10.8224283333333	8120396.17184448
10.8692633333333	8229558.60272217
10.9154733333333	10136778.5418091
10.959435	10476973.145752
11.00293	12016948.9557495
11.0491016666667	13685459.4211731
11.09514	20071464.9655457
11.1365066666667	30348750.5645752
11.1779733333333	43234932.9224243
11.22058	51924195.9367676
11.2645933333333	55286144.0733643
11.3045316666667	51882266.3800049
11.3446816666667	45037284.4552002
11.3893683333333	37894131.6176758
11.431785	35834432.9741821
11.4756266666667	27588128.593689
11.52105	24907690.4790649
11.5642066666667	27720757.5674438
11.6015716666667	31673242.9940186
11.6455916666667	48609433.4910889
11.6899116666667	72495554.1553955
11.7307233333333	78472850.8120117
11.77055	87269694.0524902
11.80967	80809738.4958496
11.8496066666667	81310759.3599854
11.8897316666667	58869644.7973633
11.9303733333333	63026291.1811523
11.9722116666667	57982075.3181152
12.0128833333333	63146235.8483887
12.05775	71611098.6516113
12.0955433333333	78681841.7889404
12.1397433333333	89332707.5330811
12.1804716666667	101881191.812744
12.219325	98025059.7376709
12.2628716666667	106439030.029907
12.3002266666667	108001543.079346
12.33326	100490240.296753
12.37479	96251355.2037354
12.4138366666667	89560416.7087402
12.45582	92264168.583252
12.492485	111931536.987305
12.5260566666667	132095931.137939
12.566365	138338886.607178
12.6022483333333	141508304.157959
12.6409	154080400.420898
12.67772	153637354.723145
12.7144266666667	152606761.332764
12.75218	158198771.693115
12.7904866666667	146569209.35083
12.825855	147901909.262695
12.85842	157348652.30249
12.890725	164956025.302246
12.9265566666667	166627038.331543
12.9614083333333	177197851.861328
12.9966216666667	185879914.29248
13.0312316666667	184869029.861816
13.0658583333333	165753044.119629
13.1012183333333	196864817.414063
13.1373583333333	210336895.334961
13.1733066666667	239479703.780762
13.2057066666667	282111595.938477
13.2392233333333	305822144.087891
13.2778066666667	330583059.345703
13.31242	310500679.489746
13.3470283333333	339711640.842773
13.381595	374037171.169434
13.4182733333333	406322975.743652
13.453845	394787336.089355
13.4872383333333	405654992.253418
13.5218133333333	391021003.392578
13.5536983333333	404168603.143555
13.5864966666667	443717405.975586
13.6170983333333	385958846.235352
13.6491733333333	420967375.227051
13.6821116666667	522001758.348633
13.7129533333333	526075808.102539
13.7434866666667	509417118.303711
13.77477	577154794.677734
13.8076983333333	595990004.65918
13.8376183333333	719125643.042969
13.8670366666667	836455883.036133
13.8959416666667	999150451.888672
13.9264116666667	1127667791.72656
13.9564016666667	1033196594.14844
13.9876266666667	1160162337.33789
14.0194533333333	1058329389.67578
14.049105	1031495495.69336
14.08065	981189341.341797
14.1152383333333	873555938.219727
14.1461783333333	887086333.344727
14.1782916666667	873312542.084961
14.21218	928008763.423828
14.24452	987783960.925781
14.2736766666667	1084805514.25391
14.3046883333333	1168822951.53906
14.3349083333333	1260304689.96094
14.3653933333333	1251506027.81641
14.3953733333333	1142421398.47266
14.4248083333333	1243767544.78906
14.45784	1351702516.09766
14.4894383333333	1315973395.96289
14.52258	1086341350.4668
14.5543983333333	1287877567.35547
14.584925	1263337602.8457
14.6188766666667	1245934957.49023
14.6527983333333	1195420157.81836
14.683905	1210153274.45313
14.7180566666667	1194614313.89453
14.750145	1097001934.63867
14.7821416666667	966124308.143555
14.8174533333333	1007124022.41797
14.8466516666667	922661178.948242
14.8791516666667	844089972.614258
14.91241	917417944.97168
14.9467683333333	914879126.507813
14.981875	773624362.936523
15.013865	843970962.706055
15.0454516666667	852299548.376953
15.0761716666667	940745001.958008
15.1061466666667	965069703.015625
15.1386616666667	959467177.415039
15.1697416666667	965147928.267578
15.2027033333333	1086232078.05859
15.23414	1168206985.91406
15.2638766666667	1268724094.6582
15.29114	1280198514.13281
15.32082	1424824797.42578
15.3521266666667	1260817809.7168
15.3808066666667	1338431272.38281
15.4109383333333	1271729328.81445
15.4405883333333	1249068651.51563
15.4710383333333	1148255969.98828
15.5015633333333	1064902738.33594
15.5318516666667	1007150169.42969
15.5622833333333	1090842650.95508
15.5920733333333	1046444436.08203
15.6228466666667	1038633545.71289
15.6524016666667	976751961.626953
15.6806466666667	1035656016.42578
15.709835	1123204200.41211
15.7411133333333	1065835608.5957
15.7714816666667	996531306.71875
15.80389	1043637486.4707
15.8347766666667	1063914466.25586
15.8675816666667	1034675903.64258
15.9004633333333	1092618411.82617
15.9320383333333	1249717250.37305
15.9599816666667	1165373721.19727
15.9902483333333	1109904834.07813
16.0235916666667	1080834084.15625
16.05518	1065054338.88477
16.0861516666667	1111682659.15625
16.1175916666667	1083792782.54492
16.1496666666667	984821986.318359
16.1816233333333	935903237.46875
16.2152333333333	932523633.253906
16.2495566666667	940885881.664063
16.2820233333333	1048621750.9707
16.312775	961907348.341797
16.3453616666667	1007933709.66406
16.3771683333333	1023739421.17578
16.4101966666667	1032516002.26758
16.4441733333333	1057081726.32813
16.4745133333333	1195134808.52344
16.5039533333333	1074108089
16.53443	1153237859.89258
16.56589	1221840919.42578
16.5977266666667	1264829340.625
16.6276916666667	1349792121.83008
16.6582783333333	1205316788.08008
16.6891483333333	1300405826.53906
16.7183733333333	1254458692.03516
16.7476816666667	1358874487.25
16.77965	1229439563.76758
16.8093366666667	1118677989.52734
16.843095	1123257356.57031
16.8704	1214137615.01758
16.9055	1143780332.26563
16.9382716666667	1123748578.64258
16.969335	1228572299.04492
17.0008533333333	1159543613.25586
17.03243	1118807778.97461
17.0628466666667	1060548454.36914
17.0993433333333	1043401401.23438
17.1290866666667	1095925989.08984
17.1597133333333	1056279169.53125
17.1922466666667	1027146242.86133
17.2241233333333	1085421124.04102
17.2586366666667	1046161370.13477
17.2896816666667	955159539.328125
17.325725	1034609622.41797
17.3541333333333	989327632.140625
17.38578	893636287.214844
17.4157	1027427930.53516
17.44809	991011872.152344
17.48078	945775044.585938
17.51164	887681905.4375
17.5445383333333	914479764.522461
17.574185	864877219.567383
17.6041366666667	860816046.239258
17.6358516666667	865757991.02832
17.6644116666667	873725898.604492
17.6954616666667	912814978.193359
17.7257866666667	906216733.96875
17.7561233333333	887412462.316406
17.7866216666667	974240244.822266
17.8180433333333	937002330.785156
17.8478983333333	878507750.25293
17.8806916666667	748729431.96582
17.9101666666667	898334765.15332
17.9424333333333	964652001.533203
17.9726966666667	1034389831.7168
18.0010333333333	970754132.117188
18.031225	953373765.855469
18.06226	952075574.40625
18.09196	955514240.183594
18.1234866666667	857673929.607422
18.15347	888041926.796875
18.1832216666667	965252954.878906
18.214135	1021142069.48438
18.2453	897445618.359375
18.2769916666667	1079479917.88672
18.307345	1015962596.88086
18.3371916666667	976436521.646484
18.3690233333333	980279064.728516
18.39934	936838590.048828
18.42938	962690167.3125
18.4593033333333	1016066900.4043
18.4898333333333	1074978873.9707
18.5211883333333	1050069091.34766
18.5519	1214655654.83984
18.584515	1227476806.50586
18.6142416666667	1285725508.77734
18.64219	1203835307.92578
18.67401	1165693843.71875
18.7018133333333	1286474262.73828
18.7320583333333	1256938506.14648
18.7635	1130004277.45313
18.7940166666667	1248004598.51563
18.8255116666667	1259598496.13867
18.8540266666667	1335361840.25
18.8848366666667	1262304466.05078
18.9164333333333	1255510285.98633
18.9467333333333	1378064875.35742
18.9802316666667	1352143989.35547
19.011725	1303114528.61719
19.04077	1224394392.76953
19.0700666666667	1204939549.23438
19.1007916666667	1176967789.49805
19.1326933333333	1209980822.94922
19.1632166666667	1119972244.98633
19.1916733333333	1096301723.66016
19.2228616666667	1083429942.47266
19.2540783333333	1035640510.94141
19.2862483333333	1037445124.88477
19.315345	1025834982.82227
19.3478916666667	1095689347.1582
19.377615	1082498394.71094
19.4093366666667	1194129013.23242
19.4392483333333	1145548868.67969
19.469795	1114614945.93945
19.5020633333333	1270634988.0625
19.5327016666667	1190405354.04297
19.5640316666667	1149693300.52148
19.5959883333333	1046492927.6875
19.6284833333333	1174943050.53125
19.660275	1108328857.9082
19.690875	1098977276.93359
19.7198883333333	1120545836.89063
19.75296	1051995705.78125
19.7832466666667	1030055332.14453
19.8149983333333	1051359792.63477
19.8454566666667	939653295.701172
19.878685	1000132464.81836
19.910655	983477445.226563
19.9414633333333	981845372.443359
19.9739183333333	1056115277.69336
20.0059416666667	844078610.855469
20.0380333333333	940426236.888672
20.0689483333333	996264201.857422
20.0993316666667	838860047.539063
20.1315916666667	804022824.874023
20.1630983333333	798884381.792969
20.1957216666667	860705679.530273
20.227685	810053230.772461
20.2598816666667	866742918.970703
20.2923183333333	949370101.998047
20.32292	982957160.636719
20.3549933333333	1038678153.16016
20.3843966666667	1057291513.98047
20.413825	1106017401.25
20.4437533333333	1257522242.33594
20.4739483333333	1143418335.73828
20.5032683333333	1243135858.55664
20.53375	1293592443.70898
20.5652183333333	1451095726.62891
20.596025	1376161921.89648
20.6266383333333	1380393983.63672
20.659825	1334772122.63086
20.691925	1546941905.14063
20.725085	1362434207.72852
20.75557	1548831694.48633
20.78826	1387324338.33789
20.820885	1379203271.48828
20.853855	1268071336.85352
20.8863033333333	1235086509.46484
20.9188966666667	1309409104.4082
20.950085	1281311113.03125
20.9813766666667	1153676312.87305
21.012235	1153235102.41016
21.04387	1153889971.55078
21.0730516666667	997242228.462891
21.1048066666667	1115858958.625
21.13454	1025077078.08398
21.1622633333333	1106558210.11523
21.193475	979803152.693359
21.22343	1086766519.7832
21.2556	1117679023.42188
21.2856733333333	1005875556.63086
21.3166016666667	898147187.701172
21.3461483333333	972911557.617188
21.3768433333333	1091479820.14063
21.4078033333333	1065511250.39063
21.4378983333333	1000071427.76758
21.4671066666667	961386517.271484
21.49793	981642176.597656
21.5282	1057284757.18555
21.5573416666667	994353609.222656
21.5887133333333	1147562301.33008
21.6195716666667	1257470122.9707
21.6499783333333	1187474679.52734
21.6824366666667	1223961957.2168
21.7157383333333	1056016087.25
21.7469516666667	1155852856.19141
21.7771183333333	1208493672.80469
21.8086633333333	1212512060.19336
21.8399233333333	1186165581.99219
21.8708666666667	1204782088.78125
21.9007333333333	1084879528.23242
21.9321033333333	1050599082.62109
21.9631433333333	994847930.3125
21.992625	915227182.017578
22.024595	1018997911.28906
22.0563133333333	1099974081.06836
22.0852033333333	1024463969.78125
22.11569	997584715.339844
22.1479066666667	947324576.695313
22.1812583333333	1164087215.12109
22.212765	965152734.789063
22.2472866666667	1091809865.16602
22.2778566666667	1148842984.05664
22.3089166666667	1052052423.29492
22.3424866666667	1224042399.9375
22.3760216666667	1206895402.14453
22.4082033333333	1169575896.01953
22.437965	1125307081.55273
22.46959	1317329673.78516
22.4993716666667	1192944973.31445
22.5288966666667	1131426902.01172
22.5622233333333	1196673010.78125
22.5934416666667	1234721463.45898
22.62264	1308734042.90234
22.6528566666667	1078611692.73828
22.6835533333333	1067433567.00977
22.7154483333333	1039212727.78906
22.7469633333333	1107691223.46484
22.77949	1057605657.07031
22.809625	1099642736.48242
22.84096	1036744083.89844
22.8709016666667	976752037.060547
22.90175	1005635136.58398
22.9311583333333	968586886.636719
22.9615283333333	1128491909.34766
22.991625	1018372734.45508
23.0233916666667	1061449901.31445
23.0536083333333	1109994670.44922
23.0833516666667	1162733170.9082
23.1126316666667	1205809434.62891
23.141485	1256888439.42188
23.1721583333333	1392893880.7793
23.2010633333333	1262250006.32031
23.2303783333333	1398461148.30664
23.2622216666667	1346847177.90039
23.2912033333333	1186141378.58008
23.3214183333333	1296419215.73047
23.3527766666667	1141280308.36523
23.3827483333333	1314080704.50586
23.414865	1165395479.1582
23.4451083333333	1123763921.02539
23.4760116666667	1118432613.2168
23.5055016666667	1149267853.03125
23.5347916666667	1163020099.875
23.5634783333333	1250862131.21875
23.5938783333333	1248367389.29297
23.6251566666667	1330439376.93359
23.6557066666667	1320618117.58008
23.6856466666667	1306016701.13867
23.7154416666667	1442148091.71484
23.747315	1593891822.63086
23.7776666666667	1459925691.65234
23.8082966666667	1374102648.48242
23.840455	1288332445.47266
23.8717883333333	1194184168.75391
23.9036183333333	1321120651.64648
23.935435	1074284478.92188
23.96657	1197985512.9375
23.9970166666667	1290404320.99414
24.0273233333333	1395707463.42969
24.056175	1364745277.53125
24.0885783333333	1513253810.625
24.1199933333333	1333716529.69531
24.1505133333333	1427614756.04102
24.18116	1347897726.00586
24.21054	1372177017.20313
24.24172	1426897257.23047
24.2727266666667	1548844070.12305
24.30374	1460744329.63672
24.33312	1371420045.15039
24.3647316666667	1405022958.39063
24.3942833333333	1400450897.67383
24.424115	1582811165.46094
24.45437	1491758204.21289
24.484905	1440296323.81445
24.5146466666667	1630950872.15234
24.5453966666667	1582973777.4082
24.5754116666667	1383302170.44727
24.6052533333333	1489755315.70508
24.6366116666667	1394922452.47266
24.6674616666667	1371142428.68359
24.6982866666667	1409075122.85938
24.726845	1290256695.49023
24.75685	1341081397.58984
24.7869983333333	1332896425.85938
24.8168633333333	1402180544.30469
24.8464466666667	1357265331.18164
24.8779333333333	1383106469.84766
24.9064133333333	1387280256.98828
24.9365833333333	1298586978.39063
24.96681	1403883782.52344
24.9955016666667	1410269163.61328
25.0256666666667	1294949059.11719
25.0550033333333	1413376504.68945
25.0863916666667	1400897480.58008
25.11593	1401009673.1582
25.14558	1301795757.67383
25.176785	1565571927.72461
25.2057833333333	1468347530.82617
25.2362733333333	1405766860.88672
25.2656716666667	1359055548.41797
25.2959633333333	1321577159.01367
25.3271733333333	1443094327.09961
25.3549616666667	1403307977.66016
25.3865933333333	1319147775.14844
25.4157166666667	1393410271.98828
25.446105	1396879820.04102
25.4759583333333	1486294305.01367
25.5069166666667	1420769011.95898
25.5374933333333	1494997049.52539
25.56748	1412133801.47656
25.5977766666667	1350948305.32031
25.6273966666667	1313724307.42188
25.656455	1386059118.67773
25.6868066666667	1269974471.62695
25.7184316666667	1340355919.73438
25.7489616666667	1283523712.95117
25.77861	1352122758.3418
25.8084916666667	1338859994.09766
25.8400416666667	1215168065.14648
25.87154	1410947490.69141
25.9014933333333	1548206005.39258
25.9319166666667	1311338166.75586
25.9624666666667	1308334988.40234
25.9921633333333	1410813450.97656
26.0227883333333	1523099728.12109
26.053435	1582387359.52539
26.0831983333333	1383837099.64648
26.1134916666667	1595219662.36328
26.1437966666667	1430182289.70508
26.1725633333333	1593376789.45508
26.2022883333333	1514822429.62891
26.2317816666667	1458354670.15234
26.2624583333333	1604998286.45313
26.29206	1592964481.62695
26.3222816666667	1755042823.44922
26.3531	1454993682.72461
26.3838666666667	1898777568.14453
26.4146283333333	1644817246.28516
26.4439283333333	1553525490.44727
26.4740433333333	1479614025.36523
26.505615	1634553794.18555
26.5355316666667	1596548720.14258
26.5676016666667	1588505868.95508
26.5981816666667	1675837869.42383
26.6277416666667	1725539112.0918
26.658625	1613940038.73633
26.69005	1588672590.51758
26.7204783333333	1630616405.39258
26.7520016666667	1453513709.93164
26.7834733333333	1653875221.38867
26.815445	1573262379.03125
26.847395	1514049480.74805
26.8780516666667	1466817479.83984
26.907595	1396861376.64453
26.940415	1444752575.32422
26.9694583333333	1296127939.07422
27.0003716666667	1393633492.27344
27.0310216666667	1229311277.45703
27.06046	1419952827.65039
27.09117	1264637691.74805
27.1213316666667	1336120037.74219
27.1509	1276768892.36133
27.1813383333333	1294011942.93555
27.209725	1323471976.26953
27.2401116666667	1409235461.31055
27.2698466666667	1421756874.66016
27.3004733333333	1378349944.34961
27.32912	1520090588.65234
27.3589116666667	1724128271.88867
27.3874283333333	1570991985.5332
27.4191283333333	1564412935.19336
27.4483383333333	1597295662.87695
27.478765	1698321181.06836
27.5095183333333	1636957480.99414
27.5392216666667	1657225197.63086
27.5690716666667	1610846241.16016
27.5999	1728677382.95313
27.6280033333333	1720465297.93359
27.658105	1680985751.03516
27.6870033333333	1788673269.59766
27.7168883333333	1776733774.74414
27.7468383333333	2149357725.47266
27.776905	2245686476.64453
27.8060433333333	1954430321.31836
27.8370983333333	2064812141.99219
27.8676316666667	2049995009.01953
27.8959616666667	2071520149.08203
27.924755	2175846929.52344
27.956425	2166704888.81445
27.986045	2097135685.70313
28.0188316666667	2266839720.79297
28.0508483333333	2186885548.10156
28.081515	2105248113.30469
28.11276	2052574321.97656
28.1440433333333	2120954592.85156
28.174335	2231091285.13672
28.20327	1957496049.8418
28.2353666666667	1707731450.51953
28.2673216666667	1892234426.22266
28.29798	1746896995.89453
28.329365	1630242736.5332
28.3597383333333	1841042496.10352
28.389255	1539215109.79883
28.4200783333333	1621636142.9043
28.4514666666667	1707879418.0625
28.48309	1577611820.84961
28.5135166666667	1690559417.50391
28.544445	1665689221.20703
28.5741533333333	1671510610.58008
28.605225	1541323306.12891
28.6353933333333	1710403189.20313
28.6647733333333	1712583503.33008
28.6954533333333	1806968423.91797
28.7239016666667	1701702583.56836
28.7565166666667	1847108905.93359
28.7854616666667	1782578965.19531
28.8140733333333	1876723560.75781
28.845	1801938510.14453
28.8755083333333	1702802135.8418
28.9055683333333	1742376755.02344
28.936615	1801703946.83398
28.9677616666667	1686845915.06641
28.996995	1926666997.35547
29.0272766666667	1615835396.86719
29.057645	1854441026.73828
29.09057	1784899345.79297
29.1208	1829871400.04883
29.15072	1614094317.84766
29.182625	1832540539.69336
29.2133033333333	1898712748.49609
29.244265	1761084455.1582
29.273795	1850192833.71484
29.3049116666667	1960001133.62109
29.335625	2093104940.8125
29.3656283333333	2026925271.63672
29.3954666666667	2027130436.9375
29.4253883333333	2144828726.60938
29.4563983333333	2321229505.60547
29.4866416666667	2424096123.72266
29.515275	2235712856.1875
29.54597	2167765354.51563
29.57658	2143937242.33594
29.6060683333333	2273449927.26563
29.6370516666667	2240767724.21094
29.6684516666667	2418819523.52344
29.69891	1942728151.44531
29.729355	2312687888.87109
29.7583766666667	2250330679.14844
29.788755	2292798461.42188
29.817435	2233459318.37109
29.8485733333333	2169941639.03125
29.8775583333333	2264535385.57031
29.9073616666667	2110964493.88281
29.9375833333333	1873803838.44727
29.9685366666667	2111263995.40625
29.9998583333333	2199381376.57813
30.0307916666667	2379453841.12109
30.06147	2065102019.3125
30.0931416666667	2387006005.04297
30.1235316666667	2002718104.84961
30.1540033333333	2193687887.11328
30.185045	2225747014.95313
30.2146383333333	2518333540.625
30.2464883333333	2259943457.55273
30.2785116666667	2418589660.85156
30.3085333333333	2223959250.54297
30.3406033333333	2143325842.47266
30.3719933333333	2185353012.19727
30.4033283333333	2337859962.98047
30.43406	2148614523.00391
30.462865	2222253310.64453
30.4928	2037401749.10938
30.5231383333333	1884422102.35156
30.5547066666667	1975393321.16406
30.58486	1790327015.51563
30.6143616666667	1892898251.09766
30.644475	1892467034.44922
30.6736533333333	2037505757.66016
30.7033783333333	1800009802.21289
30.7329316666667	1962393380.41406
30.7631133333333	1900422824.14453
30.7919966666667	2094990316.87891
30.8209716666667	2054263257.76953
30.850935	1988823285.28906
30.8804183333333	1917866528.97266
30.909295	2039441135.94531
30.9387516666667	2072104662.77344
30.9683916666667	1964837294.94141
30.9981133333333	1970425720.30469
31.0283383333333	1796411141.28125
31.0572716666667	1909203550.02344
31.087395	2026798470.23438
31.1191466666667	1691515477.99023
31.149	1826849711.78711
31.1776183333333	2068364085.72656
31.2061783333333	1862329046.82813
31.2364416666667	1869625136.04102
31.265735	1894236570.71875
31.2955216666667	2133797200.79688
31.3247	1894973223.79297
31.3545933333333	1967805275.77734
31.38502	1750539819.25586
31.41502	1842003001.31641
31.4454466666667	1925179555.77344
31.4767166666667	2000116771.91406
31.5083383333333	1980475794.33203
31.54066	2026056400.66016
31.5704466666667	1953918043.22266
31.6012716666667	2139787392.84375
31.6310716666667	2040866278.60547
31.661935	1693881676.2793
31.69314	2156928470.78125
31.72366	2019884258.53906
31.7534466666667	2040480100.875
31.7861316666667	1874518965.57031
31.8182	2027921221.87109
31.84839	1949064152.36328
31.8810233333333	1803450682.14453
31.9129216666667	2025385887.24219
31.9451383333333	1638796067.5957
31.9780616666667	1789290082.87891
32.0098433333333	1639187466.08008
32.0407833333333	1621666487.18164
32.0703366666667	1767793149.90625
32.099755	1569564348.78516
32.128935	1639049827.36719
32.1573066666667	1717896457.88281
32.185995	1743955190.42969
32.2150566666667	1671549149.72656
32.2455633333333	1885751313.64844
32.27369	1754548725.84375
32.3020583333333	1787981299.23047
32.3306283333333	1990438947.74609
32.3611033333333	1955887179.89453
32.3895716666667	2017723588.56641
32.4177283333333	1883874469.35156
32.4477183333333	1780544559.74023
32.477815	1931061454.67383
32.5097466666667	1859133986.94727
32.53971	1944306574.95703
32.5697683333333	1753244920.17969
32.5988016666667	1851867844.80469
32.6294783333333	1883248318.04297
32.6589933333333	2175436105.36719
32.6883583333333	2053687306.60547
32.7199216666667	2074006392.22656
32.7507533333333	2041416992.91797
32.7818333333333	2060867006.21484
32.8120633333333	2104407826.32422
32.84192	2107441013.78906
32.8707916666667	2228615594.50391
32.902345	2329124035.01563
32.9316533333333	2027929887.73828
32.9637133333333	2078653012.71484
32.9940366666667	2152127674.89453
33.02498	2255500005.03125
33.0546783333333	2167353509.75781
33.08541	1963494118.00781
33.114745	2090202509.42188
33.14627	2018438584.23438
33.1764433333333	2252491252.40625
33.2071766666667	2058306605.40625
33.2369233333333	1954513644.25
33.2683666666667	2094406879.47266
33.2992533333333	2365282358.54688
33.331295	2373062039.29688
33.3606233333333	2034421844.30859
33.3917966666667	2155202051.82813
33.4219216666667	2087467254.22656
33.4522916666667	1910039149.54102
33.4842233333333	1820564223.11719
33.5144516666667	1709013908.19141
33.5455133333333	1952658854.09375
33.5756883333333	1892799707.24609
33.6040083333333	2100699925.19141
33.6335116666667	1946188388.44531
33.6625316666667	1919175891.26953
33.69195	2048413782.75781
33.7226516666667	2041421467.62891
33.7532366666667	2049797523.88281
33.7831166666667	2082420720.29688
33.8135316666667	2250137171.82813
33.8426816666667	1979604547.39844
33.87412	2161671439.33594
33.9047516666667	2089428293.53516
33.9353166666667	2067421268.46484
33.9656166666667	2257947191.88672
33.9946333333333	2219608164.3125
34.0269933333333	2063994637.87109
34.057155	1936502408.11719
34.088695	2251888968.36328
34.1205216666667	2297662141.39453
34.1522833333333	1896129417.34375
34.1815983333333	1977964850.33984
34.211925	1964180746.75
34.2407816666667	1840513149.54492
34.2709316666667	1929427805.96094
34.3008633333333	1890365265.53906
34.3305866666667	2107466940.86328
34.360275	1828765668.40625
34.3890766666667	1982325787.90234
34.4191516666667	2008993630.05469
34.4492416666667	1731780731.82227
34.4805066666667	1874158427.58984
34.511045	1908462629.57813
34.541745	1808374035.50781
34.573385	2038368484.30469
34.6035166666667	2147351649.91016
34.6321416666667	1954299530.24805
34.6632283333333	2111794485.04297
34.6921216666667	2015136192.09375
34.72222	1937191495.64063
34.7522933333333	2038436151.43945
34.781815	1989767040.62891
34.8119216666667	1829075697.20313
34.8413516666667	2018435156.14063
34.8702483333333	2175974233.05078
34.9007883333333	2056500576.05859
34.9327866666667	2036875709.82031
34.96419	2076361516.66016
34.9952933333333	1846850520.6582
35.026215	2236349427.28906
35.0564016666667	1893390665.04297
35.0879566666667	1871682857.66016
35.1202616666667	2046688613.98828
35.1518233333333	1998994543.28125
35.183435	1808074839.02148
35.2156466666667	2042537620.35547
35.245925	1878198487.5
35.2766783333333	1855916061.00391
35.3068366666667	2022005538.48828
35.3376583333333	2003779229.38672
35.36651	1758187789.94922
35.3964566666667	1790372603.38672
35.42718	1829940689.58984
35.45725	1844854318.49609
35.48625	1883325441.49023
35.5148433333333	1756317984.49609
35.5450983333333	1858272808.25
35.5763866666667	1779229294.54297
35.6064583333333	1890804886.57422
35.637925	1811146315.46875
35.66924	2060505668.88281
35.7001133333333	2088799552.80078
35.728645	1752524514.30859
35.7591033333333	1713181456.38281
35.7898466666667	1718891007.51172
35.81988	1689345461.67188
35.8490516666667	1873037366.50781
35.8770616666667	1959761329.37891
35.9071916666667	1941242536.00391
35.9379566666667	1979230859.67188
35.96822	2066720278.78906
35.998155	2039418590.21484
36.0285366666667	1950262904.70703
36.059015	2106151046.03906
36.088515	1922834476.49219
36.1180533333333	2229853492.90234
36.1477816666667	2039530799.24609
36.1782716666667	2020497635.46875
36.2085783333333	2111096052.72656
36.2375583333333	2052801508.73047
36.2675766666667	1885055366.22266
36.2991633333333	1798160263.46875
36.3310516666667	2145040852.05078
36.3618566666667	2235633030.14063
36.3931783333333	1956820206.45313
36.4236766666667	1922237596.99609
36.4546533333333	1772535809.87891
36.4859383333333	1857547856.07031
36.5172916666667	1770115008.17383
36.5482233333333	1674859313.33398
36.5779716666667	1766603684.92969
36.6070983333333	1759793590.98633
36.6361116666667	1822472355.01563
36.6655116666667	1676641350.60742
36.6957516666667	1890131449.89453
36.7251183333333	1995803927.96484
36.7557633333333	1997963665.19141
36.785125	1959189408.21875
36.8169766666667	2049182283.86719
36.8463433333333	1819657523.78516
36.8784433333333	2193567613.09766
36.9089433333333	1971625739.41016
36.9408933333333	2038771861.17969
36.9707916666667	1969123873.90234
37.0012433333333	2130685567.48438
37.0313983333333	2268945230.40625
37.061515	2133513007.74219
37.0918216666667	1830985534.10352
37.1222483333333	2299969322.71875
37.15355	2123025063.60156
37.1831133333333	1826904464.01367
37.21411	2186096764.05469
37.2441466666667	2078135641.79297
37.27446	1752312413.89844
37.304075	1881275915.97266
37.3336566666667	1953004867.40625
37.3642266666667	1917321009.82813
37.3923366666667	1854089161.91797
37.42166	2074431701.29297
37.4509216666667	1890027116.90234
37.4803066666667	1920008811.55664
37.5086	2178669720.14453
37.5372333333333	2037334871.08984
37.566815	2098082046.05469
37.5963066666667	2132314553.88281
37.6255866666667	2018296839.38672
37.655345	2057956628.25391
37.68641	2176898675.33203
37.7157283333333	1890859934.58594
37.7459166666667	1868715308.19922
37.7761966666667	2140877867.09766
37.8060916666667	1989748137.29102
37.8377416666667	2074312379.08984
37.8681566666667	1764384738.45313
37.8978066666667	2076940988.76172
37.92814	2060985865.15625
37.9578016666667	1930121919.50391
37.9893133333333	2058773805.40625
38.0195983333333	2336476740.63672
38.0497483333333	2192302187.41797
38.079885	2166556914.73828
38.110755	2091600974.85156
38.1433083333333	2032050313.92188
38.17268	1911949363.5
38.2041166666667	2181079938.58984
38.2338916666667	2043655820.69922
38.2637116666667	1895611118.36719
38.2944433333333	1881467836.68555
38.3242216666667	1864669096.79688
38.3555166666667	1925023248.44141
38.38674	1891211430.82813
38.4188733333333	2185688781.64844
38.449855	2223080132.67188
38.479555	2033632827.71484
38.5088083333333	2269755817.64063
38.53871	1901753951.39844
38.5701166666667	2017911236.45313
38.6006	2070875693.37109
38.63004	2041599467.65234
38.659055	2345782137.26563
38.68861	2021811807.93359
38.718945	2116839648.94922
38.7494516666667	2288692091.39453
38.7797466666667	1823775662.58398
38.8078533333333	1961784276.31641
38.837935	2091543293.06641
38.868335	1956847180.05469
38.8987966666667	1835278059.86719
38.9280333333333	2036490111.02734
38.9590216666667	1926012862.02344
38.9884483333333	1792454735.97266
39.01848	1969128398.71875
39.04682	1897831225.41016
39.0763166666667	2015008001.05469
39.10756	1933703988.375
39.1372066666667	1989603345.28906
39.1676666666667	1753449968.14844
39.1977016666667	2025239111.99219
39.2280783333333	1823260361.53711
39.2590266666667	2080117454.01563
39.2892566666667	2017252080.82422
39.3187216666667	2009194007.72266
39.348815	1899527203.3125
39.3790466666667	1989704107.92188
39.4085633333333	1762781836.88477
39.439915	1900110073.78125
39.4700683333333	1806527330.45313
39.49952	1920054796.84766
39.53108	2363987457.28906
39.5616616666667	2248932212.81641
39.592405	2111578995.76172
39.6228916666667	1867383585.08203
39.6526583333333	2178617699.07813
39.6837766666667	2077049944.22266
39.7158616666667	2065596067.41406
39.7470816666667	2168915488.75391
39.7760966666667	2169924197.03516
39.806225	2070390558.23047
39.8370883333333	1965353688.98828
39.86678	1935753995.97266
39.8965966666667	1929067814.23438
39.9263183333333	1876906933.33203
39.95667	2157407345.97656
39.98679	2078307677.33203
40.0176283333333	2128533110.27734
40.04852	2135366885.20703
40.0786116666667	2368691296.74219
40.1082216666667	2164725099.24609
40.1390333333333	2212947837.39453
40.1697616666667	2001459061.38281
40.20024	1924277193.73828
40.2309866666667	1945252120.75391
40.2614966666667	1958734964.16797
40.2930966666667	1890115545.29297
40.32428	1990972841.04688
40.354705	1913066448.22266
40.3854233333333	1820691738.51953
40.416125	1716763675.23047
40.4454266666667	1866669526.62109
40.475645	1957186687.75781
40.5050666666667	1821751844.16406
40.5357766666667	1770996532.82813
40.5665766666667	1871827992.91016
40.59592	1928476509.39844
40.6265483333333	1834360273.34766
40.6575366666667	2047906238.03125
40.68892	1889466686.24219
40.7193833333333	1777464382.52344
40.7481366666667	1964429150.03516
40.7780333333333	2131568879.02344
40.8065983333333	2073238911.46875
40.8362883333333	2033445145.35156
40.8669216666667	2402759695.30859
40.8966833333333	2084987193.30078
40.9270416666667	1915392608.75781
40.9582566666667	2076131071.73438
40.989525	2102129192.92578
41.02046	2067286262.94922
41.05173	1866384896.67969
41.08261	1916519359.79688
41.1119	1943053008.73828
41.1412333333333	2207803453.80078
41.1709766666667	2039762938.18359
41.200445	2055669002.52344
41.2303	2211824877.28516
41.2608766666667	1935095251.14063
41.2918783333333	1955812721.08594
41.3232783333333	1817599166.97266
41.3542516666667	2073084079.83594
41.3845316666667	1884540661.85938
41.41409	2197025936.9375
41.4453833333333	1903494756.01563
41.476345	1936527758.12109
41.506705	1903058254.14453
41.5383033333333	2195399478.11719
41.5687733333333	1937233174.5293
41.5991283333333	2062532573.30469
41.6309366666667	2189681428.92578
41.6621133333333	2033942961.41406
41.6935233333333	1947662225.00781
41.72479	2150616819.73828
41.7563233333333	2027686296.23438
41.7872416666667	1933361590.375
41.81714	1997161318.78516
41.8459533333333	1753512368.33203
41.87598	1742082285.09375
41.9069566666667	1796490070.41211
41.9376416666667	2023825349.14063
41.9683583333333	1972141932.65625
41.9989766666667	1880621335.11719
42.0302416666667	1905570323
42.0624983333333	2051962317.56055
42.0934016666667	1932400427.92578
42.12179	1752588145.94141
42.1517066666667	1945566346.73047
42.1818733333333	2026390529.61719
42.2110033333333	2030943787.22266
42.241085	1991974991.875
42.2703316666667	2023056137.72656
42.2997816666667	2014662966.16406
42.3299766666667	1924111415.65625
42.358535	1929777486.13281
42.3891116666667	1900509211.39844
42.4194766666667	2136957863.17578
42.4497183333333	2044562193.42578
42.479235	2058361079.60938
42.508715	1981557122.57422
42.53906	1876208974.62109
42.568685	2180498486.91797
42.59916	2347402210.68359
42.6283066666667	2199128287.64844
42.6586083333333	1992336069.44922
42.6893116666667	2475728134.68359
42.7198816666667	2096913129.69531
42.7511083333333	2133797100.96875
42.781725	2318782710.76172
42.81263	2127300730.26953
42.8434216666667	2445479571.93359
42.8739333333333	2131282690.64063
42.9035716666667	2384139682.67969
42.9349116666667	2151593543.02344
42.9644016666667	2457203369.05078
42.99417	2146214780.64453
43.0239816666667	1941997180.76563
43.0550283333333	2248723831.16406
43.086735	2263708067.40625
43.1171783333333	2173053892.75781
43.14782	2295387313.62109
43.179215	1906889733.57031
43.20971	2274494060.04688
43.2413416666667	2172919390.64844
43.2727783333333	2239339370.75391
43.302985	2243410336.72656
43.3346433333333	2285825361.36328
43.3665183333333	2306891177.64844
43.398365	2259833607.55859
43.4291016666667	2403201209.10547
43.45893	2113667449.77344
43.4875733333333	2441993875.20703
43.5178083333333	2539243702.09375
43.548445	2473966852.62891
43.5784333333333	2293822254.15625
43.6082016666667	2740397144.36328
43.637575	2566152673.42578
43.6664	2754341708.05859
43.697375	2438797073.78125
43.7275866666667	2287680547.75781
43.7576633333333	2441724173.21094
43.7875183333333	2421765101.36328
43.8188916666667	2366839612.63672
43.8491316666667	2147572670.67578
43.878445	2296590193.28906
43.90924	2400244232.82031
43.938705	2341810669.10938
43.9674133333333	2055732901.10938
43.99729	1928968798.61133
44.0292216666667	2047965218.34766
44.06005	1980344465.42578
44.0901716666667	2080376138.58203
44.120205	1994947406.47266
44.14997	2045636564.67969
44.1808133333333	2271069302.13672
44.2110033333333	2135585392.30859
44.2419066666667	2456641805.73828
44.2727933333333	2311805184.19922
44.3027283333333	2638699811.1875
44.3319783333333	2713198676.20313
44.362955	2420898085.19141
44.3934233333333	2707268585.55078
44.4237933333333	2746445236.51953
44.4545433333333	2699785419.17578
44.484015	2712778491.98438
44.5144033333333	2281930888.71094
44.5443233333333	2390979090.72266
44.5742083333333	2499982157.91016
44.6043316666667	2463812674.66406
44.634795	2245576118.87109
44.6647533333333	2554931211.99609
44.6949433333333	2180079936.89453
44.7249116666667	2061217418.01953
44.7546383333333	2174068658.03906
44.7856666666667	2022591142.46484
44.81751	1921159927.93359
44.8470766666667	1875576968.60938
44.8769966666667	1884513225.85938
44.9084116666667	1836674797.0918
44.94061	1928740079.54688
44.9713083333333	2005653553.29688
45.0027366666667	1787472429.04297
45.0325366666667	1766731722.58008
45.0625383333333	1809671837.81641
45.092545	1778232694.40039
45.12291	1830762447.32031
45.154035	1758939220.03906
45.1843616666667	1886661924.61719
45.216065	1957775982.22656
45.247755	2001897023.45313
45.279095	2087873721.23828
45.310035	2367907356.5
45.3403633333333	1998702913.09766
45.37068	2452573053.73047
45.4004533333333	1890109185.96875
45.4314566666667	2100980376.82031
45.4623116666667	1816162099.03516
45.4912133333333	1970379118.85547
45.5224466666667	2058709546.25391
45.5525416666667	1996139804.41797
45.5832866666667	1999954482.22266
45.6134816666667	2104810326.27734
45.643995	2388915149.17578
45.6748033333333	2223301523.35938
45.7051933333333	2549055517.88281
45.7364216666667	1979152094.20313
45.7667833333333	2448304535.40625
45.7973	2235440649.74609
45.827795	2002198971.98438
45.8573166666667	2327259267.5625
45.88744	2104994714.78516
45.9171016666667	2160359182.26953
45.9475233333333	2008479906.97266
45.977815	1879328447.10156
46.0082983333333	2055549589.26953
46.0387683333333	2047954329.73828
46.0699783333333	1888585021.92188
46.0993516666667	1761149691.12891
46.131155	1891944172.28906
46.160515	1888491896.26563
46.1904183333333	1960170268.73047
46.2205283333333	1706862432.14063
46.252775	1978595607.28516
46.2833133333333	2066862720.11719
46.314305	1955639363.41016
46.3445466666667	1952254463.375
46.37496	2039590501.89063
46.4068566666667	2080057037.21484
46.4378633333333	2129021835.52734
46.4683766666667	2056979825.08203
46.4993766666667	1869117050.40234
46.530215	2052348908.07422
46.5592833333333	2292779426.87109
46.589505	2063355904.43359
46.6198216666667	2296944805.34375
46.64998	2138484444.5
46.6797333333333	2323326909.77734
46.7094116666667	2624761928.80078
46.73996	2294158129.85938
46.76961	2597428486.30859
46.8007866666667	2562481057.53125
46.8317216666667	2669588636.58203
46.8632533333333	2464286476.09766
46.8955283333333	2989779028.3125
46.9266783333333	2614078124.83594
46.95736	2942262198.25391
46.98987	2961591089.98828
47.0210466666667	2662833861.38281
47.0532883333333	2577891418.92188
47.0840666666667	2388421580.04297
47.11435	2602666257.37891
47.1451133333333	2339908982.69922
47.176815	2309023412.94531
47.207755	2416882704.67188
47.2386933333333	2011795267.53125
47.2704516666667	1793220739.31836
47.30185	1979315445.9375
47.33252	1848943935.65234
47.3638833333333	1791490545.27734
47.3938233333333	1672767567.69922
47.4231833333333	1759890109
47.4525716666667	1824218360.24609
47.483355	2161661924.69922
47.5148016666667	2086620932.71484
47.5441733333333	2246050132.58203
47.5743383333333	2098839176.26953
47.6047033333333	2039628700.19141
47.6356433333333	2166125741.375
47.6658366666667	2025912048.00781
47.6954366666667	1858803668.46875
47.7270333333333	2084962209.57031
47.7574183333333	2030920401.90625
47.7895716666667	2166233444.80469
47.821385	2095537332.20703
47.8529633333333	2236684455.77734
47.8841883333333	2400817953.78125
47.9146866666667	2506824788.46094
47.9452683333333	2613716803.25781
47.9736766666667	2124497474.65234
48.005115	2249473885.38672
48.0360616666667	2067918109.06641
48.066555	1895127208.69336
48.0974016666667	2263142212.31641
48.12866	2197921836.47656
48.1604633333333	2375475940.68359
48.19147	2007948594.41016
48.2218616666667	1865915077.71875
48.253555	1877289125.22266
48.28509	2037809183.53125
48.3160166666667	2029541707.12109
48.3453283333333	1893218721.10156
48.3753316666667	2154069576.90625
48.4054716666667	2306496414.07031
48.4365516666667	2103146041.28516
48.4663283333333	2269643344.38281
48.49677	2327833861.0625
48.5271666666667	2287095143.98047
48.557775	2435398056.01953
48.5874783333333	2185531510.20703
48.6180833333333	2184006948.71484
48.6487683333333	2563502024.53516
48.6802183333333	2336076599.96094
48.71199	2233060610.50391
48.7433116666667	2320290776.27734
48.774305	2375244687.10156
48.8058383333333	2463981484.82031
48.8368166666667	2533030800.84766
48.86697	2425280683.79297
48.89802	2316579489.26172
48.9290366666667	2285087575.09766
48.9605116666667	2238636898.30859
48.99085	2091581547.66797
49.0222233333333	2266470275.69531
49.0548566666667	2419316405.48828
49.0867566666667	2306050727.98438
49.118385	2480570899.07422
49.14956	2423604822.66406
49.1814716666667	2349901316.41016
49.21374	2421543166.55859
49.24485	2472266687.68359
49.2766266666667	2489370191.04297
49.3072766666667	2454394218.97266
49.33842	2331889552.83203
49.3693133333333	2382497266.375
49.40128	2542741877.41016
49.4320633333333	2510718283.76172
49.463115	2644941841.82031
49.4933983333333	2380621098.60156
49.5234533333333	2422057932.60938
49.5540783333333	2513246432.47266
49.58458	2191128034.65625
49.61603	2757539803.28516
49.6468966666667	2218028443.99219
49.6787583333333	2426959396.24219
49.709135	2129848405.82813
49.7400866666667	2076067925.39844
49.7705033333333	2113319315.27734
49.8004766666667	2100845442.75
49.8322183333333	2058186104.01172
49.862855	2253036599.35156
49.8940633333333	2068990720.95703
49.9236266666667	2005401345.46484
49.9546933333333	1993975323.89063
49.9865833333333	2284379083.44141
50.01711	2245440034.01563
50.0477666666667	2280331603.96484
50.0775816666667	2292339088.21484
50.1081716666667	2239093656.66797
50.1390416666667	2300920500.75391
50.1693216666667	2421754197.24609
50.200375	2436943440.98828
50.2319033333333	2292129346.28906
50.2642116666667	2371664841.92969
50.2953566666667	2555192096.66406
50.3256383333333	1998942016.23438
50.35818	2219468053.62891
50.3899366666667	2375985293.45313
50.4207516666667	2185724262.63672
50.4512666666667	2333798114.82813
50.4814333333333	1957627421.70313
50.5127716666667	2226616198.13672
50.5439683333333	2202952419.16406
50.5751433333333	2055045766.99219
50.6054883333333	2287175043.48828
50.6374266666667	2201106736.87891
50.6695233333333	2560253054.57031
50.702285	2168363277.72656
50.73274	2197385630.84375
50.7637633333333	2134983790.52734
50.7947466666667	1974102373.74805
50.8253416666667	1918717435.74219
50.8565316666667	1954929720.67578
50.8876083333333	1999455499.6875
50.9184516666667	1689199023.45898
50.9504133333333	1869465207.65625
50.9801866666667	1660066582.05273
51.0119366666667	1844622938.62109
51.0430066666667	1822208281.93359
51.0734233333333	1797876626.89063
51.1025716666667	1715532547.19141
51.1327933333333	1743110874.33008
51.1635183333333	1696943825.43164
51.1939983333333	1705380954.7207
51.2245666666667	1783167245.11719
51.2555916666667	1795723346.48438
51.2867083333333	1801001311.89844
51.3175383333333	1737912707.53906
51.3482833333333	1732722948.46484
51.3791383333333	1893341198.04688
51.4095266666667	1762740034.20703
51.4403516666667	1931817416.01953
51.4704433333333	2118453066.36719
51.5000833333333	1982298493.97266
51.530115	1885831973.28906
51.5587833333333	1805447665.46094
51.58833	2145397419.07031
51.619315	2097864034.85938
51.6499216666667	2061864779.01172
51.6798066666667	1783601189.06641
51.7106716666667	2021672418.01172
51.74075	2075708637.57813
51.7715616666667	1845966593.85156
51.8046433333333	1990956765.29688
51.8358283333333	1948731468.12109
51.867005	1959431505.12109
51.8978333333333	1958087160.64844
51.9276483333333	2011323203.46875
51.9573733333333	1831053595.85156
51.9885216666667	1955445804.86719
52.0185383333333	1863594204.0293
52.04939	1891649427.5625
52.0801233333333	1733489625.94336
52.111895	2014343400.30469
52.1433383333333	1944331616.30859
52.1754916666667	1774858185.99805
52.2067233333333	1829306873.93164
52.2380416666667	2274459334.26953
52.2690333333333	2227872092.39063
52.3000716666667	2147152045.98438
52.3299466666667	2047768025.59766
52.3619683333333	2159081911.06641
52.3930333333333	1970266737.45313
52.424665	2077774814.91016
52.4558133333333	2078246855.38281
52.4866666666667	1963357358.07422
52.5176266666667	1943986985.98438
52.5483883333333	2211091980.46875
52.5789333333333	1900206919.70313
52.6091416666667	1990365920.33594
52.6391216666667	2010788237.27344
52.67012	2138673518.19922
52.7006033333333	2180114419.21094
52.730925	2006319218.67969
52.7605066666667	1947333072.38281
52.7917183333333	1758728671.64648
52.823365	1821686639.17969
52.85402	1821359518.94531
52.88478	1804195587.04688
52.9159166666667	1978040676.17188
52.9476233333333	2229078094.98047
52.9799316666667	2032883654.08594
53.0113433333333	1856793356.06641
53.0436983333333	1783041663.12891
53.0755966666667	1691103929.58984
53.10744	1775480648.78906
53.1389616666667	1801459488.66406
53.171295	1932174546.10938
53.20387	1802595276.33594
53.2350916666667	1926082248.96875
53.2654583333333	1764238900.78711
53.2961433333333	1912756552.03516
53.3273583333333	1859125210.18164
53.3586133333333	1942455757.53906
53.3888516666667	1767659339.15234
53.42085	1719705246.84375
53.4532416666667	1882307586.17969
53.48447	1911887365.62891
53.51584	2084830645.32422
53.5479266666667	1925828181.11328
53.580165	1952949323.00781
53.611945	2189292615.0625
53.642605	2046264636.60547
53.67346	1852033795.40234
53.7046266666667	1769390595.90625
53.7357083333333	1879726210.70703
53.7664016666667	1759208945.93359
53.7968616666667	1901792297.07031
53.8265333333333	1905646468.89063
53.8568116666667	1835429545.83203
53.887985	1959888079.92969
53.9198416666667	1694950305.94141
53.9502683333333	1675597602.67773
53.9800166666667	1934783103.11719
54.0103	1961557820.10547
54.0410516666667	1946453977.30859
54.072255	1993167110.09375
54.1029166666667	1883145215.53516
54.1334816666667	1916738299.25
54.16425	1926344811.34766
54.193845	1805759962.03906
54.2241683333333	1815518293.86719
54.2563883333333	2024900474.26172
54.2870733333333	1915535889.04297
54.3182216666667	1723088325.32031
54.349935	1766553437.08203
54.3819333333333	1649012444.88867
54.4136133333333	1625569576.91797
54.4457766666667	1741769149.41016
54.4766666666667	1775278947.96094
54.507255	1842563298.98828
54.5379166666667	2122251636.79297
54.5676966666667	1827028374.46484
54.596705	1900137953.13672
54.6270483333333	1924473815.20703
54.6577133333333	1885564547.22656
54.6885866666667	1986201556.35156
54.7194866666667	2044200606.98438
54.75035	2096999506.88281
54.7798316666667	1853164552.91016
54.8098233333333	2013649005.12891
54.8392966666667	2106316486.82422
54.869215	1978399238.14063
54.9004133333333	2159479669.57813
54.9313933333333	1844733904.77344
54.9619316666667	1802395570.17969
54.992655	1917672864.78906
55.0232916666667	2081645117.78516
55.0537733333333	1845424112.64063
55.0859166666667	1818709469.04297
55.117075	1736912464.69336
55.1488366666667	1928486710.06641
55.1799683333333	1804130663.66016
55.2108716666667	1793516529.54297
55.24112	1844321899.75
55.2722566666667	1759738952.57422
55.3036666666667	1787558696.50391
55.3350933333333	1688918842.26172
55.366585	1644363664.99023
55.3980133333333	1663798799.69141
55.4286583333333	1648178669.50391
55.4590716666667	1675341674.69922
55.4898966666667	1901065051.39453
55.521145	1874031145.26563
55.5524416666667	1947339401.63867
55.58345	1887146440.10156
55.6142066666667	1774003015.28906
55.645445	1931796774.26953
55.6765183333333	2005879795.37891
55.7083516666667	2156000212.47656
55.7396616666667	1887754272.91992
55.7699066666667	1896320778.7832
55.8014966666667	1846699643.35938
55.83362	1834886908.49219
55.8654633333333	1913669876.92578
55.8978683333333	1921718979.04883
55.9296	1896791486.2832
55.9608633333333	2163697934.42578
55.9912866666667	1935913105.33984
56.0224716666667	2019635797.76953
56.05337	1957200800.94141
56.0848983333333	1925608095.78516
56.1164866666667	2081876089.03125
56.1479366666667	1919437353.77344
56.180245	2075996777.34766
56.2122566666667	2106505525.55469
56.2447666666667	1940274331.3457
56.27596	2116674822.11328
56.30738	2019314928.92969
56.3397116666667	2061040987.24219
56.3707466666667	2081163763.94922
56.4009966666667	2153453492.15234
56.4314566666667	2044262584.69922
56.461575	2108464825.17969
56.4917083333333	2115120634.95703
56.5221466666667	1952865809.67969
56.5526216666667	1995968497.82031
56.58309	1843394871.36133
56.61328	1746619800.42969
56.644365	1799846392.21484
56.6753166666667	1715832610.52734
56.705765	1813637004.37891
56.7368216666667	1622258496.20703
56.767845	1619828182.8125
56.7982733333333	1652752493.76953
56.8292166666667	1641054163.89453
56.85923	1759574581.55078
56.8902733333333	1706780201.03125
56.9217483333333	1683616832.89844
56.952765	1684533300.38281
56.9828833333333	1670859517.6582
57.0144816666667	1938015984.71094
57.04643	1669226682.30273
57.0774583333333	1643005855.20508
57.1092816666667	1642019632.14063
57.1408483333333	1800848706.60156
57.172385	1770934545.87695
57.2035366666667	1801400711.18359
57.2344133333333	1689318976.04883
57.26547	1959099496.42578
57.29649	2057209673.65625
57.327355	1745923111.07031
57.358035	2045544488.83984
57.3893633333333	1904022427.81445
57.420385	2022845453.34375
57.450795	2071254606.95703
57.479855	1943323984.63477
57.510655	2088650842.64844
57.541785	1986631510.24219
57.57238	2011456107.3125
57.6038633333333	2183333966.23438
57.635215	1916414574.34766
57.6660683333333	1904223418.71094
57.6965883333333	2009406863.41406
57.7278583333333	1747694278.43555
57.7585883333333	1822693158.1582
57.7901683333333	1692968832.04297
57.8219	1693710709.96484
57.85324	1847800233.60352
57.884445	1824917889.32813
57.914935	1747374200.16016
57.9463933333333	1895529109.19531
57.9769983333333	1842580653.26367
58.00872	1987278800.80859
58.0395383333333	1733856570.82031
58.0704883333333	1823628180.08008
58.1014733333333	1901525698.09766
58.1329766666667	1809684642.72266
58.1642816666667	1665583327.18555
58.195025	1859789379.28516
58.2256166666667	1688972128.93164
58.2563066666667	1979896426.27344
58.28769	1836090903.91406
58.3190066666667	1758656554.85352
58.352475	1852811659.73633
58.3846633333333	2121566177.94922
58.4155433333333	1840180010.40039
58.4475616666667	1784235841.29883
58.4784416666667	1818287974.16992
58.5098733333333	1974381090.77344
58.5399633333333	1921416514.82031
58.5716666666667	2049001080.36719
58.6027016666667	2167464128.29297
58.635605	2010947799.06641
58.6679166666667	1891049163.90234
58.6989983333333	2245850930.06641
58.72936	1933125109.47266
58.7610883333333	1973790851.57031
58.7926116666667	2044939406.66797
58.8252033333333	1967514054.84766
58.85617	1657912257.64453
58.887525	1941321743.98438
58.918575	1873867213.46484
58.9499783333333	1773265204.62109
58.982975	1698968618.85938
59.0146633333333	1644076297.49219
59.0449516666667	1898815295.16211
59.0753366666667	1704164888.50977
59.107795	1794874654.77344
59.1394283333333	1792576824.88867
59.170235	1868650367.97266
59.200785	1508398394.51172
59.2311333333333	1673401325.16016
59.262645	1672122130.71094
59.29393	1884333465.18359
59.3256733333333	1622080761.55078
59.35664	1787539457.58984
59.3872466666667	1743529859.63281
59.4183283333333	1615413144.31641
59.449185	1703458891.10547
59.4802983333333	1840148735.74023
59.5121333333333	1555515568.87109
59.543495	1652450492.3125
59.574995	1549732473.9043
59.606225	1570950311.26758
59.63704	1733946073.07422
59.6674483333333	1600170163.85156
59.69888	1667077747.00977
59.7291166666667	1742616446.69922
59.760035	1819281705.58203
59.7905466666667	2006957123.70703
59.82168	1765018159.21094
59.8519833333333	1812695432.36328
59.882845	1847684668.24414
59.9136383333333	1867025534.05078
59.9460416666667	1774038637.79102
59.97752	1815827951.60742
60.0097166666667	2009754855.73828
60.0410983333333	1895961148.64844
60.0729516666667	1795523117.1582
60.1043383333333	1889888583.43555
60.13479	1722632720.69336
60.16595	1835078483.87891
60.1966233333333	1708596014.99023
60.2276216666667	1746676306.18555
60.2589166666667	1730776628.06445
60.2911116666667	1932808429.98828
60.3216566666667	2061613359.5957
60.35235	1897284029.67578
60.3847266666667	2001253210.28125
60.4176233333333	2131312912.03125
60.44929	1848441156.63281
60.4808866666667	1753684811.56641
60.5116783333333	1691039786.66406
60.54243	1590048493.64258
60.5736016666667	1535115011.48438
60.6048966666667	1621517041.74805
60.636255	1425589241.4375
60.668375	1373914519.6543
60.6991666666667	1633722904.22266
60.7307383333333	1564953801.33789
60.7621316666667	1461960552.67188
60.793265	1704457314.16602
60.8236616666667	1585960563.81836
60.8553666666667	1573297516.89258
60.8876616666667	1552555180.94531
60.91878	1540250241.68945
60.9505366666667	1505345757.14844
60.9830616666667	1562758585.99414
61.0145516666667	1460327967.21289
61.0468533333333	1472303080.35742
61.078755	1531943413.06055
61.1105116666667	1603984658.89063
61.1420083333333	1488971698.55469
61.1742083333333	1532570035.42578
61.2049883333333	1711953553.96484
61.2357483333333	1559388664.26563
61.266225	1537869508.20117
61.2975666666667	1544609118.3418
61.329925	1663084407.53906
61.36114	1727383765.3418
61.39198	1672759065.11328
61.424555	1585153904.31641
61.4554533333333	1724487144.80078
61.4874516666667	1468073655.02148
61.51999	1592618221.80273
61.5507783333333	1362054114.90234
61.5811516666667	1480075939.04883
61.6121133333333	1427092158.22266
61.6440083333333	1595083497.59766
61.6750133333333	1461576381.16406
61.7068966666667	1789268120.91016
61.7386316666667	1770012408.28906
61.76954	1702980406.04297
61.80106	1715361001.32617
61.8315383333333	1782481124.94336
61.865095	1806862891.95703
61.8956083333333	2061475899.45313
61.9276116666667	1832898136.50391
61.9579683333333	1699800504.87891
61.990665	1613326415.27344
62.02223	1773422746.63281
62.0535733333333	1572479720.75977
62.0857083333333	1774301298.17188
62.1169316666667	1580232059.55078
62.1480366666667	1507101858.4043
62.1788083333333	1598095322.20703
62.2097533333333	1527008409.20703
62.2402916666667	1506795251.05664
62.272145	1705096827.58789
62.3041916666667	1424396733.98242
62.3341083333333	1399541614.66016
62.3648716666667	1389855366.38867
62.3956366666667	1490409451.01953
62.4266533333333	1441376879.61328
62.4576516666667	1397144398.70898
62.4893933333333	1490035377.92188
62.52096	1473216086.55273
62.5516766666667	1599738284.01758
62.58212	1679543017.16406
62.61374	1696157798.9043
62.6446016666667	1659078078.84961
62.6761016666667	1783532495.78711
62.70735	1781681623.0625
62.7386966666667	1634067755.26563
62.7700366666667	1683642696.44336
62.8013216666667	1611171561.58984
62.8327716666667	1511269974.88281
62.8638533333333	1455912658.36133
62.8946	1391168983.41211
62.924605	1549511167.39063
62.9557216666667	1504071977.78906
62.9876233333333	1503495654.9082
63.019315	1686795720.7168
63.05075	1412862629.57422
63.081375	1476368174.20898
63.1123683333333	1638631451.80273
63.1433033333333	1578342690.95313
63.1741	1674005268.44727
63.2047	1720887681.97461
63.2358766666667	1725112640.21484
63.2678433333333	1806296813.30469
63.2997883333333	1818338350.02734
63.331835	1863787169.08594
63.363325	1824363038.21094
63.3953583333333	2068821269.24219
63.4266083333333	1968654832.13281
63.4581033333333	1741258195.25195
63.4904033333333	1716433812.45898
63.5230033333333	1933282511.45313
63.5537133333333	1648140480.83594
63.5867	1558797103.73633
63.6182916666667	1625624338.49219
63.650095	1599257501.58789
63.6821683333333	1570734794.19922
63.7139983333333	1485478480.87695
63.7449533333333	1658578185.75586
63.7767833333333	1611108822.17188
63.8079383333333	1500901084.87305
63.83878	1683839737.83008
63.87026	1584018344.25195
63.9005583333333	1774986840.75977
63.9304483333333	1789219790.125
63.9617866666667	1628302498.20313
63.9934333333333	1767271333.81445
64.0239633333333	1646555870.54297
64.0558233333333	1580811949.08203
64.08839	1655547773.49023
64.1202933333333	1658471944.41602
64.151795	1466836529.33203
64.1830966666667	1657858414.73633
64.2156816666667	1461391599.00586
64.248065	1414245900.68945
64.2785966666667	1386124472.23438
64.30962	1202600095.25977
64.3408233333333	1315625858.13281
64.3721866666667	1209229857.35742
64.403495	1427949820.54688
64.43372	1295687483.84375
64.4657716666667	1303821819.21094
64.4967433333333	1223787705.81055
64.5280783333333	1196754172.67188
64.5592816666667	1268639529.73438
64.5903083333333	1303476616.06445
64.622055	1333511366.06836
64.6535583333333	1264969764.43945
64.6841883333333	1447930757.83984
64.7160266666667	1498843442.50781
64.7452366666667	1602483745.23047
64.7759983333333	1436163384.23047
64.8066333333333	1485773207.01367
64.837945	1623835522.89258
64.8690883333333	1614491072.91016
64.900095	1638951447.42188
64.9304	1706511781.42773
64.9620816666667	1931215502.09961
64.9922583333333	1689124629.08594
65.0243216666667	1650932912.24219
65.0560333333333	1653725072.57031
65.0872333333333	1479622619.70898
65.11888	1663805738.15625
65.1514233333333	1623571949.625
65.1829066666667	1422925362.38672
65.21421	1445321505.10156
65.24478	1537474621.85742
65.2769283333333	1356186644.86133
65.3083283333333	1500387747.32227
65.3401366666667	1438725520.87695
65.3718816666667	1445668412.23242
65.403015	1482890873.26172
65.4352866666667	1378259035.25195
65.4662483333333	1557984572.99414
65.4967983333333	1610894663.48828
65.527145	1589077324.13672
65.558425	1659688054.40234
65.5900683333333	1591613291.14063
65.621735	1620810672.72656
65.6527433333333	1497910367
65.68297	1553919768.07031
65.714375	1486809388.23633
65.745555	1461605308.07422
65.77666	1580225264.07031
65.8083883333333	1331424448.89063
65.8411883333333	1332471164.20508
65.8734466666667	1347645228.0332
65.9048966666667	1421623437.29297
65.9363883333333	1471567426.56836
65.96775	1386020028.70898
65.9991316666667	1448616838.76563
66.0296083333333	1475097408.02734
66.0593416666667	1422540591.66797
66.0903183333333	1421264672.05078
66.1202583333333	1448095437.06641
66.1516216666667	1479145601.26953
66.18219	1591355503.2207
66.2133983333333	1779590101.58203
66.2445016666667	1657347033.7793
66.2756533333333	1661330976.80664
66.30757	1857246135.62109
66.3399283333333	1765587410.71289
66.3719883333333	1620534849.33789
66.4049316666667	1620127140.51563
66.43688	1368615893.68359
66.4688133333333	1435363310.39453
66.5014016666667	1656210713.37891
66.53351	1427369745.19727
66.56524	1615114016.40234
66.5954333333333	1573860600.32031
66.6273	1740025597.61523
66.65875	1672231435.64063
66.6897183333333	1674732678.68555
66.7214733333333	1614134063.12305
66.7527716666667	1655199760.41602
66.7839883333333	1670747471.76367
66.8141766666667	1440766784.12695
66.8450933333333	1584269145.27539
66.8763983333333	1665789510.02148
66.90832	1672943729.41797
66.9399666666667	1467478232.70508
66.971405	1500057391.14844
67.0032766666667	1528011140.39258
67.0350366666667	1454163282.29102
67.0675683333333	1470306363.13086
67.09801	1504770910.14648
67.1293516666667	1422712581.90039
67.1608033333333	1425246535.49414
67.1921033333333	1364842715.08008
67.2239433333333	1408044368.55469
67.2563016666667	1412985786.63867
67.288495	1340515994.69727
67.3192766666667	1398001728.18359
67.3504783333333	1268078702.33594
67.381895	1380333763.63477
67.413395	1480759369.17773
67.4435016666667	1501544756.83203
67.47537	1656700843.98633
67.507665	1587900470.01563
67.5391416666667	1723659416.25977
67.5696983333333	1507228477.16602
67.5999616666667	1642193761.86133
67.6308066666667	1513154085.08789
67.6619916666667	1478568371.91016
67.69295	1486936113.31055
67.7239133333333	1461596729.7168
67.75526	1331834394.79102
67.7866466666667	1418625366.66211
67.8191283333333	1251684487.82422
67.8515183333333	1294623981.94922
67.8833283333333	1526800285.21484
67.915465	1536196429.00586
67.9477716666667	1496161022.04883
67.97928	1465973484.76367
68.0109566666667	1614176540.05859
68.0425266666667	1580056023.39844
68.0742416666667	1497641630.68164
68.10504	1618604429.4668
68.1368483333333	1688573949.69922
68.16776	1653939810.3125
68.1984133333333	1492501850.13672
68.2294733333333	1446859533.70703
68.2611016666667	1701423012.51563
68.2921233333333	1648276441.56836
68.3242533333333	1475686137.6875
68.355905	1437345390.75781
68.387865	1575819089.98438
68.42023	1543651160.79688
68.4529183333333	1688286071.94727
68.485375	1603025940.63867
68.5177766666667	1444910665.41797
68.5500916666667	1642593828.30273
68.5824166666667	1475766063.63086
68.61509	1454825344.80078
68.6463116666667	1491844606.95703
68.6789783333333	1537373135.0957
68.7116033333333	1533799977.91602
68.7441416666667	1429281245.98047
68.777635	1444900518.35352
68.81006	1474940179.53906
68.8422416666667	1383899745.57422
68.8733266666667	1458385140.35352
68.9042433333333	1436566177.60742
68.9364883333333	1475758521.40234
68.9677116666667	1514158833.28711
68.9984766666667	1547940607.16992
69.0285483333333	1705614198.10938
69.06	1636513949.21484
69.0911533333333	1655638501.25781
69.122505	1586204860.78516
69.1541783333333	1629987842.2793
69.1862283333333	1554336020.61328
69.2180466666667	1530327388.66602
69.249905	1614495002.28906
69.2814666666667	1680008151.98242
69.3132116666667	1700348846.73047
69.3437666666667	1711748134.43164
69.3738666666667	1599840692.17188
69.40542	1545090829.12109
69.43568	1681973821.45898
69.4672016666667	1641571212.05273
69.49994	1582107125.09961
69.531385	1608961787.48242
69.562935	1528342465.57813
69.5949466666667	1536732752.72461
69.6261	1521296531.55664
69.65699	1472362311.48633
69.6873283333333	1590629741.82227
69.7194416666667	1351213947.68359
69.75103	1283824398.05469
69.7822633333333	1308719494.99023
69.8129183333333	1197095712.73438
69.8438483333333	1450182051.20117
69.87502	1333890006.41016
69.90689	1345843675.62305
69.93883	1383147115.03711
69.9711316666667	1297092784.41016
70.0026883333333	1363303746.0332
70.034205	1466628760.23438
70.0656816666667	1486685948.2168
70.0977233333333	1447392501.42188
70.1292666666667	1627538747.85938
70.15983	1422624787.25781
70.1914966666667	1593418483.71875
70.222985	1433681125.27344
70.2553616666667	1401095127.07813
70.2868916666667	1561831342.9668
70.318325	1518712447.54102
70.3506416666667	1330777687.14258
70.38239	1419108147.0332
70.4137483333333	1371476361.97656
70.446495	1545137319.875
70.4798133333333	1321696007.0918
70.51416	1384402332.44531
70.5461333333333	1319377993.78906
70.57817	1426594741.56055
70.61106	1332839446.28906
70.6428616666667	1355583605.98633
70.6754783333333	1429655378.35352
70.7077116666667	1401276347.94531
70.73885	1350371947.28711
70.7708083333333	1181939968.20508
70.8017383333333	1257426851.02344
70.8328466666667	1373762935.80859
70.8630833333333	1323947539.0293
70.8939083333333	1268105353.29102
70.9252166666667	1343195970.74805
70.9566283333333	1196234103.06641
70.9881666666667	1243148263.36719
71.0198233333333	1161467544.60742
71.051915	1283986094.53516
71.0842966666667	1454975288.46094
71.1171533333333	1418934002.4668
71.149535	1477143172.26367
71.1818733333333	1481864522.98242
71.21495	1663395448.5332
71.2466366666667	1458631916.47656
71.2787516666667	1482013343.60156
71.3107383333333	1571368464.46875
71.34302	1528159488.13867
71.3756616666667	1431752243.25977
71.4096366666667	1421920289.26367
71.4427783333333	1436333352.14844
71.47479	1366942319.47656
71.5074216666667	1226738712.29297
71.538855	1181372405.83594
71.5707433333333	1053354194.81836
71.6024033333333	1226707274.70117
71.6341983333333	1259208608.73633
71.6655183333333	1152348897.9375
71.6969816666667	1124270805.54883
71.729	1178623764.76953
71.760515	1218512618.90039
71.7926683333333	1377040894.90039
71.8243633333333	1160728142.74805
71.8554566666667	1143795232.37695
71.8881	1216677590.91602
71.9206216666667	1248315345.56055
71.9519366666667	1211675552.86719
71.9836	1244317546.95313
72.01531	1257543250.89453
72.047445	1356990957.38672
72.079095	1372523221.6543
72.110965	1328196329.2793
72.1434066666667	1368965873.0293
72.1754483333333	1340699876.44531
72.2074783333333	1291972060.70313
72.2403083333333	1440621000.10156
72.27317	1331739203.16016
72.3055783333333	1152421992.85156
72.3384583333333	1088516672.69141
72.3708583333333	1089050381.34961
72.4029416666667	991577069.798828
72.4351583333333	1140803646.95313
72.46646	1198498660.30273
72.497055	1100415036.38672
72.52783	1169515643.39063
72.5578466666667	1255071760.56055
72.5894516666667	1255929782.37891
72.6217983333333	1441319804.01367
72.6532583333333	1367892977.14648
72.684255	1439911216.44141
72.7144566666667	1348301965.78906
72.746425	1448609706.5918
72.77735	1381541895.14063
72.8087616666667	1465088390.18164
72.8407983333333	1324434278.65039
72.8726183333333	1270719725.31055
72.904355	1300385333.3418
72.9357083333333	1181479039.35156
72.9677816666667	1326356440.56836
73.0004766666667	1274535594.99805
73.0328133333333	1231833453.32617
73.06434	1163247272.69336
73.095465	1162341858.26172
73.12695	1239951288.5957
73.1593766666667	1171244292.87695
73.19037	1083103395.08789
73.22283	1219130127.27148
73.2564866666667	1350820712.82031
73.2892716666667	1185080899.2832
73.3212916666667	1341174592.93164
73.352975	1525795347.25586
73.384015	1365254659.27344
73.4155816666667	1195342435.99023
73.4470083333333	1070565458.04492
73.478905	1092041952.23047
73.5096633333333	1015104049.85938
73.541285	1020563920.89844
73.5728116666667	939498722.835938
73.6046266666667	1009267432.66406
73.6360366666667	1203995536.08398
73.6675883333333	1288676118.92383
73.69847	1392626785.51172
73.729745	1426895900.72461
73.7611883333333	1373747894.22266
73.7926933333333	1418677955.26953
73.8234383333333	1581461346.41211
73.8547316666667	1503519355.82031
73.8859366666667	1379815516.67383
73.9175933333333	1531350100.31445
73.9492033333333	1390998051.51563
73.9814933333333	1351247268.10547
74.0131616666667	1345174582.64453
74.0454183333333	1496406641.60938
74.07785	1414740142.09961
74.109365	1421246491.94336
74.1418233333333	1505173914.20117
74.1735216666667	1634374623.71289
74.205525	1603979749.55664
74.237645	1678704264.86719
74.2695416666667	1654527782.99219
74.3008166666667	1533534870.25391
74.3324683333333	1549200358.5957
74.364855	1398607204.09961
74.396895	1366598463.16797
74.4290966666667	1463654721.10742
74.461865	1415701004.45117
74.4944533333333	1339200947.70117
74.52672	1325922744.82031
74.5588133333333	1254498160.4375
74.5895233333333	1267442042.22461
74.621865	1332731264.97266
74.6536483333333	1243557775.81641
74.684695	1153391285.42578
74.7175483333333	1188668158.8457
74.750265	1226481896.31445
74.782085	1164748247.76172
74.8150366666667	1176432927.60938
74.8477183333333	1234807336.79297
74.879125	1401045082.43359
74.9100516666667	1200702544.29492
74.94225	1134914046.70508
74.97481	1097298758.81836
75.006	1077047025.51563
75.03757	1048815116.4375
75.069555	939879018.576172
75.101765	979321072.255859
75.1345016666667	884513862.267578
75.1660966666667	994248416.242188
75.198715	936427593.925781
75.2310316666667	1020341139.00195
75.2623016666667	988457862.669922
75.2941583333333	1024031608.68359
75.3256416666667	1098459210.06055
75.3573266666667	986740432.585938
75.389845	1166503632.125
75.4229133333333	1079350554.74219
75.4555083333333	1052554224.62109
75.4883633333333	977046121.234375
75.519965	1042929887.83984
75.5522016666667	1053441155.70508
75.5833766666667	1036261502.72266
75.6153616666667	1071393849.67969
75.64861	1126793866.57031
75.6805766666667	1167092456.54297
75.712435	1153023463.50195
75.744355	1105890093.54883
75.776225	1160144945.48047
75.8082766666667	1253954014.18945
75.83897	1193164089.09766
75.87009	1193134401.70117
75.9007266666667	1367393121.99609
75.9319866666667	1557410000.51172
75.9638883333333	1328646171.88867
75.99553	1509449178.76758
76.0269466666667	1422391773.89063
76.0589766666667	1562632793.4082
76.091335	1775194618.48242
76.121995	1492045036.43164
76.154245	1473618992.1543
76.186725	1541048106.63867
76.2199383333333	1481401840.05078
76.2520783333333	1551765614.7168
76.2845016666667	1511794817.02344
76.315085	1433583210.26367
76.347275	1578381944.86133
76.3795783333333	1628124036.25195
76.4128883333333	1611949843.04883
76.4453666666667	1717715546.85156
76.4776366666667	1494278080.43945
76.5094116666667	1568236638.17578
76.5420816666667	1581770585.5625
76.5748183333333	1392196594.49414
76.6073933333333	1394994152.36328
76.6398016666667	1436075313.5625
76.6726333333333	1280056001.13672
76.706515	1290421707.95508
76.7396333333333	1156019959.24805
76.77273	979072777
76.8059933333333	924046013.441406
76.8397483333333	875331640.09375
76.87167	841761164.104492
76.9040566666667	789749868.932617
76.9364083333333	679102282.583984
76.969545	617806782.227539
77.0025266666667	622990622.630859
77.0354683333333	687222810.301758
77.0662133333333	648777356.950195
77.098145	748194305.990234
77.1302933333333	742025542.724609
77.1604216666667	791134987.986328
77.191815	786679083.744141
77.2248216666667	860438954.957031
77.2566066666667	911886910.517578
77.2886116666667	995357708.691406
77.32157	1094803375.13281
77.3536883333333	1115723301.24609
77.3856133333333	1243090760.89453
77.4166733333333	1032656676.46875
77.448455	1009997741.39258
77.4804516666667	917195479.408203
77.5128133333333	903093060.217773
77.5448433333333	817831584.797852
77.57731	866448021.384766
77.60967	764706473.217773
77.6430966666667	770124822.928711
77.6757783333333	770618625.100586
77.709095	839991517.614258
77.74189	669727050.625
77.77413	681870644.50293
77.807115	704612844.367188
77.8403683333333	751239604.944336
77.87198	777858142.798828
77.9041133333333	753304815.986328
77.9360966666667	801428893.905273
77.9677766666667	878888046.994141
78.0002466666667	1005680251.91309
78.0312166666667	920062359.981445
78.0629433333333	949532078.648438
78.09437	975491653.724609
78.125915	966711244.21875
78.1582633333333	1041406303.25195
78.1904183333333	936891266.050781
78.2226716666667	1000687048.81738
78.2554516666667	920924532.195313
78.2882483333333	914932331.458008
78.3208866666667	988364350.0625
78.353565	1091937666.30859
78.385125	1024729910.86328
78.4172616666667	1087372371.91602
78.450175	1148919980.82031
78.4816016666667	1075363477.91016
78.5131883333333	1028325372.25
78.544255	1029070318.43555
78.5758133333333	1139111378.85742
78.6073333333333	943812636.083984
78.6385666666667	899714331.494141
78.6702516666667	927176647.265625
78.7024383333333	964614203.995117
78.7341983333333	968251294.430664
78.7664416666667	1171582811.9668
78.7978716666667	1005228613.36328
78.8304566666667	1105281031.54883
78.86237	1145616846.64844
78.89446	1148186701.57813
78.9252916666667	1076009815.40625
78.9566483333333	1065596087.06445
78.9881533333333	967093841.413086
79.0197783333333	1064186362.37695
79.0508333333333	1151477445.53516
79.0820716666667	1228753994.79492
79.1126983333333	1129850938.69336
79.1425283333333	1231216565.18164
79.1745233333333	1223960697.15234
79.2057816666667	1153041732.41992
79.2369866666667	1169969079.2832
79.2681316666667	1236578460.15234
79.2991283333333	1284589725.35742
79.3300333333333	1221144433.26758
79.3622333333333	1367173007.23633
79.3937483333333	1344919056.59961
79.4257016666667	1307641485.32227
79.4583816666667	1311412514.68359
79.4905783333333	1329523529.87891
79.5228016666667	1172674348.07031
79.5555316666667	1246108611.71289
79.5872066666667	1234113219.57422
79.619165	1091630991.76367
79.6510383333333	1021883740.04102
79.6843733333333	1052750169.27148
79.7156466666667	1077286487.44531
79.74777	1173036231.88281
79.780105	1133931619.26172
79.8111766666667	1104166865.0957
79.8423583333333	1275334270.7832
79.8732566666667	1157742634.31836
79.905025	1168106257.07227
79.9367616666667	1171450942.47656
79.9685983333333	1119217188.40234
80.0004783333333	1175354890.33203
80.0323166666667	1064161264.51953
80.0656466666667	1106642016.93359
80.0987483333333	1277744910.8418
80.1320383333333	1181297368.23438
80.1645816666667	1157199929.89063
80.1971666666667	1190475513.42578
80.2289183333333	1197350654.7207
80.2603633333333	1209141431.06055
80.2915683333333	1149719530.21289
80.3228266666667	1157232561.24414
80.3532433333333	1334001117.30469
80.38514	1117520488.19727
80.41715	1194541330.69922
80.4493633333333	1207637906.58789
80.4816133333333	1057108431.90625
80.5131966666667	1131110185.94043
80.5437	1118378809.73633
80.5754816666667	1144648491.30664
80.60678	1214067385.62891
80.6374516666667	1119793733.04883
80.6681383333333	1136798669.76172
80.699075	1093255576.30078
80.7306283333333	1255657389.21484
80.76226	1214604918.45117
80.7945483333333	1173611693.53125
80.8268566666667	1275574068.47461
80.8577816666667	1217977666.00977
80.88933	1170223366.60352
80.9220683333333	1027873810.76367
80.9553033333333	998285069.417969
80.988605	951240830.535156
81.02049	929431081.216797
81.0530366666667	997486781.066406
81.0850683333333	983589810.070313
81.1165683333333	1099339610.15625
81.148555	1049402439.0957
81.1801583333333	947082734.177734
81.2108533333333	1061854230.07422
81.241915	1072308967.86328
81.272695	1200834208.87891
81.30353	1155116464.13281
81.3338433333333	1188789160.12891
81.3641016666667	1249705155.55273
81.3941683333333	1306806280.01367
81.42501	1268911553.45898
81.4560466666667	1127665124.5625
81.4886183333333	1344835728.22266
81.5208466666667	1195745935.92773
81.5522583333333	1087296184.18164
81.582935	970834078.799805
81.614475	1050331900.24805
81.6449383333333	1013030336.68164
81.6758116666667	918956709.432617
81.7062783333333	1051073841.77637
81.7379033333333	907076297.513672
81.7694283333333	927468935.140625
81.8005433333333	1044970439.79297
81.831575	1155439065.09961
81.863385	1024854238.8457
81.8941016666667	1070254542.59863
81.9251033333333	972733209.625977
81.9561033333333	1007820898.24219
81.98693	1134956109.6582
82.0169716666667	1022338622.04102
82.0477366666667	1078580783.43848
82.0792983333333	1005494083.03125
82.1105366666667	1109727410.77148
82.1409133333333	1198723726.76367
82.1721416666667	1477408660.98438
82.2034833333333	1495636309.93164
82.2340933333333	1538681845.86914
82.264625	1467737697.02734
82.2957916666667	1645801160.60938
82.3262633333333	1422467253.38086
82.3574033333333	1430532430.00977
82.3885466666667	1419390215.52734
82.4203816666667	1582460613.07813
82.451125	1580993669.57617
82.4824566666667	1523346057.83984
82.514455	1497297186.23438
82.54576	1379674550.51563
82.578235	1331886863.8457
82.6101016666667	1133086119.62695
82.6420383333333	1207214716.54883
82.6727183333333	944952840.714844
82.704755	947099531.765625
82.7378333333333	867820671.273438
82.7705666666667	765593036.568359
82.8042116666667	737927311.576172
82.8365733333333	830629936.799805
82.8671733333333	869120838.222656
82.89832	990982233.529297
82.9304216666667	1282640921.97266
82.961605	1442085793.36523
82.9920566666667	1466772335.26172
83.0239316666667	1192272832.68164
83.0550916666667	1319407845.51172
83.0856916666667	1334891860.55469
83.1174033333333	1209658644.69922
83.1482533333333	1248615391.85547
83.17998	1184988454.96289
83.210305	1150943351.6875
83.2421333333333	1016484380.65918
83.2737583333333	957424046.22168
83.306035	913224550.566406
83.3384916666667	927148699.257813
83.37047	916903288.383789
83.4014933333333	799322280.834961
83.4333333333333	700559857.112305
83.46548	757945975.579102
83.4978083333333	796213419.011719
83.529935	702151726.431641
83.56171	888169374.323242
83.593	943966007.12793
83.624535	1037149265.87598
83.655225	1205940442.70508
83.6863933333333	1284089114.64648
83.716935	1370266339.19922
83.7483566666667	1357201692.96289
83.781325	1225352847.3125
83.8129883333333	1293094124.43555
83.8445916666667	1161333213.76172
83.8766883333333	1303862392.85742
83.9088616666667	988171635.813477
83.9423333333333	1115828527.75391
83.975255	990185863.30957
84.008135	853604457.823242
84.0412983333333	822118655.444336
84.074025	652612811.916992
84.1064266666667	661348531.446289
84.1396333333333	580410231.979492
84.1727583333333	588444074.600586
84.2045766666667	485293771.921875
84.2371533333333	500816471.393066
84.2687616666667	702245527.854492
84.300035	731562423.064453
84.3319833333333	903272791.209961
84.363245	740087199.675781
84.3944033333333	784457885.787109
84.4272916666667	847925432.975586
84.4595583333333	692325512.40918
84.49383	642596108.646484
84.5268333333333	627455343.541016
84.55896	704383468.508789
84.5903883333333	789891266.232422
84.623435	702547103.546875
84.6557016666667	825788891.44043
84.68771	755903680.463867
84.7191183333333	954321499.27832
84.7505516666667	833507893.52832
84.7837333333333	706857991.991211
84.8172583333333	801498784.641602
84.8500866666667	780369674.102539
84.88384	699952153.192383
84.9164783333333	805123385.019531
84.9492183333333	782350175.109375
84.9815116666667	748122246.418945
85.0133816666667	892181190.908203
85.044035	761171086.508789
85.0768383333333	822002605.78125
85.1094183333333	776912493.819336
85.1414766666667	769995607.068359
85.1741616666667	684725715.675781
85.206165	737452265.643555
85.2377866666667	594425339.679688
85.26947	538433233.083008
85.3013183333333	585133047.529297
85.3329533333333	474058199.172852
85.3661016666667	552847398.410156
85.4006183333333	542619622.012695
85.4329883333333	612431633.378906
85.46561	564463866.893555
85.4973983333333	649579854.999023
85.52937	664104207.943359
85.56161	637824951.326172
85.5948883333333	585419247.415039
85.628415	620657362.155273
85.6607416666667	591919404.950195
85.694985	520939958.861816
85.72703	529572443.75293
85.757315	512487038.21582
85.7907216666667	540919687.40332
85.8235983333333	538706995.522461
85.8562816666667	428609672.129395
85.88971	437992555.412109
85.9242216666667	377766394.412109
85.9588783333333	377288673.900391
85.9917116666667	413003551.056152
86.0255416666667	454799208.509277
86.0578333333333	416513787.319824
86.0915033333333	406390390.336914
86.1254733333333	400666984.695801
86.159005	465122053.513672
86.1929533333333	444745285.323242
86.2243716666667	334882737.148438
86.258915	367902004.96582
86.2929466666667	358154589.050781
86.32628	270050587.428223
86.3594583333333	298171740.506348
86.393525	283124993.730957
86.42864	238683996.780273
86.4638766666667	298178133.61084
86.4980633333333	291230301.502441
86.5315	303399743.347168
86.5684816666667	310243834.234375
86.6022733333333	330378184.414551
86.6359166666667	330388407.650391
86.671535	433672597.079102
86.7039016666667	371621641.017578
86.7384	377018233.581055
86.7706516666667	376223524.572754
86.805595	289748373.353516
86.8414516666667	299886937.438965
86.8775516666667	300177528.554688
86.913145	333812580.749023
86.9474	349221914.393555
86.98139	412393965.737305
87.017015	472967493.779785
87.0510666666667	424842457.069336
87.0854583333333	441973410.787109
87.1206116666667	409366436.19873
87.1554066666667	313581663.931152
87.1897333333333	264968249.868652
87.22608	254808388.45459
87.2607216666667	327084468.834473
87.2949333333333	265185470.988281
87.33105	260472737.657227
87.3660633333333	256658532.746094
87.4003933333333	229028684.839355
87.4356566666667	217297747.780762
87.4732133333333	214724669.512451
87.5077	221850126.487305
87.544755	237564726.932129
87.58262	212965410.688721
87.6178	220912533.680176
87.65377	230206452.614746
87.6910833333333	195659688.489258
87.7290333333333	226032734.409668
87.76358	209209535.786377
87.7971866666667	250914883.932373
87.83088	253914019.868652
87.8679466666667	271066859.696289
87.9054516666667	319347863.649414
87.937175	320895388.636719
87.972055	294507189.749512
88.00809	286607044.01123
88.0444316666667	233881533.438477
88.0810116666667	216629271.962402
88.1173166666667	217315664.128418
88.1519883333333	195440438.723633
88.1858183333333	186694502.28125
88.2210083333333	209431646.377686
88.255095	195636826.464844
88.2909816666667	205027941.025635
88.32511	208235306.547363
88.3612483333333	197858496.066895
88.3969183333333	169805076.581055
88.4326933333333	176706542.373779
88.4681133333333	173889506.181641
88.50324	169156812.319824
88.5378016666667	205827035.111328
88.5712916666667	170036017.345459
88.607945	180762284.059082
88.6431083333333	164186036.722412
88.6801916666667	189634221.05835
88.7164283333333	171664249.489746
88.754125	170972647.838867
88.7919116666667	151730289.937988
88.8266216666667	126655448.341553
88.8629466666667	126351814.00293
88.8997883333333	140597462.935059
88.9387316666667	172114373.534912
88.9776433333333	150066375.534424
89.0157033333333	160628123.504883
89.0504466666667	125954712.068848
89.0916633333333	129117428.332275
89.1276633333333	135684975.10376
89.166915	127296034.529785
89.205225	113914677.414063
89.2389216666667	113713753.422119
89.2745916666667	135375250.734863
89.3071983333333	134372503.174072
89.340195	151915382.315918
89.3764183333333	155882363.057861
89.41812	186090689.480469
89.4553383333333	177364574.762451
89.4939216666667	189641313.223389
89.5265216666667	171935378.877197
89.5604033333333	203550875.219727
89.59688	230511988.425537
89.6330433333333	244259049.07959
89.6677733333333	239787434.169922
89.704535	217933482.535156
89.74185	191661352.573242
89.7802483333333	141380934.89502
89.8172416666667	130276847.306152
89.8542216666667	123190595.795654
89.89446	124901055.500977
89.9357466666667	123930553.126465
89.9735583333333	147048296.092529
90.0130383333333	138638443.224121
90.053305	160359467.911621
90.0891433333333	136814536.530762
90.125775	145504138.30957
90.163855	127309913.834961
90.20299	139927835.542236
90.2423566666667	115022732.662109
90.278905	115016108.484131
90.31667	88346371.9326172
90.35198	115461537.802002
90.3932366666667	100325093.672119
90.432275	96443499.3842773
90.4722666666667	100608165.11792
90.5099533333333	99213780.3432617
90.5460833333333	107083738.027344
90.5830966666667	104085092.734619
90.6230283333333	100216216.829834
90.6625533333333	101423284.129395
90.7008566666667	105018734.262451
90.7427816666667	94824769.4956055
90.783145	108944035.480713
90.8235516666667	90786791.0280762
90.8647533333333	104679431.045898
90.901095	87965566.7680664
90.9448116666667	90906145.7504883
90.9815933333333	95464592.9870605
91.020125	95566503.2775879
91.0630216666667	101848514.213379
91.1006333333333	119256304.702637
91.14018	103814068.772461
91.1801316666667	100252332.641357
91.222945	116252373.291748
91.26486	97537584.291748
91.3053233333333	94028972.6108398
91.3439866666667	93570990.262207
91.380825	97359496.2463379
91.42372	96180959.5644531
91.4653183333333	110057203.397705
91.50348	102171581.8125
91.5441866666667	115803742.441895
91.5844416666667	98778741.9907227
91.6232516666667	110469673.471924
91.6631783333333	85767769.8398438
91.7066616666667	102546087.192383
91.7456666666667	78842755.9661865
91.789925	83432667.3590088
91.8324083333333	95091558.3032227
91.8671666666667	83205014.0283203
91.9091583333333	71104903.7073975
91.9511883333333	81927731.2543945
91.9926083333333	78464069.8857422
92.0292683333333	83474148.3442383
92.072895	69985167.1049805
92.1140216666667	87037772.1674805
92.154485	80022623.3989258
92.19761	74000986.1932373
92.24154	79550278.4134521
92.2859216666667	75064145.0185547
92.3270016666667	80216630.5423584
92.367645	77408554.55896
92.4045966666667	72885604.5603027
92.4458816666667	63262745.3594971
92.48814	65885203.7747803
92.53121	79051442.9272461
92.5725933333333	80712907.1204834
92.6149466666667	73262140.0142822
92.6551083333333	69126432.9908447
92.6982266666667	71066085.2052002
92.7402033333333	70686228.1960449
92.7813333333333	66263950.3618164
92.8264183333333	74679641.4748535
92.867385	71005543.9362793
92.90482	64944804.0294189
92.9432416666667	64525793.8348389
92.9848766666667	64819731.7824707
93.02792	68462901.020752
93.0691866666667	74042485.6289063
93.111895	63861604.7980957
93.1562583333333	68500491.7984619
93.199945	68366882.0159912
93.2417866666667	59621792.5714111
93.2892216666667	67045421.2119141
93.334915	72328101.9294434
93.372585	65232800.7591553
93.4180166666667	73121158.0969238
93.4541966666667	64689599.7265625
93.4948483333333	63472271.5836182
93.537945	71315152.2216797
93.58117	74670499.4615479
93.618495	85052085.8851318
93.6642516666667	103537177.849609
93.7007683333333	111186802.630371
93.7446266666667	105369573.498291
93.784825	93750901.6787109
93.8253333333333	99166097.5905762
93.867915	86353144.4145508
93.9092466666667	62312917.5576172
93.9496233333333	81713075.5509033
93.9894966666667	76348104.1011963
94.0287566666667	67805664.6500244
94.071675	68531501.6821289
94.1169966666667	65279456.5848389
94.1586816666667	70971573.5722656
94.20022	73775845.3647461
94.242125	65044032.8344727
94.2850666666667	78497969.0388184
94.331345	62218426.9284668
94.377645	73464525.8475342
94.4182166666667	73736342.8477783
94.4634816666667	66799729.2327881
94.5027733333333	77130883.1633301
94.54661	85617498.506958
94.587585	61611215.0753174
94.6304633333333	70124815.4477539
94.6759966666667	75567529.8272705
94.7175416666667	56612149.1381836
94.762165	53732946.7662354
94.8046133333333	53450646.958252
94.8455766666667	51810866.6864014
94.8887833333333	48489965.5601807
94.9334316666667	61351460.694458
94.97401	56216519.7259521
95.0191616666667	59710683.7576904
95.0609766666667	53816192.6397705
95.1042233333333	47694049.2457275
95.1512783333333	48717591.5030518
95.198065	50594718.1574707
95.242285	45367956.2242432
95.2830183333333	37868242.2966919
95.3268983333333	41851945.0369873
95.373905	40637000.7087402
95.4195883333333	41044371.902832
95.46473	41535009.4361572
95.5114783333333	40703296.2738037
95.5518316666667	39522636.4476318
95.597225	45926759.0524902
95.63731	44806846.4364014
95.6835683333333	42351232.2801514
95.7262816666667	44163346.9641113
95.770375	46278127.2578125
95.8125716666667	44169302.3171387
95.8543983333333	47817604.619751
95.8980816666667	48076169.7921143
95.9402183333333	39149772.9973145
95.9870783333333	43578230.3751221
96.027035	44496342.0913086
96.0672616666667	42072483.9211426
96.11339	44243920.3453369
96.15656	47445059.0028076
96.2030966666667	51923211.5429688
96.24901	42882927.5667725
96.2917533333333	50021398
96.3338016666667	51325266.0994873
96.3806166666667	49886734.1376953
96.427465	52403242.4918213
96.4707883333333	42564638.1137695
96.5180916666667	52206272.1689453
96.5599883333333	52165879.1195068
96.6037916666667	40537351.2044678
96.6493033333333	47943017.1577148
96.6950966666667	43645438.3925781
96.73986	40668443.1098633
96.7851883333333	39627064.666626
96.8285266666667	42579709.9367676
96.8691516666667	44156312.3789063
96.91194	39606348.5300293
96.9543066666667	43921721.569458
96.999815	42179065.1382446
97.04061	43052802.1907959
97.0813016666667	42133496.5120239
97.123835	47092507.2322998
97.1694733333333	41628499.6240234
97.2158916666667	49419379.3486328
97.261985	44434105.0892334
97.306575	48872356.6951904
97.3517016666667	42997109.5236816
97.399335	43797984.4937744
97.4450066666667	45814801.7037354
97.4906933333333	48540144.5755615
97.5374516666667	47638817.3916016
97.580865	42828089.4580688
97.6255333333333	43893936.6806641
97.6721416666667	47708370.2493896
97.7166583333333	41064609.8050537
97.76193	36906750.1342773
97.8074966666667	39282826.4536743
97.853135	31135639.8566895
97.8973083333333	34127351.1546021
97.94204	36595022.9657593
97.9831083333333	33634569.5935669
98.0307116666667	34289755.0686035
98.0717233333333	40191429.3096924
98.1137966666667	32331199.8863525
98.1547433333333	33141372.7193604
98.2001883333333	28681698.7025757
98.2476066666667	31516195.5906372
98.2938316666667	35815929.4127197
98.3375866666667	35165349.9263916
98.3819616666667	32804821.6790771
98.4287766666667	36574464.3505249
98.475865	34346054.4725342
98.52176	31652415.8342896
98.5684883333333	35463212.673645
98.61216	35479704.4576416
98.6562416666667	34752481.65271
98.7022366666667	45948253.067627
98.74721	45395388.3044434
98.7920366666667	34982055.0924683
98.8375133333333	38075684.3604126
98.882245	38397068.8067627
98.9253433333333	37603906.5408325
98.9695033333333	43064924.4523926
