RetentionTime	Intensity
0.00529166666666667	27843048.3198242
0.0387066666666667	23609254.3974609
0.0763483333333333	26175923.7817383
0.115161666666667	20362655.8806152
0.15614	22810861.6052246
0.201976666666667	24879041.4055176
0.2464	20994004.2844238
0.291235	24893903.564209
0.33724	27428820.8491211
0.38181	20912417.4182129
0.427908333333333	20457437.3330078
0.474738333333333	23688248.9555664
0.520195	24010940.5146484
0.567898333333333	25340687.0141602
0.614663333333333	22057078.659668
0.661866666666667	24500309.0793457
0.709258333333333	18828835.6452637
0.757506666666667	22759943.6501465
0.804846666666667	20057464.045166
0.850855	21478257.3525391
0.898606666666667	18440470.6738281
0.94634	24823730.5166016
0.994155	22056717.1235352
1.0414	18710005.3696289
1.07954	21207141.4589844
1.12018833333333	18901973.9516602
1.16182333333333	18693315.3596191
1.20545166666667	19271953.5253906
1.25235	19394086.9645996
1.29330666666667	15913989.4914551
1.34012833333333	16468065.8447266
1.386025	18391003.5180664
1.43320333333333	16960438.673584
1.48065	19022959.6240234
1.52780666666667	21080243.3640137
1.57402833333333	16209278.1611328
1.62048166666667	16298385.9550781
1.66886333333333	14698072.9309082
1.71521833333333	16273309.8535156
1.76349333333333	17242421.2341309
1.81096666666667	16061888.6982422
1.85792333333333	27248154.597168
1.896475	13492947.9494629
1.94419833333333	12650600.1844482
1.99209333333333	15093755.1420898
2.04095833333333	12959601.4504395
2.08911166666667	12234712.9111328
2.12755666666667	13735531.354248
2.169395	12939948.9439697
2.215805	12337365.6912842
2.26123166666667	16046300.5224609
2.30480666666667	12867676.015625
2.35190166666667	13162844.9006348
2.39903666666667	18862521.9770508
2.44553	36000955.8237305
2.49181833333333	46382611.3935547
2.53081833333333	10566006.1724854
2.57919166666667	2164436.15206909
2.627055	1317868.59042358
2.67441666666667	664672.201019287
2.72139166666667	439861.749389648
2.76678333333333	404173.866424561
2.81396166666667	321074.605316162
2.86248	342926.550430298
2.908975	345477.17137146
2.95753166666667	316434.244659424
3.00631	374510.508270264
3.05592833333333	318488.419708252
3.09260166666667	375392.91960144
3.138165	332263.231689453
3.179465	276894.495635986
3.22886333333333	278181.624923706
3.27828166666667	280285.10055542
3.325995	297784.81590271
3.37552666666667	269092.742263794
3.41714	284216.128555298
3.46681666666667	290430.013778687
3.51620333333333	238787.161056519
3.56542333333333	233906.879425049
3.61428666666667	331812.546051025
3.661565	223573.314598083
3.7088	267926.060470581
3.75736666666667	282429.997299194
3.80486833333333	236878.834289551
3.853835	329125.395767212
3.90248666666667	359308.352737427
3.94994	359747.939712524
3.99838333333333	338144.626647949
4.04619666666667	307622.111557007
4.09510333333333	374264.218917847
4.143165	271952.17300415
4.19280833333333	313195.884460449
4.22847	270360.898345947
4.27711666666667	238071.303314209
4.31683666666667	309808.7137146
4.36498833333333	197079.655853271
4.41389833333333	215307.726470947
4.46338833333333	310065.955703735
4.49177166666667	245921.854614258
4.52092833333333	240318.937072754
4.56980333333333	257029.731079102
4.59434166666667	321427.642410278
4.63427166666667	277840.903442383
4.67885666666667	268823.321411133
4.72744333333333	218894.546646118
4.77330833333333	261540.190689087
4.81771	222999.933029175
4.85876166666667	217665.140991211
4.906935	249672.000671387
4.951095	257955.434555054
4.97665333333333	290063.503433228
5.00928333333333	215589.185516357
5.03788333333333	261091.348480225
5.079795	279044.745239258
5.12786666666667	292222.775619507
5.160295	204036.150680542
5.19483	226607.778793335
5.24045666666667	255144.554168701
5.28812833333333	227012.559310913
5.336885	264469.867446899
5.38498666666667	211909.882949829
5.43397333333333	227045.68812561
5.47902166666667	178778.211639404
5.523845	210077.844764709
5.56205	218583.63885498
5.61127833333333	229931.812286377
5.652855	260947.053436279
5.699815	217627.155700684
5.74955333333333	167131.867469788
5.800325	234843.078460693
5.84939	237408.462036133
5.898515	255706.117858887
5.94599666666667	196069.110153198
5.99125333333333	242470.893493652
6.02500666666667	267200.362701416
6.07364333333333	251766.628387451
6.11179333333333	225465.821990967
6.15865	273569.114486694
6.20737333333333	373845.073394775
6.25687166666667	351555.680007935
6.30548333333333	408271.540969849
6.35227166666667	466978.112976074
6.40102666666667	366542.188110352
6.45002333333333	573094.521438599
6.499495	542161.601806641
6.547135	601821.022644043
6.59616166666667	803344.15423584
6.64514666666667	813659.230102539
6.69275	731434.051437378
6.739875	790812.121871948
6.79049166666667	1058276.75024414
6.83835333333333	1496646.09152222
6.88492666666667	1798222.20819092
6.929965	2607865.42907715
6.97669166666667	2308905.9798584
7.0221	2325318.47546387
7.06846	2100431.19226074
7.11686	1865132.30661011
7.16470166666667	1595781.17236328
7.21342333333333	1441919.45153809
7.25948	1492728.94073486
7.30848833333333	1497254.8444519
7.35407333333333	1943255.02679443
7.39966	2303014.94445801
7.448055	2970380.39117432
7.49457333333333	3129108.44244385
7.54177333333333	3665565.67138672
7.58628333333333	3921070.57440186
7.6309	3089002.92059326
7.67815166666667	3197866.36193848
7.72606	2588853.48101807
7.77413666666667	2352669.96716309
7.82254166666667	2298717.45336914
7.87134333333333	2928860.21392822
7.92067	2519299.16497803
7.96714833333333	2913053.59747314
8.01545166666667	3291052.85168457
8.06133833333333	4016109.04968262
8.10768333333333	4161843.8338623
8.15437	4711206.71331787
8.20071333333333	5024410.04510498
8.24886166666667	4708921.93231201
8.29600666666667	3954120.45581055
8.34284666666667	3575366.59771729
8.39090166666667	2230718.90899658
8.43839833333333	2588012.57781982
8.48639	2526334.8288269
8.533075	3067561.41485596
8.57926833333333	4008672.05200195
8.62586666666667	4077325.73730469
8.67424333333333	4336952.12127686
8.72073166666667	4051126.90112305
8.76770666666667	4654534.05706787
8.81361	3954215.61798096
8.86069	3428239.24450684
8.90764833333333	3017699.57446289
8.95445833333333	3309153.18841553
9.00049666666667	3688792.88238525
9.04715166666667	3198335.0614624
9.09318833333333	3157736.06945801
9.1383	3645760.74053955
9.18569666666667	3566604.93322754
9.23147833333333	4657683.42279053
9.27795166666667	4331013.7598877
9.32341666666667	4808361.08331299
9.37257666666667	4365470.06512451
9.40642	4557593.69677734
9.45426	4619307.55822754
9.50071	4726211.51696777
9.54606833333333	4217674.29156494
9.59310833333333	4410670.84790039
9.64098	3894280.91174316
9.68757	4586730.66809082
9.73263	4480098.18115234
9.78105666666667	5674373.60375977
9.826705	5457614.80981445
9.871315	6135601.45019531
9.91674166666667	6522108.87878418
9.96031166666667	6609314.92053223
10.0055883333333	9135783.0958252
10.0504283333333	7981597.76293945
10.09783	9007268.90246582
10.14551	10420288.9711914
10.1860866666667	8275573.23535156
10.22898	10875659.2764893
10.2741016666667	11704301.1262207
10.3190466666667	12097970.7337646
10.3637616666667	12084527.1270752
10.4069916666667	11403249.2088623
10.4511916666667	8773405.6114502
10.4973116666667	8026750.95471191
10.54247	5752259.56713867
10.5887666666667	6034059.69604492
10.6329233333333	5116226.046875
10.67904	5774610.3762207
10.72623	6011469.42419434
10.7745816666667	8063067.21337891
10.8215583333333	8890892.78125
10.8663516666667	8423323.27661133
10.9110516666667	7868736.2611084
10.9562983333333	9068595.11108398
11.0014066666667	12410783.2370605
11.0482	15172137.9440918
11.09264	20345221.8493652
11.1383066666667	21611798.4196777
11.1796233333333	19594187.3256836
11.2180183333333	17937898.4172363
11.2598883333333	20061654.5368652
11.3025983333333	15345761.213623
11.3476233333333	14370384.6296387
11.389395	13469429.2509766
11.432425	15956251.4970703
11.47531	16414790.6364746
11.5159933333333	18295715.9545898
11.5595466666667	17268419.2226563
11.6045966666667	21927108.3808594
11.6452133333333	26606557.9123535
11.6907683333333	24884267.5690918
11.7344983333333	26006245.5991211
11.7755333333333	27104115.0539551
11.8192	25644690.1494141
11.8631283333333	26714964.934082
11.9029383333333	26462527.6564941
11.9445583333333	30101850.5024414
11.9873283333333	27407685.6186523
12.0247616666667	29864024.3515625
12.06585	32692555.4326172
12.104665	31722958.0339355
12.1418866666667	47089397.6967773
12.182065	42720610.5341797
12.2209116666667	43510503.0297852
12.261995	33806978.6376953
12.2982616666667	32227197.5473633
12.336145	28249401.4282227
12.3763233333333	28573715.2021484
12.416035	28373091.5810547
12.4565783333333	33261857.9291992
12.4955383333333	37076240.1171875
12.5316583333333	38758602.7763672
12.56971	48127348.7075195
12.6074016666667	50930485.1074219
12.6549666666667	57149646.4082031
12.6897766666667	57052268.6542969
12.7315533333333	68070608.2519531
12.7747566666667	69298112.8867188
12.8174933333333	70922296.8071289
12.8633416666667	69629389.527832
12.90461	64735103.71875
12.9432033333333	54945049.5961914
12.982815	41969224.5952148
13.02594	32856440.4765625
13.0631466666667	29341821.0898438
13.1066016666667	30096873.6362305
13.1466766666667	30664057.3862305
13.18533	40105622.5405273
13.2234716666667	47964536.7348633
13.263315	48784914.2666016
13.30238	50821634.0175781
13.3414033333333	53906807.5112305
13.3814616666667	59508782.5673828
13.4204116666667	78044995.5957031
13.4597133333333	53557333.0268555
13.4999066666667	57696254.9365234
13.5392433333333	54863544.2387695
13.57447	47441898.1347656
13.6164983333333	59138214.4394531
13.6522083333333	75681509.4873047
13.6911183333333	84601112.6464844
13.730145	110870692.207031
13.7703683333333	162178485.641602
13.8067316666667	150904785.87793
13.848405	185539333.063477
13.880205	206645933.954102
13.9180583333333	140701915.947266
13.9535416666667	170071930.248047
13.9938833333333	184034963.527344
14.0357383333333	120882289.853516
14.0793366666667	137722041.238281
14.1224183333333	104625019.168945
14.1624516666667	75097457.137207
14.2017233333333	66265587.269043
14.23763	54973286.3364258
14.2779166666667	43564186.5410156
14.3167633333333	40910058.0297852
14.357295	44580873.1616211
14.3936783333333	40810549.1044922
14.4340733333333	38531267.9106445
14.474875	43481880.5991211
14.5078216666667	49509163.0195313
14.544005	42763215.5766602
14.5831433333333	49408096.9951172
14.6184183333333	43781233.324707
14.6589166666667	51513234.9248047
14.6983216666667	53780802.7602539
14.73607	58441745.6162109
14.781445	46018499.9257813
14.815615	53592981.5483398
14.8518266666667	57808510.6181641
14.8949983333333	66262867.9042969
14.9289816666667	68729026.7041016
14.9702516666667	80486488.6513672
15.0065283333333	87735776.3232422
15.042425	97474920.9541016
15.0839316666667	119014589.394531
15.1239066666667	101283316.044922
15.1593866666667	99029962.7822266
15.20046	79514653.2841797
15.2421	86803230.265625
15.278155	80513907.9326172
15.3165216666667	102260760.47168
15.35237	109097581.270508
15.3911633333333	124062264.261719
15.42713	123826343.313477
15.4683433333333	122220177.65625
15.50261	133005287.800781
15.5385983333333	127120191.00293
15.5749883333333	97009767.5410156
15.6183716666667	95712988.7744141
15.65213	114418962.542969
15.6890716666667	95128157.5390625
15.7287666666667	110788539.481445
15.7625666666667	113708914.626953
15.7991983333333	96831553.3583984
15.840965	109048712.425781
15.8704383333333	106252018.65625
15.9114933333333	105129754.089844
15.94875	101142884.611328
15.9885883333333	96525661.5966797
16.0213666666667	75765691.1210938
16.064965	77375013.8300781
16.101705	63005161.9208984
16.14159	50482906.4907227
16.1830283333333	63334083.0888672
16.2230233333333	55029037.6484375
16.2608366666667	56321636.1542969
16.29873	57431154.7412109
16.3402066666667	74820072.0537109
16.3761283333333	78898115.8544922
16.412725	84312683.3613281
16.451135	83840622.9482422
16.4883433333333	88809068.0244141
16.5260866666667	96233778.1728516
16.5629166666667	87870109.5957031
16.600305	92901129.9384766
16.6362816666667	96467854.8789063
16.6677333333333	76657736.4746094
16.703395	92064847.3798828
16.741735	90548988.4267578
16.7796816666667	98942542.5527344
16.8152883333333	86864251.3945313
16.8541383333333	87616651.8183594
16.8905083333333	92854100.9169922
16.927225	100325706.266602
16.9635333333333	84668871.9277344
16.9996166666667	81815989.7197266
17.0342466666667	89376495.7207031
17.06618	94774002.5341797
17.10757	93651716.0322266
17.1464733333333	105336903.761719
17.1857816666667	99318129.3867188
17.227405	92565624.9375
17.26382	126338840.917969
17.3016483333333	91075204.6152344
17.33776	118964283.443359
17.375935	124399965.416992
17.4168	152499841.179688
17.4597433333333	138028402.792969
17.49312	120234545.070313
17.5319266666667	125425923.75
17.566395	128836481.619141
17.6044916666667	116092479.381836
17.6389483333333	114670687.364258
17.6744783333333	113963035.689453
17.7054433333333	124096357.899414
17.7470833333333	113688984.384766
17.7865433333333	119831757.929688
17.8184316666667	116790916.817383
17.8589883333333	104620957.474609
17.8942716666667	102139209.134766
17.9338816666667	97251241.8310547
17.9685516666667	101997463.115234
18.0042533333333	88013617.5019531
18.0385483333333	86909039.1259766
18.0735183333333	110428514.753906
18.1066633333333	106653483.908203
18.14478	109256758.699219
18.1808833333333	110259812.537109
18.219255	141403648.544922
18.2562483333333	167311651.8125
18.2905816666667	192669835.851563
18.3274216666667	209645074.228516
18.3679383333333	227125275.248047
18.4021616666667	210845356.326172
18.438615	220196354.466797
18.4758133333333	187281580.007813
18.51468	178325731.917969
18.5547183333333	237648838.740234
18.5842383333333	200936965.152344
18.62358	212710480.662109
18.6592183333333	185326853.880859
18.699535	209127445.541016
18.7331883333333	263687027.603516
18.7674566666667	212537024.638672
18.8033816666667	224204272.628906
18.83998	233311759.072266
18.8773483333333	234025083.925781
18.9143016666667	198726368.878906
18.9490283333333	208037059.183594
18.9828716666667	182161355.322266
19.017075	174153013.216797
19.0527883333333	143104413.955078
19.087335	170581796.755859
19.123835	182796501.267578
19.1642816666667	163709369.761719
19.1987066666667	150328881.013672
19.2351616666667	161758057.439453
19.2746966666667	137320038.806641
19.312875	148232161.40625
19.3500583333333	152384934.210938
19.3849983333333	145778875.140625
19.4209133333333	144149519.005859
19.4559316666667	148381129.527344
19.4887516666667	124348816.916016
19.5263066666667	130723901.529297
19.565385	123260180.195313
19.6072866666667	170146433.482422
19.6449783333333	150255268.607422
19.6888666666667	147638622.205078
19.7250916666667	140592786.867188
19.7651283333333	134259850.773438
19.800905	150654549.789063
19.837325	180054020.732422
19.8777433333333	195435538.351563
19.9145716666667	198518405.568359
19.9559733333333	240396709.181641
19.99147	213187360.322266
20.02409	194329666.400391
20.0647633333333	231105668.740234
20.0975233333333	218801400.904297
20.1316483333333	266366166.414063
20.1660183333333	233991873.779297
20.2058783333333	202934168.560547
20.2384466666667	209595624.988281
20.2742233333333	169170765.101563
20.307545	259216395.564453
20.3419666666667	227942138.9375
20.3773316666667	170156920.121094
20.4126233333333	201492104.681641
20.4485866666667	178639274.941406
20.4843966666667	208543589.976563
20.5204633333333	168245918.851563
20.5595916666667	167313699.525391
20.5982333333333	169418122.207031
20.6353466666667	139849186.595703
20.6767183333333	130442657.859375
20.7220866666667	104759904.848633
20.7599566666667	140301877.957031
20.7942583333333	144562483.113281
20.8269066666667	164451811.101563
20.8593716666667	158549704.882813
20.8929666666667	146868859.710938
20.9280316666667	132744303.857422
20.9646566666667	138600131.99707
21.0010216666667	140638217.720703
21.0349816666667	140223218.773438
21.071225	187367404.017578
21.1032466666667	157468272.75
21.1447516666667	168618823.734375
21.1834033333333	176296713.347656
21.2192983333333	182109825.265625
21.2510016666667	177699020.089844
21.2865166666667	195213784.267578
21.3176566666667	163777140.033203
21.3511383333333	188670017.087891
21.3850583333333	191163545.806641
21.4238733333333	228233632.412109
21.45853	224390865.193359
21.495215	218750428.486328
21.5287383333333	255401301.296875
21.5666233333333	211726009.458984
21.6084466666667	232317758.574219
21.6424883333333	230628296.771484
21.68209	222254972.115234
21.7138383333333	256859593.865234
21.75014	243308254.136719
21.7840233333333	277034965.300781
21.8164633333333	226061170.605469
21.8502383333333	218790842.458984
21.8836533333333	153133149.566406
21.923685	227257276.333984
21.958595	180480295.140625
21.9943466666667	181788273.623047
22.0315533333333	165554683.353516
22.0688483333333	187635577.015625
22.1063633333333	172880166.867188
22.143475	170878821.009766
22.1798916666667	158946214.164063
22.2173566666667	217687000.925781
22.2576616666667	158908600.324219
22.2896966666667	175577401.328125
22.3239283333333	184740512.791016
22.3615966666667	168176416.443359
22.3965833333333	174722786.941406
22.4343933333333	180533686.912109
22.4758316666667	173828656.216797
22.5114133333333	166435362.427734
22.54606	157686305.355469
22.5803433333333	164623566.191406
22.6141616666667	146223638.355469
22.6507166666667	153462727.146484
22.6834783333333	145754809.826172
22.718185	150696101.212891
22.753235	161370380.294922
22.7899716666667	171280589.189453
22.8228	151121203.40625
22.8578083333333	166224664.080078
22.8908133333333	216063322.154297
22.928365	222633247.84375
22.9678966666667	192287826.726563
23.00373	193431640.890625
23.0372366666667	245957194.810547
23.0732416666667	193953722.123047
23.1060983333333	218129811.791016
23.143545	243530814.828125
23.177535	223303717.078125
23.2148333333333	206582673.164063
23.2531633333333	175614205.679688
23.2886466666667	161796224.416016
23.3208283333333	168026303.271484
23.356425	162933610.009766
23.3897933333333	173268915.490234
23.4271083333333	183125919.091797
23.4631216666667	157854150.044922
23.50094	162010575.808594
23.5350566666667	133657884.923828
23.5729916666667	130703718.199219
23.6074533333333	154367240.013672
23.643495	121994180.818359
23.6831583333333	154487834.597656
23.7188116666667	138207179.759766
23.7550366666667	155368119.119141
23.7901883333333	126057753.699219
23.8271433333333	130935068.367188
23.8621016666667	111483335.054688
23.901425	125194200.453125
23.9330866666667	154932670.898438
23.968685	143072844.248047
24.0050516666667	168379514.826172
24.038025	124235106.044922
24.0759616666667	134337273.429688
24.1114066666667	134163262.449219
24.143355	119185013.533203
24.1795283333333	118711575.847656
24.211815	130717595.884766
24.250725	119299522.363281
24.28428	136041474.580078
24.3203	130278511.535156
24.3529716666667	158240325.957031
24.39158	133089828.496094
24.4262833333333	179741934.408203
24.4579183333333	218746343.789063
24.4927433333333	194633568.949219
24.52763	198500606.185547
24.56133	241038655.925781
24.5962216666667	233227944.105469
24.6324883333333	230508220.308594
24.668095	237239944.681641
24.70425	194512821.25
24.7393183333333	211188567.376953
24.7733416666667	197587855.560547
24.8079433333333	253853091.476563
24.837325	263299418.876953
24.8734516666667	292728155.732422
24.9079166666667	226434603.716797
24.9449133333333	284543355.261719
24.9859033333333	276918687.164063
25.0178916666667	316173100.544922
25.0532716666667	311308793.880859
25.0879266666667	319338479.208984
25.12296	311203481.734375
25.15602	325414574.830078
25.1899216666667	341313702.951172
25.22688	359662961.236328
25.2635016666667	344440498.263672
25.29909	420013383.535156
25.3320466666667	329131070.585938
25.3659333333333	351611752.591797
25.3990666666667	263218261.636719
25.431975	309840362.335938
25.4649883333333	290439873.558594
25.4996566666667	300091968.087891
25.5369016666667	287139635.746094
25.568145	239774577.541016
25.6074	245915932.958984
25.6394883333333	282848824.669922
25.6788	195454716.958984
25.7113516666667	198344906.5
25.7468716666667	170501874.400391
25.7805166666667	174665099.447266
25.8177416666667	182260607.375
25.84982	171949798.976563
25.8826783333333	153815960.347656
25.9162716666667	162917072.527344
25.9512933333333	187644665.462891
25.98788	193098129.353516
26.0224866666667	206309779.578125
26.0562883333333	222134811.880859
26.0898016666667	238657411.951172
26.1200266666667	213797393.726563
26.1503933333333	232765846.900391
26.1845116666667	249373728.847656
26.2175983333333	234496140.115234
26.25631	260286202.947266
26.2909533333333	218217247.173828
26.32558	216797160.302734
26.3585466666667	176862940.720703
26.3923033333333	210627517.789063
26.4286166666667	214774107.912109
26.4628683333333	222601397.583984
26.4977616666667	209123892.757813
26.53141	245912638.726563
26.5647233333333	266457181.773438
26.6015816666667	239803550.591797
26.6357233333333	249048241.052734
26.66877	238596717.203125
26.7050183333333	283553634.119141
26.736435	317295633.070313
26.7692516666667	291981420.794922
26.801405	273817420.054688
26.8360116666667	287358651.435547
26.870525	269419938.462891
26.90617	244266880.132813
26.9412383333333	237366946.863281
26.9777016666667	198467143.576172
27.0137433333333	211702070.355469
27.0477516666667	197658353.160156
27.07912	213449964.224609
27.1124683333333	211446720.804688
27.1447366666667	232401515.546875
27.178435	194292477.515625
27.2114083333333	211970638.017578
27.2457083333333	251078721.326172
27.2807116666667	321177800.445313
27.313035	276446309.529297
27.346885	289830881.568359
27.3827183333333	278135422.212891
27.41557	355369879.273438
27.44621	305750865.683594
27.4811833333333	258090635.794922
27.5139933333333	259864195.613281
27.548875	232647417.746094
27.5850316666667	200158972.625
27.6193066666667	187552709.34375
27.6561583333333	176280405.826172
27.6939233333333	150356532.486328
27.731655	170982588.519531
27.7681133333333	158662593.666016
27.8048616666667	169769767.634766
27.837075	179430528.099609
27.8741583333333	199350594.980469
27.9097216666667	233075996.892578
27.9454283333333	219848012.970703
27.9834966666667	292601496.769531
28.0170083333333	352287112.521484
28.0535516666667	343063671.669922
28.09074	395599985.53125
28.1209283333333	369602928.992188
28.154485	417375667.818359
28.1871366666667	411381152.460938
28.2202033333333	410107773.429688
28.253815	390209159.273438
28.2883216666667	313372731.171875
28.3268433333333	393546171.101563
28.364315	358712927.751953
28.4000883333333	275447535.958984
28.4365416666667	287713451.1875
28.4713983333333	281114326.279297
28.5061883333333	267433303.789063
28.5400816666667	260453919.273438
28.5734166666667	264413134.537109
28.6059233333333	289762182.46875
28.6401183333333	318574154.730469
28.6734	265452266.863281
28.7058066666667	254617000.494141
28.7379883333333	252774225.298828
28.77609	299980056.152344
28.8079533333333	301921532.197266
28.8462233333333	318569408.177734
28.8768433333333	285328039.351563
28.9131133333333	375543352.308594
28.947155	335171522.285156
28.9839233333333	284022168.708984
29.016615	323331917.371094
29.0515566666667	304753890.882813
29.0884233333333	361153070.667969
29.1232966666667	340453924.136719
29.1568483333333	349682742.949219
29.1893883333333	351917883.417969
29.2236283333333	350508135.25
29.255665	334707226.347656
29.2898133333333	372275051.523438
29.3213416666667	326759488.4375
29.3543533333333	372046501.390625
29.3857466666667	334278708.039063
29.4184233333333	329696794.457031
29.4494616666667	321032355.183594
29.4810333333333	310275638.527344
29.5148266666667	349498467.136719
29.5464766666667	368026312.644531
29.5791283333333	358081739.164063
29.612005	376410933.8125
29.6444216666667	359272781.273438
29.677215	337930550.429688
29.7114883333333	370472593.351563
29.74316	376198913.976563
29.776145	360722312.5
29.80929	391792532.011719
29.8419666666667	376325663.867188
29.8783483333333	322860900.931641
29.9093183333333	319989730.900391
29.940795	363617054.3125
29.9747316666667	330899010.464844
30.01205	276935011.591797
30.0453333333333	323792955.898438
30.0794533333333	270223551.097656
30.11366	262389347.855469
30.1526383333333	239402295.9375
30.187295	249140833.089844
30.2235166666667	281711912.941406
30.2561366666667	278033162.5625
30.2902	315623566.246094
30.3259483333333	280808257.451172
30.358935	386003112.652344
30.3918916666667	371466931.226563
30.4271733333333	361843339.621094
30.4594416666667	402321307.675781
30.4923733333333	377078632.402344
30.5250216666667	401600770.316406
30.559735	385343067.894531
30.594275	357248424.191406
30.62895	318204930.75
30.6644566666667	313103049.556641
30.6987866666667	341185174.308594
30.7331516666667	292117389.441406
30.7666116666667	282499719.371094
30.8013116666667	296839892.546875
30.8348716666667	295665120.292969
30.8684233333333	333628211.253906
30.9037466666667	354296106.226563
30.9367516666667	347653086.9375
30.9678266666667	354295030.074219
31.0048916666667	349781246.128906
31.0369083333333	288255040.574219
31.0690466666667	343839400.960938
31.1011566666667	295417631.685547
31.13328	313902320.796875
31.1672833333333	329510598.648438
31.1992933333333	272209138.355469
31.2329733333333	288141676.488281
31.2676433333333	284252809.476563
31.2988733333333	264788695.835938
31.3334066666667	274569866.902344
31.3685333333333	332069011.421875
31.4023783333333	352108048.128906
31.4368733333333	367826441.511719
31.468815	348912265.664063
31.50079	355807574.050781
31.5336433333333	410093072.550781
31.5661733333333	470537138.847656
31.5998616666667	471860911.421875
31.63279	566888344.59375
31.6632316666667	524581366
31.6961133333333	580230420.335938
31.7278783333333	515056166.738281
31.7612683333333	515969632.84375
31.794155	458866619.25
31.827455	466663482.925781
31.8610433333333	441737305.421875
31.8945283333333	416000284.269531
31.928575	451853876.1875
31.9611416666667	470452610.636719
31.9929633333333	427415395.136719
32.0228933333333	431351099.175781
32.0557983333333	431086622.722656
32.087885	433227044.140625
32.1198766666667	447723115.664063
32.1538133333333	471701239.609375
32.1889483333333	472639253.269531
32.2207183333333	492086700.808594
32.2545983333333	482964862.5625
32.2885116666667	479561030.933594
32.3212583333333	521681276.296875
32.3555133333333	526313152.320313
32.3888016666667	468706015.464844
32.421665	466228466.292969
32.4548633333333	447159697.652344
32.485715	453693262.007813
32.5171916666667	450434041.507813
32.5512083333333	423482471.167969
32.5867316666667	432972753.859375
32.6204	431131500.597656
32.6555016666667	430165051.695313
32.6930166666667	454657115.761719
32.7265283333333	455704620.996094
32.7603533333333	494358419.109375
32.793175	499975204.585938
32.825955	522189354.46875
32.85831	511778261.078125
32.8918883333333	536919802.691406
32.9253083333333	494793478.355469
32.9581566666667	497890133.128906
32.9910883333333	441762531.472656
33.02273	435869768.320313
33.0556116666667	438962609.332031
33.087515	445402549.589844
33.12177	408187195.4375
33.15479	411030566.152344
33.1864633333333	397950222.742188
33.2215666666667	393777974.683594
33.2557616666667	396039685.394531
33.28829	423361880.980469
33.31982	433627285.980469
33.3515533333333	424701024.886719
33.3847333333333	422782804.847656
33.418395	395334653.816406
33.452035	391542812.726563
33.4869483333333	331116220.171875
33.5202766666667	340921655.507813
33.554235	333341477.511719
33.587925	329778377.523438
33.6223783333333	296993838.25
33.657895	290276433.234375
33.6927016666667	332104496.980469
33.7274316666667	361255321.964844
33.75929	371028150.246094
33.791875	369871572.996094
33.8249666666667	331137032.707031
33.8602816666667	383177501.882813
33.8922083333333	365590799.089844
33.92287	370236015.640625
33.9560916666667	369773803.699219
33.98843	370199431.140625
34.0209666666667	404588229.117188
34.0535783333333	391435836.246094
34.0880016666667	430798042.984375
34.1213733333333	456043366.867188
34.1554783333333	515200361.175781
34.1870116666667	516809272.464844
34.21945	578389936.078125
34.2525283333333	579784754.023438
34.284645	569817557.457031
34.3168266666667	541663105.792969
34.34901	544704637.027344
34.3806366666667	512039846.765625
34.4134583333333	465388745.144531
34.4445	449592009.027344
34.477225	417384537.195313
34.5101216666667	390075778.042969
34.5426233333333	362380539.898438
34.5751983333333	377837659.78125
34.6072383333333	389397422.929688
34.64034	389421416.953125
34.673115	374136947.976563
34.7085816666667	458953985.222656
34.739855	403978041.214844
34.7757666666667	417503789.230469
34.8096883333333	388398629.917969
34.84248	408013359.882813
34.87596	363622815.214844
34.91112	368779714.46875
34.9444566666667	383755341.648438
34.97785	424019024.851563
35.01203	400557363.671875
35.04591	444583461.183594
35.0772983333333	484438372.023438
35.111445	477771578.960938
35.1453833333333	522009580.292969
35.1765833333333	542933600.273438
35.208945	582641777.097656
35.24306	597895230.164063
35.2753233333333	607730083.679688
35.3084166666667	667363555.453125
35.3418433333333	757828539.03125
35.37557	728828992.441406
35.4073233333333	743983564.257813
35.4410433333333	778940053.660156
35.47474	760440136.132813
35.5084933333333	763658297.34375
35.5417466666667	769807580.894531
35.573435	716074635.402344
35.6046433333333	709876702.3125
35.6384583333333	710158154.074219
35.6723116666667	626282046.160156
35.7037716666667	602774105.527344
35.7361483333333	570129050.03125
35.7695383333333	550543776.445313
35.803425	495192611.269531
35.8375816666667	488244586.800781
35.8725	447691505.960938
35.9061116666667	460044915.777344
35.9406583333333	450951128.15625
35.9739583333333	447965459.5
36.0077983333333	440325303.878906
36.0400616666667	435019047.421875
36.0734683333333	462995299.074219
36.10869	484098360.792969
36.1435433333333	441056442.097656
36.1777766666667	487734379.203125
36.2136	464288377.335938
36.247935	528603811.042969
36.280515	479850447.363281
36.3136233333333	559680912.300781
36.3475233333333	552705749.703125
36.3817633333333	611266195.707031
36.4158766666667	555615012.414063
36.4493333333333	584331843.75
36.4827733333333	566189959.347656
36.517255	541676158.996094
36.55143	517315653.953125
36.5833833333333	517289240.519531
36.6153833333333	512011272.140625
36.6484616666667	483186248.839844
36.683735	517532247.191406
36.71623	539436564.289063
36.7489	548878801.726563
36.78259	581221897.46875
36.8156516666667	600508068.925781
36.8479683333333	649536619.015625
36.8798483333333	678554898.988281
36.9140316666667	661073535.105469
36.9477883333333	678291059.503906
36.98082	708713685.996094
37.013645	612095117.394531
37.0456733333333	744950628.226563
37.079315	746792335.34375
37.1116383333333	735964005.800781
37.1446183333333	715915977.402344
37.1798716666667	779248483.246094
37.2146883333333	830761804.976563
37.2487	772526205.015625
37.2826533333333	746539302.875
37.315615	697460314.976563
37.3504016666667	807275412.175781
37.3838916666667	676731810.882813
37.41712	686867446.226563
37.45036	688495179.203125
37.4835583333333	772785935.128906
37.5141316666667	790777232.957031
37.5464966666667	724935329.914063
37.5824116666667	735474656.972656
37.61403	833188436.046875
37.64682	817692317.894531
37.680425	762762557.328125
37.713625	821928093.460938
37.7471116666667	815453566.796875
37.779825	836787313.339844
37.8129883333333	824512598.585938
37.8462016666667	846563925.097656
37.8793933333333	744986926.261719
37.9105583333333	794485785.300781
37.9443966666667	697514740.824219
37.9786183333333	732894513.277344
38.0145016666667	751228781.488281
38.0468283333333	727312583.019531
38.0797983333333	726881180.726563
38.11211	733145893.382813
38.1456333333333	709112559.148438
38.1777866666667	630097707.300781
38.2122483333333	676926347.539063
38.2448516666667	666769321.542969
38.2781883333333	698196239.246094
38.31267	712948723.585938
38.3462	652348531.875
38.3789766666667	687631119.972656
38.4116616666667	652768208.917969
38.4447283333333	634013342.453125
38.4773866666667	618769575.773438
38.5102733333333	614946263.765625
38.5443716666667	628728063.167969
38.5778583333333	635816937.207031
38.61028	649156874.222656
38.6423083333333	663324192.5
38.6747566666667	667240972.59375
38.7068383333333	717512839.691406
38.7399833333333	712747200.808594
38.7740566666667	675892810.921875
38.806265	660325684.863281
38.84056	638086052.742188
38.8758383333333	548170818.882813
38.9109983333333	562401612.617188
38.9446583333333	532177449.410156
38.979165	500002245.074219
39.0119033333333	581832699.582031
39.0454983333333	551628623.429688
39.0795533333333	580869330.4375
39.1125466666667	601995829.839844
39.14723	685707939.914063
39.1804683333333	614202242.265625
39.2138266666667	636788240.730469
39.2473166666667	621869711.949219
39.2829216666667	639386608.203125
39.3156316666667	632299935.5625
39.3485833333333	572282211.582031
39.3807933333333	593987928.914063
39.4146583333333	565083940.347656
39.449105	560439468.730469
39.482545	495413275.304688
39.51463	529152544.289063
39.5474483333333	469098469.371094
39.580705	412774065.601563
39.613165	430297230.996094
39.644905	474110127.785156
39.6780433333333	518632765.875
39.711275	442433970.226563
39.74541	432260118.160156
39.7801533333333	513539068.46875
39.8142233333333	541034894.53125
39.8456533333333	560806724.507813
39.8784416666667	514278608.570313
39.91146	548455226.121094
39.943745	535188147.429688
39.9767883333333	539974370.261719
40.008785	475888542.898438
40.0426166666667	516288130.398438
40.07635	486268138.734375
40.1089516666667	515676990.171875
40.1418933333333	490396846.738281
40.1741133333333	455838606.335938
40.2064883333333	444721592.859375
40.2407666666667	486367512.730469
40.2735183333333	521262402.519531
40.3078666666667	551278106.679688
40.3403566666667	502887767.023438
40.374145	576128875.898438
40.4068916666667	504058384.847656
40.4407733333333	661111146.085938
40.4740516666667	682137151.683594
40.5068	637613341.972656
40.5385066666667	668430991.507813
40.5712866666667	583785494.753906
40.6034716666667	637430840.183594
40.636695	512622837.148438
40.6708466666667	556210740.496094
40.7040466666667	534087513.585938
40.73602	536264843.644531
40.7680916666667	541297504.5
40.8014966666667	535245814.9375
40.834375	502770674.769531
40.8691483333333	490888264.890625
40.9005916666667	536943376.5625
40.9339466666667	566205967.917969
40.96604	580025308.285156
41.000415	601111550.402344
41.0327583333333	575348407.214844
41.0664783333333	589072188.183594
41.0995833333333	573375198.8125
41.1341383333333	587194213.546875
41.1667766666667	576719693.675781
41.2008966666667	588760642.304688
41.2342516666667	557887825.449219
41.2675766666667	535875016.542969
41.3004833333333	532101156.015625
41.334235	565734392.957031
41.3655566666667	527935503.617188
41.398655	523883059.273438
41.4325733333333	551859510.40625
41.4652333333333	511995676.613281
41.4993316666667	594897092.996094
41.5312133333333	581237676.519531
41.56517	545532339.933594
41.59696	611381498.070313
41.6278583333333	651520887.753906
41.6607166666667	734764301.425781
41.6918233333333	703643837.515625
41.7241666666667	754217989.730469
41.75694	715060530.832031
41.7900433333333	756458415.375
41.8233733333333	666309781.089844
41.856805	818077064.890625
41.890655	746843498.0625
41.9238066666667	703635142.230469
41.9569316666667	675143818.414063
41.9914733333333	811217669.898438
42.0236433333333	839874317.953125
42.0571983333333	836744256.902344
42.0895816666667	723389274.175781
42.1233066666667	750460166.035156
42.15672	761269705.789063
42.189085	782518693.183594
42.2217683333333	780812973.148438
42.254085	750696805.957031
42.2878816666667	738923363.144531
42.32061	712015925.472656
42.3545066666667	710299102.640625
42.390745	670840776.023438
42.4227566666667	573405510.058594
42.4572866666667	589347870.613281
42.489995	535452648.679688
42.5261066666667	471902941.039063
42.5618533333333	465289194.941406
42.59758	476169750.914063
42.6329516666667	433467815.144531
42.6672716666667	456543738.082031
42.700445	442344104.796875
42.7316716666667	480633938.199219
42.7633133333333	512975842.09375
42.7966416666667	539738507.027344
42.830025	540467986.933594
42.8620166666667	629175777.5625
42.8937066666667	626575215.691406
42.9277133333333	668317417.039063
42.962195	691074136.667969
42.9947116666667	690826311.914063
43.0268833333333	641785834.246094
43.0582466666667	590121365.214844
43.0913233333333	623219776.382813
43.1232166666667	544067073.96875
43.157495	611920323.113281
43.1897766666667	533552695.625
43.2234483333333	544548264.203125
43.2565133333333	563663166.1875
43.28974	637734047.417969
43.3224916666667	545222083.492188
43.3565316666667	564458399.992188
43.38939	512940433.230469
43.4230533333333	488952379.503906
43.4571783333333	429806237.171875
43.4913716666667	422078177.492188
43.525475	442866406.664063
43.5596566666667	395791515.296875
43.593745	502821983.152344
43.62789	515447355.050781
43.661015	501556770.171875
43.6938116666667	512189981.171875
43.7268216666667	491539156.097656
43.7601283333333	458009319.820313
43.792505	540275593.589844
43.8245633333333	647729429.039063
43.8558016666667	609792761.550781
43.88883	580073199.972656
43.92259	489040052.675781
43.9560866666667	611022041.828125
43.98959	577603112.621094
44.02401	531696969.65625
44.0571	549864275.988281
44.0902083333333	604434354.003906
44.12289	497261355.34375
44.15627	588430257.316406
44.1896283333333	598210493.644531
44.2230866666667	555568933.03125
44.2565716666667	600012323.171875
44.2889966666667	644191373.722656
44.3218833333333	625581286.289063
44.356135	633423049.082031
44.3882166666667	693696557.117188
44.41898	618946599.230469
44.4515833333333	648264930.15625
44.4838966666667	706811983.378906
44.5176733333333	641360447.09375
44.5495066666667	692432812.542969
44.58159	623915865.964844
44.6135916666667	577565806.660156
44.6476583333333	571817978.332031
44.6800833333333	609086453.941406
44.7123616666667	559557339.488281
44.746585	518886914.65625
44.78099	664147858.664063
44.8139666666667	600143106.832031
44.846225	594374711.65625
44.878255	576205222.929688
44.9093316666667	568051010.710938
44.9422716666667	569299692.9375
44.9740316666667	560964109.976563
45.007615	588301107.234375
45.0401683333333	572322181.976563
45.0718616666667	620983988.804688
45.10357	645305512.414063
45.1355283333333	698612487.71875
45.1669683333333	625128973.597656
45.1979566666667	764895527.40625
45.2299316666667	697343415.839844
45.2648533333333	767793341.589844
45.2965483333333	757082304.339844
45.3300716666667	752777791.273438
45.3624216666667	721543836.929688
45.3963916666667	711180413.3125
45.4293183333333	509604413.9375
45.4623733333333	562296047.996094
45.4949183333333	589884467.191406
45.5273316666667	558607452.792969
45.560845	550931860.941406
45.5940583333333	450320197.644531
45.6279333333333	516575602.46875
45.6606266666667	503931962.722656
45.6922383333333	424399837.710938
45.7255	458403832.761719
45.758565	495189638.117188
45.7901833333333	558907981.84375
45.8221183333333	558619845.195313
45.85446	588966648.320313
45.8868883333333	707453352.703125
45.9178666666667	656717167.441406
45.95014	679013156.023438
45.982765	607085567.460938
46.014555	558704421.75
46.0479366666667	692328047.578125
46.0799533333333	685673252.398438
46.1131233333333	713175702.726563
46.1465633333333	729333716
46.1806	746384553.359375
46.2146616666667	744639694.625
46.2475483333333	744735236.578125
46.2824566666667	734527910.621094
46.31602	666613697.65625
46.3497866666667	692717571.28125
46.38315	511133886.488281
46.41786	603989001.125
46.4521933333333	553146466.941406
46.4844216666667	544981636.316406
46.5175066666667	588263652.433594
46.55071	501053384.640625
46.5834466666667	457884348.121094
46.61646	470198201.003906
46.64936	441810775.625
46.6826033333333	430392437.292969
46.71701	401368413.078125
46.7473883333333	432598650.898438
46.7804466666667	402855215.742188
46.81283	486771673.648438
46.8460783333333	331236431.070313
46.879615	486838136.253906
46.9111283333333	554070320.296875
46.9426366666667	556255340.273438
46.97584	642349912.640625
47.0095	639500188.488281
47.0423583333333	613651036.050781
47.0739916666667	701570285.203125
47.1052216666667	664906138.691406
47.136975	685549307.796875
47.17151	730187530.253906
47.2051416666667	670492139.269531
47.23706	689127846.71875
47.2692866666667	649393375
47.302555	626710962.191406
47.3351766666667	593728968.890625
47.3691633333333	619003187.6875
47.4022583333333	546015302.308594
47.4350216666667	590310832.984375
47.4666383333333	636308192.726563
47.499515	599210942.382813
47.5317283333333	633638295.460938
47.56306	639568545.742188
47.595055	662167461.03125
47.6270683333333	677415872.113281
47.6606083333333	679567167.039063
47.6936233333333	690779315.007813
47.72618	616402588.070313
47.7612683333333	673360870.722656
47.7929183333333	622754985.542969
47.8269716666667	556257323.179688
47.8604616666667	637019110.484375
47.8941883333333	560704859.28125
47.927695	590375116.070313
47.9624683333333	578695612.074219
47.99598	589287373.667969
48.0290816666667	542815786.347656
48.06507	520732185.675781
48.0997816666667	478812891.667969
48.1336266666667	502056474.898438
48.166595	478337978.753906
48.19894	403691082.207031
48.231715	429832408.0625
48.265	476442938.898438
48.2984316666667	393782347.46875
48.331755	455173665.128906
48.3656416666667	466456170.167969
48.3980566666667	349820292.144531
48.43057	490876952.277344
48.4629483333333	495151507.769531
48.4963666666667	498999801.984375
48.5307916666667	517507049.382813
48.5650266666667	471749330.503906
48.5985716666667	441219275.246094
48.6302383333333	474478187.6875
48.6642216666667	431101320.582031
48.6975983333333	401331722.308594
48.7300383333333	425249347.253906
48.7646466666667	406226579.617188
48.796575	438017115.816406
48.8295783333333	441687604.585938
48.8630016666667	494202101.359375
48.8962783333333	470021355.539063
48.9277466666667	402178067.152344
48.959695	533292434.277344
48.9929383333333	455895399.367188
49.0259333333333	518438750.960938
49.0595233333333	597334656.65625
49.0928933333333	461474608.824219
49.1277	506517635.460938
49.1621066666667	628529832.816406
49.1948866666667	496272507.582031
49.22899	496816244.589844
49.2634066666667	494400915.433594
49.2957566666667	503359605.453125
49.3289666666667	628383221.363281
49.36079	579323867.324219
49.3949183333333	570089755.570313
49.4280883333333	545608259.355469
49.4613816666667	576345737.535156
49.4953216666667	553073463.179688
49.52822	531018980.613281
49.56079	590892967.492188
49.592055	617702544.800781
49.6248033333333	545951858.484375
49.65755	640198578.742188
49.69107	589394541.765625
49.7239216666667	582042868.742188
49.7567283333333	564259037.476563
49.7896716666667	598250557.617188
49.8207916666667	600975857.738281
49.8525983333333	606368626.164063
49.8839066666667	528117024.003906
49.9169466666667	571038723.898438
49.950105	617030879.117188
49.9828433333333	614624486.898438
50.0164616666667	641898119.828125
50.04934	597213627.390625
50.0821116666667	606510647.683594
50.1155566666667	572961153.90625
50.1484233333333	594272167.847656
50.1818333333333	556038226.3125
50.2154166666667	541753300.863281
50.2487116666667	585641603.390625
50.2812866666667	574688046.554688
50.3145966666667	629262631
50.346665	665166781.285156
50.3803966666667	698550159.324219
50.4137083333333	696620872.984375
50.4477366666667	745942714.367188
50.4799133333333	721690456.917969
50.511255	663411814.480469
50.5437433333333	623843210.640625
50.5781816666667	611951413.375
50.6111	570066698.496094
50.644645	531579649.757813
50.6784366666667	516880471.046875
50.7109	530231632.515625
50.74428	491493879.964844
50.777025	498876550.074219
50.809515	562225897.507813
50.8414533333333	528927276.066406
50.8738983333333	527139273.480469
50.9073433333333	640358273.429688
50.941035	622698552.785156
50.9743483333333	624115748.160156
51.0059166666667	617065281.652344
51.0371033333333	658956131.988281
51.0686616666667	633455435.773438
51.1018733333333	625793603.609375
51.1344266666667	558777296.558594
51.1667016666667	565145656.988281
51.1995233333333	594069182.699219
51.2321283333333	637504999.136719
51.2643433333333	619726496.675781
51.2987133333333	635234124.488281
51.3333916666667	592347898.054688
51.365675	570087317.359375
51.3982666666667	548639501.730469
51.4324016666667	536927480.832031
51.466425	561877502.574219
51.4998333333333	576044243.679688
51.5343066666667	683169463.988281
51.5673533333333	518304334.054688
51.601255	599184897.605469
51.6354	536015904.3125
51.66854	619088715.898438
51.70177	604453681.195313
51.7345083333333	620105172.464844
51.7677833333333	626984854.554688
51.80016	632598089.078125
51.8341433333333	638205704.582031
51.8680966666667	651306754.316406
51.9015083333333	645584661.066406
51.9345383333333	620275881.917969
51.9682933333333	667495295.445313
52.001795	599802890.488281
52.0357366666667	632253720.28125
52.0702716666667	699364455.257813
52.1041883333333	706085831.925781
52.1384183333333	736256147.554688
52.1714983333333	803809245.714844
52.2043583333333	799030400.785156
52.2366183333333	859525809.472656
52.269035	855170981.464844
52.3027266666667	847348458.164063
52.3359916666667	795608621.269531
52.369245	776299970.847656
52.4015583333333	768989644.367188
52.43487	691878754.984375
52.4685266666667	683624477.75
52.5006316666667	644401338.96875
52.5335533333333	607066574.332031
52.5673233333333	571039216.707031
52.5998083333333	539447138.5625
52.6330216666667	533076422.902344
52.6658066666667	516803283.191406
52.6974516666667	563808667.605469
52.7301316666667	569521880.273438
52.7628183333333	600565240.84375
52.7946133333333	584291310.644531
52.8264216666667	628655326.03125
52.8571416666667	671656062.996094
52.88996	656955000.007813
52.9229666666667	681233860.125
52.95518	735617522.273438
52.9892266666667	697928314.554688
53.0223066666667	704233412.804688
53.0542716666667	652438319.367188
53.087735	618767641.703125
53.1219383333333	573980461.648438
53.1550416666667	597986882.664063
53.187605	502993721.394531
53.22126	515890898.136719
53.2557016666667	491656489.4375
53.2890616666667	492454112.902344
53.32247	482661840.683594
53.3567033333333	472874113.472656
53.3898583333333	452409679.714844
53.4229166666667	466529805.433594
53.4551933333333	494744899.605469
53.4886183333333	484821201.125
53.5215583333333	519229357.449219
53.5556233333333	525798834.261719
53.5886766666667	524575481.460938
53.6232216666667	529343307.515625
53.6570816666667	512489398.785156
53.69048	551676678.078125
53.7232916666667	576516909.082031
53.7562466666667	579939231.242188
53.7889466666667	599002393.875
53.822325	584647068.835938
53.85561	640062784.234375
53.8890233333333	640839433.789063
53.9210483333333	617752400.289063
53.9542266666667	650067120.742188
53.9872616666667	650178828.890625
54.0197916666667	628319194.207031
54.0523433333333	614640966.132813
54.0836783333333	649994663.226563
54.117565	652792084.660156
54.1504983333333	659931308.390625
54.1837783333333	677581525.652344
54.2169033333333	672959249.53125
54.2504283333333	669817912.5625
54.2840283333333	647420449.304688
54.3183966666667	701584723.796875
54.35178	692228640.058594
54.3853316666667	721263647.9375
54.41828	742008684.398438
54.4515066666667	724129734.636719
54.4842266666667	720465628.0625
54.517325	746073705.5
54.55133	738890013.761719
54.5834966666667	713438242.097656
54.6160833333333	734554835.089844
54.6495183333333	745848115.402344
54.683625	701166779.710938
54.71662	651853541.667969
54.7521833333333	638422005.527344
54.7846983333333	626057750.484375
54.81794	585453711.578125
54.8504283333333	578886769.730469
54.8847266666667	585905299.933594
54.918815	566047692.109375
54.9523583333333	557552951.109375
54.9868266666667	593320408.457031
55.0218833333333	565169048.316406
55.05596	594466673.785156
55.08899	554615859.164063
55.12365	594579597.84375
55.1565066666667	594690084.21875
55.1901816666667	649829649.597656
55.2242616666667	656394661.375
55.256465	643104405.203125
55.2896283333333	735382223.308594
55.3210166666667	748486423.1875
55.3541866666667	799021254.09375
55.38613	791926957.976563
55.4186816666667	735603978.304688
55.4515583333333	818919383.0625
55.48574	758488701.558594
55.5193483333333	751677600.265625
55.55377	734151213.59375
55.587115	684002127
55.6221116666667	636121066.890625
55.6555283333333	653494615.824219
55.68841	643607815.609375
55.721525	596012746.878906
55.7546266666667	577655021.644531
55.7884283333333	584974747.667969
55.821475	599972529.011719
55.8537883333333	664203852.671875
55.887265	662210113.910156
55.9220633333333	713287392.335938
55.954005	724777667.273438
55.98526	726411504.203125
56.0187816666667	744585964.726563
56.0527466666667	760439634.210938
56.08669	785343897.164063
56.12056	776034904.726563
56.1543666666667	756607920.167969
56.1885716666667	731323405.367188
56.2213583333333	732096921.351563
56.2551233333333	703820574.71875
56.2889133333333	701420825.214844
56.3224983333333	630661551.730469
56.3555483333333	631626642.972656
56.3884966666667	568018189.511719
56.42073	551537998.113281
56.454355	536952017.339844
56.48715	584256662.984375
56.521435	564622161.648438
56.5547433333333	600785682.617188
56.587735	623320359.707031
56.6215133333333	603133512.855469
56.6553283333333	618941079.617188
56.6886666666667	709935937.238281
56.7229316666667	660796064.265625
56.75607	694447373.597656
56.7899616666667	701132164.921875
56.8230533333333	726336284.773438
56.8565483333333	710537308.917969
56.8908166666667	686882703.621094
56.9238266666667	687387879.152344
56.95828	648709918.269531
56.9918966666667	585272998.417969
57.0259633333333	562041920.15625
57.0590216666667	591772517.632813
57.09298	556888639.195313
57.1281266666667	532093258.246094
57.1604966666667	539225754.148438
57.19448	537502196.722656
57.2277433333333	527523263.296875
57.2595183333333	569578570.265625
57.29242	523044432.972656
57.3262266666667	541807737.308594
57.3604283333333	587196476.839844
57.39451	578897379.347656
57.429925	542248776.164063
57.4628533333333	526840366.621094
57.4957966666667	511202345.542969
57.529245	532504971.613281
57.5622533333333	481042001.144531
57.5959516666667	504107878.933594
57.6304633333333	496895008.679688
57.6643033333333	498445988.605469
57.6980983333333	486418826.957031
57.73272	478419187.507813
57.7673033333333	508922083.351563
57.8015233333333	513588821.839844
57.8347216666667	526012755.085938
57.8667533333333	540764869.828125
57.89938	538936490.449219
57.93221	556113395.765625
57.9660933333333	556162752.628906
58.000445	518246712.792969
58.03459	508516309.109375
58.068595	494259711.410156
58.1031016666667	485202836.925781
58.137095	457204021.113281
58.1703	479826741.644531
58.2030166666667	520081131.410156
58.23513	558563815.980469
58.2680133333333	619421945.859375
58.3018683333333	703418015.597656
58.3342433333333	692568133.269531
58.366895	741143195.40625
58.4024483333333	717660518.152344
58.4365716666667	721263337.636719
58.4701216666667	717623514.652344
58.5028733333333	721322178.855469
58.53604	744189936.601563
58.5692966666667	703896205.671875
58.6041266666667	608264200.449219
58.6372266666667	634853993.035156
58.6724283333333	613801410.90625
58.7058916666667	604372206.59375
58.7392633333333	600802571.984375
58.7750933333333	590238267.042969
58.809425	588262770.363281
58.8427783333333	456283329.488281
58.8772216666667	436202933.132813
58.9106683333333	453872981.851563
58.9448816666667	353102986.929688
58.9775483333333	360044872.429688
59.0115583333333	304302838.953125
59.0450616666667	338388110.609375
59.0790383333333	365960823.285156
59.1125	398302420.890625
59.1450316666667	364674151.109375
59.17893	413540823.871094
59.2124433333333	402647972.359375
59.245865	415599086.953125
59.28017	431276571.003906
59.3127066666667	482641842.035156
59.346445	515022373.167969
59.3789533333333	531429684.875
59.4118083333333	517976361.140625
59.4460966666667	520313707.339844
59.4787516666667	491696433.289063
59.51113	472882031.523438
59.545735	450105046.039063
59.581205	379102447.839844
59.615385	412814917.570313
59.6487966666667	410824717.535156
59.6823733333333	407784558.074219
59.7155116666667	424452419.3125
59.7494716666667	441850234.273438
59.78249	450840330.476563
59.81608	472538410.089844
59.8496833333333	482934899.214844
59.884145	467024008.296875
59.917055	470242216.117188
59.952535	456015155.828125
59.9849966666667	419647723.109375
60.0170666666667	422272519.5
60.0519383333333	420158165.570313
60.0859433333333	449332391.941406
60.1182283333333	405130262.378906
60.1512166666667	459154050.082031
60.1845633333333	450044416.496094
60.21647	485510034.148438
60.2503166666667	525448357.375
60.28307	534352156.589844
60.3164316666667	595453525.078125
60.348275	608828745.09375
60.3810466666667	651159510.324219
60.4135933333333	611793788.011719
60.4469233333333	628731857.203125
60.4804783333333	604459709.398438
60.51379	606223831.058594
60.547125	597741533.929688
60.5811916666667	541825942.203125
60.616005	552260902.460938
60.6492783333333	527156995.488281
60.6829916666667	554994427.644531
60.7178966666667	501851308.238281
60.751755	489166197.085938
60.7863833333333	457825412.332031
60.81996	498255645.015625
60.854075	469614998.339844
60.887935	465421071.160156
60.92145	506882336.359375
60.9546133333333	489353826.316406
60.9886783333333	493531301.332031
61.0219816666667	516260487.742188
61.05411	486212333.0625
61.0874583333333	483576181.585938
61.1205883333333	448633591.378906
61.1542733333333	432492214.953125
61.1873566666667	456749448.0625
61.2211166666667	440745338.667969
61.25531	495407479.101563
61.2888133333333	449270742.832031
61.3225166666667	464497514.660156
61.3565066666667	457604606.40625
61.39042	426213511.007813
61.4231866666667	414010818.699219
61.4571716666667	404824821.882813
61.4903016666667	373975077.652344
61.524905	369637974.917969
61.5605	381069542.320313
61.595365	386618655.097656
61.6282333333333	393620016.777344
61.6630633333333	425743523.347656
61.6966983333333	425522479.753906
61.7300666666667	400297346.230469
61.764935	412477918.800781
61.79798	421204265.863281
61.8307166666667	415238946.953125
61.86459	463303408.492188
61.8988066666667	508089992.527344
61.9317083333333	433462217.652344
61.9634983333333	449267891.527344
61.9975033333333	478040984.277344
62.030645	450677221.066406
62.0648766666667	476218823.328125
62.098595	423078708.171875
62.1315633333333	426978258.382813
62.16553	442826683.960938
62.1996883333333	447009367.800781
62.2332666666667	491272439.230469
62.2669033333333	445497557.730469
62.29986	482180311.019531
62.33407	494228249.878906
62.3692	512790603.625
62.4022416666667	490258410.207031
62.435805	511134450.878906
62.4694916666667	472091928.261719
62.503235	482502245.640625
62.5369283333333	475434039.054688
62.5709933333333	460665972.433594
62.6037466666667	413064351.679688
62.6372966666667	423049489.710938
62.6710583333333	459427428.089844
62.70472	423620929.34375
62.73953	446083936.777344
62.7732933333333	459608027.980469
62.8068366666667	412347371.640625
62.8419766666667	422612936.207031
62.87577	438867892.015625
62.9097116666667	495436350.523438
62.9442233333333	460289509.507813
62.978245	501527133.890625
63.0129633333333	468391118.808594
63.047545	513102264.808594
63.0815216666667	497991050.421875
63.1154816666667	480390143.949219
63.1491583333333	474539579.246094
63.182565	444316683.539063
63.216445	436514393.578125
63.248875	458155233.199219
63.2809833333333	440490826.511719
63.313715	424005649.261719
63.347595	449727657.703125
63.381935	420703272.503906
63.4153266666667	394275164.253906
63.4493983333333	382088903.949219
63.482955	378972004.050781
63.5170533333333	384035462.023438
63.5507066666667	362912718.40625
63.5843816666667	355270314.917969
63.6180716666667	385478506.578125
63.6513266666667	408775393.644531
63.6857216666667	445331460.589844
63.7189883333333	464506435.90625
63.7532483333333	511474590.664063
63.786465	555358499.058594
63.819035	575810334.851563
63.85244	554622584.527344
63.886805	580054798.988281
63.9218933333333	587323007.15625
63.955935	575050050.347656
63.989565	606158011.597656
64.0229316666667	534133974.707031
64.0570166666667	516861634.765625
64.0903133333333	456758588.953125
64.1233483333333	446906546.175781
64.1559283333333	430041319.96875
64.1906183333333	408754958.578125
64.2257616666667	466558440.726563
64.2590366666667	483712441.085938
64.2924883333333	485767085.242188
64.3267083333333	447913139.910156
64.3619366666667	424726259.351563
64.3971283333333	437343234.050781
64.432535	393270076.976563
64.4663016666667	400109645.054688
64.49965	367574943.464844
64.5332666666667	370155339.984375
64.5670283333333	358800880.027344
64.6016	359259423.328125
64.6358966666667	357231309.25
64.6696533333333	342504344.261719
64.70223	326641954.5625
64.735455	349517356.382813
64.7689616666667	347270853.097656
64.802635	355131987.339844
64.8365433333333	344384883.144531
64.8714316666667	343353460.316406
64.9056433333333	360054664.257813
64.9396116666667	396184884.878906
64.9734716666667	426836201.824219
65.007895	467294309.1875
65.0418166666667	497534746.5
65.0758066666667	564253447.769531
65.1094466666667	563452920.652344
65.1436716666667	625131708.15625
65.1776133333333	636839829.367188
65.21298	646375051.015625
65.2477366666667	553115305.914063
65.2814533333333	556483378.339844
65.3148	556031630.160156
65.3485266666667	528924990.65625
65.3817	506851795.578125
65.4157633333333	516420039.164063
65.4491566666667	491429577.289063
65.483645	515780329.378906
65.517885	462476289.246094
65.5523266666667	489524676.527344
65.5863433333333	460586137.324219
65.6194316666667	442499866.984375
65.6532383333333	427671420.171875
65.6870516666667	429507065.386719
65.72102	427994506.222656
65.7551666666667	417934516.269531
65.7887566666667	423393795.632813
65.82266	450536895.128906
65.856745	430225029.589844
65.8903666666667	494468400.71875
65.9234583333333	477834952.492188
65.9567316666667	524810584.058594
65.9899333333333	465595604.550781
66.0231566666667	486393072.347656
66.0567033333333	478405633.613281
66.0912483333333	463615424.039063
66.1250083333333	444291619.480469
66.15999	389721822.0625
66.196065	419937861.011719
66.2306433333333	340848228.507813
66.2640366666667	367329986.097656
66.2975816666667	330627600.511719
66.331655	323023717.613281
66.3661466666667	317715413.679688
66.400065	333341407.167969
66.4349316666667	335329042.148438
66.4702516666667	358754002.261719
66.5032883333333	349803090.226563
66.5369966666667	330891480.152344
66.5707	362393894.402344
66.6036633333333	408357055.25
66.637395	433473602.859375
66.6701783333333	445582954.613281
66.7046316666667	475726192.15625
66.7383533333333	522573494.421875
66.7732066666667	508327378.929688
66.8073316666667	522529265.40625
66.8424416666667	522549071.941406
66.877555	466279470.996094
66.9128966666667	472717910.714844
66.947005	360932665.804688
66.9806883333333	392563264.285156
67.0145416666667	369015273.925781
67.0488866666667	347641274.554688
67.08357	359917471.707031
67.1173933333333	307701015.148438
67.1514033333333	347744671.636719
67.1856933333333	312234767.25
67.2193866666667	332525704.171875
67.25274	326228905.121094
67.2862566666667	352768540.945313
67.3209333333333	368354245.058594
67.3553183333333	411285681.421875
67.3893833333333	426281422.148438
67.42225	436654092.835938
67.4560466666667	447457229.261719
67.4905783333333	432443132.007813
67.526045	430159120.476563
67.5601933333333	444354177.765625
67.5943066666667	347947741.457031
67.6286	377777679.605469
67.6626066666667	377803464.15625
67.6962483333333	384333002.152344
67.729955	394103973.070313
67.7645916666667	415000405.621094
67.7985483333333	435559385.695313
67.83368	469690987.082031
67.865555	458474995.09375
67.8988133333333	465856119.027344
67.9320116666667	464521397.46875
67.9646433333333	478862727.09375
67.9980683333333	421720978.515625
68.0320516666667	453587394.753906
68.06533	477546122.292969
68.0981	463737089.476563
68.1312616666667	456578549.441406
68.164365	448966144.707031
68.1962016666667	420047467.890625
68.2297433333333	417408523.699219
68.2643533333333	383747872.601563
68.2982733333333	360149366.390625
68.3325316666667	368792318.609375
68.3668666666667	354569781.859375
68.4002816666667	334187303.519531
68.4349633333333	334133582.984375
68.4690766666667	341647697.664063
68.50298	366962264.738281
68.53701	390660597.109375
68.5707483333333	411421629.976563
68.6044483333333	470034395.171875
68.639215	474923739.015625
68.6737333333333	566262397.222656
68.706765	530666653.886719
68.7402916666667	551401854.652344
68.7746483333333	494768618.457031
68.8091116666667	471212463.410156
68.8435566666667	517058102.753906
68.8783283333333	428496036.246094
68.91507	392546929.84375
68.9499333333333	363425682.210938
68.984145	342114406.386719
69.01847	328180575.910156
69.0535116666667	306298667.09375
69.087675	308407264.160156
69.1228466666667	318603486.289063
69.1568216666667	275375138.941406
69.1900133333333	285040916.726563
69.22301	280251588.898438
69.2569966666667	296974630.5625
69.290555	329466894.945313
69.3240816666667	331296477.59375
69.3578483333333	346753701.339844
69.39266	315190119.5625
69.4265816666667	335608939.742188
69.461145	320430188.021484
69.4955916666667	303192531.207031
69.530645	360576041.472656
69.56533	301950417.896484
69.59929	344326925.105469
69.6322533333333	333594023.011719
69.6658133333333	359675058.015625
69.70015	372389149.164063
69.7347683333333	328925418.332031
69.7693716666667	325641979.546875
69.80435	327494089.710938
69.8389316666667	332204795.242188
69.87295	339200245.871094
69.90744	320536644.410156
69.9409766666667	299613901.160156
69.976405	312995636.882813
70.012045	338415789.941406
70.0465116666667	358182047.527344
70.0795716666667	326015317.144531
70.1134083333333	415568873.667969
70.1471483333333	423327174.902344
70.181055	436804052.871094
70.21478	423642902.0625
70.2482183333333	458884502.460938
70.2811833333333	413093267.484375
70.3132533333333	418693212.625
70.34802	446376577.214844
70.3822716666667	383955568.40625
70.4157416666667	403926461.464844
70.4503216666667	379428064.585938
70.4842266666667	334180432.378906
70.5184416666667	396166084.691406
70.5529016666667	315864691.714844
70.5888216666667	339994238.226563
70.62453	346385744.373047
70.6607766666667	313475825.380859
70.6960566666667	336652954.179688
70.7313033333333	380957878.1875
70.7665533333333	375237350.667969
70.8031216666667	386139677.476563
70.838095	387561297.839844
70.8723133333333	427438489.078125
70.9063516666667	484187454
70.9405466666667	463484775.554688
70.975395	458777844.097656
71.0092216666667	416620317.554688
71.0435466666667	446185242.890625
71.07778	455330603.535156
71.111545	397812508.558594
71.146935	389954234.386719
71.1808316666667	371351288.949219
71.2140483333333	333818270.546875
71.2479766666667	354463749.529297
71.2814983333333	309521956.226563
71.3169766666667	346664656.035156
71.3507216666667	358151421.125
71.3845666666667	382408975.769531
71.41816	354094668.761719
71.453065	389641959.796875
71.4873616666667	374328916.320313
71.5223166666667	377256332.378906
71.5567683333333	356617625.152344
71.592085	392150700.609375
71.6277583333333	352849093.398438
71.6617133333333	358898929.25
71.69735	392316524.539063
71.7314583333333	333597102.144531
71.7658	341743200.054688
71.801015	407007876.347656
71.8364966666667	375850380.382813
71.8704916666667	381750479.742188
71.904275	408936824.882813
71.9396133333333	401905671.332031
71.9745266666667	408460183.339844
72.0072383333333	426826231.515625
72.0412866666667	368960371.953125
72.07544	382586861.544922
72.110505	402088591.089844
72.145	342328379.339844
72.1798916666667	350179117.0625
72.2146033333333	317904746.033203
72.2503983333333	324336247.546875
72.284815	322209902.152344
72.3186683333333	285148596.621094
72.3525016666667	261265214.400391
72.386525	302196727.300781
72.4198616666667	252246088.755859
72.4552483333333	290944253.710938
72.4898416666667	295991996.679688
72.52405	300445772.460938
72.5593533333333	296067866.347656
72.59382	300788983.572266
72.6283483333333	307159977.15625
72.66297	300156066.066406
72.6970883333333	298973056.822266
72.7314916666667	285252410.015625
72.7660016666667	280374438.244141
72.800145	272368510.978516
72.8347383333333	286562227.5625
72.8695316666667	262226819.605469
72.9038933333333	336685647
72.9377433333333	292507274.390625
72.9727216666667	318901168.328125
73.0064	339024966.34375
73.0408283333333	306023840.503906
73.0759733333333	324924648.398438
73.1094533333333	344239660.609375
73.144245	361533498.664063
73.1793633333333	342216389.744141
73.2141983333333	400337347.136719
73.2490733333333	412400336.460938
73.282855	439905112.570313
73.317465	452811343.820313
73.3530866666667	414140919.796875
73.3876866666667	417427528.605469
73.42209	370532823.402344
73.458405	399582857.492188
73.493105	378102449.820313
73.5264316666667	370620218.824219
73.5610816666667	354428431.140625
73.5956933333333	345183521.976563
73.6303266666667	322474034.529297
73.665515	334243475.236328
73.7013366666667	306442750.660156
73.73574	326936574.683594
73.7693266666667	326943760.253906
73.8026916666667	299641958.007813
73.83563	348383591.375
73.8690566666667	356598124.441406
73.9038933333333	352259380.677734
73.9379466666667	321226801.955078
73.9736066666667	339016063.582031
74.00811	323154470.978516
74.0428916666667	316466039.136719
74.07848	362773513.785156
74.1131616666667	358440222.746094
74.14782	380075291.21875
74.18311	368977971.001953
74.2196483333333	360673558.259766
74.25424	365809400.382813
74.2895566666667	363691860.642578
74.32349	352763329.984375
74.358235	333911266.019531
74.392165	324594189.121094
74.4254466666667	322812459
74.4595483333333	269384753.878906
74.4945833333333	291305867.697266
74.5299883333333	279850672.447266
74.5646816666667	249597818.701172
74.59926	261465044.583984
74.6359166666667	276914365.173828
74.6700333333333	239927076.138672
74.7037833333333	274904986.773438
74.7382483333333	304787055.730469
74.7718533333333	340543619.261719
74.8064483333333	381574425.322266
74.8415933333333	413758749.316406
74.875635	339012787.550781
74.911175	359154532.023438
74.9456566666667	385375290.541016
74.9812466666667	398010906.056641
75.0163033333333	397157572.900391
75.05126	406443168.675781
75.0865566666667	355862786.855469
75.1213566666667	391994064.480469
75.1556083333333	372462890.957031
75.19182	400295022.632813
75.2273983333333	359525920.117188
75.261395	367265454.591797
75.2962466666667	335843887.875
75.3321866666667	318336308.755859
75.3664316666667	327564792.957031
75.4011116666667	323754402.248047
75.4352883333333	302536049.091797
75.4686483333333	307372929.804688
75.504285	351177182.785156
75.53865	297615542.501953
75.57359	346685053.511719
75.6075833333333	363507512.070313
75.6417133333333	375008316.121094
75.6775216666667	381050879.099609
75.7115083333333	377547179.230469
75.7454066666667	353805283.964844
75.7794083333333	313869021.300781
75.8145333333333	316386046.603516
75.8489533333333	304886483.234375
75.8838933333333	260995599.710938
75.9182833333333	282069928.773438
75.9519016666667	286094608.662109
75.9877933333333	270426239.044922
76.0235216666667	271643889.453125
76.05814	284610322.054688
76.0931983333333	326919409.183594
76.127525	361241048.949219
76.16251	371651169.046875
76.1982883333333	416428511.132813
76.2332633333333	410757794.351563
76.2689416666667	387814336.242188
76.30342	425467433.828125
76.336295	441813732.041016
76.3695116666667	438960637.722656
76.40459	438482395.019531
76.4406	410571951.910156
76.4754333333333	411118066.457031
76.51155	373865270.220703
76.54602	376639055.582031
76.5795983333333	336361396.132813
76.6139933333333	303521277.535156
76.6487216666667	299903796.734375
76.682985	266716032.166016
76.7176716666667	266502423.544922
76.75335	277946014.318359
76.7881766666667	297049387.488281
76.8229133333333	270058253.808594
76.8565116666667	286092870.945313
76.8906	274592548.304688
76.9251933333333	280531189.417969
76.96052	281198067.201172
76.9953616666667	275131752.96875
77.0307033333333	327494577.609375
77.0653133333333	337703448.974609
77.0989533333333	369516692.648438
77.1328883333333	393845693.019531
77.1666766666667	396505168.328125
77.200345	429436405.328125
77.233055	438803593.244141
77.2678783333333	380877171.099609
77.302805	368892800.351563
77.3376883333333	382866165.666016
77.373305	368721802.65625
77.4082883333333	319629884.033203
77.4437066666667	319003032.042969
77.4788366666667	306943201.958984
77.513045	298522929.164063
77.5470683333333	275515438.392578
77.5805983333333	242719564.820313
77.6158466666667	270474634.958984
77.650005	256767648.886719
77.6837233333333	237110722.064453
77.7174016666667	269849720.863281
77.7522233333333	245252831.949219
77.7872433333333	253747517.511719
77.8226166666667	244561967.5625
77.857835	248897693.730469
77.894735	283992243.800781
77.9304066666667	325546941.904297
77.96578	332308356.175781
78.0008016666667	369606413.064453
78.03449	385440912.378906
78.0674466666667	381802937.746094
78.1016116666667	371460089.994141
78.1368516666667	368039855.837891
78.17179	379123804.304688
78.20719	335331628.015625
78.241235	361264886.404297
78.274445	342805156.546875
78.31015	349174959.416016
78.345335	298118132.017578
78.3798066666667	305531843.976563
78.4167316666667	318672922.578125
78.4525416666667	287912672.371094
78.4868783333333	304184149.835938
78.5209166666667	333076169.755859
78.55629	315903987.376953
78.5898483333333	317837827.488281
78.6248483333333	286297985.65625
78.6596233333333	278962709.253906
78.69454	290371201.380859
78.7290966666667	257725729
78.76361	231453032.330078
78.7983266666667	241287875.433594
78.8324716666667	268770131.013672
78.8668783333333	244537345.384766
78.90236	257932883.308594
78.9379533333333	302088131.128906
78.97223	300049197.748047
79.00752	276445492.347656
79.0458	255019833.714844
79.08195	267411433.318359
79.1162816666667	264955376.423828
79.152325	278156349.765625
79.18732	279862329.517578
79.222195	293444173.589844
79.25923	306044365.109375
79.2941366666667	326175156.568359
79.3283216666667	329696000.734375
79.3641033333333	326194230.503906
79.3992183333333	335534133.132813
79.43523	277164743.177734
79.4705516666667	276227198.628906
79.5063283333333	300660396.9375
79.5417333333333	298548520.908203
79.5784716666667	294861611.943359
79.613375	329437632.144531
79.6484016666667	310492450.166016
79.6839816666667	314853272.613281
79.719675	305346438.001953
79.75395	289787867.513672
79.789225	314267465.021484
79.8242633333333	274715832.962891
79.8589583333333	268161608.078125
79.8931783333333	252618333.445313
79.9282083333333	317344762.173828
79.9620566666667	263133093.449219
79.99603	260543114.375
80.031655	259108969.771484
80.0661533333333	253853897.5625
80.101215	264832262.755859
80.135975	271187520.548828
80.1713883333333	257346090.853516
80.2069533333333	255865907.859375
80.243415	263743753.710938
80.28051	282993912.742188
80.3146016666667	282541602.662109
80.3488283333333	244966380.650391
80.3842366666667	260895388.695313
80.4181083333333	316084801.582031
80.4520316666667	366901557.421875
80.4853933333333	374857165.054688
80.52004	408728116.021484
80.5541766666667	413900216.126953
80.588515	488832585.078125
80.6238616666667	487531492.792969
80.659685	532941925.003906
80.694205	565045047.257813
80.7272066666667	555688792.242188
80.7610183333333	479053592.789063
80.7954666666667	526884883.972656
80.83028	456985282.128906
80.8651933333333	454892567.4375
80.90032	400229837.763672
80.9344716666667	371965749.189453
80.9695733333333	382601899.683594
81.0041433333333	366814560.75
81.038385	322299263.191406
81.0739083333333	286462912.636719
81.1083683333333	312050088.302734
81.14295	279463110.244141
81.1782116666667	264008663.96875
81.2129366666667	277033804.125
81.2479383333333	267704810.310547
81.28205	274008758.748047
81.3159	263969873.582031
81.349995	268634022.556641
81.3836616666667	284228658.208984
81.4184366666667	283622225.933594
81.4526166666667	276408875.863281
81.4876333333333	275250792.59375
81.5219933333333	276083926.632813
81.5581016666667	287542569.998047
81.5940866666667	292162840.646484
81.6277666666667	315475324.058594
81.6618516666667	335051357.791016
81.6963633333333	319475439.876953
81.7315633333333	318445612.21875
81.7646616666667	342164873.644531
81.7979833333333	346169181.386719
81.8312283333333	382980182.375
81.8650816666667	386342564.398438
81.8998816666667	414368001.332031
81.934035	406218985.445313
81.96747	381514421.1875
82.0035616666667	383148221.25
82.0376516666667	397359374.8125
82.0716283333333	377212373.326172
82.104995	425952659.986328
82.1388083333333	469660698.371094
82.1726633333333	525305038.171875
82.206395	656369559.9375
82.23862	710060890.121094
82.272695	733386997.96875
82.3045216666667	732831801.5
82.3373233333333	693809277.6875
82.3723333333333	705723611.980469
82.4057766666667	697389994.605469
82.4399483333333	634732114.449219
82.4736266666667	578923282.542969
82.5084283333333	547571609.890625
82.5418966666667	540746169.773438
82.575545	497284714.785156
82.6101183333333	466040650.023438
82.6448283333333	458189402.851563
82.6784366666667	455596866.996094
82.712385	466296329.613281
82.747275	462047962.1875
82.779605	427609215.5625
82.81377	411511230.246094
82.8489416666667	357863576.958984
82.8827233333333	377181854.25
82.9165366666667	371495880.710938
82.9506216666667	355454068.291016
82.9847416666667	337475741.576172
83.0202983333333	326628227.609375
83.0552533333333	326778114.570313
83.0888733333333	323289999.121094
83.122875	293314145.017578
83.1570683333333	278655745.25
83.191475	269022748.939453
83.22473	269124342.5625
83.2583283333333	261828975.970703
83.2917483333333	243960139.693359
83.3255816666667	278833445.660156
83.3595733333333	263548482.679688
83.3929183333333	253232232.789063
83.427325	257544705.640625
83.4610933333333	280741105.529297
83.4942933333333	285169487.833984
83.5283416666667	277457280.835938
83.562625	282103878.886719
83.596565	291387185.986328
83.6295566666667	297888251.373047
83.6639616666667	357798440.5625
83.6992366666667	334774674.414063
83.734695	337472091.609375
83.7700766666667	372306235.375
83.8032083333333	333557572.896484
83.837985	318881241.630859
83.872755	311283581.859375
83.90744	306100044.898438
83.9411133333333	306649860.353516
83.9769266666667	322966682.984375
84.0123083333333	354220680.878906
84.0474616666667	349655732.169922
84.0825483333333	357868905.394531
84.1173983333333	333159838.074219
84.1508	325668502.023438
84.1855183333333	287664438.621094
84.2199316666667	271786630.109375
84.2536716666667	265095467.193359
84.2881	263336804.197266
84.3234733333333	256334081.595703
84.35858	266659036.201172
84.393735	254034988.535156
84.4293733333333	260668280.876953
84.4640216666667	254709978.929688
84.4964966666667	238091313.501953
84.5293016666667	249252172.166016
84.5622766666667	235246341.443359
84.5971833333333	260227285.699219
84.6316633333333	247658727.388672
84.6656283333333	278310318.808594
84.700265	237432361.314453
84.7366316666667	256474479.609375
84.77039	246960081.351563
84.80539	252149999.417969
84.839195	253869752.373047
84.873685	271402069.089844
84.907605	267147207.089844
84.9416583333333	286211354.066406
84.9749783333333	260269415.894531
85.007965	266334523.269531
85.0425216666667	269769238.859375
85.0766	320434066.15625
85.110655	278136608.701172
85.14483	326816483.273438
85.1785616666667	310071372.826172
85.2126366666667	310615525.802734
85.246715	335219386.119141
85.2807883333333	331510674.654297
85.3159616666667	312493353.947266
85.3514216666667	329223382.849609
85.3864333333333	306369454.066406
85.42046	297712519.890625
85.454095	289425755.576172
85.4885366666667	291777080.214844
85.5240583333333	274452263.869141
85.55796	292896210.515625
85.5926266666667	297140518.603516
85.6273983333333	309066104.289063
85.6626166666667	315668115.404297
85.69623	309908637.386719
85.7299966666667	307135135.386719
85.765655	293595519.0625
85.8000166666667	304508612.740234
85.8338866666667	294118722.136719
85.8685583333333	288429693.962891
85.9027083333333	293732899.710938
85.9367666666667	351064281.90625
85.9708866666667	282269930.566406
86.005125	290327966.09375
86.0396533333333	267560964.75
86.0736283333333	256289485.421875
86.1082083333333	260386907.601563
86.1424033333333	261558620.6875
86.1768366666667	271021266.904297
86.2113083333333	259993742.126953
86.2464516666667	279119562.419922
86.2816133333333	291808671.351563
86.3171566666667	301674040.125
86.3519133333333	332281261.171875
86.386335	313739294.8125
86.4216166666667	392211508.488281
86.4557966666667	375893333.785156
86.48975	418894014.257813
86.5254233333333	425373384.478516
86.5606766666667	394057078.511719
86.595565	401762551.839844
86.63023	395468942.947266
86.666215	297026695.748047
86.7021466666667	260021992.376953
86.7383116666667	292005989.373047
86.7718066666667	257354321.292969
86.8074633333333	240275577.357422
86.8428316666667	220509764.048828
86.8783416666667	230957270.125
86.9134133333333	218948721.259766
86.94708	248876907.916016
86.98093	251554160.828125
87.0151933333333	249646863.841797
87.0509466666667	304154234.884766
87.08599	341582065.433594
87.1198366666667	376910524.445313
87.1542433333333	378022928.041016
87.1896	393875833.111328
87.2248333333333	389449152.90625
87.2598666666667	395391190.269531
87.2949783333333	328066931.480469
87.3301983333333	299465932.128906
87.3644133333333	289110866.488281
87.3988783333333	339737577.042969
87.4331683333333	299392833.044922
87.4667733333333	303062978.369141
87.5028183333333	302801686.806641
87.5378983333333	306443196.300781
87.5730216666667	274331708.201172
87.606995	267497430.240234
87.6413033333333	286142492.761719
87.675195	286030662.957031
87.71073	272183831.113281
87.7466883333333	251980803.525391
87.78121	269790054.830078
87.8169116666667	238563526.019531
87.8519483333333	273848996.558594
87.8853433333333	281133210.095703
87.9215833333333	260928618.109375
87.9553333333333	209538867.46875
87.9919766666667	236000761.998047
88.0279983333333	226438930.597656
88.0616233333333	218883611.359375
88.0972916666667	239910329.974609
88.1326566666667	274773408.765625
88.1677266666667	326478683.306641
88.2029533333333	295529545.724609
88.2385166666667	343156140.966797
88.2731166666667	332711785.693359
88.3089966666667	290080350.228516
88.3442683333333	275293472.708984
88.38131	255868733.634766
88.416915	227584078.232422
88.452755	208213017.464844
88.488945	189822129.841797
88.5234533333333	171955892.658203
88.5585766666667	186655658.755859
88.59415	190141295.728516
88.6294566666667	198058292.412109
88.664705	206726173.453125
88.6995766666667	196319559.464844
88.7353133333333	192433046.515625
88.769335	179161526.039063
88.8058066666667	175001953.323242
88.8417233333333	190455631.742188
88.87548	178680995.003906
88.9120983333333	185288864.630859
88.9477733333333	199037078.15625
88.9835433333333	195492123.240234
89.0177283333333	190337754.755859
89.0530783333333	171952543.224609
89.0894033333333	204347501.408203
89.12393	213269520.681641
89.1589333333333	249774510.515625
89.193705	247465761.400391
89.227765	249012039.392578
89.26391	246943478.101563
89.3027466666667	295212134.808594
89.33789	279271770.701172
89.373885	266714830.048828
89.4096033333333	240096320.960938
89.4484783333333	230276425.796875
89.4855783333333	255438372.623047
89.5218383333333	251281485.111328
89.558765	253888623.679688
89.5951083333333	224266983.283203
89.6328633333333	202513495.756836
89.6685666666667	210029168.970703
89.7039433333333	174001725.707031
89.7390583333333	198938076.628906
89.7752966666667	179292237.289063
89.8100466666667	174425228.457031
89.84719	163476333.208984
89.8834	203365421.998047
89.91713	224949317.742188
89.95057	213059742.789063
89.9835716666667	212606822.324219
90.0169016666667	245602470.105469
90.0521883333333	284959099.179688
90.087615	279480125.576172
90.12222	273834449.720703
90.1578733333333	237137592.730469
90.191895	185700532.005859
90.22947	198392494.585938
90.2648683333333	192095633.416016
90.2998283333333	169887845.101563
90.335055	167049977.151367
90.3704583333333	195491766.337891
90.4061616666667	217486015.285156
90.4407566666667	217849549.335938
90.476565	203333620.962891
90.51166	192704467.605469
90.547465	189776110.273438
90.5827016666667	175458914.712891
90.6189016666667	142295215.586914
90.6537533333333	161033291.456055
90.6890466666667	153600991.84375
90.7291233333333	156505310.618164
90.7645483333333	155518924.128906
90.8017616666667	156711462.145508
90.8380416666667	162202349.327148
90.87501	141735148.173828
90.9105616666667	145836928.996094
90.949825	152567493.457031
90.98887	152466913.594727
91.023915	135530583.629883
91.0583683333333	142379235.849609
91.0963966666667	139620994.334961
91.1307033333333	135580487.665039
91.16702	142293940.516602
91.203995	162193928.666016
91.2410983333333	179090048.701172
91.2779183333333	189469883.888672
91.3128733333333	182701546.080078
91.3493716666667	177401337.15625
91.3856416666667	172699195.980469
91.421515	150115067.036133
91.4568883333333	149007286.40332
91.4967616666667	179142515.334961
91.5312383333333	182419614.805664
91.5671333333333	171612271.316406
91.6035766666667	230939914.632813
91.64167	199036901.771484
91.6783366666667	213359920.089844
91.7122233333333	163907120.707031
91.7478033333333	139573570.045898
91.7864116666667	151022937.679688
91.82271	148408616.589844
91.8600566666667	158029795.745117
91.89726	146606519.493164
91.93283	148509277.961914
91.96957	119114617.477539
92.0070216666667	139745939.798828
92.0422716666667	134219542.464844
92.0775566666667	126626118.219727
92.1158866666667	138050826.724609
92.1545416666667	117764961.37207
92.1934933333333	145569895.435547
92.23296	144844940.262695
92.2705333333333	153436455.333984
92.307855	148662340.856445
92.3438333333333	154261768.926758
92.3842016666667	136097451.685547
92.4214816666667	128362373.457031
92.4594316666667	110491692.799805
92.49526	123448160.455078
92.53106	110996407.464844
92.5673833333333	121713789.811523
92.6055933333333	111683790.829102
92.6452316666667	124732939.845703
92.68044	125901557.393555
92.7157683333333	113663312.541992
92.7518716666667	101489589.407227
92.788625	122208510.825195
92.8303283333333	110059731.853516
92.8680983333333	110038101.708984
92.9034766666667	114562461.140625
92.9442033333333	109959160.828125
92.9816516666667	102329552.313477
93.0182266666667	90898730.2314453
93.0566233333333	115616887.094727
93.0927283333333	92747480.1738281
93.1305016666667	118909934.02832
93.1673183333333	99561356.9892578
93.2042016666667	119753214.032227
93.23872	122624263.484375
93.2776366666667	111348530.546875
93.3178	113737467.033203
93.3523916666667	117383753.428711
93.3914566666667	115947129.383789
93.4271583333333	98858197.9707031
93.464045	108529788.238281
93.5012383333333	98220929.0654297
93.5391883333333	104878445.854492
93.5742166666667	123762608.981445
93.609985	121026986.032227
93.6457283333333	104600470.65625
93.6843933333333	118488757.40918
93.7220066666667	105043032.838867
93.75976	113658831.730469
93.7947483333333	98267248.3613281
93.8358433333333	93385272.0644531
93.8766083333333	109551748.03125
93.9171383333333	110482442.108398
93.9536666666667	106168652.225586
93.9901116666667	101721307.46582
94.0275883333333	113827630.764648
94.0647133333333	114328102.633789
94.1006366666667	97100754.2363281
94.138815	136222398.34082
94.178525	116689037.098633
94.2168016666667	123360116.719727
94.2543666666667	99610392.6660156
94.2929416666667	113191697.305664
94.3287216666667	104728654.832031
94.36663	99003519.7666016
94.40749	115763737.138672
94.4461216666667	123105451.895508
94.48394	132859434.575195
94.5227066666667	117406043.842773
94.5646066666667	107541912.165039
94.603425	114452382.359375
94.6436583333333	103964300.821289
94.6845183333333	101447746.4375
94.7236583333333	116722475.260742
94.7596316666667	104150766.945313
94.79637	94970599.7070313
94.8341333333333	108587012.78418
94.8695516666667	89111940.1166992
94.9047233333333	95478326.609375
94.9404316666667	93186979.9013672
94.9755616666667	96444115.1669922
95.0116683333333	80980254.9931641
95.04831	101333815.698242
95.084325	107055765.15918
95.123335	108039048.685547
95.1577433333333	99513549.5175781
95.197085	117054205.661133
95.233235	104316578.853516
95.2701333333333	99080970.5429688
95.3105	99787873.9101563
95.34891	101634222.417969
95.3869016666667	93126317.8515625
95.4254016666667	94296268.5400391
95.4673766666667	82965491.3017578
95.5059316666667	72766597.3535156
95.5463483333333	72497711.4677734
95.5879466666667	90409193.3525391
95.62719	75290211.7412109
95.6644133333333	91879722.0009766
95.7049366666667	78649314.2119141
95.7446	76887652.78125
95.7839416666667	76542484.7475586
95.82009	83286016.890625
95.860315	85289352.0615234
95.9027033333333	78003979.0976563
95.940925	75610156.5112305
95.9788066666667	88528869.4355469
96.0156266666667	70317448.7236328
96.0551666666667	88592480.4970703
96.0918883333333	89802340.9638672
96.12889	85409751.7998047
96.1694916666667	94309887.7216797
96.20783	109056870.419922
96.2445283333333	86298506.4902344
96.2825366666667	76186656.6430664
96.322675	72554335.8476563
96.3614416666667	68794649.456543
96.40013	82083638.5019531
96.439215	66126990.5620117
96.4792483333333	73397328.4946289
96.5197166666667	68334646.0947266
96.5605733333333	72306606.5268555
96.60012	78150600.3740234
96.6392816666667	77410917.9716797
96.6784066666667	79610534.5678711
96.7156266666667	75194737.3432617
96.7520866666667	66229588.8686523
96.7912533333333	77453135.809082
96.8306116666667	67317905.2783203
96.8752816666667	70121674.9433594
96.9168416666667	81393237.7231445
96.9538916666667	91738060.9570313
96.9951	83305785.8056641
97.0363316666667	77110496.3369141
97.075205	65315350.7797852
97.1151516666667	65843294.6499023
97.1553683333333	74943537.019043
97.1936716666667	90623113.8408203
97.2317233333333	69621850.1645508
97.270055	77219887.7880859
97.3124316666667	84955007
97.3524066666667	75381149.5332031
97.39174	76323252.546875
97.4287766666667	70597575.8510742
97.4673266666667	75945153.6210938
97.5037716666667	65662485.5825195
97.5452166666667	67704573.7670898
97.5879983333333	74907014.8061523
97.6280783333333	63165270.4975586
97.6707116666667	54542608.8833008
97.7115866666667	88080869.7607422
97.75006	81503622.480957
97.7874816666667	73792542.8945313
97.8248716666667	81634417.3125
97.86157	84304631.4599609
97.9015383333333	85357949.2612305
97.9408866666667	79893048.3701172
97.9796533333333	77629397.1171875
98.016725	76213560.9482422
98.0586116666667	100096819.208008
98.100605	72172255.7431641
98.1436333333333	78755236.1953125
98.183095	79057461.7470703
98.2258066666667	75457962.6645508
98.2688966666667	70996239.0063477
98.3070516666667	68614386.2705078
98.3472166666667	80502548.7617188
98.3866933333333	68023009.9335938
98.426255	65771895.3554688
98.466485	69046122.3828125
98.5064416666667	77669960.3579102
98.5423083333333	67933246.4023438
98.5820016666667	63022192.1293945
98.62324	67216945.1826172
98.6638916666667	66227885.0405273
98.7039883333333	60107284.6645508
98.74336	66757390.4995117
98.78557	62523646.7241211
98.8264616666667	60467282.8256836
98.8683333333333	68676151.484375
98.906415	77794910.3154297
98.9487966666667	68002900.3613281
98.9883333333333	64071215.7060547
99.029575	64197327.9560547
99.067655	52964932.2158203
99.1050283333333	57266737.6416016
99.14812	74869555.1621094
99.1895366666667	54581373.7695313
99.2300083333333	47601911.0991211
99.2736916666667	60911711.3500977
99.3179666666667	51886194.4345703
99.3574283333333	53924971.2817383
99.3949266666667	68656474.5756836
99.4354683333333	63173177.0800781
99.4744916666667	59284884.9414063
