RetentionTime	Intensity
0.00537	7057762.84143066
0.0355433333333333	4476599.61157227
0.0764016666666667	6655077.76525879
0.118851666666667	5770822.86499023
0.16147	5515672.72827148
0.207026666666667	5125272.76721191
0.252031666666667	5918175.21350098
0.29819	4622614.63433838
0.345205	4935784.56018066
0.390958333333333	5034562.52966309
0.437041666666667	2931461.67706299
0.48338	4320867.9798584
0.530831666666667	6085305.91943359
0.577976666666667	6229907.20739746
0.62468	5129403.41156006
0.671788333333333	4327073.22375488
0.719301666666667	5032202.91870117
0.766035	5335297.51928711
0.813041666666667	5079322.82727051
0.860573333333333	4666843.31848145
0.907366666666667	4567884.36206055
0.954445	3612834.75640869
1.00164166666667	6003137.34313965
1.045335	8391812.78295898
1.07515833333333	7059800.0201416
1.11722833333333	6074210.31689453
1.1599	3270703.48669434
1.20293166666667	3888019.29443359
1.24787833333333	8057792.35681152
1.29194333333333	5597895.74780273
1.33628333333333	7062627.02844238
1.38319333333333	6453147.78198242
1.42920333333333	6056368.70532227
1.475825	5857096.91223145
1.52253666666667	7033568.26672363
1.56952333333333	5961683.04223633
1.61586833333333	5734378.56420898
1.66216166666667	5115395.09875488
1.70903833333333	5197778.60754395
1.755355	5637260.56469727
1.795715	4675421.60968018
1.843	5754866.73168945
1.890615	6065287.4041748
1.93806333333333	5902563.29248047
1.98521166666667	5181259.21405029
2.03277	6297990.37268066
2.07957166666667	5656224.33898926
2.11430833333333	7628041.98510742
2.155115	8600662.18933105
2.19500166666667	7908332.29284668
2.235405	5691092.74279785
2.27847333333333	4136020.16986084
2.32468333333333	5711264.18444824
2.37115666666667	6326450.29089355
2.41696333333333	7254637.34814453
2.46416833333333	6715593.93383789
2.51102666666667	5970562.99438477
2.55820333333333	6779435.25952148
2.60514833333333	5972565.75427246
2.65154666666667	6879094.58300781
2.69853666666667	8242493.26550293
2.74519833333333	8183056.93859863
2.792075	7642603.75683594
2.83980833333333	6605831.57873535
2.88682833333333	7075765.85888672
2.93381333333333	8037617.15905762
2.98037	7002852.62133789
3.02698833333333	6206909.84118652
3.074255	7119041.56298828
3.12099833333333	6930134.19628906
3.15629666666667	7561675.34436035
3.20086333333333	7853650.19433594
3.24075333333333	7973057.76000977
3.28144166666667	10270723.3175049
3.32756166666667	7078921.14294434
3.374605	8012470.74365234
3.42051	10699154.8359375
3.46595166666667	12890649.4248047
3.513875	12833754.7102051
3.56065	14245241.6171875
3.60777333333333	8870084.69018555
3.65492	9318805.72595215
3.700175	11660103.5030518
3.747535	10512782.8500977
3.79484166666667	11054711.0023193
3.84096333333333	9140678.06201172
3.88824833333333	12150028.7399902
3.93448	12926206.6627197
3.98193666666667	10698783.5828857
4.02781	10402869.3894043
4.075375	9952628.41394043
4.122065	8820809.12023926
4.16853833333333	8981373.77929688
4.20598666666667	8245496.15148926
4.250135	12859599.630249
4.28895833333333	9058045.11608887
4.33339666666667	6558098.40869141
4.3806	7190231.98339844
4.42688333333333	9351381.14599609
4.47182	5616442.128479
4.51883	7368528.41955566
4.56582833333333	10893914.0621338
4.61131166666667	7829695.51782227
4.65814833333333	7545285.31744385
4.70520333333333	9387345.15930176
4.75159833333333	12890437.8051758
4.79818	11382675.1723633
4.84361833333333	16123884.3961182
4.88993833333333	19311860.0672607
4.93431166666667	14937177.7197266
4.98065	8436305.75976563
5.02846	9959139.95495605
5.07476166666667	8375922.44274902
5.12038166666667	7119547.70336914
5.16780333333333	8725651.52612305
5.21481666666667	7064325.88146973
5.24770666666667	10741721.6038818
5.29282166666667	9862923.16333008
5.33397	11107540.0773926
5.37816	7389277.92590332
5.42356	8585639.03674316
5.46974666666667	12591644.9256592
5.51455	10425022.3895264
5.56031166666667	10729295.9578857
5.60745333333333	6841223.70654297
5.653915	12235281.739502
5.699815	10075074.2574463
5.74544333333333	11926540.4443359
5.79060833333333	9142049.52490234
5.83682166666667	8489092.73449707
5.883195	12311100.9759521
5.92940333333333	12209697.4666748
5.97453833333333	13509542.0412598
6.0201	12915472.6966553
6.06576333333333	16864736.0576172
6.11298	17172862.1986084
6.15849	18731234.1999512
6.20508333333333	18076950.9317627
6.25082333333333	23974439.5866699
6.28716833333333	31552885.8525391
6.32826	30439654.3168945
6.37129	28610338.7883301
6.41535	23751143.9472656
6.45759	18128352.1918945
6.49990666666667	18644274.736084
6.54587333333333	21162848.560791
6.58874	19610784.9943848
6.63238166666667	31947384.8215332
6.67159833333333	53312467.1970215
6.71693666666667	73172050.0556641
6.75984333333333	70204154.3735352
6.80085833333333	45341240.2316895
6.84386666666667	22306085.7392578
6.89277166666667	17357945.5646973
6.93927333333333	16923554.4196777
6.98493833333333	21348050.1279297
7.03088	44072581.6782227
7.07084833333333	56113591.6809082
7.11555833333333	71329374.4555664
7.16033333333333	66050335.9321289
7.20239833333333	57137643.5131836
7.24615666666667	78648966.3139648
7.28977	69866888.9057617
7.325905	64148794.9389648
7.36709833333333	56576128.6616211
7.41004666666667	60927969.675293
7.44928333333333	43897858.8491211
7.48621833333333	54179552.1367188
7.522035	78950325.9047852
7.56092833333333	121440889.180664
7.60327666666667	115497842.758789
7.64288	91545514.1323242
7.68359333333333	96836768.3808594
7.72323166666667	65769894.2919922
7.76647666666667	41234396.4279785
7.80904666666667	50467033.2705078
7.84982666666667	47785043.8288574
7.891775	72423458.7895508
7.93640833333333	83866738.1225586
7.97302	113301969.960938
8.01833333333333	120072868.408203
8.060415	137654849.914063
8.10760666666667	142067440.628906
8.14802666666667	149466076.202148
8.19153833333333	125513627.412598
8.23789833333333	113726570.515625
8.27944	95067429.7944336
8.32154833333333	94651931.2426758
8.35859	108259913.164063
8.396685	105976441.249023
8.440035	127604478.850098
8.48441333333333	158118160.775391
8.52455666666667	146545654.394531
8.55974666666667	111327955.581543
8.601925	91909042.9399414
8.64459666666667	84586226.0864258
8.685725	69757415.1435547
8.72714833333333	71402169.940918
8.76736833333333	51083176.1386719
8.80871166666667	44982919.8852539
8.8503	62472936.0351563
8.88940666666667	42526408.2329102
8.9317	53219985.0126953
8.97661166666667	92642512.8964844
9.01530666666667	84684186.6308594
9.05685	102669564.000977
9.096275	154227846.695313
9.13892833333333	162541089.47168
9.17973333333333	202426536.25
9.21737833333333	252513451.474609
9.25877666666667	246833320.523438
9.29830833333333	291562757.625
9.34196333333333	315663497.525391
9.37945	296625553.490234
9.41767333333333	221752993.293945
9.45971	195553228.988281
9.50296833333333	159602437.083984
9.54665833333333	93238795.0136719
9.58709333333333	94473534.871582
9.62932666666667	125304118.683594
9.66178333333333	204986158.711914
9.69675	262446521.167969
9.73899166666667	238909164.489258
9.78147833333333	183006426.900391
9.815695	245901932.69043
9.85196666666667	165221691.970703
9.89446833333333	146000242.439453
9.92766333333333	126812248.920898
9.96735166666667	95091452.6547852
10.0065633333333	89073813.9775391
10.04722	79189301.659668
10.085665	97745601.5537109
10.1231266666667	127909639.151367
10.1617783333333	96041454.644043
10.2005133333333	95259664.8930664
10.2388283333333	89320108.3046875
10.2832516666667	123166797.354492
10.3218216666667	95447658.2905273
10.3640016666667	80925750.4829102
10.4033583333333	79259182.3291016
10.4421966666667	94335236.640625
10.4831033333333	112658063.269531
10.523055	96697740.3696289
10.5616183333333	101892193.237793
10.5976533333333	136794295.90332
10.64072	165638937.293945
10.6778933333333	147122463.49707
10.71685	190335730.286133
10.7522183333333	269469159.828125
10.7975216666667	353266802.908203
10.83278	314094587.203125
10.8725283333333	302874686.126953
10.9139766666667	250916257.706055
10.9509883333333	234612250.44043
10.9933	211378101.307617
11.0331666666667	146340244.369141
11.071985	239875594.224609
11.1092666666667	200027365.952148
11.1499783333333	200540169.544922
11.1873866666667	168956545.597656
11.2242766666667	201329187.320313
11.2652133333333	277897887.761719
11.3044283333333	346976970.060547
11.341065	315759946.847656
11.3779983333333	318006135.417969
11.4140233333333	233150815.128906
11.4520816666667	214558988.626953
11.4923783333333	214941585.814453
11.5292083333333	230732978.289063
11.569495	200404598.757813
11.60418	272231746.013672
11.64536	257194930.279297
11.6871366666667	267620899.186523
11.7229416666667	263744474.613281
11.761995	204125532.532227
11.800435	167479745.712891
11.8433516666667	216135146.912109
11.8776633333333	265252674.197266
11.9154383333333	301756896.144531
11.9473466666667	361957244.363281
11.982005	412792461.082031
12.01643	615587240.5
12.0493266666667	557103791.671875
12.0870016666667	630517006.041016
12.1224566666667	616242618.742188
12.1552583333333	705432818.439453
12.1944566666667	583120817.513672
12.22858	449576416.988281
12.2598	641329156.324219
12.2925316666667	530147117.519531
12.3255933333333	508769160.474609
12.3607083333333	537747510.541016
12.3943216666667	402324910.9375
12.43373	496922097.054688
12.466495	419223997.941406
12.50329	438272164.839844
12.5408883333333	607113704.015625
12.5737316666667	481058632.175781
12.6143166666667	640670491.675781
12.64669	643054329.730469
12.682745	544490503.919922
12.72297	562270811.003906
12.757755	615459277.714844
12.7975066666667	636718868.667969
12.8311916666667	637214992.914063
12.8643516666667	696376607.367188
12.901305	547942260.640625
12.9398733333333	443901523.203125
12.9749583333333	512268738.019531
13.0124933333333	652154197.363281
13.047945	718426235.0625
13.0849633333333	559476678.804688
13.121975	484103837.267578
13.1601866666667	607417130.037109
13.1968733333333	596012907.132813
13.233	720528068.378906
13.268375	499379428.810547
13.3028566666667	460992246.529297
13.3439933333333	427192309.289063
13.3838666666667	489920617.798828
13.424835	318836220.195313
13.4694466666667	364132408.189453
13.5097016666667	405163511.552734
13.546105	495698468.017578
13.5805183333333	456933939.328125
13.614775	384440231.123047
13.6553083333333	277689942.332031
13.6875033333333	251330532.588867
13.72505	367546114.21875
13.75843	513148239.128906
13.79095	672020480.671875
13.8256916666667	579456769.119141
13.8601583333333	603398632.185547
13.8938466666667	539344676.75
13.9304983333333	639984569.3125
13.96613	637785303.527344
14.0030266666667	637928214.798828
14.03838	707013998.640625
14.0763633333333	757214244.800781
14.1094033333333	630606606.710938
14.1464066666667	446665376.255859
14.1847783333333	417741498.509766
14.2207266666667	373077924.066406
14.2560783333333	304818253.998047
14.2938683333333	364406181.662109
14.3257566666667	399027199.671875
14.35981	373097319.601563
14.397145	401076513.441406
14.4309166666667	380400581.892578
14.4709216666667	481529898.609375
14.5041916666667	561235389.111328
14.537405	430481900.560547
14.5696366666667	430826940.976563
14.6052366666667	445039971.34375
14.6401633333333	380255778.005859
14.67584	414001597.310547
14.708	447544901.476563
14.7406216666667	461374134.289063
14.7732433333333	498333048.226563
14.805645	619741975.849609
14.837735	523493631.910156
14.87179	722175634.789063
14.9056283333333	728222492.886719
14.9409216666667	740656367.308594
14.9741683333333	611344645.136719
15.0104866666667	474773512.820313
15.047135	430108242.392578
15.086325	496375086.125
15.1181583333333	437330596.449219
15.151275	588484233.382813
15.18761	550659305.664063
15.2224416666667	492000861.480469
15.2576233333333	451975444.203125
15.2900766666667	395920689.533203
15.3258133333333	461567265.314453
15.3574983333333	563278688.324219
15.3870833333333	640232779.132813
15.4236366666667	542480096.695313
15.4586333333333	692820241.046875
15.491445	699098562.966797
15.5282916666667	751903852.527344
15.56421	702738962.175781
15.5958566666667	776240261.5625
15.6291333333333	801831996.019531
15.6634466666667	773101171.328125
15.6977216666667	891590721.644531
15.7278516666667	708874066.222656
15.7612483333333	698372965.660156
15.7958266666667	886260192.457031
15.829255	832892271.273438
15.86498	803360033.273438
15.9001616666667	766448735.601563
15.931245	765113931.753906
15.9681266666667	604496672.519531
15.99932	631218360.136719
16.0348083333333	600736774.976563
16.0701733333333	449785029.476563
16.1055183333333	521977421.654297
16.140955	417685073.523438
16.1796033333333	383765613.748047
16.2177416666667	406685627.351563
16.2534133333333	448326773.744141
16.2910266666667	540126520.779297
16.3283566666667	500366124.886719
16.3640616666667	523739011.214844
16.3964833333333	573558746.742188
16.4300066666667	617050983.068359
16.4652683333333	505041628.146484
16.501465	432944844.484375
16.5344466666667	407126320.074219
16.5746183333333	411170542.927734
16.608375	453206089.921875
16.6427683333333	336944362.082031
16.6776716666667	449644123.199219
16.712565	502672297.007813
16.7448383333333	491975400.654297
16.7786266666667	556125501.298828
16.8105116666667	621749545.371094
16.8420583333333	621508558.376953
16.8758933333333	689334437.339844
16.9106383333333	676358748.234375
16.9434183333333	675322979.878906
16.9790833333333	659555210.59375
17.0129566666667	494676452.367188
17.0474266666667	501164993.433594
17.0871766666667	568339017.859375
17.1238566666667	410966562.970703
17.1592966666667	501371521.746094
17.1972066666667	370602749.253906
17.235745	495587996.275391
17.2711866666667	530693453.953125
17.3060866666667	404246283.878906
17.3430383333333	433154742.271484
17.3779533333333	417897373.021484
17.4130483333333	448920909.541016
17.4464366666667	447681935.486328
17.481285	531581982.746094
17.5131133333333	531008709.679688
17.545645	546306175.042969
17.5779066666667	438736404.564453
17.616065	397010495.423828
17.6507083333333	430375983.453125
17.6827633333333	428248948.240234
17.718885	384263875.865234
17.7548333333333	382845964.193359
17.787925	466933719.460938
17.8216083333333	515978312.554688
17.8543633333333	494832336.179688
17.888115	560029438.167969
17.9221216666667	535585369.667969
17.95604	436566524.982422
17.9913266666667	490845399.060547
18.0228583333333	526219526.794922
18.0544916666667	557889596.125
18.0879283333333	573478755.945313
18.1216133333333	586179107.34375
18.154465	591432455.0625
18.18587	682885919.859375
18.2194833333333	657181012.035156
18.2514433333333	768107893.082031
18.2834416666667	734736895.960938
18.3144716666667	669675915.527344
18.3515033333333	731333191.285156
18.3822733333333	792300643.011719
18.4165716666667	746703793.925781
18.4492683333333	708392457.9375
18.4870083333333	837918605.519531
18.522555	771258066.203125
18.5581366666667	858629486.398438
18.5922916666667	767195084.644531
18.62701	753987295.730469
18.6595433333333	709409040.40625
18.6923333333333	548431208.333984
18.7256916666667	614870533.505859
18.7631983333333	626691741.285156
18.7963783333333	662779948.007813
18.82757	591702332.667969
18.86264	731838431.671875
18.8941683333333	821322161.671875
18.927595	782924962.207031
18.9595066666667	732045135.832031
18.99432	638494976.4375
19.0289083333333	664015558.5625
19.063045	790763849.109375
19.094025	675698951.277344
19.1282316666667	745716718.214844
19.1602483333333	697689949.945313
19.195375	672209556.683594
19.2264083333333	686407665.464844
19.2605416666667	747329852.144531
19.292615	655022981.339844
19.3269216666667	724593122.488281
19.3599866666667	719928871.761719
19.3922966666667	511980539.453125
19.4244216666667	650008434.609375
19.4572116666667	538000696.785156
19.48939	608725950.496094
19.5241916666667	675234674.375
19.5571516666667	598852929.910156
19.5894833333333	664950510.53125
19.6249416666667	632350369.351563
19.6577833333333	586811321.703125
19.6906533333333	470887915.611328
19.725845	640905470.992188
19.7571233333333	586880666.300781
19.7894683333333	667007041.292969
19.821835	655910369.617188
19.8550933333333	659672010.210938
19.8894166666667	559229846.851563
19.9222133333333	672203114.019531
19.95686	621865214.988281
19.9921516666667	613606477.234375
20.0256883333333	650322640.097656
20.06103	571956571.201172
20.09616	558245185.462891
20.1306416666667	645924199.5
20.16397	746798438.980469
20.1951333333333	761547813.664063
20.2285983333333	714190038.03125
20.262375	826423149.503906
20.29404	870423859.242188
20.3254133333333	757137604.515625
20.3585866666667	624177108.238281
20.3928033333333	535835792.976563
20.4291566666667	569609814.582031
20.463285	584485023.513672
20.4958066666667	486735002.476563
20.5318166666667	544033366.113281
20.5644316666667	622156375.171875
20.6	766467199.40625
20.6331783333333	868943805.417969
20.667275	878027455.75
20.7003966666667	901098973.9375
20.7331266666667	853130650.242188
20.7653283333333	771917227.566406
20.7982916666667	828067102.3125
20.8286333333333	833372650.867188
20.862395	851187896.609375
20.8925566666667	712087977.203125
20.9261866666667	719714283.128906
20.960295	654961758.367188
20.99438	569823855.933594
21.029415	578415032.492188
21.0636366666667	608366282.832031
21.0952433333333	716498950.601563
21.127805	601643087.644531
21.16003	635713050.558594
21.1952216666667	711937653.875
21.2301433333333	797298790.164063
21.2616633333333	691974758.949219
21.2965633333333	601612086.777344
21.3332833333333	619842816.726563
21.36659	537785290.953125
21.4003416666667	586622249.929688
21.437455	603050532.421875
21.4682533333333	530668490.785156
21.5020216666667	544530044.960938
21.535545	484810444.121094
21.5686433333333	471136790.179688
21.5993133333333	628108823.960938
21.6303683333333	718996498.339844
21.66173	586396444.769531
21.6955516666667	637033098.324219
21.72862	732714863.148438
21.7618016666667	632888912.179688
21.7970116666667	835028546.449219
21.8302933333333	661893493.519531
21.864785	683587925.183594
21.89883	754796782.234375
21.93126	794401611.03125
21.9664566666667	835063991.523438
21.999635	734099496.253906
22.0338133333333	610982016.214844
22.0663933333333	828807710.871094
22.0984866666667	843868759.207031
22.1306483333333	794092480.742188
22.1636266666667	747441517.085938
22.1973483333333	627379685.738281
22.2303866666667	643240097.238281
22.2635116666667	720873015.230469
22.2959516666667	641767499.046875
22.3293083333333	695843062.875
22.3630866666667	667331424.160156
22.3980333333333	661934657.625
22.4302316666667	729096065.199219
22.4613666666667	752250859.277344
22.49111	646481930.664063
22.5231116666667	803412575.5625
22.55494	842555376.160156
22.5864866666667	912846848.1875
22.61749	899564878.507813
22.6513683333333	684295069.984375
22.6887833333333	637268696.136719
22.7234183333333	685948067.679688
22.7562933333333	637564804.445313
22.7901233333333	629506596.886719
22.8248316666667	819104950.292969
22.8583383333333	699754850.625
22.8906883333333	653815607.90625
22.9231166666667	876319022.605469
22.9523566666667	1046428806.1875
22.9822616666667	1070445277.01563
23.0128283333333	1169869309.9375
23.0447066666667	1037596121.49609
23.0787066666667	1101298727.47656
23.1102183333333	953902918.148438
23.1451333333333	851843549.023438
23.1766633333333	807450543.902344
23.210805	744325105.609375
23.2433366666667	583873185.785156
23.277935	696032473.515625
23.3102683333333	664049043.019531
23.342625	702766604.910156
23.37464	670789665.828125
23.4064616666667	762511710.128906
23.4408033333333	745843917.449219
23.4749183333333	638537078.050781
23.5079616666667	774327895.503906
23.542385	703196602.339844
23.576715	651356451.488281
23.6130816666667	863224833.320313
23.6464966666667	923084450.648438
23.6779783333333	832023141.953125
23.7102283333333	972827368.855469
23.7437116666667	967293538.792969
23.7771066666667	961567001.152344
23.8079166666667	1085291504.88672
23.8412933333333	899077118.640625
23.87354	910117090.800781
23.9097833333333	752282843.804688
23.9423366666667	1035156249.50781
23.9750683333333	992103767.132813
24.007395	1088831393.26953
24.0393066666667	1164541533.38672
24.0700566666667	1176900433.14063
24.1022866666667	1013384977.76563
24.1356033333333	1250652697.97266
24.167745	1138897193.05078
24.1996666666667	901610221.574219
24.2313883333333	1013452525.80469
24.2640233333333	954952151.085938
24.2970816666667	889738540.761719
24.33146	839174861.15625
24.3654066666667	943890609.015625
24.4002883333333	957363257.210938
24.4328866666667	788857332.390625
24.4667233333333	767861669.550781
24.49838	1169892012.16016
24.52877	1093694061.55859
24.56036	927401208.464844
24.59056	865475255.640625
24.6232116666667	853593333.355469
24.654485	900462234.828125
24.686495	969270115.820313
24.717845	957655966.507813
24.7513	905328029.632813
24.7817966666667	914916994.378906
24.8135333333333	888829775.300781
24.8464633333333	867853100.1875
24.878395	884936748.003906
24.9106	884911595.671875
24.941965	550439635.664063
24.9758766666667	844288378.835938
25.006875	988605775.519531
25.038505	903189922.503906
25.070055	956507825.246094
25.1006583333333	929848768.035156
25.1319016666667	899395845.410156
25.1636033333333	907790556.035156
25.19819	886766806
25.2295633333333	976918685.828125
25.2625366666667	1105009401.89453
25.2963733333333	1018009884.03516
25.3294416666667	1110310639.85938
25.3630866666667	917093780.496094
25.3962	982184574.773438
25.4300466666667	1122628243.07031
25.4623733333333	1024748328.29297
25.4962033333333	879043371.394531
25.5300066666667	913973979.699219
25.562045	877860583.613281
25.5945166666667	854244500.296875
25.62557	850536457.152344
25.658095	910608537.636719
25.6899816666667	997693667.714844
25.7233966666667	1126186958.99609
25.7556916666667	1148462053.26563
25.786385	1161577352.42969
25.8173833333333	1201393041.60938
25.850815	1145833017.70703
25.8825816666667	1033514563.55859
25.9150816666667	1057296677.53516
25.94739	938442343.25
25.9802033333333	751248622.859375
26.0113816666667	830240750.867188
26.0437566666667	776848128.359375
26.0770716666667	890875364.230469
26.10766	941156801.996094
26.1385616666667	945229647.550781
26.1718566666667	962653185.722656
26.20457	1084132783.17578
26.2368383333333	999508176.878906
26.2698016666667	1057877457.57422
26.3020516666667	1015544710.72266
26.3349066666667	908588939.464844
26.36578	1008136112.11328
26.3995783333333	1042249163.75781
26.431035	923902501.832031
26.464715	1031147659.16406
26.4973966666667	925861874.175781
26.5286333333333	916246790.554688
26.5619416666667	895870513.402344
26.5944866666667	786004486.917969
26.6268383333333	851027907.707031
26.6591433333333	908068023.375
26.6920916666667	922266922.363281
26.72392	995815709.84375
26.75613	1121013572.63672
26.7872866666667	1220918755.72266
26.8195966666667	1381451558.70703
26.8526283333333	1290256186.17969
26.8865983333333	1327258559.11719
26.91986	1473392616.6875
26.953425	1444194377.79688
26.985285	1395819229.29688
27.0181216666667	1521265719.56641
27.0499983333333	1409465217.97656
27.08413	1455708315.71484
27.1145433333333	1446443377.44531
27.14732	1312158419.50391
27.1813	1295582412.53125
27.2146516666667	1389074638.57031
27.2473183333333	1377583500.56641
27.2797766666667	1176478286.29297
27.311415	1142030236.77734
27.343315	1134702300.25
27.3752516666667	1065753084.95313
27.4063933333333	984528190.960938
27.4389033333333	946595771.492188
27.4698483333333	829742555.023438
27.5005033333333	931693997.765625
27.53335	868457445.898438
27.5659333333333	938625562.75
27.5970416666667	959565113.199219
27.6287916666667	1020228343.57813
27.6599616666667	1064926684.75
27.6916883333333	1212263086.73828
27.7228066666667	1156069399.62891
27.7526233333333	1025069455.40625
27.7834683333333	1080501132.90625
27.8149633333333	1027903851.86719
27.8463633333333	1100531012.76563
27.8773883333333	1135978381.13281
27.9095616666667	1192769443.39063
27.9415716666667	1359130056.70703
27.9746883333333	1298162870.85156
28.008215	1496005452.32813
28.0405366666667	1397360456.1875
28.0743	1476445524.26172
28.1078783333333	1374762386.71875
28.1428983333333	1463990163.79688
28.176765	1288029285.29297
28.2106283333333	1486600737.57031
28.242705	1328524093.55469
28.2768	1313047073.90234
28.3105066666667	1298717151.72266
28.3443166666667	1214884433.53906
28.3784866666667	1157047666.96484
28.4126766666667	1060543104.04297
28.4461133333333	966466411.816406
28.4785766666667	910919824.96875
28.5137233333333	979348983.671875
28.5480316666667	946954080.558594
28.5824216666667	985047169.484375
28.615665	1130116497.50391
28.6482166666667	1266154659.72656
28.6818433333333	1258539150.3125
28.7159916666667	1296108954.12891
28.747935	1275852522.33984
28.7814916666667	903484431.201172
28.81566	1475709616.95703
28.8485966666667	1669453988.64063
28.88156	1537488741.71875
28.913225	1834929454.21875
28.94725	1577707517.43359
28.9808366666667	1517791740.25
29.01627	1511898892.90625
29.0484833333333	1424960522.41406
29.0806016666667	1274271812.90234
29.114355	1196024274.80859
29.1468033333333	1104060604.95703
29.1789033333333	973115303.035156
29.2116616666667	967762115.847656
29.2443833333333	494302866.28125
29.2762616666667	995329406.449219
29.3073466666667	932136194.277344
29.3379383333333	890617678.820313
29.3681383333333	951819787.839844
29.4000183333333	945060134.609375
29.4313866666667	916429813.089844
29.4632416666667	1073076318.39844
29.4927666666667	1039364492.08594
29.5235766666667	1156474115.80078
29.5558916666667	1102903790.5625
29.58733	1201331662.5625
29.6189016666667	1344994369.10156
29.6516783333333	1259980681.60547
29.6860633333333	1255926504.94141
29.7182	1297905701.83594
29.7508216666667	1223623207.54688
29.783555	1150193055.44922
29.81449	1117117703.125
29.848415	1238470994.19922
29.8805316666667	1283777762.54297
29.9130483333333	1287312646.79688
29.944335	1333821024.24219
29.97721	1385342315.66797
30.00964	1206802776.75
30.04122	1347149907.94531
30.073665	1174598476.22266
30.106615	1321447997.49219
30.13951	1286312245.44141
30.1719666666667	1208279315.40234
30.20694	1194400530.36719
30.2405966666667	1282520972.24609
30.2740983333333	1204005238.07031
30.3076883333333	1206474198.8125
30.3406633333333	1265328664.45313
30.3744933333333	1259301371.18359
30.4080433333333	1329209904.44531
30.4403816666667	1278580176.32422
30.4708716666667	1335362834.42188
30.503765	1301384009.93359
30.5352033333333	1293601462.44531
30.56741	1253124038.07813
30.6008916666667	1039126028.78516
30.6336583333333	1026703053.81641
30.66525	1139897568.73047
30.69742	977265656.398438
30.7304416666667	1017955303.94531
30.7629233333333	1028051673.25
30.7945366666667	1175030798.19141
30.82645	1129508835.23438
30.8568833333333	1058060364.78125
30.8881533333333	1135437429.27344
30.9207633333333	1005751048.41016
30.9535583333333	963869846.433594
30.9863833333333	982187629.671875
31.0183183333333	1027940768.94922
31.0512316666667	1053324195.61719
31.0835883333333	1176884867.92578
31.1148316666667	1116252456.91016
31.14777	1175994964.45703
31.1793416666667	1289372428.55078
31.2122316666667	1373910856.91797
31.2445033333333	1329071335.67188
31.2769916666667	1392056520.71875
31.3108683333333	1414368171.24219
31.343195	1272119816.91016
31.377665	1415646613.5625
31.4127016666667	1225938563.81641
31.445815	1180957514.02734
31.477775	1155892057.19141
31.51115	1135868127.95703
31.544455	1139700871.27344
31.5778833333333	1067438436.22656
31.609565	1079696577.875
31.6403416666667	1199863463.73438
31.674135	1149877898.29688
31.706325	1188918852.59766
31.7388166666667	1222667937.87891
31.7714966666667	1162821859.39844
31.8028333333333	1152855041.37891
31.83691	1053332798.78516
31.8705383333333	1069476666.63672
31.9025683333333	996556231.058594
31.9368416666667	1065573543.09375
31.9688666666667	989760645.5625
32.0014466666667	1080367796.68359
32.0339666666667	881719653.3125
32.0662983333333	974178442.152344
32.0972466666667	993208779.074219
32.1284866666667	978280036.886719
32.1625366666667	1009430056.30078
32.19509	1040765615.21484
32.2267366666667	1048897006.44141
32.258715	906768405.074219
32.2909816666667	926395949.1875
32.3226833333333	1077091316.94531
32.3543516666667	1125650792.50781
32.3866333333333	1095188606.58203
32.4186016666667	1129078756.10547
32.4512783333333	1124648771.34375
32.4827366666667	1107924837.57422
32.5150966666667	1081747542.49219
32.54819	1118669245.67969
32.5798233333333	1195311733.22656
32.6112516666667	1286337924.125
32.642675	1303505035.38281
32.674215	1366404906.21094
32.7052883333333	1317030891.41406
32.7373266666667	1394305895.98438
32.7698116666667	1457936894.29688
32.8024616666667	1609489066.97656
32.8335266666667	1511173533.19531
32.866145	1700723503.28125
32.8997533333333	1492047169.49219
32.9329366666667	1410502170.54688
32.9648316666667	1399259663.72656
32.9971116666667	1333405048.07813
33.0305583333333	1431998040.88281
33.0647033333333	1223536363.11719
33.09632	1274976990.91016
33.1284916666667	1256149429.16406
33.1603233333333	1225185590.23828
33.192945	1247072309.95703
33.2251883333333	1275181275.92578
33.2572883333333	1318346962.92969
33.288395	1193213023.51172
33.32067	1136371660.00781
33.3542066666667	1211935076.70703
33.38788	1116047817.39063
33.4227583333333	1096089549.14453
33.4568483333333	1024937726.71094
33.491825	1042313832.46875
33.5248016666667	1095931184.72656
33.5574016666667	1129188309.39453
33.591055	1162546528.46484
33.62398	1219390566.02734
33.6555	1239750117.07031
33.6869816666667	1190717092.42188
33.71877	1267209848.17969
33.7520283333333	1106983388.25781
33.7841516666667	1149202908.40625
33.81642	1190579429.30859
33.8484233333333	762109711.773438
33.8809066666667	1012858892.78516
33.9120016666667	1092235016.65625
33.9437133333333	1103372938.33984
33.9760066666667	1074117892.60156
34.0083716666667	1012762886.03516
34.0420266666667	881645122.230469
34.074245	860285702.136719
34.1072983333333	897982163.613281
34.140515	1105162247.08594
34.1714166666667	1103649680.26953
34.20356	1184114969.44531
34.2344183333333	1279395505.94922
34.2669583333333	1264353156.72656
34.2991433333333	1196420190.13672
34.33164	1175366293.29297
34.3644383333333	1197572139.58594
34.396975	1238719953.0625
34.4293916666667	1186626365.33594
34.4640116666667	1207913894.11328
34.4965783333333	1238941218.39063
34.5283216666667	1289316049.17188
34.5617366666667	1169062049.22266
34.5959583333333	1099565351.09766
34.6302316666667	1244729879.03906
34.665375	1082909659.07813
34.699075	1051805405.89453
34.7331216666667	1027385734.46094
34.7666516666667	963744132.375
34.8002	1102401756.33594
34.8331983333333	1033715570.38281
34.8669433333333	905591392.160156
34.8984966666667	1010607498.38281
34.9300083333333	1024646966.16406
34.96274	963655662.515625
34.9936833333333	876566870.097656
35.0255916666667	991839924.6875
35.0572533333333	936132076.566406
35.0889483333333	961881483.476563
35.120835	935597593.316406
35.1527816666667	1035280563.53125
35.1830316666667	1112964599.30859
35.2150483333333	1101273557.63281
35.2487666666667	1075116512.61328
35.2809533333333	1110753729.39453
35.3132166666667	916695275.65625
35.3466083333333	985915647.878906
35.3787183333333	1123587215.89453
35.4108516666667	1136545300.71484
35.4439533333333	1285183146.83203
35.4755283333333	1239161013.71484
35.5074666666667	1213861179.93359
35.5409383333333	1254541489.17188
35.575125	1194849583.65625
35.6086716666667	1210360154.12109
35.641595	1032744918.61719
35.6745766666667	1055612342.08594
35.7084066666667	1050367405.69922
35.7426716666667	1072957184.94531
35.7760833333333	1216422943.74609
35.8084716666667	1075060618.83203
35.8418966666667	1117178031.47656
35.8754566666667	1232191251.10156
35.9094	995750815.210938
35.9421233333333	1146681619.66016
35.973615	1143227361.12109
36.0060783333333	1132885175.96875
36.0381366666667	1000215661.08203
36.0718466666667	1100219949.91406
36.1046233333333	1183970515.3125
36.1362733333333	909216379.917969
36.1683266666667	1153925888.78516
36.2010733333333	1205004182.92188
36.2318433333333	1457484206.28125
36.2630333333333	1403911764.25781
36.2943216666667	1340902667.47656
36.3262483333333	1477641026.375
36.35895	1458800774.03125
36.3916466666667	1251658653.76172
36.4220233333333	1442330368.09375
36.4547316666667	1198002518.70703
36.4870633333333	1166539606.16406
36.5189633333333	1138468341.93359
36.55092	1023997640.3125
36.5846483333333	908865892.402344
36.6174983333333	939349971.394531
36.6512833333333	875488166.976563
36.6838566666667	910946649.191406
36.7175166666667	1046928164.97656
36.748835	1064843348.28906
36.782605	1006238768.54297
36.8162333333333	969435011.042969
36.849275	940725481.074219
36.88186	977546705.019531
36.9137633333333	908678917.847656
36.9471633333333	1004722717.80078
36.9789716666667	845124689.4375
37.0111266666667	809119946.636719
37.0450583333333	803917149.898438
37.0789566666667	789382089.933594
37.1112366666667	806098571.945313
37.1432166666667	819669371.984375
37.1746283333333	681263282.75
37.2078133333333	814868690.515625
37.2399833333333	771526979.089844
37.271305	889693495.308594
37.3041233333333	836472596.085938
37.335255	1009062973.28125
37.3678616666667	1006270008.30859
37.3994933333333	1239876352.10156
37.429745	1139115427.44531
37.461545	1231695837.69141
37.4947033333333	1146095424.17188
37.5266233333333	1244380830.23828
37.5596016666667	1208578769.90625
37.5918033333333	1159841810.61719
37.6236966666667	1200832972.53516
37.6563616666667	1084174019.59766
37.6892466666667	1162702003.73438
37.7219366666667	1119070973.67578
37.7558733333333	969751621.257813
37.7863183333333	1086893588.07422
37.8194566666667	1089391839.32031
37.853965	1071198377.38672
37.88794	1211277858.37109
37.9208016666667	1136892760.5
37.954155	1204999751.09375
37.98528	1241958104.36328
38.0180983333333	1440663399.66406
38.0494366666667	1375285851.56641
38.0815016666667	1382989954.28125
38.1149983333333	1319407199.875
38.1486716666667	1344865014.74219
38.180685	1189995086.875
38.2123833333333	1272889155.05469
38.245785	1134592130.96484
38.2785016666667	1116423336.37109
38.3099966666667	1019589475.72656
38.3429633333333	1003963745.625
38.374425	1024733963.39453
38.40654	1094047321.07422
38.4386183333333	1047835525.84375
38.4702783333333	1242868821.34766
38.50196	1218274360.77344
38.5337066666667	1338865609.75
38.5652533333333	1269377770.16016
38.5970816666667	1307707193.52344
38.6282383333333	1312964524
38.6601333333333	1272088449.73047
38.69259	1270563223.14844
38.72553	1231996513.07422
38.75749	1032057007.35547
38.7897283333333	1098796012.37109
38.8226416666667	1190650954.00781
38.8542516666667	1147608649.07422
38.8864666666667	1385351991.77344
38.9189683333333	1346931639.82031
38.9520516666667	1353194358.70313
38.984515	1267708195.23438
39.0166416666667	1179176881.42188
39.0484316666667	1223325269.34766
39.079915	1101720094.72266
39.1127033333333	1271071413.01563
39.1444516666667	1143988814.74219
39.1768066666667	1104589539.42188
39.2093183333333	1103635665.66406
39.2426516666667	1151714965.42188
39.275845	1154168554.44141
39.3077866666667	1068578256.74219
39.340895	691016709.445313
39.3743233333333	1005851697.75391
39.405995	1081883117.50781
39.4384683333333	831585539.570313
39.4709883333333	878603204.457031
39.503815	928030545.9375
39.5380583333333	892823836.824219
39.57187	1004074899.46484
39.6048433333333	875776877.679688
39.63624	981645035.699219
39.6681983333333	996804165.273438
39.7019816666667	1084656947.67578
39.73457	1088115797.51563
39.7673533333333	1134594059.61719
39.798855	1244439822.57813
39.8325816666667	1247070665.02734
39.8654616666667	1140405512.45313
39.8970183333333	1144649317.91797
39.9295983333333	1133806835.13281
39.96183	1358482449.21875
39.9917483333333	1198157127.125
40.0234616666667	1193982031.15234
40.0559133333333	1129459411.49609
40.0879316666667	1154528688.17969
40.1197166666667	1268176030.61328
40.1528466666667	1321929251.28906
40.1855416666667	1108715049.55469
40.219135	964401746.238281
40.2523133333333	1059450648.58203
40.28643	877982036.101563
40.3205233333333	935583827.144531
40.3549266666667	855051612.617188
40.3875416666667	1027329180.19922
40.4190083333333	1008910504.33984
40.45211	924079749.820313
40.4847533333333	941536290.007813
40.5165833333333	980683682
40.5479816666667	997839581.578125
40.57866	1103482736.48828
40.6087383333333	1205509388.42188
40.641195	1179728454.34375
40.6735066666667	1269317627.46875
40.7057433333333	1144066493.71094
40.7378316666667	1343803283.19531
40.7708483333333	1317299240.14844
40.8043116666667	1448864155.14844
40.836855	1325906182.94531
40.8695983333333	1375181099.80469
40.90177	1198527901.55469
40.9344966666667	1322629144.24219
40.9666533333333	1391683512.67969
41.0006133333333	1329210058.49609
41.033685	1294685673.33594
41.066985	1127815877.33984
41.0999566666667	1205203751.0625
41.1326166666667	1110296372.57031
41.1642683333333	1048737341.625
41.1962333333333	999074479.339844
41.2285616666667	1109882857.41406
41.2606933333333	1142920831.0625
41.2933016666667	1115383667.14063
41.3277216666667	1030760599.67969
41.362685	1133856024.11328
41.396635	1248958226.90625
41.4297516666667	1287282342.14063
41.4629216666667	1260005101.95313
41.496345	1209013533.62891
41.5302	1120320939.77344
41.5639766666667	1203516695.75391
41.597675	1001637170.99609
41.6318016666667	918716169.503906
41.6638783333333	889569678.179688
41.6957916666667	856154285.808594
41.7262066666667	751920656.695313
41.75968	1012416763.80859
41.792335	875708605.21875
41.8263783333333	984921712.167969
41.85998	1039878277.05469
41.8927633333333	482570539.246094
41.9245933333333	934549559.808594
41.9564416666667	1044041987.15625
41.9879783333333	1022296046.74219
42.02047	1036682123.15625
42.0524633333333	966453796.199219
42.0858783333333	945381200.992188
42.11834	899341545.445313
42.1512566666667	1018194858.42969
42.1846766666667	902842063.492188
42.217605	966020520.210938
42.250275	1069795144.51172
42.28198	967501169.933594
42.3147266666667	959021452.746094
42.34646	1135876146.1875
42.3785633333333	1152316556.33594
42.41139	1037940203.85156
42.4427983333333	1223351099.64844
42.475285	890882377.007813
42.507585	1328507529.83594
42.5410083333333	1348509488.64844
42.5752416666667	1229078632.14453
42.6082833333333	1231821391.10938
42.6405133333333	1114896816.66016
42.6745833333333	1050361962.07031
42.7057383333333	1114232972.64063
42.7389916666667	1113652386.51563
42.7713033333333	1114119225.74219
42.802825	1108750660.80469
42.8358866666667	1178061846.22656
42.8687916666667	1218798894.125
42.9017083333333	1024455925.625
42.9344033333333	1223338631.5625
42.967365	1141842803.32813
43.00044	1010258738.36328
43.03338	971835409.386719
43.0651616666667	991458687.179688
43.09747	953278234.347656
43.1289416666667	955813110.300781
43.16048	1038211442.25
43.192705	909754967.933594
43.223745	1016351302.72656
43.2552283333333	974617950.265625
43.28738	1079271929.03906
43.3195316666667	1073097853.03906
43.3506983333333	1110182786.16797
43.3825866666667	1180972323.28516
43.4150766666667	940752241.640625
43.4482866666667	1050848342.23438
43.4809683333333	1124064512.71875
43.5134533333333	1005767453.53516
43.5452183333333	1108359568.67578
43.5760033333333	1223840264.65625
43.6084683333333	1265405500.61719
43.6399933333333	1336649679.03125
43.6731783333333	815715316.8125
43.7047366666667	1142735851.04688
43.736375	1278474956.71875
43.768515	1385679811.32031
43.8014433333333	1353565992.64844
43.83429	1352843237.44531
43.8669233333333	1236233707.67969
43.9006966666667	1063532249.59375
43.933815	1062936399.84375
43.967145	1043251876.64453
43.9998816666667	951995503.132813
44.0319216666667	993854327.007813
44.06348	1009941404.93359
44.0958616666667	993590513.914063
44.1263416666667	1124990775.52344
44.158745	1192164680.04688
44.18968	1181676919.84375
44.2226233333333	1336386282.34375
44.25482	1163103307.32422
44.2877666666667	1145381802.30859
44.32113	1351246848.39844
44.3535433333333	1119165559.51953
44.387545	1268445120.37109
44.4190416666667	1139776584.21875
44.4515983333333	1248289125.99609
44.4836666666667	1230884833.84375
44.51707	1325854971.64844
44.5495633333333	1249768235.53906
44.58149	1141564942.65234
44.6134066666667	1087560655.60156
44.6474266666667	1104021754.59375
44.6783916666667	1043213512.41797
44.71169	1041341364.67969
44.7428483333333	916842278.71875
44.7778466666667	912696122.257813
44.808975	922777091.824219
44.84119	999980367.628906
44.8743666666667	1018758397.06641
44.907675	1145769951.46875
44.939805	1118398697.64453
44.9720766666667	1125849155.51563
45.005125	1185217570.86719
45.0376766666667	1162192381.94531
45.07077	1321999230.125
45.1020133333333	1224377447.25
45.135345	1258305063.97656
45.1647033333333	1236905855.92969
45.197705	1305737088.76563
45.2296416666667	1259236967.09375
45.2613133333333	1468644699.63281
45.294625	1448802650.09375
45.328785	1425879429.01563
45.3603283333333	1587944152.96875
45.3950083333333	1562576683.8125
45.4284416666667	1584107058.59375
45.461695	1563621459.84375
45.49394	1685318997.53125
45.5265533333333	1782440788.54688
45.558675	1719517422.78906
45.5921216666667	1795749305.82031
45.62538	1741373888.10156
45.65847	1755185711.1875
45.6908483333333	1522413022.61719
45.722735	1435538074.32031
45.7557516666667	1498835953.07813
45.7885016666667	1564684049.625
45.8208816666667	1533996297.14844
45.8529833333333	1503015137.53906
45.88509	1685442872.1875
45.9164783333333	1442274871.32813
45.9479566666667	1508600595.63281
45.9782983333333	1624433030.33594
46.0093083333333	1466011121.77734
46.0398083333333	1578239311.88281
46.0716033333333	1532769636.08594
46.1023283333333	1535190192.54688
46.1345166666667	826414665.753906
46.1672916666667	1431350687.78125
46.1980333333333	1232828236.92188
46.2304816666667	1334642222.32813
46.2634966666667	1181009891.30078
46.2962133333333	1203428777.01563
46.3295716666667	1217404952.98438
46.3630166666667	1038835096.04688
46.39687	915876830.667969
46.43238	1074711595.51563
46.465395	1037961442.49219
46.49976	1011492936.55859
46.53339	953252313.894531
46.5653783333333	969896343.476563
46.5993766666667	832707772.792969
46.6316466666667	936589327.566406
46.6631716666667	1005404845.99219
46.696305	1056496785.95703
46.7307	1143447110.13281
46.76348	1120780798.58594
46.7949116666667	542662306.421875
46.82889	1209347340
46.86101	1216879091.77344
46.89292	1066668230.01953
46.9256633333333	1112170391.14063
46.95672	1204334333.59375
46.9884216666667	1250999364.98438
47.02074	1321728733.54688
47.0525283333333	1377302562.80469
47.0856466666667	1285909744.03125
47.1180016666667	1254016214.70313
47.1506116666667	1153843167.17969
47.1834133333333	1263221932.91797
47.2146966666667	1242887907.89063
47.2462816666667	1266248781.53906
47.2789933333333	1309998994.57031
47.3107316666667	1419358207.42969
47.3427116666667	1473030129.58594
47.37575	793559303.0625
47.4091866666667	1256893414.65625
47.44267	1198320224.71875
47.4757933333333	1174215468.42578
47.5097433333333	1202267198.96094
47.54287	1131638401.96875
47.5752433333333	1035644228.97266
47.60954	957112673.851563
47.6430633333333	992241529.554688
47.6753966666667	1047881729.8125
47.7082883333333	488209382.535156
47.7413733333333	1068539570.6875
47.7737666666667	1135026233.3125
47.8062516666667	1082136090.88672
47.8393316666667	1019990534.10938
47.8714783333333	1125486028.82031
47.9042366666667	1183769404.67969
47.9362516666667	1134383686.6875
47.9677866666667	1243169592.13281
47.9995983333333	1134316786.73438
48.0316233333333	1156230523.79688
48.0643516666667	1128226165.82813
48.0967233333333	1124470535.44531
48.1286683333333	1057923671.41406
48.1617766666667	1032522615.66406
48.1949033333333	1106117357.30469
48.2272783333333	1127755943.09766
48.2590766666667	1152389922.25781
48.2911266666667	1382139894
48.32327	1326781941.54297
48.3557316666667	1288684523.03906
48.38837	1123331829.39844
48.4195633333333	1138945076.17188
48.4504666666667	1304696354.73438
48.4811766666667	1290028820.02344
48.513865	1275626524.35938
48.5452266666667	1409914596.42188
48.5776116666667	1398387384.78906
48.6092033333333	1442401106.20313
48.6416466666667	1456352837.1875
48.6748166666667	1309817586.39063
48.707445	1411218011.07813
48.7390783333333	1286123860.54297
48.7709416666667	1353221685.9375
48.8023883333333	1158994810.59375
48.8356216666667	1198296937.09766
48.86923	1240131378.11719
48.9012	1234345501.21875
48.933375	1233627190.98438
48.9657216666667	1443444199.42969
48.9979583333333	1323936689.09375
49.0286533333333	1337460016.79688
49.0611416666667	1351751275.57813
49.093585	1301735067.63281
49.125885	1431984182.49219
49.1582583333333	1307549535.33594
49.19087	1276382416.4375
49.2223983333333	1379190112.71094
49.25523	1513247984.98438
49.2862616666667	1463025673.07031
49.3191983333333	1817806405.125
49.3516866666667	1740442994.4375
49.3845516666667	1865732666.22656
49.4169416666667	2059425902.05469
49.4493216666667	1712771659.03125
49.4813266666667	1946293415.46875
49.5135983333333	1940801117.71875
49.5465466666667	1821317264.00781
49.5794966666667	1650572914.25781
49.6128366666667	1644555484.07813
49.6463166666667	1432328930.16406
49.6776566666667	1539306838.89063
49.7105433333333	1486059610.67188
49.74279	1425445514.94141
49.7761983333333	1457680614.47266
49.80738	1440307303.04688
49.8406166666667	732537525.289063
49.8753733333333	1501155657.9375
49.90813	1470280063.6875
49.94069	1574769986.92188
49.9728883333333	1417729762.86719
50.0048633333333	1455128227.60938
50.0367483333333	1418364711.96875
50.0698383333333	1309346791.32813
50.103075	1392589835
50.1356466666667	1351707328.24219
50.16834	1487106985.5
50.2010933333333	1417419418
50.233295	1460286437.91406
50.2668466666667	1561276790.59375
50.30103	1564818972.14844
50.3342533333333	1604598090.71094
50.366985	1403239559.11719
50.4004383333333	1258921597.29688
50.4325466666667	1382990040.92969
50.4638783333333	1188858708.8125
50.49636	1074914447.77734
50.5288416666667	1145563602.85938
50.5616983333333	1202216134.07813
50.5936816666667	1047381847.57031
50.6260216666667	1149517218.32031
50.6590383333333	999551927.863281
50.6904416666667	1192677639.58594
50.7224933333333	953684774.398438
50.7543883333333	830736151.507813
50.78652	1378445313.73438
50.8187833333333	1194853707.38281
50.8492916666667	1436431471.49219
50.8800583333333	1452061352.59375
50.9119216666667	1573477450.79688
50.9438266666667	1599587698.57813
50.975945	1673010544.48438
51.00943	1545638883.79688
51.0433483333333	1473834720.26563
51.0773683333333	1464504378.46875
51.1098983333333	932803568.886719
51.1432833333333	492965317.4375
51.1759133333333	1290709472.03906
51.207765	1367109033.8125
51.2408566666667	1488669723.75781
51.2728683333333	1423106964.28125
51.3048583333333	1411100686.75
51.3369883333333	1535305352.32813
51.368535	1491597479.96875
51.40099	1607724827.58594
51.43358	1470763378.26563
51.4652316666667	1540742402.21094
51.49819	1507101690.15625
51.53068	1472131495.78125
51.563905	1416388325.82031
51.5960866666667	1368242830.09375
51.628095	1400363309.60156
51.6605583333333	1338939129.48047
51.6938083333333	1369510032.13281
51.7261266666667	1339556516.15625
51.7593583333333	1378417735.08594
51.7909733333333	1334895159.41406
51.8226166666667	1380190210.78906
51.8546966666667	1554715058.53906
51.8863683333333	1723357800.08594
51.9177816666667	1819138190.59375
51.95079	1915148889.77344
51.9841283333333	2112162152.08594
52.0160516666667	2044614755.04688
52.0483033333333	1936785366.15625
52.0804783333333	2099315375.09375
52.1129283333333	2000918133.28125
52.145275	1863334798.67188
52.17763	1798491133.65625
52.20978	1928482633.8125
52.2430233333333	1940148720.84375
52.2765616666667	1845595908.34375
52.3089016666667	1839337723.35156
52.34239	1775313355.32031
52.3750833333333	1759297873.44531
52.4071916666667	1844201775.17969
52.4399	1712334325.35938
52.47332	1827014323.66406
52.50541	1698557276.96094
52.5374266666667	1703636483.5
52.570875	1585100154.39844
52.60367	1570359806.21094
52.6376	1660570658.40625
52.6708816666667	1626772600.75
52.7039566666667	1711045071.22656
52.7366733333333	1736297196.19531
52.769585	1813255625.8125
52.8018366666667	1916359834.61719
52.8336	1852189056.41406
52.865465	1784952963.42969
52.89777	1722393752.46875
52.929695	1558393526.44531
52.96256	1519814873.01563
52.99625	1605903030.38281
53.0294583333333	1435125280.61719
53.06331	1478178835.57031
53.0978516666667	1468924466.42188
53.1315566666667	1304336791.75781
53.1656333333333	1369167936.67969
53.19811	1216728340.96875
53.2299333333333	1239221301.11719
53.26335	1240956104.25781
53.2966866666667	1232581964.24219
53.3288933333333	1174473939.05469
53.3605066666667	1250694328.22656
53.3938	1289054195.03906
53.4275683333333	1262575526.76563
53.460415	1235071292.32031
53.4930133333333	1199880310.4375
53.527845	992013745.328125
53.5597666666667	1269493543.0625
53.591835	1384564457.30469
53.62418	1249405499.91406
53.6569	1137835279.26953
53.69083	909536066.855469
53.721685	1310454.76618958
53.776345	63001152.8276367
53.8108433333333	497169699.765625
53.842835	1096953716.82813
53.87434	1220375656.85156
53.9056283333333	1162423434.69531
53.9373516666667	1206852564.15625
53.9685183333333	1480805368.07813
54.0004233333333	1334795089.86719
54.0314616666667	1372864504.90625
54.0649933333333	1297420731.03906
54.0978116666667	1171443919.48438
54.130095	1325370128.60938
54.1617666666667	1209604733.35156
54.1944616666667	1163190674.94531
54.2273333333333	1146972249.22656
54.2599866666667	1095047195.83203
54.29237	1066571082.08594
54.32468	1005069019.80469
54.3574866666667	1022985255.84375
54.3887533333333	1030825497.16406
54.4207083333333	1067186006.02344
54.452785	1107803721.64063
54.4846816666667	1127306251.74219
54.5160583333333	1017066220.39844
54.547745	1121959958.64844
54.5792616666667	1181936392.86719
54.61117	1222426329.10938
54.6426	1233889041.41406
54.6742433333333	801670367.078125
54.7067566666667	1298696173.75781
54.7390133333333	1451936861.72656
54.769405	1580365492.10938
54.80043	1807153697.21094
54.83128	1773801253.83594
54.8646566666667	1730930118.625
54.8966716666667	1665766962.64844
54.929795	1497704752.21094
54.9631333333333	1652926000.67969
54.99612	1645362199.60938
55.0283466666667	1680187756.58594
55.061895	1582009820.32031
55.0943816666667	1721134475.82031
55.1263633333333	1496320441.53906
55.1577366666667	1547240208.26563
55.1905433333333	1507947081.83594
55.224565	1531057786.44531
55.2571016666667	678156745.396484
55.29011	1418600659.9375
55.3237016666667	1555457149.17188
55.3566416666667	1387159602.38281
55.3879883333333	1362157107.14453
55.419705	1342988332.46094
55.452575	1182322688.23438
55.485895	1245481411.14063
55.519765	1148797093.19531
55.55288	1294913035.23438
55.58589	1199513283.39844
55.6191283333333	1206429874.89063
55.6520566666667	1318796068.83594
55.683715	1230929513.78906
55.7164066666667	1347317888.84375
55.74872	1394204514.40625
55.7800883333333	1517619399.28906
55.8119783333333	1548324829.51563
55.8445183333333	1777540859.24219
55.8761916666667	1564367097.35156
55.9086783333333	1612104497.25781
55.9411183333333	1669178655.78906
55.974025	1568298003.07031
56.0061183333333	1534812139.96875
56.03999	1398842159.52344
56.0728666666667	1363405429.88281
56.1060066666667	1387546279.5
56.1388616666667	1161094006.42969
56.17254	1243693954.61719
56.205235	1258175290.10938
56.2387816666667	1171979788.61719
56.2702	1198896117.00781
56.30385	1231261680.10938
56.3357683333333	1231678582.98438
56.3678933333333	1318452999.53906
56.4001766666667	1245404285.42188
56.4329216666667	1427522410.88281
56.46562	1420395128.80469
56.4974583333333	1420166102.96875
56.5307333333333	1333551373.48438
56.56454	1301428900.05469
56.5971483333333	1327514247.71875
56.6304166666667	1380685310.40625
56.66319	1370835814.20313
56.6964333333333	801966291.980469
56.7298566666667	1137828816.92188
56.7618583333333	1242132992.34375
56.7939933333333	1505724273.75781
56.8262083333333	1389770859.42188
56.85864	1465204328.875
56.8914833333333	1488469297.64844
56.92323	1571474455.47656
56.9553533333333	1497677367.04688
56.9873083333333	1398537445.4375
57.0213483333333	1275765498.32813
57.054185	1276655795.92188
57.0871183333333	1079841822.87891
57.119785	1007618234.74219
57.1523366666667	886544528.203125
57.18511	858431432.613281
57.21815	990315510.375
57.2514033333333	1100287682.82813
57.2841916666667	1189842295.02344
57.31609	1153001113.98438
57.3479733333333	1167986375.0625
57.37937	1213666554.625
57.4105283333333	1263704444.40625
57.443395	1229504178.19531
57.4757983333333	1169202145.1875
57.5080916666667	1276939813.35156
57.5413383333333	1226410666.94531
57.5747233333333	1050836594.25781
57.608055	1133905795.79688
57.6409883333333	1246754935.84375
57.672995	1254396174.46875
57.7043316666667	1247739893.59375
57.7361383333333	1447241976.86719
57.768055	1536720894.89063
57.799375	1382709870.82031
57.831235	1582917415.45313
57.8636416666667	1429145233.17188
57.8952833333333	1481737131.79688
57.92814	1477238122.73438
57.9609316666667	1513240107.6875
57.9936183333333	1459716592.83984
58.0259716666667	1815829661.60938
58.0585266666667	1409819110.17969
58.0919166666667	1506213817.98438
58.1242766666667	1362390463.83594
58.1568816666667	1304486074.32031
58.1898566666667	1224637506
58.223515	1431648282.89844
58.2565416666667	1217714347.375
58.28986	1318262669.65625
58.3217116666667	1258746556.05469
58.354105	983694517.082031
58.3867316666667	1124612871.32031
58.4190083333333	1237025750.46875
58.4511483333333	1462132655.75781
58.48384	1365865847.79688
58.5165116666667	1428321479.57031
58.5493216666667	1633740206.13281
58.581935	1477406585.67969
58.6155333333333	1470187470.33594
58.648005	1487198746.01563
58.6808616666667	1554280456.5625
58.7130683333333	1332176052.45313
58.7458783333333	1393542052.78906
58.7777083333333	1331306508.52344
58.809955	1442210045.60938
58.843125	1482248163.41406
58.8760083333333	1491796845.95313
58.9085366666667	1563757872.0625
58.9418266666667	1304107707.26563
58.9750783333333	1154510586.24219
59.0086383333333	1253660192.71094
59.0417333333333	1166965857.88281
59.0749516666667	1115676013.75781
59.1076433333333	1011114863.17188
59.14065	1118409390.73438
59.1736383333333	1047751697.60938
59.206085	1249261541.14844
59.2382583333333	1227863165.76563
59.2708166666667	1130689656.16406
59.3033483333333	1061839276.6875
59.337535	1126975627.3125
59.3712733333333	1137847339.16406
59.4049283333333	1106389072.14844
59.43792	1090636260.85938
59.470465	1147130105.48438
59.50304	1133635735.25781
59.5366383333333	1108545524.40625
59.5700383333333	784636029.789063
59.602645	978209562.660156
59.634725	1084179272.08594
59.6667883333333	1085861164.11719
59.6993433333333	1160764445.82813
59.7313233333333	1173891469.98047
59.7632366666667	1206883625.57813
59.79511	1171449840.80469
59.8277116666667	1090540542.88281
59.8600683333333	1357580437.47656
59.8923483333333	1361264682.09375
59.9253116666667	1433289732.51563
59.95782	1405667915.58594
59.9909083333333	1415504062.10156
60.0233	1314552762.88281
60.0558916666667	1296827597.82031
60.0884233333333	1277662482.24219
60.1207566666667	1250854015.44531
60.152125	1317577152.70313
60.1837266666667	1493299323.8125
60.2150766666667	1480842323.5625
60.2473816666667	1613105185.26563
60.2803616666667	1546830133.42969
60.31403	1446514186.25781
60.346395	1756989212.17188
60.3789466666667	1518202627.32031
60.4117016666667	1483598619.29688
60.4436616666667	1756064310.53906
60.4765733333333	1639059450.67188
60.5092783333333	1730961523.69531
60.5425633333333	1637276854.34375
60.5761883333333	1579040048.89844
60.6091983333333	1486564445.52344
60.64216	1367995509.1875
60.67608	1243869527.71484
60.7097766666667	1170906666.47656
60.7431983333333	1149957171.80859
60.7771416666667	1028767063.22266
60.8111366666667	1057913931.17578
60.84334	1011391529.5
60.87713	1142669658.21875
60.90937	1272571107.57031
60.9419733333333	1395970681.33594
60.97527	1476036505.61719
61.00789	1359162308.41406
61.0408183333333	1589824647.21875
61.07271	1178444508.4375
61.1064166666667	1311903406.22656
61.1374033333333	1121664568.77344
61.1696233333333	1173007809.48438
61.20159	1115327183.0625
61.23441	1095519034.66797
61.2664716666667	995980741.992188
61.2988033333333	1038094675.96094
61.331725	1178733386.1875
61.36296	1246230689.1875
61.39595	1215759966.97266
61.428765	1252985536.55469
61.46075	1430351954.625
61.4932983333333	1280791572.16406
61.5255883333333	1342653780.35156
61.5580783333333	1316938995.35156
61.59078	1236598841.93359
61.62376	1295169155.19531
61.65562	1278279645.5625
61.68813	1402062296.3125
61.7206766666667	1264740266.55469
61.7533183333333	1163265726.26172
61.7864733333333	1166496748.55078
61.8196233333333	1228944473.07813
61.8518033333333	1205573251.08203
61.8844666666667	1324222439.23438
61.917755	1375309071.57813
61.949945	1314153471.41406
61.9836	1401526486.61719
62.0159433333333	1639196563.10156
62.0474433333333	1755978421.46875
62.0794266666667	1728449518.5
62.1113733333333	1758217782.28125
62.144635	982135104.5
62.1772266666667	1756597850.73438
62.2103466666667	1653883596.25781
62.2432866666667	1752228248.72656
62.2766416666667	1651703230.64844
62.3106	1404182130.36719
62.3440783333333	1552377133.17188
62.3773366666667	1554234701.92969
62.4111016666667	1240507228.96875
62.443585	1349919028.13281
62.4754833333333	1330513564.30469
62.5088166666667	1130546800.98438
62.54089	1237446093.28906
62.5720816666667	1149197527.63281
62.6039466666667	1220793073.85156
62.6371016666667	1115975225.85156
62.6702333333333	1290791152.625
62.702485	1210969519.66016
62.7353283333333	1461069846.99219
62.7669033333333	1439423312.98438
62.79866	1388602372.62891
62.831725	1477629636.19531
62.8646633333333	1390871411.85938
62.8977016666667	1350856236.5625
62.93161	1430335879.00781
62.9646766666667	1184829420.87109
62.9976766666667	1101280581.92578
63.0304883333333	1059304421.57031
63.0637283333333	1235575180.44531
63.0961883333333	1012810696.07813
63.129525	912640248.179688
63.163805	838958893.707031
63.1971083333333	988194221.457031
63.2302233333333	860894692.746094
63.2624116666667	822340463.480469
63.2951266666667	925715203.558594
63.3277733333333	794580805.691406
63.3603066666667	862271158.324219
63.3939883333333	775755247.984375
63.4269766666667	795578913.90625
63.46052	772619887.257813
63.4928966666667	873170678.5
63.5258933333333	875994454.410156
63.559485	984013351.359375
63.5927033333333	956314200.164063
63.624605	1135426062.07813
63.656995	985607684.453125
63.6897166666667	998266112.730469
63.7224016666667	1273171042.53906
63.7549866666667	1112722056.33984
63.7872866666667	1373325175.88281
63.8197316666667	1047611802.78906
63.8529383333333	1092804739.41406
63.885275	1215582939.14063
63.9195166666667	1083021537.125
63.9520016666667	949474279.171875
63.98466	945951093.703125
64.0169783333333	813154563.09375
64.0492983333333	974596770.421875
64.0819316666667	1073045110.99219
64.1143183333333	1067942583.92578
64.146355	1015210478.85938
64.1788566666667	1051516676.625
64.211115	1022317343.18359
64.2443833333333	1190080891.05469
64.2772133333333	1169796642.875
64.31011	1022043414.82031
64.3429366666667	793348014.390625
64.3754983333333	886847005.1875
64.407495	887550619.175781
64.4401933333333	1211722536.75
64.4725216666667	947056228.671875
64.50499	1266191046.09375
64.5371083333333	1712973732.50781
64.56961	1636418463.73438
64.602605	1390522396.875
64.63552	1368443644.58594
64.6679616666667	1559931077.75
64.6998333333333	1316062906.96875
64.7322716666667	1263600934.42188
64.7644333333333	1377414232.89063
64.797975	1382779963.10156
64.83024	988479705.492188
64.8623066666667	1159842110.89453
64.89486	909330219.996094
64.9286566666667	1101578540.27344
64.9620283333333	1010996557.59766
64.993885	989797020.886719
65.0278333333333	904342632.996094
65.06057	1048197986.22656
65.0928616666667	840680145.46875
65.1262816666667	961422614.265625
65.1584416666667	964550381.382813
65.1909583333333	960975421.566406
65.2231683333333	888647243.691406
65.25631	860908212.808594
65.2896683333333	869411202.351563
65.3231616666667	887806346.023438
65.3564166666667	965097471.75
65.390435	1015250854.17188
65.4234766666667	876773058.460938
65.4556216666667	956316525.253906
65.4879066666667	1039118233.23828
65.5203733333333	1129196460.25
65.5537366666667	1077342249.67969
65.5865016666667	1080890504.73047
65.6196783333333	970562541.410156
65.6519866666667	999932248.265625
65.6836066666667	966585835.15625
65.7159433333333	1027983141.20703
65.7475766666667	1167189450.39844
65.7789666666667	1304134990.09375
65.8114816666667	1224450583.55859
65.8449033333333	1135882910.50391
65.8782916666667	1391246338.13281
65.9107166666667	1338959238.96875
65.9434483333333	1205136723.49219
65.9774483333333	1243029263.19531
66.0109583333333	1431407139.82813
66.0440083333333	1238608936.99609
66.0782433333333	1359776717.42188
66.1113966666667	1288422941.89844
66.1455766666667	1360252435.78125
66.17893	1283383645.58984
66.2126716666667	1266540736.92969
66.2461683333333	1155379609.12109
66.2801966666667	1189985294.83203
66.3135466666667	1284286874.38281
66.3462783333333	767608590.445313
66.3803116666667	653183336.097656
66.4137766666667	1015987275.77344
66.4460016666667	1048142778.53906
66.4790433333333	1016884664.25391
66.5116933333333	1257536311.74219
66.5448733333333	1455077847.67969
66.57846	1185508861.53125
66.611755	1164298862.95313
66.6451333333333	1187140175.42188
66.6781783333333	1284194532.35156
66.7108366666667	1199059552.91406
66.7442883333333	1189932105.59766
66.7773683333333	1067122056.61719
66.8109816666667	1032459750.22656
66.84494	819337812.027344
66.87777	876550589.347656
66.9106333333333	871288995.605469
66.942885	997673578.945313
66.975635	927665092.828125
67.0073783333333	999157974.195313
67.0395083333333	1125861170.49219
67.0715783333333	1088676676.29688
67.1043	1243171014.44141
67.1363183333333	1095907060.78906
67.167795	1028235931.03125
67.2002983333333	993868953.277344
67.2334766666667	1008860670.75781
67.266535	1044912086.11328
67.2990033333333	975666833.109375
67.3325883333333	1259497310.94922
67.3655116666667	1272864054.71484
67.39825	1305898373.39453
67.43109	1165848226.10938
67.4633316666667	1275772427.89453
67.49613	1276833352.17969
67.528455	1403322060.125
67.561195	1602199633.14063
67.59288	1215827262.125
67.6256266666667	1220883937.71484
67.6587666666667	1121448186.69922
67.6919066666667	1133376851.81641
67.7246016666667	1128845813.875
67.756965	1039422881.46094
67.7905066666667	939168562.84375
67.8229666666667	870939230.792969
67.85565	799452723.40625
67.88905	825940075.660156
67.922545	1117172133.29297
67.9555433333333	914163252.628906
67.9879483333333	878941772.542969
68.0208683333333	927085630.660156
68.0541766666667	943311504.710938
68.0875166666667	911561948.160156
68.121135	744948200.808594
68.1543883333333	837002577.5625
68.1873333333333	948856511.527344
68.2198266666667	927441443.332031
68.2516516666667	1087659334.54688
68.28427	886281284.574219
68.3171033333333	597857338.449219
68.35031	1156578875.39063
68.3819383333333	1142312286.84375
68.41417	1103517672.3125
68.4471683333333	1266330737.26172
68.4802133333333	1259211816.28125
68.5134533333333	1126823477.37109
68.546725	1220038913.72656
68.5802516666667	1033431318.55469
68.612865	969148029.988281
68.6458716666667	971207692.351563
68.6795116666667	907162022.371094
68.712805	939977608.371094
68.7457183333333	861338225.996094
68.7778916666667	1041265972.90234
68.8104733333333	1079658703.67188
68.8431933333333	1028144165.33984
68.8755033333333	1111893794.05469
68.9090566666667	1181092592.45703
68.9419416666667	1029456130.27734
68.9748766666667	1077240623.55859
69.0085	1034582684.66406
69.0418083333333	1184122843.13281
69.0750166666667	1031496253.57813
69.1079433333333	913842579.976563
69.1411683333333	1048398209.30859
69.1744666666667	1102377953.13672
69.206925	823638517.417969
69.2397033333333	767893437.476563
69.2739466666667	938430189.820313
69.307805	881505862.753906
69.3406566666667	835163256.808594
69.373125	1107831169.64453
69.4055266666667	998612960.804688
69.437805	997767178.171875
69.47107	1008238510.98828
69.5040116666667	981050552.042969
69.5366516666667	1042302442.04688
69.5689366666667	986141363.046875
69.6017283333333	1077661209.39063
69.6337083333333	1191931051.25781
69.6660883333333	1109594785.45703
69.69833	1053720858.95703
69.7315633333333	1024185120.69922
69.7638083333333	934946738.042969
69.7965033333333	1026678167.15625
69.8290166666667	1209735113.05859
69.8622216666667	1051847955.95703
69.8949966666667	1047718578.52734
69.9284533333333	1326881384.5
69.96122	1007363792.91016
69.9948866666667	904211577.117188
70.0272966666667	930164999.621094
70.0599266666667	875682022.117188
70.0923533333333	642956708.363281
70.1251716666667	553600884.308594
70.158735	1031949532.89063
70.1913316666667	1005549661.35156
70.22449	1081839115.42188
70.25677	987475739.816406
70.2898533333333	1152959926.5625
70.3223066666667	1048754767.6875
70.356635	1197824662.3125
70.389865	1271578809.09766
70.4228983333333	1108755276.97656
70.455825	1268330513.70313
70.4899233333333	997674035.765625
70.5235633333333	1120599562.34766
70.556905	1073594240.34766
70.5900283333333	1056803635.77344
70.6227266666667	976591858.039063
70.6563266666667	1025914323.60547
70.689135	1137803224.65234
70.720925	1353140782.82031
70.7537166666667	990450629.179688
70.7864816666667	1101920533.45703
70.8184616666667	1142381810.34766
70.85099	1232047594.30078
70.8835333333333	1199279097.64063
70.9167366666667	1256226596.83594
70.9494333333333	1167153661.85547
70.982095	1123331311.85156
71.015575	1149545653.33594
71.0492083333333	1081633315.50391
71.08211	979970941.898438
71.1163133333333	1014718371.44922
71.1491066666667	990076852.800781
71.1818933333333	858366321.316406
71.2153833333333	808731956.226563
71.2486016666667	972975346.257813
71.2820033333333	801097656.402344
71.31544	922002824.617188
71.3491016666667	858080895.417969
71.3831983333333	935542475.519531
71.415815	1067449443.42969
71.4480466666667	1158721767.12891
71.4809416666667	1084107366.5
71.51301	1044199297.39063
71.5465733333333	1074348580.57813
71.579835	1135803118.66797
71.6124516666667	1087263134
71.6454733333333	1167244710.71094
71.67842	1112657455.98438
71.711355	1209671845.13672
71.7444516666667	1267666662.39844
71.77782	1287818971.44531
71.8109866666667	892451090.933594
71.8439416666667	1221264011.07813
71.8761266666667	1193422910.13281
71.9093683333333	1131034653.82422
71.94269	1095607354.20313
71.97602	957435548.902344
72.0086533333333	843513857.464844
72.0417033333333	834352449.785156
72.0745783333333	689556041.609375
72.1074066666667	698905802.121094
72.1408816666667	755972205.988281
72.17452	798849691.117188
72.2073666666667	869262267.632813
72.239945	886381474.019531
72.27203	893093372.015625
72.3049133333333	970956734.636719
72.3381033333333	941424641.597656
72.37115	902389195.625
72.4044983333333	983365635.363281
72.4379166666667	1066661166.07422
72.47137	1170392261.40234
72.5035766666667	1109248882.76563
72.53606	1131125463.05859
72.5680216666667	1219380915.35156
72.600225	1282368158.30078
72.6333066666667	1259186257.53516
72.6661083333333	1349394314.52734
72.69946	1141162903.82422
72.7329466666667	1407203399.03906
72.7661816666667	1175282149.69141
72.7993666666667	1070149941.57422
72.8326066666667	965619932.820313
72.8660966666667	921032244.617188
72.8991133333333	730832544.550781
72.932925	891924155.097656
72.965285	1052759934.22656
72.9975416666667	1274326142.28125
73.02946	1183995224.07031
73.061325	1390265345.52344
73.0932683333333	1275508729.71484
73.1260533333333	1130782335.19922
73.15824	1157135456.36719
73.1913516666667	1171581928.09375
73.22421	1141196593.41406
73.2570516666667	1094965685.61719
73.29056	1110077768.11328
73.3242883333333	1157496822.60547
73.3577866666667	1111076360.49609
73.391005	1106838524.57422
73.4249533333333	1129829638.32422
73.458885	937541190.019531
73.493275	643401005.835938
73.5278	885685230.949219
73.56103	950910728.089844
73.59406	873163243.613281
73.6267466666667	868546253.925781
73.6597033333333	963570464.699219
73.6926816666667	980415417.296875
73.7257516666667	749413424.183594
73.7592616666667	891830297.308594
73.7920416666667	844104381.808594
73.8250866666667	795659077.410156
73.85928	1056085087.57422
73.8927433333333	925588960.824219
73.9251916666667	804766391.367188
73.95826	764288798.550781
73.9921633333333	853695362.414063
74.025505	729676072.800781
74.0595916666667	647838507.925781
74.0919983333333	674746652.121094
74.125855	716022163.097656
74.1584533333333	730699948.726563
74.1917466666667	1057258424.02734
74.2246283333333	1119161930.01172
74.2577416666667	1025738373.53516
74.290835	971983004.058594
74.3237133333333	1028181748.76172
74.3572033333333	1035549740.50391
74.3898983333333	1119680767.89844
74.4227566666667	1061323974.60547
74.4561616666667	980491652.425781
74.4894833333333	1142170990.71484
74.5223433333333	998514464.824219
74.555475	1211049017.70703
74.5881583333333	1036976612.97656
74.62168	1055108105.26172
74.655745	1135920859.125
74.6891033333333	1049605339.80469
74.7241566666667	1098079882.35547
74.75786	1053331011.41016
74.7919633333333	1091612535.77734
74.8256283333333	1021811115.70703
74.8597816666667	1001607563.88672
74.893915	955382717.742188
74.927515	830534611.980469
74.9603833333333	773727298.484375
74.993795	792958398.5625
75.0274733333333	728707797.652344
75.06111	685943564.90625
75.094035	841697913.890625
75.127415	725704502.523438
75.1602716666667	500431554.761719
75.1926933333333	628197121.464844
75.2250416666667	646446803.464844
75.2588583333333	632599017.578125
75.2922966666667	656895655.234375
75.3252316666667	640976461.964844
75.3581466666667	715825285.597656
75.3908433333333	776519817.554688
75.4230766666667	827703130.941406
75.45528	925232952.292969
75.4866133333333	954052702.941406
75.51889	913739702.613281
75.551335	822511654.464844
75.584355	826365668.742188
75.6168233333333	980092577.488281
75.6499666666667	943842019.292969
75.6828133333333	881166805.023438
75.7163666666667	997799412.738281
75.74995	964893983.289063
75.7826266666667	1034592168.00391
75.8152733333333	1101502586.27344
75.8468316666667	1091653537.46094
75.8797783333333	1275805474.58203
75.9127166666667	1296294025.23828
75.9456866666667	1215111202.15625
75.978535	1146378092.08594
76.011465	1186523355.86328
76.0452366666667	970549658.378906
76.0787583333333	988770886.40625
76.11315	1095570839.76953
76.1460916666667	996959252.777344
76.1808166666667	900922414.707031
76.2140633333333	828138904.796875
76.2487733333333	924699158.183594
76.2819483333333	866107766.503906
76.315915	858345118.332031
76.3501783333333	873894734.613281
76.3836033333333	773639513.160156
76.418225	901114057.199219
76.452835	764385703.285156
76.48668	781319113.375
76.51933	684031371.402344
76.5527783333333	655476386.296875
76.586545	809440003.269531
76.6197566666667	802744221.03125
76.65266	871970585.269531
76.685705	892877476.253906
76.7191333333333	839205177.113281
76.7513116666667	568949637.472656
76.7854433333333	928147481.121094
76.8179933333333	911028364.046875
76.85144	1055968264.35156
76.8837366666667	1104246305.19531
76.91598	1192195546.60547
76.94789	1074334235.15625
76.9801966666667	1186112894.88672
77.012455	1027829830.44531
77.0452116666667	1070583884.27734
77.0777283333333	1156394969.79297
77.1100666666667	1109013849.71484
77.1420766666667	1029814592.97656
77.175245	1028363727.30859
77.2083783333333	971260207.714844
77.24066	748604670.921875
77.2732016666667	913348896.570313
77.3061083333333	977581581.613281
77.3393533333333	882396780.484375
77.37157	660891413.4375
77.4046566666667	832942488.339844
77.4368266666667	833548364.703125
77.4692716666667	813252605.917969
77.50156	807905441.609375
77.5337166666667	745740342.652344
77.5661566666667	765345372.257813
77.5990566666667	1044991431.14844
77.63122	1154667644.81641
77.66349	1384325286.86719
77.69558	1495021706.65625
77.7275833333333	1914581542.16406
77.7593883333333	2019277141.16406
77.7920516666667	2037697875.32031
77.8236883333333	1953757484.75781
77.8562533333333	1774141279.35156
77.889145	1846617209.17188
77.9207033333333	2085118454.60156
77.9520183333333	2118728157.19531
77.9847116666667	2127188385.99219
78.01741	1982231697.21094
78.04967	1866313614.12109
78.0823083333333	1757309089
78.1160583333333	1503865263.43359
78.1482066666667	1402373563.94141
78.1808833333333	1475539828.77344
78.2133516666667	1359668737.76172
78.2464033333333	1460170893.92188
78.279185	667329696.318359
78.3119216666667	1049019036.74609
78.3451116666667	1128998055.92969
78.3779633333333	1074813829.03125
78.4102983333333	942209910.132813
78.4431016666667	1009301021.48438
78.4760166666667	995055339.660156
78.50734	860147218.671875
78.540115	937712810.039063
78.5718766666667	969035045.535156
78.6037766666667	1021600471.41797
78.6354866666667	1188938464.87109
78.667015	1272835162.06641
78.6987616666667	1547834868.47266
78.7301616666667	1499539862.30078
78.76238	1528689417.51953
78.794495	1592388795.08203
78.8265666666667	1373367318.54297
78.8588233333333	1533914229.52344
78.891195	1476777124.07813
78.9240183333333	1329124884.39844
78.9559716666667	1318502334.85547
78.9889	1345116870.53516
79.0215483333333	1128598750.08984
79.054365	1169152505.94531
79.0862233333333	1168583653.14453
79.1179766666667	1366447366.3125
79.1503383333333	1349684617.52344
79.1824683333333	1433559712.625
79.214445	1279255744.36719
79.24653	1312539942.03125
79.2788633333333	1293404926.10156
79.3109266666667	1218896456.19531
79.3433933333333	1579722121.10938
79.3753466666667	1824290141.99219
79.4071916666667	1930333599.54688
79.4387233333333	2129253580.8125
79.4705783333333	2145700633.85938
79.50257	1874556523.25781
79.5353416666667	2083509188.50781
79.5684566666667	1643448581.26563
79.601335	1131197268.21875
79.6355383333333	1011159281.67969
79.6687066666667	1497750512.53906
79.7003	1146284981.49219
79.7328583333333	1113884182.62109
79.76487	1178673612.19531
79.7965	1009369342.57813
79.82784	1012207072.46484
79.8593933333333	948745332.523438
79.8912983333333	959561649.054688
79.92334	969119226.457031
79.9548016666667	920411465.527344
79.98695	894432186.820313
80.0184133333333	970107853.910156
80.0498233333333	888751719.792969
80.0813016666667	868565549.078125
80.1133133333333	879480866.789063
80.1447983333333	967199370.066406
80.17627	929258700.386719
80.2084966666667	1060372962.91016
80.24104	1132490904.20313
80.2729716666667	991993487.4375
80.30461	994257898.554688
80.3368316666667	1086358670.97656
80.3678633333333	1069954825.15625
80.39882	1382721262.64063
80.4304866666667	1366730050.76172
80.4622466666667	1123558130.97266
80.493315	1318982473.62891
80.5246583333333	1310019558.12109
80.5567866666667	1242407112.70313
80.5874983333333	1034191145.46094
80.6186133333333	1056520175.24219
80.65	1061330570.48828
80.681345	1296206075.05078
80.7127	1421010456.30469
80.7438966666667	1412938526.125
80.7755516666667	1526813702.00391
80.8076016666667	1378000748.21484
80.8395683333333	1430046766.32422
80.8715716666667	1462537637.03125
80.9035916666667	1528216398.07031
80.93628	881191127.585938
80.9689633333333	1234188867.9375
81.0006216666667	1044124077.47656
81.0321066666667	1102283917.69531
81.0640933333333	1014591499.77344
81.095375	1097144383.20313
81.1262833333333	1174453623.64844
81.1577283333333	1248125849.10547
81.18928	1452975988.67969
81.2206166666667	1690432185.85156
81.25211	1427361560.36719
81.2846533333333	1206363071.05859
81.31719	1078488722.94922
81.349805	889426546.714844
81.381685	870983513.765625
81.4137066666667	861070629.210938
81.4458566666667	813590951.457031
81.477995	828773886.003906
81.5103833333333	829357779.007813
81.54207	972169989.449219
81.57457	819259849.4375
81.606565	934802037.71875
81.6382	1005268663.55469
81.6699266666667	1021095629.82813
81.7017833333333	1387609938.89453
81.7335366666667	1107429095.27734
81.7644166666667	1147228111.5
81.797085	1153129281.53516
81.8296666666667	1199310447.58984
81.8616583333333	1247009972.63672
81.8936183333333	1108669201.63281
81.9257533333333	1273302170.71094
81.9576683333333	1225938976.3125
81.990095	960221151.605469
82.02236	664095518.257813
82.0544083333333	943221624.101563
82.0864566666667	996506481.511719
82.1188833333333	608421611.015625
82.1504383333333	424609641.246094
82.1820733333333	867351995.996094
82.2135533333333	1058510885.12891
82.2452083333333	952162537.839844
82.2771683333333	1015979624.85938
82.308515	1027106526.78516
82.3408933333333	1066674758.87891
82.3725833333333	1099945976.14844
82.4051766666667	892479747.4375
82.4363683333333	1052773511.26953
82.4680266666667	976123187.945313
82.4992566666667	1144578038.78125
82.5308633333333	1258033512.82031
82.5623933333333	1354771357.72266
82.5939983333333	1371969271.99219
82.6261916666667	1336984582.49609
82.6588733333333	1199394845.73828
82.6914716666667	1082088252.25391
82.724085	1562188841.125
82.7559383333333	1269553926.39453
82.7872616666667	1168049346.25781
82.8201533333333	1007720670.69922
82.85269	1012274564.29688
82.8844283333333	964946429.476563
82.9167683333333	853682671.75
82.9490783333333	957124148.15625
82.979885	1013257200.58203
83.0115316666667	1121621005.39453
83.04374	1238382857.95313
83.076145	1475043185.01563
83.109145	1269311799.07031
83.1421133333333	1639757177.63281
83.1751916666667	1320367441.53906
83.20809	1196614173.25391
83.24109	646763376.722656
83.2741516666667	511154371.039063
83.3069033333333	1132367431.67188
83.3391183333333	848392563.703125
83.3717466666667	951112231.511719
83.4032883333333	1125013506.11328
83.4357216666667	1004673869.44141
83.4683783333333	1168559096.45313
83.50076	962869199.734375
83.533375	1015477370.33203
83.5658233333333	954542901.410156
83.5980816666667	720125386.945313
83.6302233333333	1015154534.26953
83.6615566666667	881357442.507813
83.6943833333333	731335202.609375
83.7268883333333	773784193.425781
83.760095	681534499.089844
83.792885	623754464.933594
83.8261033333333	651391982.378906
83.8580283333333	591996743.65625
83.89002	629191475.335938
83.9228183333333	802447297.050781
83.9547883333333	872742086.863281
83.9872883333333	839137721.007813
84.0196216666667	911501520.019531
84.0517566666667	748755588.355469
84.084215	698505922.46875
84.1169516666667	558756702.714844
84.1500266666667	437417253.535156
84.1832366666667	504046377.535156
84.2159483333333	569565916.527344
84.2477833333333	679090865.066406
84.2796333333333	367886690.728516
84.3123783333333	687696142.798828
84.3448566666667	653866752.376953
84.3778466666667	553645072.765625
84.4091716666667	453603868.572266
84.4415916666667	527562092.457031
84.4743	887613744.511719
84.506565	909489013.097656
84.5378266666667	696641631.871094
84.5698466666667	915262637.332031
84.6018783333333	947391771.511719
84.63522	935930468.308594
84.667545	816601586.265625
84.70052	807260978.605469
84.7326516666667	787505394.78125
84.765775	851903678.15625
84.7981766666667	803359325.699219
84.8310416666667	680257841.730469
84.86318	525095141.855469
84.8955633333333	439136253.503906
84.9282633333333	436380886.066406
84.961225	276485557.257813
84.995315	587540951.283203
85.0272166666667	490642456.697266
85.0618366666667	470611715.208984
85.0955566666667	514260814.199219
85.1282116666667	383319771.267578
85.1610583333333	390346753.535156
85.1935966666667	495201439.003906
85.22527	169580878.577148
85.260955	350088037.345703
85.2937766666667	314625037.113281
85.3272666666667	324661153.533203
85.3614666666667	258020616.595703
85.396665	276986506.144531
85.4298316666667	296578900.507813
85.4652566666667	270735221.154297
85.4997183333333	288794839.816406
85.5333283333333	308761144.740234
85.5677016666667	257584394.783203
85.6032233333333	241801551.404297
85.6372783333333	323886580.462891
85.6706683333333	289491406.042969
85.70512	244709128.120117
85.74043	276165030.757813
85.7746	398590762.068359
85.8098516666667	294685789.53418
85.8440883333333	419051469.564453
85.8768983333333	454863966.115234
85.9101866666667	410201753.820313
85.94434	396464151.392578
85.978755	339819661.339844
86.0135783333333	341514386.248047
86.0477283333333	143415206.654297
86.0849416666667	261563496.208984
86.1180483333333	191430184.792969
86.154975	197934498.691406
86.1899833333333	192272317.505859
86.2234583333333	204030939.302734
86.2587216666667	139579609.24707
86.2977583333333	195238419.632813
86.33169	153447564.145508
86.3682866666667	205565029.330078
86.4031666666667	158840401.388672
86.4395183333333	214167662.961914
86.4769933333333	166171943.085938
86.5142283333333	164604326.415039
86.552185	191773131.772461
86.5860666666667	161229380.860352
86.6258933333333	111402829.34375
86.6655133333333	146994126.925781
86.7008233333333	114812709.40332
86.740265	124421386.579102
86.7770816666667	128084213.585938
86.8174783333333	109407346.933594
86.85717	153536391.314453
86.8938983333333	61408693.8349609
86.93452	115992976.789063
86.971755	129505993.688477
87.0093566666667	83088937.8178711
87.0494066666667	103085107.785156
87.08599	101087942.902344
87.123605	76325616.9394531
87.166595	93195445.1313477
87.20894	72396597.2495117
87.247355	68629438.6899414
87.2820016666667	97501684.5644531
87.3194066666667	97196725.1103516
87.3574383333333	88931801.7148438
87.3988366666667	109175096.107422
87.435285	75508662.1240234
87.47133	87658106.7148438
87.5064566666667	91493696.4667969
87.542615	62092515.7412109
87.580645	34760278.8232422
87.6268783333333	64766114.152832
87.6652633333333	42350631.0239258
87.7118866666667	68938004.3813477
87.7486083333333	54463864.7612305
87.7917266666667	55070357.3334961
87.8332183333333	76296184.8554688
87.8672866666667	62524399.4907227
87.90747	70323809.1147461
87.9520316666667	98364140.6577148
87.9929383333333	94819326.1376953
88.0369733333333	76296421.0341797
88.07595	85079153.4536133
88.11526	60551224.0507813
88.1526	42813132.1120605
88.19846	21140490.0158691
88.2441616666667	35149125.9440918
88.2882833333333	36568137.7666016
88.33368	32953648.1962891
88.3791366666667	37578199.5478516
88.424225	32583923.75
88.4691783333333	35242330.4099121
88.5122666666667	32366122.4675293
88.557515	32060082.7370605
88.6005233333333	32012900.614502
88.6478833333333	28608235.7436523
88.69377	17583020.7797852
88.73938	26896105.6970215
88.7850566666667	21501322.9316406
88.83277	25044818.0317383
88.8785883333333	20369329.3071289
88.924885	23385107.2822266
88.9699266666667	24799060.5180664
89.0171283333333	24827742.826416
89.0654316666667	16625947.8934326
89.1137933333333	16387334.5858154
89.1612	14695568.8587646
89.2095616666667	5014230.07006836
89.25453	17175230.6435547
89.3014266666667	18917985.5587158
89.3481716666667	15202173.8702393
89.3935066666667	17333636.0336914
89.4409216666667	16155823.1341553
89.489425	16221130.5302734
89.5335283333333	17526724.6990967
89.5814716666667	16891813.3758545
89.6276716666667	17982274.3585205
89.6763883333333	4627927.48052979
89.7224266666667	13816444.4082031
89.7710966666667	11839276.3728027
89.8184616666667	8560050.32183838
89.8672983333333	7977788.85369873
89.91421	6804297.67047119
89.962855	7978739.6060791
90.0108166666667	7477628.65124512
90.059195	7751464.14001465
90.1081266666667	2261087.33114624
90.1556516666667	4556160.23416138
90.2035966666667	4775759.95220947
90.2520616666667	4798370.59429932
90.2979466666667	4456648.31958008
90.3469866666667	5546618.9989624
90.3929466666667	3779369.06054688
90.43911	4325323.05267334
90.4865883333333	4311372.16943359
90.5350366666667	1379909.08676147
90.5830216666667	2456470.51342773
90.6312783333333	3510244.69180298
90.67949	3464400.41235352
90.7276766666667	3296141.65649414
90.7751933333333	2039037.94976807
90.8236083333333	1897405.94561768
90.872785	2269509.94619751
90.9206066666667	2903707.7562561
90.9669783333333	2173719.38101196
91.014925	3652437.99182129
91.0613366666667	3274825.95770264
91.1092983333333	3806740.30731201
91.1578083333333	1226617.60084534
91.2062116666667	4480905.04589844
91.2534266666667	3425974.59738159
91.3013283333333	4432344.05230713
91.34689	3323257.97528076
91.3959333333333	4465703.59790039
91.443175	3428309.49023438
91.4917033333333	4124676.7772522
91.53957	4489773.5423584
91.5878283333333	2737457.67700195
91.6356	3086471.30670166
91.6846883333333	3746265.04544067
91.732415	3108184.09017944
91.7790283333333	1228507.53855896
91.82617	1246771.01966858
91.8763383333333	2291629.32177734
91.9244666666667	974497.112937927
91.9735783333333	2160854.77294922
92.0215766666667	2614333.34829712
92.06841	1118840.48988342
92.1172866666667	1757415.60461426
92.166215	1501712.05432129
92.2139766666667	854453.914764404
92.2615516666667	1371193.97253418
92.3095766666667	1659365.69815063
92.3537983333333	1154337.59848022
92.4023633333333	922054.091705322
92.45156	1462137.2671814
92.499275	1000043.24391174
92.5450766666667	1238986.37097168
92.5937183333333	851931.353927612
92.6415816666667	1263627.0614624
92.69064	1230326.31884766
92.7371833333333	1230333.70321655
92.784705	1313679.37277222
92.832195	1690779.28363037
92.877875	1030832.9196167
92.9251966666667	717488.876373291
92.9737333333333	339442.477458954
93.0222983333333	1354341.47753906
93.0699016666667	1068675.14437866
93.11737	836309.344650269
93.1658366666667	729682.672012329
93.2152916666667	1276307.30844116
93.2623416666667	1671532.52670288
93.3093433333333	362055.125701904
93.3616	584345.093078613
93.4114233333333	652439.312927246
93.4612483333333	1381892.06518555
93.507085	953516.891159058
93.554835	367714.96308136
93.6043066666667	366493.526382446
93.6520433333333	689119.860984802
93.70184	1122158.83984375
93.74887	498002.355384827
93.7995566666667	1081878.36325073
93.8470633333333	1038135.68756104
93.8940316666667	1238036.64794922
93.9415333333333	1002610.0695343
93.9909233333333	494497.297805786
94.039375	938496.524353027
94.0874	732140.780914307
94.1347633333333	538806.147277832
94.1830883333333	1609088.12045288
94.2300916666667	1290083.40466309
94.27665	535738.939796448
94.327725	627855.64768219
94.3767133333333	1093670.46011353
94.42457	1562737.79507446
94.4701533333333	292664.896888733
94.51968	574087.258682251
94.5673883333333	303201.221294403
94.5971333333333	502645.569389343
94.6465816666667	1051621.16288757
94.69465	1230690.33944702
94.7421016666667	507035.186943054
94.7927233333333	558275.791687012
94.8363466666667	388175.738212585
94.886335	476815.281082153
94.9327083333333	1126718.89442444
94.9806366666667	979966.149047852
95.0285783333333	1239289.88348389
95.0764766666667	538709.796600342
95.1250866666667	1278807.43902588
95.1720933333333	1579171.91836548
95.2182283333333	1368149.29519653
95.2653316666667	1053603.17532349
95.3121883333333	1162468.11547852
95.359045	822643.399810791
95.4050533333333	916161.615112305
95.45292	1081847.23298645
95.4993483333333	678683.87815094
95.5477716666667	791857.905334473
95.59403	563097.842605591
95.6436783333333	528340.100311279
95.694225	1037948.58979797
95.7422033333333	557546.87121582
95.7915783333333	1468680.12393188
95.8378483333333	1327536.22834778
95.8835016666667	2102592.53842163
95.930735	1641471.80517578
95.9773633333333	943208.82208252
96.024775	1106151.61434937
96.07161	370391.606716156
96.1191016666667	806836.592773438
96.1678683333333	818904.426239014
96.21526	678174.759979248
96.2625883333333	1088228.91082764
96.3100533333333	463652.401245117
96.3588533333333	310481.75586319
96.408355	651897.313674927
96.4561366666667	725616.02671814
96.5051583333333	1149995.97393799
96.5523433333333	801274.559326172
96.5969366666667	228898.502937317
96.620785	411967.369400024
96.6685083333333	710349.911834717
96.7121233333333	746791.222976685
96.759095	330541.334293365
96.811225	664843.935653687
96.8586266666667	958942.143859863
96.9042066666667	165504.501342773
96.9297066666667	161454.778877258
96.95547	746002.758422852
97.0020366666667	926991.293334961
97.0495533333333	580863.654632568
97.0980133333333	455684.405166626
97.1458516666667	361775.816192627
97.1968916666667	767095.949539185
97.2435066666667	391192.221176147
97.2918833333333	486909.574104309
97.34166	1235085.40029907
97.387355	327899.842300415
97.4352833333333	875468.511291504
97.48185	399818.306594849
97.5298866666667	229550.562133789
97.5792483333333	1473387.08682251
97.62506	1087038.64239502
97.672175	521508.150085449
97.7189533333333	284907.529788971
97.770225	685788.353439331
97.81727	334918.526016235
97.8670633333333	344720.300930023
97.916905	701028.739776611
97.9641483333333	503292.276672363
98.011265	504797.428466797
98.0583533333333	1280480.71469116
98.10513	1691250.54107666
98.1520233333333	912816.942520142
98.199815	495366.734138489
98.2479683333333	722164.957092285
98.2962533333333	984300.023620605
98.3424416666667	1460751.74240112
98.3894333333333	754040.213104248
98.4358966666667	291542.924583435
98.4871016666667	732984.545471191
98.5352366666667	647041.739929199
98.582995	846864.983673096
98.6314383333333	396684.142112732
98.6787983333333	268942.134101868
98.7310583333333	1141817.61680603
98.7762283333333	1264909.6651001
98.82315	147854.124591827
98.8726833333333	1580906.55282593
98.9192916666667	322876.685218811
98.971225	347416.413513184
