RetentionTime	Intensity
0.003305	1924989.80813599
0.0421283333333333	1734943.40090942
0.0818466666666667	1631307.77194214
0.123766666666667	1357272.50100708
0.16774	1465296.78640747
0.21259	1376831.81750488
0.256305	1635938.03091431
0.298185	1954487.87875366
0.342676666666667	7575356.66815186
0.382983333333333	128991178.971191
0.411025	1483088609.35938
0.438055	4181484081.29688
0.465975	5552235474.28906
0.491323333333333	6700711620.77344
0.517465	7365286707.5
0.544661666666667	7560983543.10938
0.57066	7600242437.98438
0.598041666666667	7682746656.11719
0.625408333333333	7507697821.35938
0.653685	7509213515.19531
0.681076666666667	7646381920.60938
0.710171666666667	7535215663.8125
0.739341666666667	7054756122.23438
0.769061666666667	7253763061.57813
0.799085	7176834783.03125
0.829895	7126899499.01563
0.861216666666667	7005341705.89844
0.89156	6756599001.17188
0.922781666666667	6496079791.10156
0.954493333333333	6604362041.20313
0.985658333333333	6212804585.79688
1.01766166666667	6022396018.75
1.04862166666667	5922426166.92188
1.07987833333333	6038154638.61719
1.10986666666667	5872268422.89063
1.14076333333333	5768501605.89063
1.17072333333333	5751684697.95313
1.20259833333333	5877398028.58594
1.23411	5782333771.63281
1.26521833333333	5759757572.30469
1.29664333333333	5757179202.33594
1.32795166666667	5764077451.13281
1.35841166666667	5733983797.53906
1.389395	5766993420.64063
1.41891166666667	5777574834.98438
1.44845666666667	5728573984.76563
1.47687833333333	5651145059.38281
1.50490666666667	5870747708.26563
1.53496833333333	5746145671.69531
1.56542666666667	5697828874.78906
1.59373	5867805500.25
1.62301666666667	5752798613.51563
1.65376333333333	6025457699.49219
1.68232333333333	5650411247.02344
1.71233333333333	6181121812.80469
1.74246333333333	6046350087.63281
1.77364833333333	5979049424.29688
1.80399166666667	6088121645.50781
1.83510333333333	6198236914.30469
1.86515833333333	6122072199.25781
1.89643	5872139386.8125
1.92746166666667	5852142327.10938
1.95752666666667	5928609163.71875
1.98734166666667	5681512392.67188
2.01801833333333	5876907439.73438
2.04837	5764983572.17969
2.07835166666667	5858338493.86719
2.10903	5856921711.96094
2.14028833333333	5800688806.35938
2.17037666666667	5683439319.125
2.200945	5711432552.61719
2.23165166666667	5731915288.4375
2.26192166666667	5855400242.07813
2.29291333333333	5816325701.17969
2.32381333333333	5646790312.64844
2.35416666666667	5904192013.89844
2.38529333333333	6014365167.84375
2.41713833333333	6020015963.96094
2.44581166666667	6052477314.09375
2.47637833333333	5975958928.375
2.50565166666667	6025550756
2.53518166666667	5833013521.14063
2.56458666666667	5787109814.03125
2.59458666666667	6037408822.74219
2.62421333333333	5782873450.6875
2.65329333333333	5726905775.0625
2.683995	5658836538.26563
2.71383666666667	5923703807.57813
2.74213	5862193733.28906
2.77147166666667	5929950522.10156
2.80170333333333	5695242192.27344
2.83343	5803922461.88281
2.86354	5932729564.67188
2.89451166666667	5885639312.16406
2.92491	5857121121.625
2.95475833333333	5853637425.74219
2.98578666666667	5850324710.79688
3.01663333333333	5860528112.52344
3.04759	6072632593.39063
3.077295	6226139775.9375
3.10742666666667	6207895292.24219
3.13749666666667	6133056189.28125
3.168195	6199198097.9375
3.197645	6213963873.28125
3.2279	5979068489.50781
3.25872833333333	6275744659.71094
3.28822333333333	6166921254.17188
3.31814333333333	6142662865.13281
3.347545	6333804909.26563
3.37801666666667	6534871917.0625
3.40945166666667	6535670574.10156
3.440705	6651649008.03125
3.47124166666667	6634665303
3.50077	6393428068.6875
3.53155833333333	6490769921.94531
3.56176166666667	6591692428.14063
3.59325833333333	6574460079.25
3.62416833333333	6642913881.90625
3.65538166666667	6850622945.17188
3.68474833333333	6744125815.29688
3.71664	6681803215.90625
3.74529666666667	6935481316.21875
3.77533	6728311819.16406
3.80613166666667	6831119513.6875
3.83507666666667	6648520530.92969
3.86549333333333	6387740140.625
3.89651166666667	6475337657.57813
3.92650666666667	6415398655.19531
3.95667166666667	6453259274.71094
3.98693666666667	6081199774.3125
4.0181	6263897807.04688
4.05015	6049260466.71094
4.08035833333333	6075165237.39063
4.10962166666667	6011645284.28125
4.139315	6016349772.84375
4.16956666666667	5903814272.42969
4.200565	5646968473.08594
4.232705	5821993750.27344
4.26377666666667	5688980279.59375
4.29443166666667	5547407522.67188
4.32612	5600678827.07813
4.35562166666667	5656825732.77344
4.38673833333333	5893192223.82813
4.41674333333333	5843458403.85938
4.44756	5838117996.16406
4.47768166666667	5697676031.3125
4.50686	5818482287.30469
4.53637333333333	5914100554.625
4.56772166666667	5513340260.36719
4.59859	5896666865.21875
4.62753666666667	5684437393.00781
4.655915	5669947717.49219
4.68499	5568016402.32813
4.71531333333333	5395770813.83594
4.74583666666667	5910401082.57031
4.77394166666667	5712189061.08594
4.80504	5927837011.6875
4.83744666666667	5820973315
4.86831833333333	5867404031.20313
4.89824333333333	5668806967.6875
4.92941833333333	5845006332.07031
4.96081666666667	5507549712.89063
4.99019166666667	5801368025.39063
5.02172166666667	5324929544.14063
5.05202166666667	5478858711.15625
5.08314166666667	5592746637.13281
5.11183333333333	5435279472.54688
5.14302166666667	5564850529.95313
5.17228166666667	5442417216.09375
5.200145	5764931123.55469
5.23021833333333	5740868130.74219
5.25932833333333	5915214026.22656
5.28827	5639483028.01563
5.31885333333333	5902808110.79688
5.34780666666667	5928135860.70313
5.378115	5770760087.75
5.40952	5713918960.8125
5.43857666666667	5521810271.77344
5.46903166666667	5934472152.01563
5.49786166666667	6020852388.09375
5.527615	5552143316.21094
5.558365	5839934480.29688
5.58882	5703101293.25
5.620175	5708907593.79688
5.65058	5764103213.51563
5.68106	5703838873.14844
5.71173166666667	5782472232.60156
5.74278166666667	5907561234.46094
5.771835	5856566701.76563
5.80293666666667	5747208324.83594
5.834215	5857776856.35938
5.86585	5983980491.6875
5.89558333333333	6018196760.375
5.92583	5833269040.32813
5.95615666666667	5955184071.99219
5.98644333333333	5909454048.82813
6.01662333333333	6008808662.65625
6.04560666666667	5997464429.95313
6.07546333333333	5842720104.57031
6.10473833333333	5880691061.4375
6.13338333333333	5636230309.8125
6.163855	5777545049.86719
6.19322333333333	5894807377.73438
6.22251666666667	5779434928.51563
6.25369	5738323881.10938
6.28258333333333	5708063012.24219
6.31419833333333	5575616663.375
6.34588666666667	5533770998.96094
6.37634666666667	5549303079.92969
6.40713333333333	5538451025.42969
6.43588	5427717013.16406
6.46688333333333	5300698430.84375
6.49692166666667	5613152940.375
6.52661333333333	5658830969.99219
6.55606833333333	5672119366.07031
6.58493	5425336959.96875
6.614565	5546835558.6875
6.64407166666667	5553102106.77344
6.673485	5361162073.39063
6.70318666666667	5353728296.44531
6.73400166666667	5466581734.60156
6.76431666666667	5323284252.46094
6.79645333333333	5380766033.36719
6.82718666666667	5248349512.91406
6.85799833333333	5275676604.95313
6.88875166666667	5417492413.35156
6.91997333333333	5377718759.07813
6.950595	5596670743.125
6.98144833333333	5617593159.47656
7.01142833333333	5905392498.92188
7.04255666666667	5748254339.32031
7.07197333333333	5736070157.125
7.10366666666667	5832556581.90625
7.13445833333333	6026274534.52344
7.16537833333333	5933192879.80469
7.19566	6149259205.55469
7.224425	5962417922.25
7.25393833333333	5900845512.46875
7.28552833333333	5951444074.80469
7.31537666666667	5843263323.86719
7.345665	5722683196.44531
7.375725	5772906159.75781
7.405945	5641171569.36719
7.43463333333333	5717597394.42188
7.465085	5793491092.02344
7.49372833333333	5933453785.17969
7.52366	5869000454.5
7.55372166666667	6071156731.29688
7.58269666666667	5865190236.59375
7.61338666666667	5992715737.6875
7.641875	5931449842.47656
7.67077333333333	5785397623.82813
7.70049166666667	6056637727.35156
7.73010833333333	5805418180.04688
7.76051666666667	5966275827.79688
7.78974666666667	5795447607.40625
7.81817166666667	6029401085.11719
7.84810333333333	6033816146.375
7.87772666666667	6053135165.22656
7.90750833333333	5984369566.72656
7.93831666666667	5983034717.21094
7.96890833333333	6010643991.39063
7.99952	6042914957.57813
8.02938166666667	6132370610.29688
8.05951666666667	5917764517.14844
8.08942666666667	6195569216.25
8.11918	6076491194.08594
8.14899666666667	5840918624.86719
8.17895	6103238539.3125
8.20772	5993950381.07813
8.23631	5985923830.78906
8.266695	6094457716.13281
8.296655	5943131608.84375
8.32624666666667	5907864500.59375
8.35649666666667	6270421236.13281
8.388005	6438797579.66406
8.41817166666667	6275655179.84375
8.44814166666667	6446332802.92188
8.47735	6591769168.76563
8.50641333333333	6590504918.49219
8.53743333333333	6560328615.84375
8.56813	6577961614.82031
8.59833833333333	6465103595.625
8.62884166666667	6342192640.0625
8.65924166666667	6404595729.35938
8.68981833333333	6400978240.71094
8.72132	6275754685.875
8.751995	6351550524.79688
8.78116166666667	6184080717.6875
8.81302666666667	5886573009.78906
8.84344333333333	5821854347.16406
8.87360333333333	5839124626.58594
8.90261	5624793228.48438
8.93265666666667	5667930566.21094
8.96193333333333	5525082372.625
8.992085	5627581040.60938
9.02246	5864913609.78125
9.05334166666667	5844084573.14063
9.08389666666667	6038753964.44531
9.11410166666667	5897439680.97656
9.14385833333333	5819097805.94531
9.17370833333333	5675532185.94531
9.20478666666667	5835667042.00781
9.23585333333333	5701281046.54688
9.26545	5843708627.75781
9.296735	6033849567.35938
9.326825	6022386840.14844
9.35628166666667	6103998419.82813
9.38547833333333	6077500934.96094
9.41400333333333	6098033836.02344
9.44355333333333	6034635430.94531
9.47344833333333	6237989227.09375
9.50256	6278713359.38281
9.53312333333333	6363144711
9.56346833333333	6093930652.05469
9.59288166666667	6200772230.96094
9.62246	6112400383.29688
9.65295	6435545544.21875
9.68333333333333	6391651465.11719
9.71515	6439045799.70313
9.74626	6298992756.9375
9.77596833333333	6487910111.80469
9.80667666666667	6381415420.85156
9.83643833333333	6288752100.36719
9.86766666666667	6228703470.70313
9.898255	6253226860.875
9.929705	6141801330.57813
9.95956666666667	6054305050.84375
9.98865833333333	6110564127.02344
10.0177566666667	6385148855.57813
10.0472883333333	6215252423.71094
10.0771133333333	6033053994.15625
10.10806	5929087105.11719
10.1383833333333	6089257951.25
10.1698566666667	6073114163.08594
10.200945	5887446537.26563
10.2309033333333	5848014141.4375
10.2628566666667	5539512799.71875
10.2951316666667	5718102560.5625
10.3252333333333	5734699544.04688
10.3560783333333	5637051856.66406
10.3870416666667	5455557664.70313
10.4179383333333	5647275561.11719
10.4491766666667	5526321425.71875
10.4800366666667	5579861310.57813
10.5106933333333	5528868756.49219
10.5402533333333	5482871882.86719
10.568895	5597435149.46094
10.5992116666667	5668865728.28125
10.628845	5451768668.25781
10.659345	5457321769.41406
10.68942	5538053130.07031
10.7192283333333	5540186748.79688
10.7488616666667	5526907870.67188
10.7788583333333	5444578779.79688
10.8089266666667	5487212995.1875
10.83791	5498681806.57813
10.8689183333333	5602698945.15625
10.8976016666667	5772655884.94531
10.927875	5939531041.78125
10.9568166666667	5782865416.07031
10.9860233333333	5880316816.66406
11.01453	6130343540.67969
11.0436133333333	6023855551.86719
11.0744483333333	6136321803.17969
11.1040833333333	6234937664.14063
11.13496	6408604361.9375
11.1642466666667	6427145216.07813
11.19579	6487361010.16406
11.2264116666667	6565535204.44531
11.2579383333333	6593704235.89844
11.28852	6568744961.10156
11.319115	6526838902.92969
11.3486566666667	6370214624.15625
11.378325	5959141896.51563
11.4101116666667	5959232099.61719
11.44132	6168857567.71094
11.47347	5731994055.36719
11.5050983333333	5616310954.1875
11.5364066666667	5830311315.5625
11.568	5782114623.21094
11.5988616666667	5727422832.33594
11.6297866666667	5976571891.90625
11.6611783333333	5829268399.96875
11.69187	6231725845.66406
11.7216466666667	6052485666.85938
11.752765	6100768761.33594
11.7820016666667	6275171175.63281
11.8126366666667	6191538802.46094
11.8437366666667	5850489192.51563
11.8740833333333	6127275567.60938
11.9036283333333	6143374590.03125
11.934355	5875595532.625
11.9646083333333	5756571388.02344
11.9934766666667	5604966770.98438
12.0235816666667	5415101559.60938
12.0537	5093934527.91406
12.0838383333333	5145578898.77344
12.112525	5385185485.98438
12.14252	5191802154.85938
12.1730683333333	5412693858.14063
12.2021516666667	5460870242.26563
12.23295	5143093626.40625
12.2642566666667	5495241903.35938
12.2942883333333	5634786108.03125
12.323245	5756290827.64063
12.35381	5877364552.63281
12.3848516666667	5624733346.90625
12.4158616666667	5810934700.83594
12.4456766666667	5662940501.36719
12.4766483333333	5898876048.82031
12.507555	5833056845.08594
12.5378833333333	5855728836.92188
12.5669516666667	6018824089.11719
12.59659	6147985559.82031
12.626535	6220046806.66406
12.6554166666667	6088964729.65625
12.6860033333333	6133584561.1875
12.71547	6302864269.24219
12.7454866666667	6565401431.16406
12.775215	6341780807.65625
12.8062	6315475226.44531
12.8372266666667	6384839405.20313
12.868265	6278333283.625
12.899535	6392354026.89063
12.9292716666667	6190867544.97656
12.9604783333333	6223444751.71094
12.98987	6010734162.78906
13.0196683333333	6371213341.6875
13.0511816666667	6123527777.3125
13.08217	6101142933.0625
13.11253	5974773598.11719
13.1434266666667	6075543243.33594
13.1755983333333	6238022553.35156
13.2050766666667	6000959209.8125
13.2359216666667	6234421503.39844
13.2672616666667	6263753621.01563
13.2973416666667	6245653445.75781
13.3269116666667	6205421884.46094
13.3568166666667	6358089287.875
13.388555	6394457192.35156
13.41953	6297228772.5
13.45053	6409766586.07031
13.4823133333333	6241992034.67969
13.512485	6517629601.34375
13.5425633333333	6541734644.67969
13.57386	6544721564.45313
13.6040016666667	6497727809.25
13.6352633333333	6397887830.36719
13.664965	6497909108.08594
13.6946916666667	6568577949.91406
13.72352	6478697336.50781
13.7534566666667	6385190123.05469
13.78256	6466794425.1875
13.811515	6471457199.375
13.840605	6516467634.3125
13.87083	6343936898.03125
13.90025	6529889347.66406
13.9297766666667	6627131669.84375
13.9603216666667	6472357004.53125
13.9909083333333	6802941972.14063
14.021875	6774290526.89063
14.0521233333333	6521916305.58594
14.0826916666667	6497673749.42969
14.1124333333333	6147000427.79688
14.1428016666667	6194279426.79688
14.1726316666667	6270567928.60156
14.2022483333333	6229115374.92188
14.2332633333333	5980559193.26563
14.263195	6215810744.50781
14.294495	6421162263.10156
14.3252783333333	6690366708.04688
14.35509	6842021187.57031
14.3854583333333	6893235724.625
14.4153483333333	7029131054.59375
14.444775	7213245320.79688
14.4744866666667	7239122566.34375
14.5052666666667	7281232995.34375
14.5358466666667	7516697218.92969
14.566475	7369432597.65625
14.5970533333333	7399202623.16406
14.6266133333333	7453250945.19531
14.6578066666667	7486625562.94531
14.6887416666667	7530866749.03125
14.7196366666667	7153382054.32813
14.7505266666667	7491550747.75781
14.7822133333333	7345934839.90625
14.81221	7098388015.01563
14.841915	7079172180.24219
14.8724433333333	6663133642.27344
14.9042716666667	6882751048.28906
14.93435	6331986089.57813
14.9654916666667	6237096291.78906
14.99403	5760110592.58594
15.0250133333333	5999596642.71875
15.055195	5818294658.5625
15.0862966666667	5443346583.21094
15.116845	5382586395.3125
15.147115	5309299394.08594
15.1779983333333	5365245536.46094
15.2094083333333	5326668772.11719
15.239985	5149273731.98438
15.27057	5481126472.67969
15.3012	5176542890.375
15.3327066666667	5228161356.94531
15.3617816666667	5191720805.85938
15.39132	5233935822.3125
15.4231333333333	5303784575.625
15.4535183333333	5499588660
15.48412	5669071272.77344
15.5143733333333	5650204638.40625
15.5460283333333	5643580150.17188
15.577255	5799423549.45313
15.6078733333333	5840690937.50781
15.6394966666667	5919320510.39844
15.6705333333333	6017616532.52344
15.7023016666667	5957376077.17969
15.7324633333333	6111035959.48438
15.76379	6257219114.47656
15.7942666666667	6247328671.99219
15.8251483333333	6165867206.98438
15.856805	6247910521.98438
15.8875933333333	6217674423.45313
15.9182983333333	6013546097.04688
15.9490783333333	5991323111.46875
15.9798583333333	5988852772.74219
16.0104516666667	6073424432.79688
16.0415033333333	5893507173.48438
16.071605	5676041982.82031
16.1032016666667	5757504629.85938
16.1334383333333	5553528953.71094
16.1624566666667	5520542776.57813
16.192595	5665792766.82813
16.22331	5744688501.49219
16.252285	5559408031.63281
16.2826666666667	5639279852.14063
16.3128116666667	5446103916.0625
16.3416433333333	5708556619.75781
16.3718266666667	5634958188.64063
16.4015366666667	5631924869.84375
16.4324383333333	5386644545.82813
16.4626116666667	5540474421.07031
16.492675	5590483291.44531
16.52393	5494410893.36719
16.5538083333333	5575543740.6875
16.5847233333333	5709563364.21875
16.6150533333333	5703827676.89844
16.645605	5839826779.6875
16.6759716666667	6050211448.96094
16.7056266666667	6255415504.95313
16.7356033333333	6451682986.32031
16.7675783333333	6473110106.94531
16.79795	6612747815.22656
16.827915	6757567690.14844
16.8584883333333	6833435067.8125
16.8895066666667	6883561778.6875
16.9200066666667	7148074089.83594
16.951305	7085958170.25
16.9833333333333	7138026114.07813
17.0136083333333	7300375559.64063
17.0445233333333	7505644323.63281
17.0751133333333	7339841731.94531
17.1062183333333	7411463482.72656
17.136665	7294724472.74219
17.16898	7422521576.00781
17.2006833333333	7264639547.125
17.23071	7361129510.48438
17.2609966666667	7482136605.42969
17.2923533333333	7464459838.5625
17.3227216666667	7465384448.53125
17.3533066666667	7342061093.20313
17.3850966666667	7181222879.25
17.4159066666667	6968869468.21094
17.4462216666667	6917158112.89063
17.4764166666667	6709440987.60938
17.507595	6400388958.44531
17.538885	6238214788.17969
17.57085	5995938652.91406
17.6026533333333	6073654114.41406
17.6342133333333	6223229316.10938
17.6647783333333	6031764736.57031
17.6966916666667	6241465040.28125
17.7285233333333	5955276961.50781
17.758895	6106382430.32813
17.789715	5938074511.67969
17.819455	5930406525.76563
17.8510983333333	6204533265.50781
17.8819116666667	6211479107.28906
17.9120516666667	6078969207.44531
17.94298	6429334174.67969
17.9740916666667	6349617080.49219
18.00522	6020196734.57031
18.0364316666667	6233432013.61719
18.0680716666667	6646506452.19531
18.09971	6548844084.92969
18.1295716666667	6249057573.02344
18.161555	6875279330.01563
18.1932433333333	6813375490.14063
18.224545	6832654708.26563
18.2550116666667	6542828061.63281
18.2864833333333	6907535094.11719
18.318025	6775610663.35938
18.3497683333333	6728043497.10938
18.3795633333333	6701686363.125
18.4101916666667	6391426156.46875
18.4402716666667	6407273687.91406
18.4704233333333	6174059380.29688
18.5016833333333	6234830017.60938
18.5313966666667	6350607845.9375
18.56105	6363175613.5625
18.591775	6303064956.78906
18.6229516666667	6243260793.82813
18.654515	6357239289.5
18.6847433333333	6328463337.11719
18.7154816666667	6247415379.92188
18.7457466666667	6311820834.67188
18.7757916666667	6227178288.19531
18.8041316666667	6173989351.58594
18.83461	6352561285.29688
18.864895	6398876601.5
18.8939383333333	6321356032.60156
18.9254966666667	6493729012.96875
18.95538	6344243753.03906
18.9864666666667	6377199192.61719
19.0180333333333	6515783902.24219
19.0486283333333	6406089081.92969
19.07958	6370593413.13281
19.111725	6506577546.86719
19.143375	6553316999.67188
19.1745216666667	6355937085.96094
19.2054916666667	6434150770.96094
19.236855	6325370546.78906
19.2687083333333	6256210291.71094
19.2995366666667	6065040536.02344
19.330925	6267456138.74219
19.36226	6299902045.92969
19.393975	6380636950.17969
19.4261683333333	6291375423.21875
19.4574583333333	6314871230.72656
19.488335	6441409584.19531
19.51857	6282456420.20313
19.5504166666667	6566950080.625
19.5817433333333	6210782716.3125
19.61344	6396137141.21094
19.6449433333333	6267842124.14844
19.6760583333333	6296718795.45313
19.7069183333333	6372428350.61719
19.736925	6196676407.20313
19.768045	6206951633.75
19.7979233333333	6235276459.28125
19.8290566666667	6164635648.78906
19.8600783333333	6289503377.22656
19.8904916666667	6446793505.59375
19.9203516666667	6365563794.14844
19.9502316666667	6653884955.27344
19.9805866666667	6781838777.36719
20.0108283333333	6794402522.90625
20.041635	6939090278.03125
20.0732266666667	7131583611.26563
20.1042033333333	7067962756.21875
20.1349183333333	7236993383.72656
20.16592	7174409817.5625
20.1974283333333	7108884260.32813
20.2272316666667	6719946353.47656
20.2578733333333	6731301723.33594
20.2878233333333	7012911274.40625
20.31846	6916467355.45313
20.35118	6778161508.78125
20.3827316666667	6688518995.46094
20.414575	6886991477.26563
20.4461833333333	6542225768.96875
20.4767116666667	6503508871.96875
20.5084983333333	6312948432.59375
20.5397516666667	6238219155.64844
20.5693183333333	6403297342.32813
20.60087	6200546819.5625
20.631755	6254221080.19531
20.6624333333333	6217219410.33594
20.6940633333333	6021152452.16406
20.7252583333333	5902942628.64063
20.75651	5974930639.15625
20.7877033333333	6041385891.125
20.81932	5896151475.17969
20.8495966666667	5853891391.04688
20.8802583333333	5970931698.35938
20.9119166666667	5960597598.23438
20.9430233333333	5784842329.34375
20.975435	5662898716.01563
21.0077283333333	5541131137.42188
21.03926	5553712793.65625
21.07077	5641717456.75
21.101015	5514638145.375
21.1316883333333	5544696914.54688
21.1623833333333	5544624561.16406
21.1931916666667	5287343950.3125
21.2230983333333	5398615513
21.253435	5551484236.10938
21.28314	5464450794.4375
21.3131166666667	5533915031.07813
21.3425883333333	5507560138.75781
21.3729066666667	5791435559.96094
21.4038633333333	5924505414.58594
21.4343616666667	5793689977.92969
21.4643433333333	5904695215.57813
21.4938583333333	6135205318.83594
21.5247316666667	6236653370.125
21.5543766666667	6066607289.64844
21.5847366666667	6504113857.22656
21.6165983333333	6336085175.63281
21.6466066666667	6541267102.21094
21.676815	6452303639.71875
21.7076166666667	6464840898.17188
21.73727	6548841256.75
21.7694616666667	6938597897.09375
21.800315	6602502939.64844
21.8308083333333	6726777579.47656
21.8613016666667	6429224813.33594
21.890985	6425744101.32813
21.9200966666667	6255839829.54688
21.9524883333333	6099250801.58594
21.982565	5897380871.03906
22.013645	6288088549.36719
22.0436316666667	5962008232.34375
22.0744583333333	5786139328.96875
22.1059366666667	5759442846.19531
22.1371983333333	5808485312.65625
22.1680233333333	5749438848.64844
22.1982266666667	5943267444.13281
22.2288683333333	6172614423.8125
22.259825	6091454480.76563
22.2905533333333	6456128824.14063
22.3203566666667	6516589931.05469
22.3510916666667	6731986086.74219
22.3818033333333	6510307724.07813
22.41029	6747144453.82813
22.4416633333333	6590360536.84375
22.4719683333333	6620527305.99219
22.50061	6666301399.46875
22.532185	6586259822.67969
22.5639683333333	6430057564.57813
22.5949433333333	6197379428.76563
22.6265183333333	6652101446.64063
22.6583616666667	6288928071.375
22.6895266666667	6255337914.32031
22.721805	5971679236.21875
22.75429	5906138239.30469
22.78395	5847590624.25
22.8154016666667	5640454560.65625
22.8459133333333	5674963653.41406
22.8776933333333	5577892868.69531
22.9091116666667	5937670414.6875
22.9398083333333	5773050615.82813
22.9701816666667	5930790001.49219
23.0004933333333	5698133288.07813
23.0315366666667	5738305192.28906
23.061965	5613828465.21875
23.09235	5812094592.14063
23.1234433333333	5786785313.125
23.15444	5864000490.42969
23.18652	5779456939.02344
23.2175716666667	5700449367.60938
23.2493083333333	5692738270.85938
23.2800066666667	5755959839.46875
23.3119316666667	5530187033.33594
23.343395	5515361214.3125
23.3751816666667	5559023652.26563
23.4051416666667	5537735169.03906
23.4367716666667	5603756119.57813
23.4676	5678482855.69531
23.4983716666667	5710390666.03906
23.5288666666667	5948290075.64844
23.5594833333333	5978544554.07813
23.590365	6184725630.04688
23.62006	5778335133.53125
23.650845	5947266059.73438
23.6815783333333	5851990137.41406
23.7132583333333	5613538861.91406
23.744725	5902759947.58594
23.77567	5726764684.13281
23.8059166666667	5594027974.17969
23.8367916666667	5752354656.07031
23.868625	5498298291.32813
23.8991	5762561253.75781
23.9291466666667	5745825116.52344
23.9586416666667	5779392460.96094
23.99004	5712394283.11719
24.02191	5896637062.36719
24.0533166666667	5973986259.51563
24.0840816666667	5966762737.54688
24.1144516666667	5910321304.82031
24.1445383333333	5900717290.4375
24.1758233333333	6036489380.21875
24.2071416666667	6078917515.17969
24.238085	6129061302.46094
24.2694433333333	6144599614.66406
24.3006483333333	5723201947.65625
24.332095	5868120121.70313
24.363145	5782608078.46094
24.3949366666667	5955161150.9375
24.4246516666667	5986061785.53125
24.455955	6185915093.74219
24.4873133333333	5824437261.70313
24.5180933333333	6134936535.28125
24.5484133333333	5802912287.69531
24.5790316666667	5701985997.53906
24.6088133333333	5637213512.21875
24.6402716666667	5625280336.51563
24.6721066666667	5584615033.14063
24.7035716666667	5540019029.625
24.735665	5538747552.625
24.7670316666667	5676949491.84375
24.7973533333333	5634974040.57813
24.8289033333333	5448792226.67969
24.8593633333333	5389430675.30469
24.8905016666667	5398309988.57813
24.9209616666667	5391055259.10156
24.9519483333333	5441364549.97656
24.9838366666667	5552375143.10938
25.0141633333333	5500259671.375
25.0443733333333	5525115558.86719
25.0755983333333	5603846743.39844
25.10502	5502778219.13281
25.1360433333333	5553168358.85938
25.166975	5749282488.82813
25.1984216666667	5555482232.23438
25.228115	5433473562.92969
25.2589016666667	5463440370.38281
25.2892566666667	5630001325.16406
25.31893	5700424201.84375
25.3491383333333	6010581579.72656
25.3790483333333	5938690608.72656
25.4090933333333	6053240256.875
25.4396283333333	6209889368.89844
25.470935	6376355870.01563
25.5024583333333	6371892003.75781
25.5337033333333	6153750930.96875
25.564555	6141222832.01563
25.59589	6436286592.73438
25.6272	6169022968.73438
25.6588316666667	6269267980.71094
25.690295	6280310073.03906
25.7215333333333	6079439867.98438
25.7519433333333	6015200485.32031
25.7827783333333	5963329887.30469
25.8136833333333	6283860110.57813
25.8442433333333	6360086532
25.875735	6305103208.29688
25.90666	6710103095.76563
25.9377016666667	6807530510.55469
25.9691633333333	6857686716.94531
26.0004866666667	6874694122.875
26.0321366666667	6996870469.51563
26.0631266666667	6976716326.52344
26.0942866666667	7031135095.35938
26.1265283333333	6922972198.86719
26.1574766666667	6584773140.13281
26.1897866666667	6393964664.5
26.2211	6599400207.26563
26.253615	6496171868.92188
26.285895	6580254979.35156
26.3172966666667	6326044408.95313
26.3495566666667	6310073323.73438
26.3806316666667	6007443574.34375
26.4117183333333	6102532957.47656
26.44259	5995803188.78125
26.473305	5657628028.96094
26.5039333333333	5660392902.51563
26.5349683333333	5679978549.86719
26.56522	5643467190.22656
26.5972666666667	5365170464.19531
26.628435	5438894440.9375
26.6592583333333	5407084176.89844
26.6914883333333	5384952787.60156
26.7229583333333	5273520957.32031
26.7542416666667	5165937173.34375
26.7864333333333	5007318627.35156
26.81736	4882981546.23438
26.8480116666667	4889334454.46094
26.8789233333333	4895706084.80469
26.9092983333333	4899360180
26.9383933333333	4580013751.36719
26.9685333333333	5007943791.79688
26.99925	5141352512.21875
27.0291433333333	5129959387.22656
27.0596233333333	5332330615.60156
27.0899883333333	5557007874.75781
27.1195216666667	5657279661.88281
27.1496816666667	5386846476.04688
27.1794033333333	5641832965.61719
27.2091833333333	6205035851.20313
27.2399566666667	5946841481.44531
27.2704633333333	5835443203.92969
27.2997983333333	5888277317.08594
27.3298533333333	6072776354.44531
27.358855	5873760653.54688
27.3880483333333	5727857783.375
27.4193933333333	5935052318.375
27.4503733333333	5909868477.64844
27.480665	5863153115.73438
27.512065	5625088976.07031
27.5426716666667	5852144018.14063
27.573315	5389662072.94531
27.6040133333333	5549347868.64844
27.635385	5679861453.03906
27.6664533333333	5471702063.54688
27.698315	5374936177.35156
27.7305383333333	5506464774.98438
27.7621083333333	5389239151.10156
27.794405	5210661851.55469
27.8260016666667	5216363759.10938
27.8570216666667	5229134703.85938
27.8884266666667	5238952191.66406
27.9194216666667	5491792394.78125
27.9499883333333	5356965726.58594
27.9810566666667	5553178053.55469
28.0117933333333	5853448543.05469
28.04243	5866346064.67969
28.0730883333333	6142926706.84375
28.1036033333333	6187555192.28906
28.1348133333333	6279484325.39844
28.165885	6020558535.86719
28.19689	6005290803.51563
28.22976	6396065466.89844
28.2621	6137179179.60938
28.2940866666667	6202311580.60938
28.3263083333333	6224725976.27344
28.3589183333333	6035322048.14844
28.3907433333333	6049023425.60938
28.422095	5987493299.71875
28.4541716666667	5895799313.13281
28.4865416666667	5932706697.44531
28.5171833333333	5746055204.17188
28.5480533333333	5759065757.35938
28.57897	5588874857.86719
28.6091633333333	5704004047.27344
28.6396233333333	5698017847.50781
28.6697733333333	5477507654.90625
28.7004166666667	5504810623.45313
28.7319916666667	5661547862.10938
28.7630283333333	5712730665.48438
28.7948866666667	5658581503.6875
28.8270116666667	5720860950.38281
28.8584183333333	5887662536.17188
28.8892883333333	5902942195.48438
28.9195233333333	6156745827.09375
28.9501666666667	5785083186.98438
28.9815333333333	5987873400.82813
29.0130783333333	5708953092.97656
29.0436633333333	5508148515.09375
29.0738733333333	5364587013.875
29.1052433333333	5354640004.47656
29.1370266666667	5083751097.3125
29.168845	5032643702.66406
29.1998583333333	4960823550.1875
29.2321466666667	5064959558.75781
29.2625183333333	5162965259.04688
29.2939833333333	5013004063.40625
29.324695	5234267576.74219
29.3549133333333	5390512270.99219
29.3852083333333	5328598132.70313
29.41595	5628926393.35156
29.4459833333333	5615399969.10938
29.475855	5768074601.1875
29.5062683333333	5793517245.21875
29.5364766666667	5874014650.23438
29.5680183333333	6038189570.35938
29.5991116666667	5980738233.49219
29.6302266666667	6242105808.14844
29.6613633333333	6249678798.90625
29.692805	5992149876.03125
29.7243266666667	6009611223.61719
29.75551	6212695987.83594
29.7859666666667	6313211989.04688
29.816145	6065699109.45313
29.8471983333333	6340299132.28906
29.878255	6468644100.20313
29.9100233333333	6240294954.57031
29.940235	6398713752.88281
29.9717616666667	6437570258.71875
30.0027916666667	6095468830.49219
30.0344433333333	6020436395.96875
30.06585	5956272349.5
30.0976066666667	5673186804.94531
30.1297316666667	5671075768.51563
30.16102	5829431262.46875
30.1925283333333	5589949136.53125
30.2239583333333	5352154516.6875
30.254905	5291473377.25
30.2867716666667	5051729750.71875
30.317705	5230594696.70313
30.34936	5241446750.08594
30.380425	5063998650.92188
30.4120466666667	5090512327.28125
30.4431933333333	4838292855.89844
30.4738333333333	4845354329.09375
30.504485	5103372009.91406
30.5358783333333	5003814147.8125
30.566755	5219569700.16406
30.598145	5048822282.46875
30.62979	5080983405.45313
30.6600983333333	4899151743.89844
30.69174	4928466668.09375
30.7233216666667	4887577500.73438
30.7551866666667	4719698190.17969
30.78707	4964684216.5625
30.8194733333333	4716296545.25781
30.8515366666667	4870950576.28906
30.88345	4790172810.96094
30.9154033333333	4620999306.53125
30.9474266666667	4729701612.27344
30.9798883333333	4722031135.98438
31.011725	4867625896.52344
31.0424716666667	5006938831.67969
31.0743316666667	5110758160.46875
31.1046766666667	5148972112.51563
31.136295	5038158029.91406
31.16852	4995788414.16406
31.2008083333333	5185413344.55469
31.2329266666667	5127895637.03125
31.2643716666667	5095049865.25
31.2955983333333	5079904149.14844
31.3263266666667	5176494659.54688
31.3570016666667	5195592580.79688
31.3892	5061791806.72656
31.41906	5086678138.85156
31.45011	5192512063.72656
31.4809816666667	5060788284.11719
31.5113116666667	5265963697.54688
31.5426	4942898795.17188
31.5741216666667	5122491318.15625
31.6065583333333	5057557185.84375
31.638595	5127540613.57813
31.6700133333333	5004622418.6875
31.700695	5091824400.32031
31.7312716666667	5279359599.26563
31.7630966666667	4944562143.51563
31.7946533333333	4839756047.42969
31.82463	4795589418.72656
31.8562833333333	4974212067
31.887075	5068462503.23438
31.9187116666667	4946129824.67188
31.9504033333333	4976568972.875
31.9819633333333	4896351042.42188
32.01281	5065488561.60938
32.0425366666667	4861450102.02344
32.0728383333333	5150225926.55469
32.10325	5036355402.0625
32.1339933333333	5208659027.35938
32.16479	5204578968.92969
32.1950216666667	5380214083.44531
32.225735	5014285386.1875
32.2578016666667	5225052186.14063
32.289185	5148519604.6875
32.321815	5231823860.77344
32.353775	5088369464.51563
32.3859616666667	5118678297.80469
32.4174066666667	5227004021.57813
32.447785	5116687338.1875
32.4786066666667	5515683270.89063
32.5090733333333	4926832685.09375
32.53918	4906188489
32.57005	4972759358.29688
32.6005983333333	4985477728.85156
32.63164	4814988579.48438
32.6624083333333	4828758753.67188
32.6932866666667	4896079694.90625
32.724565	4983744398.35156
32.7557316666667	4953486696.98438
32.7874333333333	4997933834.64063
32.81906	4906551633.85938
32.8500516666667	5011700478.15625
32.881235	5051527258.07031
32.912135	5073392824.38281
32.943495	5184308889
32.9751916666667	5367042139.8125
33.0068183333333	5515836782.10938
33.03872	5222742644.23438
33.0697483333333	5612364971.6875
33.1015033333333	5311626122.14844
33.1327233333333	5277704317.10156
33.1645716666667	5138593003.50781
33.1951966666667	5086090161.27344
33.226045	5089051240.77344
33.25682	5119263813.69531
33.28843	4967049285.94531
33.3198716666667	4804611657.52344
33.3513216666667	4764420632.53125
33.382785	4866729273.64063
33.413455	4974590315.39844
33.445215	5097499927.375
33.4764466666667	5221953645.74219
33.5087333333333	5124480394.89844
33.5404283333333	5170592802.91406
33.5717466666667	5005187634.59375
33.60267	5235575232.49219
33.6335616666667	5116241036.875
33.66409	5059031923.03125
33.694285	5082617801.78125
33.7246083333333	5112763357.6875
33.7566483333333	5017910128.89844
33.7877283333333	4816492304.21094
33.8193116666667	4978046681.10938
33.85021	4708098338.63281
33.880295	4745751798.39844
33.9113383333333	4516212317.66406
33.9427516666667	4397883771.73438
33.9737616666667	4367611849.02344
34.0056083333333	4413280909.85156
34.0372433333333	4253457447.39844
34.0684616666667	4405329106.27344
34.1005566666667	4359673554.60156
34.1327416666667	4452023467.5625
34.1647633333333	4721824315.17188
34.1946666666667	4938904001.39844
34.2261133333333	5002039593.96094
34.2563983333333	5023179172.75
34.2875366666667	5253262663.32813
34.31917	5189109812.125
34.350415	5231791764.82813
34.382735	5218821526.38281
34.41365	4953772205.64844
34.4446966666667	5062556146.32813
34.4762616666667	5127160687.77344
34.5074566666667	5169483221.60938
34.53947	4834946166.00781
34.5713466666667	4913955297.57031
34.6027783333333	4883455986.84375
34.6342533333333	4582730201.99219
34.6661033333333	4535460554.15625
34.6978166666667	4670716776.32031
34.7292816666667	4704739820.6875
34.7599733333333	4684391141.69531
34.7903033333333	4647903922.99219
34.82192	5006923101.92188
34.8525183333333	4988941599.29688
34.8835683333333	4824132295.84375
34.9152783333333	4752214016.00781
34.946805	4667614096.19531
34.97777	4943352812.97656
35.009615	4923163789.4375
35.04084	4864835157.33594
35.0710183333333	5039133384.0625
35.10207	4853619913.60938
35.1340483333333	4854370621.8125
35.1654466666667	4856059798.9375
35.1965566666667	5067177393.96875
35.22747	4960265254.44531
35.2591566666667	4987371836.54688
35.29047	5060034146.125
35.3219666666667	4812057265.0625
35.35312	4967191643.03125
35.3842466666667	4856055221.3125
35.4165966666667	4786474742.20313
35.4480933333333	4949550432.78906
35.4797766666667	5096901468.44531
35.5110666666667	4764138623.28906
35.5425766666667	4819058236.89063
35.5730483333333	4837211746.94531
35.6047283333333	4889007766.82813
35.63647	4832435315.35156
35.6674583333333	4956991466.21875
35.6990866666667	5210509024.9375
35.729495	5299132288.07031
35.7609283333333	5193508180.01563
35.7923366666667	5433911206.13281
35.823835	5274165939.80469
35.85579	5269993601.35938
35.8878	4916651552.03125
35.918185	4877868651.40625
35.95006	5378417495.07813
35.981645	4929493450.45313
36.0133	5382972872.32813
36.0444816666667	5311326178.27344
36.0755883333333	5144918471.29688
36.107255	5267582295.77344
36.1379466666667	5260168410.24219
36.1687466666667	5245667245.57813
36.1995083333333	5157289668.1875
36.2311083333333	5249200307.17969
36.2624266666667	5228887214.25781
36.2936083333333	5423153159.1875
36.3251466666667	5302587293.82031
36.3566233333333	5502706995.00781
36.3872816666667	5542256719.14063
36.4191283333333	5593924388.32031
36.45065	5809200125.90625
36.48143	5892548101.45313
36.5126983333333	5410136497.38281
36.5441733333333	5651016823.21094
36.5751216666667	5484989422.72656
36.60661	5067527737.60938
36.6384266666667	5235540475.04688
36.6707566666667	5322698426.10156
36.7030733333333	5057594367.51563
36.7344666666667	4839344283.46875
36.7659633333333	4912623175.01563
36.7978166666667	4899353031.16406
36.8295416666667	4973395226.23438
36.8611666666667	5047943283.84375
36.8927683333333	5071679976.63281
36.9240683333333	5014359497.67188
36.9555533333333	5246541958.76563
36.986675	5050675160.08594
37.0188883333333	5487748926.39063
37.05042	4982869795.6875
37.0824216666667	5044096232.49219
37.11357	4991692533.14063
37.1449433333333	4896873984.23438
37.1766383333333	4834229839.79688
37.207995	4953635567.79688
37.2384866666667	4956432735.60156
37.2704583333333	4686126464.64063
37.3016683333333	4627669712.16406
37.3332366666667	4424474748.88281
37.36484	4390613088.13281
37.395645	4455563524.41406
37.4270733333333	4476522601.08594
37.4591033333333	4582518825.46094
37.4896383333333	4557822428.55469
37.52106	4571936774.90625
37.553255	4455994668.48438
37.5844466666667	4739827379.53125
37.6157833333333	4917373395.94531
37.6475666666667	5050873649.39063
37.67951	5154050589.96875
37.7115683333333	4916414996.28906
37.7425366666667	5080631096.5
37.774065	5247393886.55469
37.8055133333333	5284950354.35156
37.836915	5141169878.22656
37.86846	5465825098.49219
37.9001283333333	5325774066.34375
37.9323416666667	5382723245.54688
37.963405	5472360612.11719
37.9956183333333	5411296458.99219
38.026405	5209002176.60938
38.0587333333333	5160690399.35156
38.0902116666667	5349478517.92188
38.1221616666667	5101510962.33594
38.15217	5309925485.78125
38.1838416666667	4982845937.22656
38.21493	5269085105.14844
38.2471416666667	5090350116.21875
38.2792416666667	4917771496.14844
38.3094333333333	4918523937.61719
38.34082	4892224042.28906
38.372575	4822640452.30469
38.4030483333333	4992360120.61719
38.4348866666667	4982954240.39844
38.467015	5305178536.45313
38.4975916666667	5083241444.57031
38.5293433333333	5277471486.00781
38.5605733333333	5127045036.39063
38.5914433333333	5212591546.71094
38.6235266666667	5174926240.77344
38.65442	4969724623.54688
38.6855916666667	4966462145.52344
38.71774	5054801670.86719
38.7491566666667	5232581317.09375
38.7801933333333	4933564065.71875
38.8113216666667	5032980594.60156
38.8432083333333	4922348913.30469
38.8746616666667	4941675277
38.9066716666667	4767490134.36719
38.938655	4959870968.07031
38.9701183333333	5077364561.14844
39.0017716666667	4671743552.83594
39.0329583333333	4696820611.27344
39.0647133333333	4950882217.17188
39.0962166666667	4970881422.3125
39.12666	4888546574.375
39.1581516666667	4875600093.85938
39.189905	4614957925.67969
39.2210766666667	4823800716.39844
39.2521783333333	4671009861.67188
39.28317	4750536061.39063
39.3135766666667	4857676875.22656
39.343055	5157025638.46875
39.3735716666667	4689103285.49219
39.4045033333333	4948826426.35938
39.4360766666667	4717476391.85938
39.4673933333333	5081656750.27344
39.498325	5088109076.8125
39.52955	4856569444.04688
39.561415	4897887265.59375
39.5924783333333	5021196830.25
39.6239766666667	5263562983.92188
39.6556183333333	4986146428.8125
39.6869933333333	4769741161.51563
39.7191416666667	4835640423.82031
39.7514533333333	4509507726.60938
39.7827866666667	4563491976.35938
39.814855	4462988098.99219
39.84774	4493978856.22656
39.8799666666667	4458945046.42969
39.9116983333333	4277551621.34375
39.9431816666667	4374463821.42188
39.9751333333333	4109982498.44531
40.00725	4412671095.36719
40.040105	4555802836.09375
40.0725083333333	4404299151.875
40.1036383333333	4631647308.98438
40.1356283333333	4916147550.60938
40.1666966666667	5003095351.90625
40.1980366666667	5032304697.39063
40.22935	5248382847.05469
40.2601783333333	4869207020.30469
40.2912866666667	5331820841.75781
40.3229666666667	4782965380.28125
40.355335	4921414094.32031
40.3877466666667	4822625928.30469
40.4186066666667	4800118431.57031
40.45014	5019494618.47656
40.4813033333333	4924138288.3125
40.5135616666667	4973328189.78906
40.545925	4969298644.29688
40.5777233333333	5185945323.20313
40.6091666666667	5089707140.46094
40.6409533333333	5093377465.76563
40.6720783333333	5041167437.46094
40.7043583333333	4858906432.22656
40.7368433333333	4935092607.58594
40.769285	4702282305.83594
40.8018416666667	4658074863.82031
40.834435	4522262550.67188
40.86558	4605945771.65625
40.896805	4927543558.73438
40.9287866666667	4423258045.10156
40.9604433333333	4154458594.98438
40.991475	4244813942.39844
41.0231066666667	4288529580.07813
41.0539216666667	4368341246.59375
41.085135	4404672591.29688
41.1165	4213973573.23438
41.1470133333333	4256332432.30469
41.17754	4747435785.07813
41.2085333333333	4346816664.07813
41.2400983333333	4658696437.44531
41.271425	4615486935.83594
41.3025833333333	4932998369.83594
41.3344783333333	4732247422.57031
41.3653433333333	4993996771.52344
41.3972683333333	4774365473.90625
41.4285316666667	4753177113.91406
41.4600766666667	4535235233.76563
41.492255	4915929283.97656
41.52385	4661391277.17188
41.5554466666667	4767053432.6875
41.58771	4882310530.375
41.619195	4703688814.60156
41.6503916666667	4785334059.28906
41.6819883333333	5038903440.91406
41.7139266666667	4802775996.92188
41.74622	4748242986.32031
41.7782016666667	4794436236.64063
41.8101483333333	4829054343.40625
41.8428416666667	4916609324.78906
41.8735633333333	4419218599.13281
41.9061466666667	4617965942.48438
41.93607	4542160282.51563
41.9667066666667	4612611642.85156
41.9979983333333	4508367815.48438
42.0303433333333	4474684205.75781
42.0615083333333	4072166991.14063
42.0921816666667	4095471954.07031
42.1233466666667	4036683598.55469
42.15387	4407737344.67188
42.18476	4314233214.00781
42.2153866666667	4241994875.36719
42.2470333333333	4525429203.21875
42.277735	4402511939.25781
42.3082583333333	4548070574.36719
42.3373416666667	4715014704.11719
42.3688233333333	4615622471.16406
42.3995966666667	4615747430.60938
42.430475	4487463190.00781
42.4608766666667	4489719848.69531
42.4919133333333	4595979546.54688
42.5229583333333	4404264539.5
42.5543516666667	4271539310.75
42.5851366666667	4379238731.64844
42.6161066666667	4314577256.125
42.6469816666667	4378671484.05469
42.6786833333333	4297419747.96094
42.7100266666667	4170100082.90625
42.7410033333333	4151355520.53906
42.77234	4221811785.00781
42.8045266666667	4197944012.375
42.8366816666667	4126164485.73438
42.8683266666667	3959805713.55469
42.9000766666667	4076331426.96094
42.93175	4082740850.17969
42.9632866666667	3979266977.57031
42.9950233333333	4176680718.02344
43.0261233333333	4120491307.02344
43.0573283333333	3955831681.82031
43.0892566666667	4006349043.64063
43.120515	4076884559.48438
43.15081	4255891615.48438
43.1824233333333	4061591677.67188
43.2129083333333	4099808711.55469
43.24469	4642422785.88281
43.2769966666667	4462359474.54688
43.30903	4462878646.42969
43.3396183333333	4726212973.69531
43.370945	4943497118.51563
43.4021666666667	5192979844.99219
43.4342216666667	5246777977.09375
43.4658866666667	5487701846.92188
43.497875	5180837365.44531
43.5283216666667	5275615990.5625
43.55996	5454953819.54688
43.5915883333333	5262418863.8125
43.6243716666667	5164590645
43.655565	5000472009.84375
43.68728	4828244700.21094
43.7186216666667	5049228988.35156
43.7500183333333	4889155052.89063
43.78155	4649283002.5
43.8129833333333	4697723517.4375
43.8446	4223946536.17188
43.876145	4436289342.04688
43.9076083333333	4438143389.52344
43.9388833333333	4439121286.42969
43.9700583333333	4007328004.99219
44.0016783333333	4038932597.57031
44.0324583333333	4052276839.48438
44.0631266666667	4160263690.95313
44.0931266666667	3904050476.97656
44.1241183333333	4075368948.39063
44.1551933333333	4085304506.90625
44.186815	3931878203.42188
44.2187516666667	4068284716.46094
44.2503066666667	3823690719.86719
44.2820383333333	3879884218.55469
44.3139083333333	3834483723.51563
44.3454183333333	3976988551.46875
44.3775766666667	3948591927.10156
44.4094816666667	3948594761.67188
44.4420816666667	4241104821.64844
44.4741433333333	3703034020.32813
44.5061016666667	3903207981.75
44.538355	3781530800.85156
44.5708216666667	3550792124.07813
44.602865	3793633490.80469
44.6353116666667	3512544223.03125
44.6674833333333	3575151596.38281
44.6997766666667	3478079472.24219
44.73096	3739663917.21094
44.7621333333333	3804863544.5625
44.7935616666667	4004031215.74219
44.8255016666667	3864738249.58594
44.8570916666667	4001874269.67188
44.88838	3919572970.35156
44.9193616666667	4080826560.23438
44.9500916666667	4060607938.89844
44.98141	3973507167.92969
45.01319	4686557153.67969
45.0452383333333	4255373735.71094
45.0771733333333	4280811058.53906
45.1080166666667	4281522116.80469
45.14	4028250399.75781
45.1710416666667	4231626623.85938
45.202975	4062642639.375
45.23477	4710509507.34375
45.2658983333333	4251739630.53906
45.298025	4242939948.625
45.3293116666667	4495022563.32031
45.360375	4181115165.96875
45.3919283333333	4200917609.28125
45.42385	4315910658.15625
45.4561766666667	4906011361.57031
45.487515	4573116929.39063
45.51886	4876030273.42188
45.5508066666667	4976602553.10938
45.5832933333333	4778864430.61719
45.6148583333333	5035980322.49219
45.6460533333333	5218840369.89063
45.6786016666667	5028566329.69531
45.70942	5309058731.25781
45.7412233333333	5259449537.36719
45.7730716666667	5134052417.01563
45.8048616666667	5307904631.73438
45.8362683333333	5149846562.42188
45.8677616666667	5222218691.625
45.898805	5287990095.39844
45.9300766666667	5377207817.82031
45.96117	5433529959.17188
45.9924133333333	5247201178.96094
46.0229183333333	5215505679.64063
46.054875	5357133257.91406
46.08562	5289458651.28906
46.1171583333333	5125392693.97656
46.1488183333333	5070112170.22656
46.1785333333333	4608740433.03906
46.2102	4675270330.46094
46.2426616666667	4407957944.65625
46.2737533333333	4482825954.625
46.3056283333333	4039929830.50781
46.3376283333333	3825932608.96094
46.36812	3685351909.14063
46.399905	3498552507.67969
46.431215	3506196802.54688
46.4635083333333	3394053153.07813
46.4951783333333	3468580997.28125
46.5263516666667	3505130593.44531
46.558095	3474794346.67969
46.5900366666667	3482062230.57813
46.6221033333333	3539678911.40625
46.6539916666667	3686393038.53906
46.6852883333333	3804029622.20313
46.7158016666667	3846971900.39844
46.7463833333333	3990552351.96875
46.7781233333333	3600670687.36719
46.8099366666667	3840712818.60156
46.8412566666667	3857014736.75
46.8723783333333	3888575410.40625
46.9048333333333	3947930258.10938
46.9359816666667	4093930975.23438
46.9687566666667	4303573294.13281
47.0002833333333	4353904667.25781
47.0304383333333	4318591038.67969
47.0604283333333	4172357616.39063
47.09331	4382430320.57813
47.1247366666667	4242565084.32031
47.1573883333333	3990298919.42969
47.189305	4173572707.96094
47.220265	3756078127.42188
47.2518516666667	3801198884.88281
47.2828266666667	3907555767.86719
47.313615	3709862288.15625
47.3459266666667	3908510903.98438
47.37675	4124099030.00781
47.4080716666667	3811791032.76563
47.4399233333333	3719540734.91406
47.47225	3787021840.60938
47.5043316666667	3592578799.30469
47.5354683333333	3896488242.30469
47.567475	3706271415.875
47.5997333333333	3787953245.625
47.6312633333333	4003703928.17969
47.6630616666667	3855131721.44531
47.6944283333333	3884002706.59375
47.7261216666667	4062460319.15625
47.7581083333333	3915474449.17188
47.7898833333333	3903244595.80469
47.8210633333333	4261586677.85938
47.85073	4285825864.57031
47.8818883333333	4176450969.82031
47.91256	4140930352.17969
47.9445583333333	4060276114.25
47.9757133333333	3929126782.99219
48.0074583333333	4048598748.96875
48.038325	4125591354.48438
48.069355	4103442397.13281
48.1003416666667	3861199734.19531
48.1319366666667	3916633079.53906
48.16389	3968264338.08594
48.195055	3752305771.17188
48.22624	3929125731.375
48.2573166666667	3779483284.29688
48.2886266666667	3813087407.01563
48.3188716666667	3662152480.41406
48.3490066666667	4115966218.11719
48.3800016666667	3987706450.98438
48.41095	3999756881.94531
48.4415633333333	4231187487.95313
48.4722983333333	4074781779.1875
48.5021466666667	4415467983.51563
48.5333383333333	4221508355.82031
48.5641283333333	4146385061.32813
48.5955533333333	4327903538.44531
48.6263266666667	4434474587.55469
48.65785	4308703598.22656
48.6901366666667	4332085087.84375
48.722275	4153864189.30469
48.7539066666667	4052914804.4375
48.78654	4127050209.74219
48.81729	4388995999.44531
48.8489666666667	4090674591.21875
48.879565	4154892399.39844
48.91082	4046284302.82813
48.9423916666667	4329570127.78125
48.9745833333333	4348082608.79688
49.005625	4519223668.125
49.0367716666667	4678482565.13281
49.0683283333333	4729657963.05469
49.099105	4718158839.49219
49.1301666666667	4997687289.41406
49.1612433333333	4793429262.75
49.1932366666667	4790619104.0625
49.2251083333333	4642012246.32031
49.257255	4859528675.00781
49.2890133333333	4480339879.60156
49.3209633333333	4703204676.8125
49.3527666666667	4757224773.46094
49.3844866666667	4650449241.59375
49.4155383333333	4840595042.0625
49.44691	4940635833.88281
49.4781483333333	4910519437.55469
49.5080766666667	4748125504.08594
49.538275	4880924051.96094
49.5687533333333	4799864880.49219
49.5993516666667	4387616933.09375
49.630425	4481417158.41406
49.6613433333333	4477900823.86719
49.69273	4361094007.54688
49.724425	4553437749.17188
49.75586	4394092204.10156
49.787255	4532056271.96875
49.8191316666667	4322529895.01563
49.8524333333333	4262321073.49219
49.8842516666667	4346166579.57813
49.915645	4287605718.53906
49.9468416666667	4558144222.57031
49.97843	4421663735.34375
50.0093733333333	4568700970.05469
50.0411633333333	4645454051.89063
50.071865	4881960463.58594
50.1027716666667	4633103541.50781
50.1338233333333	4585238564.45313
50.165215	5052276908.39844
50.19712	4669431181.60156
50.2284166666667	4532713298.84375
50.2585633333333	4721128843.01563
50.28961	4256443609.13281
50.3206666666667	4095626661.14844
50.35244	4004447520.35156
50.3837716666667	3988913186.03906
50.4152266666667	3649743613.46875
50.447075	3579767691.60938
50.47805	3978009496.39844
50.5080833333333	3963529554.6875
50.5386883333333	3887396358.70313
50.56846	3704550189.58594
50.5989033333333	3764397178.72656
50.6292366666667	3831164203.65625
50.6596083333333	3791490475.69531
50.690515	3873102751.73438
50.7218333333333	4212102328.25781
50.7534433333333	4122088287.46094
50.7846316666667	4126798406.90625
50.816155	4238773164.04688
50.8476033333333	4459729611.46094
50.8796466666667	4276862627.76563
50.9113766666667	3941558108.21875
50.943465	4217232311.20313
50.9745433333333	3954358711.50781
51.00615	3918953146.20313
51.037515	4029601007.09375
51.0690983333333	4050988998.32813
51.1002633333333	3872259334.86719
51.1311883333333	3873617577.10156
51.1623766666667	4191582417.42188
51.1929916666667	4165259647.58594
51.223725	4332270111.21094
51.2538566666667	3959579308.07031
51.28387	4545121579.16406
51.3138766666667	4666032226.84375
51.3441433333333	4847465842.16406
51.3738333333333	4607496983.14844
51.4045566666667	5176806030.63281
51.4363783333333	5043372673.15625
51.468065	4767747646.99219
51.4997883333333	4756279481.50781
51.53093	4846565674.4375
51.5615716666667	4729995906.32031
51.5923566666667	4894238484.83594
51.6238816666667	4703067525.82031
51.655315	4791794603.17969
51.68657	5037913413.16406
51.7186666666667	5082407140.6875
51.7503166666667	4973261733.01563
51.7821533333333	5164639070.21875
51.8133433333333	4966331927.26563
51.8447233333333	4826277249.07031
51.8769466666667	4978409743.76563
51.9079933333333	5288394209.08594
51.9395666666667	5317301879.6875
51.97107	5035073282.67188
52.0032	4841492123.07813
52.0356283333333	4894389927.54688
52.0677983333333	4596232173.14063
52.1006316666667	4440238913.5625
52.1320516666667	4387271499.60938
52.1640683333333	4037874098.88281
52.1962583333333	3999956333.96094
52.227935	3771710168.82813
52.2592983333333	3798839047.98438
52.2900116666667	3536861353.65625
52.3220766666667	3516735290.14844
52.35243	3571081419.25
52.3835766666667	3790766596.96875
52.4137516666667	4108719073.36719
52.4440633333333	4467296826.82813
52.4747066666667	4681549945.30469
52.5055933333333	4881290128.25781
52.5367766666667	5039773396.36719
52.5683566666667	4792659712.98438
52.59981	5181781977
52.63052	5214328287.45313
52.6619533333333	5148453197.07031
52.6930866666667	5280038022.38281
52.7248933333333	5189124572.89844
52.75651	5046169287.50781
52.7878316666667	4778855500.97656
52.819275	4543176453.13281
52.8508933333333	4627590280.9375
52.8819916666667	4536020297.60156
52.913365	4719976052.35156
52.9445566666667	4576318336.53125
52.97675	4627623641.23438
53.0076416666667	4409904391.36719
53.0388683333333	4265135592.09375
53.07019	4332782293.47656
53.1018583333333	4241510844.375
53.1342633333333	4223614491.60156
53.166525	4305355017.91406
53.1980916666667	4517297896.01563
53.2294683333333	4754884822.57813
53.26167	4795072667.3125
53.2922933333333	4862833436.99219
53.323515	5025989842.90625
53.3550466666667	4635828742.8125
53.3868783333333	4999667972.90625
53.4186966666667	5009539745.05469
53.4506733333333	5043188276.33594
53.482865	4911709600.1875
53.514815	4872497383.02344
53.5463	4669589442.64063
53.5779183333333	4276321808.77344
53.6098416666667	4514209155.48438
53.6415966666667	4150684596.47656
53.6727566666667	3957720777.88281
53.70484	4085164101.67969
53.73762	3922580945.53125
53.7693666666667	4089808430.40625
53.8009333333333	3928541546.16406
53.8326833333333	3718561081.24219
53.86434	3732567398.78125
53.896045	3438485815.36719
53.9284866666667	3637261735.00781
53.9603333333333	3732379946.63281
53.9923183333333	3562054666.03125
54.02244	3692578869.35938
54.0532483333333	3792388862.58594
54.084345	3906665290.89063
54.1149233333333	3672105855.55469
54.1456266666667	3732949756.85938
54.17682	3629320122.46094
54.209245	3486813211.89844
54.24144	3426081685.66406
54.2739083333333	3389012095.36719
54.30543	3365135552.78516
54.3374633333333	3174072633.61719
54.3696016666667	3215394624.08984
54.4014783333333	2877862536.26953
54.43367	2679263168.89063
54.466365	2904128420.98047
54.49869	2942342754.4375
54.5302983333333	2912875478.67969
54.5619116666667	3107047948.32422
54.5929483333333	3228161090.55469
54.6236416666667	2965179362.39453
54.65518	3536888376.96875
54.6867566666667	3558239263.96875
54.7178666666667	3326189226.89844
54.7484716666667	3700328272.64063
54.779315	3353601893.48438
54.811065	3518418352.25
54.8414816666667	3495557589.78906
54.8721333333333	2953137115.20313
54.9041733333333	3390039093.60156
54.9358216666667	2803518394.74609
54.9677183333333	3130896536.11719
54.9987433333333	2637579292.21094
55.0302683333333	2952595939.125
55.06088	2728662633.35547
55.092585	2746127165.34766
55.12232	2725591878.70313
55.1529633333333	2484521655.58984
55.1826083333333	2585756089.94141
55.212905	3030269147.89844
55.243355	3041028446.6875
55.2741566666667	3003978466.77344
55.3046366666667	3178519531.14063
55.3357066666667	3530370613.04688
55.3663666666667	3666135912.21875
55.39663	3450127321.73438
55.4275716666667	3022884748.40234
55.45881	2995482640.30078
55.490615	2894465076.47656
55.5215016666667	2724193314.59375
55.5530833333333	2647974316.86328
55.58403	2663735705.20313
55.614875	2660208774.88672
55.6459183333333	2629285455.99609
55.6778716666667	2712248932.06641
55.7092766666667	2796906766.66016
55.7408883333333	2660126400.54297
55.7724633333333	2787606586.19141
55.8041783333333	2724044531.08203
55.836625	2612534282.94141
55.8686583333333	2382974809.55078
55.9011066666667	2497638621.65234
55.93247	2552940380.71094
55.963585	2325603518.1875
55.9952933333333	2631450367.39844
56.0264316666667	2701007991.21094
56.0577066666667	2763995537.1875
56.08834	2579022245.86328
56.1200033333333	2507369363.03516
56.1497516666667	2555129977.42188
56.18086	2718280601.08203
56.211605	2453610968.51172
56.2426083333333	2565328877.30078
56.27386	2264122471.25
56.305855	2222520970.05469
56.3374483333333	2124470984.76563
56.3686416666667	2305582482.44531
56.4008066666667	2365921493.41797
56.4316983333333	2571858677.95703
56.4627983333333	2482145355.87891
56.493355	2550151138.65625
56.5234783333333	2476359760.92969
56.5544516666667	2140119867.63672
56.5859483333333	2603519469.22656
56.616765	2638678852.65234
56.6471316666667	2467908578.45313
56.676785	2795964206.54297
56.70747	2855331624.97266
56.7383933333333	2744672521.26563
56.7692283333333	2587913681.08984
56.8005083333333	2449309421.80469
56.8320366666667	2577813071.23438
56.864285	2318132477.14063
56.8952316666667	2189184869.71094
56.9267583333333	2123899916.41406
56.95837	2083633503.98438
56.9901883333333	2206378855.13672
57.0223566666667	1978955048.91016
57.0539766666667	2223138727.21094
57.0855433333333	1972832547
57.1167866666667	1854801744.36328
57.1480033333333	1750428366.5625
57.1790916666667	1831488950.81641
57.210225	1932602463.94531
57.2418616666667	1755109116.01953
57.2732216666667	1995944980.46094
57.3041416666667	1891688207.76953
57.3356833333333	1897013639.50391
57.3675966666667	2248567141.23828
57.3989566666667	2143277064.91406
57.4297433333333	2366629558.69922
57.4608616666667	2357808636.75781
57.4923666666667	2108413801.08594
57.5221166666667	1862171830.83203
57.552975	1629949847.60938
57.58372	1628582549.17578
57.6146533333333	1854127357.51953
57.64676	1771269423.51563
57.6775816666667	1709427483.63672
57.7094066666667	1660133125.83984
57.740835	1723298053.05469
57.771295	1621655501.17188
57.8022683333333	1602674167.83594
57.8339483333333	1600434301.94922
57.8652116666667	1622840422.42969
57.8974616666667	1711743525.89453
57.9299483333333	1617137200.97266
57.960765	1694404079.46094
57.9923366666667	1559504379.60156
58.0235	1636664369.35938
58.0539966666667	1601300523.02734
58.0856883333333	1742001692.84766
58.1171083333333	1759974929.3125
58.1471716666667	1790619843.46094
58.17708	1769857333.17578
58.2084816666667	1695817915.89453
58.24032	1781976518.02344
58.271775	1915360503.01172
58.3046283333333	1861958597.40234
58.336895	1904640701.875
58.36892	1893203319.03125
58.4009066666667	1915006077.32813
58.4333033333333	1675493135.41797
58.4657816666667	1708119799.77734
58.49832	1908881145.89063
58.53108	1666874027.03516
58.5630216666667	1682946838.73438
58.5956033333333	1607325416.46484
58.6258783333333	1407192975.53125
58.6574416666667	1420985857.41016
58.68841	1304274712.02148
58.7197583333333	1214826364.13477
58.7505216666667	1015472884.05469
58.7820783333333	1196519209.86133
58.8130833333333	1200012409.36328
58.843515	1215260513.88672
58.87423	1120440036.80469
58.9051183333333	890681189.980469
58.938355	1163079223.0918
58.9682266666667	1154720246.91797
59.001135	1001579376.35742
59.0323133333333	1134965502.35352
59.0632633333333	1022378405.03711
59.093805	1142792839.78516
59.1245083333333	1191608674.84961
59.156645	1010239070.94141
59.187455	1070938515.70117
59.218955	1045023522.6582
59.2516166666667	1093757641.90039
59.282915	1030325363.03906
59.31425	1196061962.7207
59.3448466666667	921176681.621094
59.37625	1055007563.64258
59.4070916666667	1189456381.68555
59.43912	1041599408.81055
59.4703466666667	903131479.953125
59.5008133333333	933281166.601563
59.532145	956326752.84375
59.5642966666667	949207885.691406
59.5952783333333	951007916.269531
59.6276333333333	919954658.886719
59.659015	987130330.484375
59.691465	1082363768.58789
59.7252	1045491546.04688
59.7568266666667	1042398154.00781
59.78939	1065343854.36719
59.8205083333333	1034929813.84961
59.8517566666667	984205177.158203
59.8833466666667	1170782393.80273
59.914635	1200790115.82227
59.94646	1211686136.99609
59.9770716666667	1098491855.98438
60.00999	1214774198.03125
60.041345	1065495084.95703
60.0715633333333	1077609265.51367
60.1033966666667	1015551470.875
60.1365033333333	1070520994.81836
60.1683466666667	937878612.753906
60.200435	1063921771.08398
60.232495	992914862.939453
60.265055	876454168.615234
60.2980066666667	1044853963.68555
60.3302083333333	897212333.628906
60.3613366666667	1045973230.60938
60.3929716666667	1013713508.54492
60.4242716666667	1019422184.84375
60.4565333333333	1061442602.17188
60.4876516666667	1089907250.10742
60.5178283333333	1145403004.85156
60.5486133333333	1224282035.31445
60.579525	1094805032.27539
60.610285	1062400914.24609
60.64123	1063591576.58008
60.6723116666667	1142553298.41016
60.70294	1067447014.8418
60.7350433333333	1100115872.73438
60.7668316666667	1164970151.51758
60.79794	1119716847.5957
60.8294316666667	1005020443.41797
60.8615633333333	982129968.347656
60.8924383333333	915181063.134766
60.923445	884036869.621094
60.9558066666667	745625532.998047
60.9879216666667	678532505.683594
61.0207833333333	684716912.871094
61.0528216666667	627444300.708008
61.0846333333333	589670324.683594
61.1183766666667	607283998.136719
61.151135	529974789.212891
61.1822433333333	578355776.776367
61.2143966666667	559966305.347656
61.2457066666667	564851512.658203
61.2774083333333	586100267.564453
61.3120533333333	528887847.814453
61.3450933333333	572064581.245117
61.3789266666667	559653155.327148
61.4125866666667	530837198.072266
61.4445333333333	551121296.953125
61.4772833333333	511841445.800781
61.51159	552040134.860352
61.545005	525026723.130859
61.5778883333333	603289934.984375
61.61015	573723059.426758
61.64291	563840712.206055
61.6771933333333	564653085.628906
61.7107033333333	590264410.24707
61.7419966666667	595682583.40625
61.7737933333333	548488696.55957
61.8078666666667	560648554.507813
61.837895	604205721.669922
61.87096	583603981.740234
61.90261	583734385.191406
61.9352716666667	630707831.806641
61.969385	644469222.960938
62.001605	636200887.214844
62.0342266666667	751268532.613281
62.065885	661087189.740234
62.0960883333333	764577148.025391
62.12867	678211418.642578
62.1602016666667	699001982.484375
62.1919266666667	716603271.689453
62.2248666666667	700496424.529297
62.25756	779098717.822266
62.289785	600814246.289063
62.322835	605072566.046875
62.3545283333333	565466653.835938
62.3853033333333	563315512.516602
62.41894	585386537.404297
62.450735	508304387.302734
62.4828683333333	519955171.974609
62.5144183333333	567125669.530273
62.54833	538892546.658203
62.5815633333333	590460290.445313
62.6141416666667	573452132.291016
62.6480316666667	526281776.133789
62.680455	534644722.739258
62.714005	484697457.959961
62.7470833333333	539267797.816406
62.7804916666667	433749262.916992
62.8131233333333	452797936.430664
62.8475	456059097.967773
62.8787216666667	410409519.972656
62.9110616666667	453276679.643555
62.943695	389465200.208008
62.9812716666667	387584702.024414
63.0119483333333	409879629.558594
63.0470466666667	390030552.024414
63.0811016666667	356134768.957031
63.1129116666667	398252661.44043
63.1465366666667	368571794.69043
63.1803633333333	360412201.208008
63.2144583333333	333172755.511719
63.2472116666667	349448421.612305
63.2810283333333	368558252.042969
63.3151933333333	344000491.064453
63.3503233333333	355553460.291016
63.3834033333333	346262922.631836
63.418015	346721535.326172
63.4525033333333	362976462.891602
63.48553	356464148.082031
63.5193266666667	334719657.657227
63.5551616666667	319616331.395508
63.5894833333333	339428776.712891
63.620925	364026055.086914
63.6549066666667	332750907.87207
63.6889816666667	328536973.976563
63.7204016666667	358896400.642578
63.7553533333333	348550206.943359
63.7875333333333	314843367.68457
63.82391	302767001.054688
63.8577616666667	330055636.460938
63.8899933333333	309749150.029297
63.9247416666667	341458565.166016
63.9567916666667	324133618.813477
63.9934866666667	365715915.587891
64.0269916666667	350156087.735352
64.0606016666667	359243201.668945
64.0957616666667	382298572.914063
64.1279183333333	371164343.541992
64.160605	359740883.248047
64.19345	369342220.310547
64.2283983333333	408612652.555664
64.26222	387017862.870117
64.2950333333333	381011182.003906
64.3283533333333	410532264.560547
64.3613433333333	405835373.613281
64.3928166666667	364011345.177734
64.4264566666667	383666786.40625
64.45925	347617313.220703
64.4954933333333	353833182.914063
64.5293183333333	360619443.128906
64.5626066666667	356880767.581055
64.5959816666667	340939489.654297
64.6299483333333	320797445.024414
64.6653566666667	319649367.626953
64.69906	345250406.96875
64.7311933333333	336796408.652344
64.7657933333333	306633693.360352
64.7975766666667	318350688.961914
64.8306483333333	354701070.709961
64.8626166666667	326231193.150391
64.8983966666667	347311072.907227
64.93132	361092474.420898
64.96447	335795628.602539
64.9985033333333	345588344.862305
65.03217	359536950.858398
65.0650333333333	339625438.660156
65.099695	366508809.764648
65.131705	390570866.324219
65.1648866666667	377926474.046875
65.1977166666667	377824180.769531
65.2308066666667	366099611.018555
65.264615	391653102.490234
65.2995283333333	365644924.439453
65.3338983333333	407972740.678711
65.3669083333333	364209548.891602
65.4014233333333	423377267.395508
65.4323316666667	374980110
65.4682866666667	365233051.844727
65.50128	420778266.898438
65.5370783333333	426550105.842773
65.5704066666667	442657446.452148
65.6023316666667	498960992.161133
65.63712	412814183.25293
65.6693233333333	474016294.516602
65.7037416666667	483206205.694336
65.737905	486197176.469727
65.7695766666667	396112702.456055
65.8098433333333	386629623.288086
65.8440216666667	354101967.485352
65.87732	359854264.71582
65.91285	356676061.464844
65.947005	377155395.06543
65.9837466666667	340896391.72168
66.0235183333333	399819459.329102
66.0601483333333	384027593.655273
66.0939616666667	427045410.499023
66.1263566666667	380446059.295898
66.162565	451557156.852539
66.1959316666667	418960583.895508
66.231035	397602817.079102
66.2660816666667	346272791.87793
66.3041083333333	412191257.603516
66.3409283333333	346689820.092773
66.3781316666667	365292491.822266
66.412455	355234635.946289
66.4463216666667	334738372.058594
66.48194	368513843.233398
66.5133266666667	319026467.984375
66.5468766666667	344266211.261719
66.580515	349906218.897461
66.6137983333333	294979905.216797
66.6468016666667	298706154.348633
66.681285	291339862.758789
66.7162133333333	259389593.523438
66.7540066666667	257234834.131836
66.78912	285264660.356445
66.8254216666667	255610034.954102
66.8584383333333	257549854.320313
66.890195	242833311.822266
66.9253733333333	211812988.408203
66.9624766666667	235002927.393555
66.9959916666667	233416024.009766
67.0313683333333	245057579.216797
67.0660966666667	212314186.280273
67.102395	211077283.692383
67.1325966666667	208273348.876953
67.1708366666667	229639720.915039
67.2038983333333	221254149.610352
67.2384083333333	227061956.324219
67.2766633333333	222520730.386719
67.3174616666667	204379209.071289
67.3540833333333	227010839.93457
67.3883666666667	252429794.470703
67.42395	231853861.329102
67.4584166666667	234649022.791016
67.49597	271672446.859375
67.52774	264327786.546875
67.56209	310599382.452148
67.5963316666667	298521503.18457
67.63084	332376577.939453
67.6670833333333	346156559.197266
67.7045783333333	409816949.804688
67.7349366666667	449573991.424805
67.7702383333333	454972595.210938
67.8051283333333	398199049.228516
67.839745	456542194.770508
67.8761166666667	409332817.673828
67.9103866666667	404267859.15332
67.947335	453395813.239258
67.9800866666667	427398105.475586
68.017445	427691964.368164
68.0495366666667	439784383.490234
68.0839516666667	410991371.245117
68.118	392377900.091797
68.151605	415277183.644531
68.1863566666667	402404926.364258
68.2184433333333	454021159.110352
68.2530366666667	449225777.270508
68.2853716666667	397657563.857422
68.320285	428360177.677734
68.3558366666667	425910215.009766
68.3890066666667	419869926.298828
68.422515	435721218.619141
68.4545516666667	449353802.182617
68.4867183333333	393895928.618164
68.5206833333333	476292710.836914
68.55275	448577220.494141
68.5853933333333	459934268.963867
68.61925	427840658.795898
68.65368	478692081.34375
68.6863783333333	489983967.135742
68.7185133333333	451817054.027344
68.75043	451526714.80957
68.7837216666667	509572682.608398
68.8154066666667	460862364.041992
68.8491383333333	494109508.055664
68.88199	512708442.032227
68.9152583333333	488261345.977539
68.9487266666667	527661143.838867
68.9824283333333	525533013.654297
69.0138783333333	517940534.628906
69.04607	535720346.188477
69.07834	546193515.683594
69.1101966666667	572170511.797852
69.142415	529272423.706055
69.1740583333333	506121099.12793
69.206895	504486040.990234
69.2387333333333	516679437.055664
69.2717933333333	532898631.054688
69.3026483333333	564346120.818359
69.335235	555925107.104492
69.3688316666667	575519796.044922
69.399795	537998966.71582
69.43154	565310842.462891
69.4632283333333	584962965.768555
69.4949316666667	558572509.544922
69.5266383333333	514840968.933594
69.5594683333333	544816224.016602
69.5935616666667	537743650.734375
69.625495	581826964.003906
69.6588966666667	533608157.314453
69.6911683333333	547620855.5625
69.7222133333333	493879054.206055
69.7576083333333	496359586.65918
69.7894316666667	511315358.223633
69.82204	526037934.716797
69.8548666666667	487805899.240234
69.886745	554839382.041992
69.9174966666667	491252435.477539
69.949765	481016702.999023
69.9813533333333	534056188.111328
70.0146133333333	503280201.729492
70.0449266666667	503292945.035156
70.0774083333333	502237671.883789
70.1086783333333	524249475.543945
70.1402666666667	557717640.558594
70.1721033333333	528369734.94043
70.2025733333333	517015548.387695
70.2348316666667	468803406.506836
70.2669816666667	477512446.491211
70.299355	435290614.441895
70.3308283333333	431202839.650391
70.362125	437900839.698242
70.3954683333333	408237550.520996
70.4279433333333	357680998.201172
70.459995	382028547.720215
70.4924983333333	353480201.808594
70.5259883333333	349053142.34082
70.5588816666667	335958452.028809
70.59258	286697282.352051
70.62595	297366751.731934
70.6589533333333	289253261.71875
70.6917183333333	253982664.611816
70.72733	255394380.86084
70.7625116666667	242234382.179688
70.79796	236465152.883789
70.8321333333333	221422915.129395
70.8656466666667	206061166.42041
70.9010616666667	192990472.63208
70.93672	191787203.080078
70.9727466666667	181818462.175293
71.0103633333333	165050090.943115
71.0498033333333	167313080.601074
71.0855316666667	148416563.190186
71.1219466666667	149096845.064697
71.159165	134678723.569336
71.1998183333333	123415354.643311
71.239055	133085759.961426
71.278735	120063883.853516
71.3193533333333	120688381.809814
71.3610516666667	104935465.583496
71.401995	101289662.205322
71.439135	100949401.979248
71.477205	95189346.0332031
71.5190133333333	92684520.0080566
71.5626266666667	82447801.1989746
71.6015	82378930.2536621
71.6422816666667	78739884.1486816
71.6850583333333	74959091.5084229
71.7273733333333	73246971.6268311
71.7702416666667	68691937.5003662
71.8124333333333	67096198.6452637
71.8545	61205707.0372314
71.8972166666667	59315319.4664307
71.9396166666667	64593966.4178467
71.983105	56206117.5958252
72.0247733333333	52859415.7438965
72.0692833333333	48965099.4233398
72.1112716666667	50762600.5333252
72.153405	47200598.2045898
72.195945	46264981.2011719
72.2404633333333	44085598.3531494
72.28491	41398909.5358887
72.329125	41324683.5489502
72.37257	42306912.4376221
72.4174466666667	36210884.0397949
72.4613516666667	39249969.128418
72.5063083333333	35219865.4527588
72.5507883333333	31199224.8455811
72.5947766666667	31688077.4223633
72.6393316666667	32771510.8179932
72.6826033333333	30273857.6706543
72.7266583333333	28986843.6704712
72.77051	26175340.9642334
72.814485	27819843.2991943
72.8573583333333	25802242.491272
72.9015266666667	25009082.5784912
72.94633	24026079.1773682
72.9899733333333	23449241.0584717
73.034405	23688154.2520752
73.07886	22320855.802063
73.1233083333333	20309667.6907349
73.1660533333333	18630933.0050659
73.2092366666667	19030585.6428223
73.25438	18674046.2236328
73.298595	18059268.9931641
73.342705	17717404.4810181
73.3871783333333	17883088.8712769
73.4315816666667	16512314.7485962
73.475475	15832919.2270508
73.5197766666667	14876717.0593262
73.5641133333333	14425138.9349976
73.6085916666667	13939547.2572632
73.6530266666667	14283372.9985352
73.6965233333333	12963553.5458374
73.7408183333333	11954888.7780762
73.78393	13373847.2731323
73.8279616666667	12311169.3458862
73.8712333333333	11528395.0843506
73.9158333333333	11464939.9202881
73.9594183333333	11933333.8983765
74.0032833333333	10491433.0266724
74.0472583333333	9726915.00610352
74.091095	9725823.32641602
74.135075	9540947.29968262
74.1782883333333	9548242.01037598
74.222645	9307034.68670654
74.26688	9467652.2845459
74.3111466666667	8631304.03851318
74.3542933333333	8511585.5425415
74.39848	8638568.00506592
74.4418283333333	8032731.76919556
74.485675	7440315.13150024
74.5294916666667	7499473.82116699
74.5734633333333	7845807.35638428
74.6175883333333	6699770.21585083
74.6617183333333	6628633.17504883
74.7052883333333	6768909.47686768
74.748925	6663995.07797241
74.79266	6677421.26873779
74.8370233333333	6797553.23391724
74.88044	6445712.17333984
74.923535	6432912.11355591
74.9663466666667	6455901.02682495
75.00949	5963833.59716797
75.0534633333333	5437852.30151367
75.0973333333333	5560919.13186646
75.140825	5330367.71560669
75.1845466666667	5275800.14837646
75.22874	5237640.0803833
75.272835	4840203.43945313
75.3159	5320734.4730835
75.3592316666667	5080413.72525024
75.4025033333333	4894524.54620361
75.4450016666667	4480077.22842407
75.4877866666667	4450577.64849854
75.530775	4372628.55148315
75.5747233333333	4445961.98565674
75.6188783333333	4198985.81503296
75.6629883333333	4087821.03710938
75.7065333333333	4496295.78231812
75.74931	4045516.27191162
75.79308	3990700.01422119
75.83678	3993993.30419922
75.8798683333333	4092963.57177734
75.9228433333333	3722639.04089355
75.96581	3700050.98602295
76.009375	3502844.26193237
76.0532583333333	3407050.91265869
76.097075	3576449.29418945
76.1407866666667	3502718.82171631
76.184865	3589402.3722229
76.2283416666667	3324504.02151489
76.2714066666667	3603439.41732788
76.3153583333333	3738923.45355225
76.3587983333333	3381909.69631958
76.4021183333333	3363355.2348938
76.4453583333333	3165123.55621338
76.48907	3092159.23641968
76.5319566666667	3074484.8074646
76.5755716666667	3021271.39303589
76.6196516666667	3040629.64379883
76.66336	2964111.47952271
76.7079716666667	3067496.58084106
76.7514	2821757.46414185
76.7929083333333	3110502.86618042
76.8370883333333	2889905.06121826
76.8809616666667	2831543.64422607
76.9242433333333	2845589.86938477
76.9677633333333	2727885.59832764
77.01157	2894517.11355591
77.0549366666667	2707327.73904419
77.09907	2700820.18673706
77.14276	2546243.93658447
77.187235	2520929.4515686
77.2314433333333	2640112.08062744
77.2747483333333	2525102.81503296
77.318225	2525818.46469116
77.362495	2375322.84921265
77.4061033333333	2441450.05371094
77.44976	2476441.90234375
77.4943483333333	2373924.86550903
77.5380566666667	2416109.1647644
77.5824616666667	2333972.65155029
77.62639	2566402.02185059
77.6706066666667	2734152.47573853
77.7151466666667	2229281.86706543
77.7586983333333	2242667.85021973
77.80106	2172828.1362915
77.845735	1938888.0123291
77.8902583333333	2038461.37399292
77.933965	2000362.00509644
77.9779416666667	2197024.53540039
78.0215	2027156.7578125
78.0653483333333	2084567.30618286
78.10948	2166481.54275513
78.1524816666667	2185078.79937744
78.1966866666667	2007774.67318726
78.2409	1928361.83145142
78.2847316666667	1753565.9899292
78.327805	1979741.1348877
78.3722183333333	1913262.61871338
78.415795	2069783.9800415
78.4585833333333	1961361.90249634
78.5021133333333	2182424.92919922
78.5447483333333	1754895.63778687
78.5891933333333	1841976.43688965
78.63362	1645407.75500488
78.6779983333333	2014653.24713135
78.72249	2053822.58248901
78.766505	1752817.75457764
78.809765	1756588.74041748
78.85316	1794819.74264526
78.8971716666667	1957742.05166626
78.93961	1917090.28753662
78.982385	2452145.69299316
79.0264866666667	1590009.76605225
79.0703133333333	1542036.93692017
79.11486	1905706.03210449
79.15838	1630674.14382935
79.2029383333333	1970731.20877075
79.2475083333333	1479528.70870972
79.2905616666667	1701007.37576294
79.3333583333333	1786751.96969604
79.377715	1859151.927948
79.4207333333333	1798069.0390625
79.463745	1732065.68179321
79.50789	2561768.18673706
79.5516033333333	1821604.73025513
79.5962833333333	2075153.27661133
79.6392866666667	1869066.33035278
79.6829733333333	1671655.22012329
79.7270233333333	1756394.87918091
79.77132	1598406.31362915
79.814455	1738881.72000122
79.8589083333333	1681127.67089844
79.9034016666667	1616486.6484375
79.947495	1662793.0032959
79.99094	1454621.5581665
80.035545	1709034.63504028
80.0794	1585749.71969604
80.1238383333333	1435288.61373901
80.16765	1233428.30932617
80.2121733333333	1544099.86560059
80.2559583333333	1570824.18887329
80.2997083333333	1340054.58126831
80.343835	1567487.22338867
80.3873783333333	1400382.85092163
80.4308333333333	1558398.43829346
80.47515	1517507.0105896
80.5200033333333	1394080.55126953
80.56332	1240609.0614624
80.6076466666667	1291852.77142334
80.6515633333333	1306705.4130249
80.695245	1376343.05953979
80.7395266666667	1296191.06661987
80.784395	1330167.24719238
80.82794	1280638.89324951
80.8725833333333	1270926.04571533
80.9173866666667	1216727.75961304
80.961585	1358037.67645264
81.0049516666667	1383730.66107178
81.0490233333333	1255515.41244507
81.0934283333333	1185955.90518188
81.13824	1300507.4503479
81.1817566666667	1288757.87652588
81.22634	1465769.90106201
81.270375	1340560.03512573
81.3145166666667	1236032.01419067
81.35831	1302506.53460693
81.4018433333333	1237065.6491394
81.4466266666667	1173914.05596924
81.490665	1135188.387146
81.5356	1357868.92547607
81.57782	1349869.36828613
81.622775	1314094.84631348
81.667705	1196940.13687134
81.7111766666667	1298631.1902771
81.7549466666667	1345040.85864258
81.7982433333333	1236320.775177
81.8417516666667	1332799.15777588
81.8863083333333	1239191.78323364
81.9312866666667	1247514.80856323
81.9755466666667	1331285.49682617
82.0195816666667	1273053.31259155
82.0644016666667	1297269.26809692
82.1069	1334561.64093018
82.1518366666667	1308844.69619751
82.1952583333333	1187909.34594727
82.240435	1132781.64346313
82.2846516666667	1112121.10650635
82.328345	1127318.18292236
82.3739316666667	1150900.42153931
82.4175733333333	1156189.7605896
82.461705	1244008.91262817
82.5058733333333	1771976.55307007
82.5503183333333	1439635.89746094
82.592785	1302893.87936401
82.6363266666667	1335884.31573486
82.68089	1229248.55142212
82.7247583333333	1157501.71827698
82.7696166666667	1108343.83317566
82.8143033333333	1104391.95135498
82.8573116666667	1175357.20098877
82.9015216666667	1147801.52688599
82.9457766666667	1413140.03607178
82.989175	1118571.1257019
83.0328716666667	1270091.27703857
83.0775533333333	1069708.94493103
83.12257	1355321.86624146
83.167075	1079122.4347229
83.2112133333333	1166525.13088989
83.254825	1148971.89364624
83.3000466666667	1372198.18939209
83.34376	1106466.7940979
83.386725	1253410.06652832
83.4302866666667	1198283.10028076
83.47478	1274352.08752441
83.5192716666667	1103448.24047852
83.56449	1129507.94523621
83.6074416666667	1192335.10693359
83.6511683333333	1282113.9046936
83.695405	1286356.99594116
83.73834	1057679.52359009
83.7829383333333	1230706.6987915
83.8272683333333	1176407.67300415
83.871	1152035.82067871
83.91514	1192646.730896
83.9594916666667	1113949.67770386
84.0039866666667	1188192.7175293
84.0479666666667	1091319.81304932
84.0920316666667	1254160.28744507
84.13646	1101113.68841553
84.1813983333333	1167960.1289978
84.225965	1038236.95222473
84.2695683333333	1026163.90592957
84.31428	1123506.99597168
84.35834	1042841.57165527
84.400745	1088228.5786438
84.44369	1076250.05328369
84.487635	1075448.52233887
84.5327133333333	1187371.97561646
84.5778116666667	1070295.65686035
84.6210483333333	1163649.02935791
84.6652033333333	1033992.79415894
84.71018	1198220.50549316
84.753965	1145775.88586426
84.79871	1129973.82290649
84.84383	1178884.00195313
84.88648	1151719.01763916
84.9303966666667	1192026.04269409
84.9746533333333	1118641.87545776
85.0192533333333	1144813.49520874
85.0623583333333	1267653.66665649
85.1071266666667	1109560.80192566
85.1500833333333	1169428.82485962
85.1953466666667	1142601.75354004
85.2391733333333	1166454.72375488
85.2836966666667	1143287.47770691
85.3277366666667	1261210.0508728
85.3721333333333	1225574.78668213
85.4159683333333	1117597.31188965
85.4600583333333	1078535.16976929
85.5031683333333	1092338.11981201
85.5483266666667	1029959.02230835
85.5935	1080964.32458496
85.6377533333333	1130366.24194336
85.680955	975951.338989258
85.726345	1132855.29727173
85.7706083333333	1048635.34233093
85.8158783333333	1080631.85971069
85.8612416666667	1015369.61547852
85.90488	1074782.39054871
85.9498216666667	1077714.19650269
85.9928316666667	1118747.34014893
86.03729	1090782.24639893
86.081085	1091548.43315125
86.1254016666667	1243473.53379822
86.1686733333333	1059589.26953125
86.2135716666667	1068701.83526611
86.2567333333333	1263854.09994507
86.3013933333333	1159908.84790039
86.34537	1060368.39205933
86.39001	1146900.32192993
86.433925	1123155.98928833
86.4742566666667	1064371.22064209
86.5185383333333	1136426.27020264
86.563225	1154563.15966797
86.6073983333333	1121504.38513184
86.6517466666667	1096204.5899353
86.6970516666667	1103265.27053833
86.7422033333333	1202689.40670776
86.7863833333333	1186382.25912476
86.831515	1145674.21237183
86.8767633333333	1076313.4564209
86.92035	1165387.70037842
86.9655916666667	1115844.95361328
87.009135	1189198.41122437
87.0522033333333	1068061.79000854
87.09666	1060499.46539307
87.141035	1146845.35369873
87.18453	1088443.88668823
87.2296266666667	1161399.47729492
87.2726233333333	1067148.4425354
87.3170916666667	1128405.09481812
87.361475	1101043.25656128
87.4063316666667	1047334.26870728
87.45054	1031656.525177
87.49452	1060692.02722168
87.5382633333333	1087396.6756897
87.5831933333333	1057156.72241211
87.6271883333333	1079071.74789429
87.6715766666667	1124967.18081665
87.7152316666667	1373429.01647949
87.7586166666667	1155470.9977417
87.8030633333333	1192644.71568298
87.8482683333333	1117373.75402832
87.8925783333333	1115221.36618042
87.9368916666667	1146221.73937988
87.9810066666667	1180042.65859985
88.0252483333333	1196688.70056152
88.0686616666667	1108372.03106689
88.1124016666667	1064797.3531189
88.1552783333333	1046985.23284912
88.1998933333333	1026254.74163818
88.243855	1163348.10653687
88.2867866666667	1096781.14004517
88.3313716666667	1206459.76852417
88.37525	1075293.37582397
88.4200433333333	1072503.38722229
88.46388	1056099.69950867
88.5079883333333	1049969.30316162
88.5523516666667	996991.451812744
88.5975716666667	1063390.74301147
88.6417216666667	1085516.30535889
88.6862716666667	1181953.612854
88.73147	1144600.39575195
88.7761666666667	1145932.4536438
88.82049	1238050.97146606
88.8649833333333	1240900.02423096
88.9076533333333	1094634.33462524
88.951935	1205159.20898438
88.9962966666667	1256796.12417603
89.0404633333333	1074524.96990967
89.0842183333333	1092710.35662842
89.1276716666667	1021093.90075684
89.17176	1221954.52294922
89.2154533333333	1097121.35095215
89.2601816666667	1045026.73504639
89.30365	1175919.22912598
89.3479483333333	1201304.212677
89.39279	1216576.34506226
89.436315	1202946.0975647
89.4801066666667	1212885.66238403
89.525055	1073943.17385864
89.568715	1122869.50378418
89.613685	1214713.66648865
89.6584366666667	1255415.26348877
89.70242	1086841.1802063
89.7474466666667	1174357.42379761
89.7921433333333	1299935.86935425
89.8370683333333	1278782.84460449
89.8825766666667	1272120.61886597
89.9265116666667	1175589.92303467
89.970545	1139649.18734741
90.0145933333333	1109653.95465088
90.0592783333333	1167808.52224731
90.1035333333333	1146224.05844116
90.14778	1245722.94134521
90.1908233333333	1167407.9753418
90.2353583333333	1183933.08502197
90.280105	1182092.19445801
90.3228666666667	1207772.32037354
90.367785	1203174.52410889
90.4107466666667	1250032.456604
90.454865	1319008.0723877
90.4946183333333	1177487.86105347
90.5395566666667	1164509.49230957
90.5838166666667	1337761.53561401
90.6285633333333	1184247.13262939
90.6711583333333	1216314.94631958
90.7165733333333	1075598.04168701
90.76137	1292398.08831787
90.80488	1190110.09329224
90.85015	1127685.55322266
90.8951833333333	1143135.7800293
90.9388966666667	1146711.84140015
90.9826333333333	1150730.80438232
91.0270783333333	1157268.0765686
91.07132	1229487.99749756
91.1153233333333	1090665.89639282
91.1601866666667	1172049.06178284
91.2052666666667	1347149.98266602
91.2484583333333	1197166.03805542
91.2921933333333	1097272.0682373
91.335295	1200510.46981812
91.380415	1319800.54660034
91.4240583333333	1166954.98608398
91.4685266666667	1280810.4680481
91.5115233333333	1243145.30883789
91.5565716666667	1137942.32208252
91.6007533333333	1170529.83297729
91.645695	1185224.44866943
91.6874666666667	1114871.01104736
91.7325033333333	1096153.8168335
91.77764	1261545.65829468
91.8225633333333	1260075.13687134
91.8678133333333	1209085.58276367
91.912545	1230811.19134521
91.956135	1078192.84262085
92.0001633333333	1114969.8218689
92.0448933333333	1184212.83840942
92.08914	1154285.44317627
92.132565	1168464.62036133
92.1770116666667	1102625.69082642
92.2211	1110989.95150757
92.2653016666667	1200962.82202148
92.3078916666667	1187410.33435059
92.3509783333333	1139583.02044678
92.39611	1251686.84494019
92.4397183333333	1144123.46768188
92.4833466666667	1128545.61322021
92.52744	1277106.68637085
92.57182	1220461.11651611
92.615575	1161914.01123047
92.660735	1091117.61776733
92.7028316666667	1086354.12872314
92.747795	1168472.5173645
92.7927366666667	1155808.55514526
92.8373966666667	1117367.88781738
92.8810433333333	1113453.58636475
92.9267966666667	1277627.97250366
92.9709883333333	1172309.50982666
93.01571	1198951.13955688
93.0592216666667	1118116.08172607
93.1035066666667	1252996.59951782
93.147245	1135563.52334595
93.19216	1198893.3394165
93.237015	1186678.34661865
93.281465	1202903.58651733
93.3256466666667	1216255.99255371
93.3685266666667	1278921.08642578
93.412105	1203728.45443726
93.4558133333333	1178200.02246094
93.5001016666667	1146547.79711914
93.5443883333333	1187477.07394409
93.5894366666667	1184569.92398071
93.6340666666667	1183429.95675659
93.6790533333333	1168367.1880188
93.7206566666667	1151952.14102173
93.765305	1166003.79544067
93.8096383333333	1263706.49047852
93.8538066666667	1339242.040802
93.8977483333333	1323793.8112793
93.9417416666667	1221603.97341919
93.9857883333333	1172514.19973755
94.0301666666667	1209782.5546875
94.0741266666667	1179920.84637451
94.1192316666667	1162324.98457336
94.162925	1126927.83120728
94.2075566666667	1218776.67327881
94.2512766666667	1123664.82830811
94.295185	1336385.95281982
94.339455	1185828.1204834
94.38325	1143131.06036377
94.4269216666667	1161747.95266724
94.47108	1294089.37417603
94.5154416666667	1134499.93222046
94.559905	1260624.00149536
94.6032983333333	1178586.8026123
94.6481766666667	1154179.32931519
94.6930466666667	1269262.83581543
94.73626	1096088.97006226
94.7799266666667	1155375.28726196
94.82489	1081071.97799683
94.8694516666667	1164291.17895508
94.9130133333333	1222380.01358032
94.9582883333333	1143322.26766968
95.00297	1266353.69110107
95.0470033333333	1131778.53720093
95.091505	1236129.50473022
95.1354333333333	1256622.79525757
95.1793183333333	1333941.12512207
95.2236066666667	1241960.01473999
95.2685483333333	1196564.70117188
95.312345	1278512.00759888
95.3565766666667	1205399.18826294
95.4002366666667	1297462.28930664
95.44299	1183106.84127808
95.487225	1132802.89431763
95.53096	1267365.08996582
95.57484	1135437.25088501
95.6184966666667	1203482.16488647
95.66222	1061616.07440186
95.7073083333333	1224143.3487854
95.7507433333333	1094067.53096008
95.79424	1078571.25886536
95.8380083333333	1123069.67141724
95.8832183333333	1076906.18276978
95.9270633333333	1240286.36624146
95.9716716666667	1131229.42807007
96.01521	1211447.78507996
96.0597616666667	1272804.34109497
96.1040716666667	1252101.79891968
96.1489666666667	1232142.02578735
96.1927933333333	1233844.89602661
96.2370583333333	1191315.83044434
96.2816016666667	1107313.18841553
96.32573	1265215.33401489
96.3706633333333	1131995.67190552
96.415795	1170865.36212158
96.4597116666667	1223241.78839111
96.503525	1180512.49041748
96.5460383333333	1113559.56622314
96.5908666666667	1209043.24118042
96.6357216666667	1238510.80166626
96.6790133333333	1168148.77160645
96.7237566666667	1310618.64541626
96.7674033333333	1210085.82351685
96.81089	1125982.32162476
96.8559966666667	1139251.30761719
96.90068	1288991.79928589
96.9438216666667	1123354.45291138
96.9892633333333	1179430.47595215
97.0334966666667	1273619.65692139
97.0776566666667	1229076.89065552
97.121565	1099163.43739319
97.1653016666667	1078226.2711792
97.2088183333333	1105363.33106995
97.2534733333333	1176666.66519165
97.29843	1163023.38516235
97.3432966666667	1215982.84863281
97.3885566666667	1117490.89074707
97.4314766666667	1137947.35488892
97.4761433333333	1113550.21090698
97.5191666666667	1092849.1973877
97.5630966666667	1248716.88751221
97.6053633333333	1061861.78436279
97.6506566666667	1107942.37261963
97.69509	1156363.66716003
97.7403566666667	1190013.08047485
97.7843783333333	1231273.59973145
97.828895	1118779.30895996
97.8736166666667	1139290.2288208
97.9192083333333	1121772.78862
97.962845	1005129.015625
98.0069566666667	1097984.58004761
98.0514816666667	1121127.62252808
98.09562	1111629.02775574
98.1390883333333	1024115.87016296
98.1844383333333	1146136.69689941
98.2287433333333	1135176.37887573
98.2736516666667	1144204.31207275
98.3179316666667	1172855.6590271
98.361375	1134992.09573364
98.4064	1123596.93225098
98.4493966666667	1143419.98495483
98.4941166666667	1114977.8682251
98.5378583333333	1047177.81893921
98.58184	1031467.5012207
98.6258316666667	1147611.20617676
98.670235	1258617.42410278
98.7151233333333	1114713.42410278
98.7598616666667	1156402.55123901
98.80421	1035739.12350464
98.848295	1102091.07685852
98.8933383333333	1116441.54875183
98.938175	1135543.04525757
98.9806233333333	1191129.97113037
99.0253383333333	1201041.53048706
99.0689266666667	1256319.01599121
99.1132383333333	1101188.82125854
99.1564983333333	1166323.68408203
99.2016683333333	1053244.38818359
99.24712	1146531.70654297
99.29146	1076883.17385864
99.336165	1093038.91369629
99.3797833333333	1219293.08554077
99.4242283333333	1139269.47970581
99.4668566666667	1133028.89022827
