RetentionTime	Intensity
0.00311333333333333	5840623.75405884
0.0440133333333333	5326238.72822571
0.0864266666666667	5758186.27148438
0.12975	5547328.98703003
0.173338333333333	3924136.5887146
0.216618333333333	4581457.45404053
0.260223333333333	5634407.81063843
0.303568333333333	3169789.81448364
0.346346666666667	2291167.89002991
0.39108	1638189.89099121
0.43505	1176740.70071411
0.47856	944979.253234863
0.523416666666667	892960.974334717
0.5675	1127869.52481079
0.612493333333333	1497281.94532776
0.655148333333333	1705471.93252563
0.69775	2562984.22962952
0.739875	95782777.6932373
0.76751	1281697755.10352
0.792751666666667	3085914855.05078
0.817051666666667	2978242737.30469
0.840401666666667	2866154512.1875
0.867473333333333	2847210021.73438
0.892798333333333	3103031819.00781
0.919816666666667	3460774791.28125
0.945226666666667	3381924686.54688
0.97201	3907563349.71875
0.998168333333333	3894954489.09375
1.02505166666667	3915088577.30469
1.051835	4020643247.46094
1.07863666666667	3886532891.53906
1.10428	3858684418.98438
1.129715	3867199490.57031
1.15666333333333	4043347354.92969
1.184	3960645718.51563
1.21133333333333	4103814901.72656
1.23937166666667	4444377949.375
1.26662333333333	4299288709.82813
1.29357333333333	4277020278.35156
1.32102333333333	4174299022.08594
1.34770166666667	4387910976.0625
1.37564166666667	4237882014.64063
1.40257833333333	4398240940.00781
1.43099833333333	4375237900.02344
1.45929	4640399195.58594
1.49000333333333	4726271021.36719
1.51900833333333	4722848597.99219
1.54796333333333	4555720133.49219
1.57818833333333	4535370046
1.60936833333333	4269942669.75781
1.63834166666667	4085313960.73438
1.669305	3789585090.52344
1.69909833333333	3689621316.86719
1.72945333333333	3767478050.46875
1.760815	3781421225.72656
1.78947	3681180836.29688
1.81893833333333	3674700939.63281
1.84735833333333	3717873060.79688
1.87431333333333	3613358248.28906
1.901565	3728465357.10156
1.93101166666667	3752049126.57813
1.95983666666667	3552873469.875
1.98994333333333	3427476283.25781
2.01713333333333	3728658492.86719
2.04612166666667	3311899522.33594
2.07433166666667	3095459743.98047
2.10317833333333	3249158589.32422
2.13206666666667	3140236818.43359
2.16170833333333	2947749061.375
2.19051833333333	2733842670.38281
2.21725166666667	2769441522.21094
2.24757166666667	2697249582.83594
2.27486666666667	2614081350.29297
2.30387	2743260428.86719
2.33334833333333	2629639535.64063
2.36257833333333	2839817930.54688
2.393555	2762511468.91406
2.423365	2714402801.53516
2.45113333333333	2718421584.01953
2.48123833333333	2635395493.52344
2.51199333333333	2714331127.05859
2.54151833333333	2533224250.39063
2.572005	2793827794.34375
2.59981333333333	2478904093.83984
2.63029833333333	2314608000.53516
2.66033666666667	2469394402.48828
2.68845833333333	2620476528.75781
2.71840833333333	2247061485.64844
2.74884166666667	2266636523.68359
2.779	2152401510.17188
2.809205	2252703890.42578
2.84081833333333	2192989040.48438
2.87296666666667	2231253177.45313
2.904295	2018008888.71484
2.93656166666667	2051346292.55078
2.96854333333333	2250953863.28516
2.99681333333333	1886935820.11328
3.02872166666667	2113674425.23047
3.060315	2001433058.42969
3.090405	1730641358.31641
3.12165166666667	1949584700.5
3.15175333333333	1748410434.91992
3.18155166666667	1692883765.90625
3.21195166666667	1712903713.3457
3.24361	1644042106.07813
3.27426833333333	1478068472.16602
3.30661333333333	1395279571.93945
3.34016166666667	1330220563.41797
3.37472333333333	1388635284.61133
3.406245	1367192720.02539
3.43882833333333	1248211473.08984
3.47329333333333	1282554208.49219
3.50644166666667	1237815453.19141
3.54127166666667	1136716485.98242
3.57304833333333	1144896010.68359
3.60778833333333	1065148236.99805
3.63921	949251895.382813
3.67326333333333	1015371104.24414
3.705525	888862286.009766
3.73707833333333	866225063.619141
3.77191666666667	804495978.797852
3.80418	816081236.504883
3.83846	848364367.513672
3.87111666666667	761855631.099609
3.90636833333333	845216088.296875
3.94140333333333	705338028.526367
3.97392	744375958.920898
4.00679	620673692.111328
4.03461	626973685.991211
4.06773333333333	673385570.632813
4.10050833333333	642638299.964844
4.12727	693137361.152344
4.158885	671681833.704102
4.193395	586663714.035156
4.22440166666667	515544578.631836
4.256595	533098912.068359
4.29033	562704004.698242
4.32354666666667	491051895.481445
4.357	552696129.132813
4.39117166666667	581834355.001953
4.42283	590991078.063477
4.45702666666667	463381361.78125
4.4951	422474267.327148
4.530625	413684153.406738
4.56554666666667	490223980.40332
4.598715	449514590.819336
4.63165333333333	442602276.850586
4.664885	464154636.773438
4.70154666666667	429990288.951172
4.73847166666667	389183703.996094
4.77561666666667	446350587.870605
4.81337333333333	419744049.453125
4.84656333333333	386605260.950195
4.88241166666667	319438987.922363
4.91209666666667	371910304.401367
4.9514	326562478.382813
4.981385	342030355.597656
5.02276166666667	312278461.743164
5.05159666666667	292657969.944824
5.08687666666667	325871909.21582
5.12174333333333	286537876.190918
5.15493	275449217.315918
5.19149666666667	289207058.756836
5.22997833333333	290740216.617676
5.27152833333333	250876466.647461
5.30211666666667	263101670.67041
5.33856833333333	319823457.842285
5.37073	224606618.286133
5.403035	221563023.51416
5.437785	266535499.404297
5.47095	211404645.062012
5.50829833333333	212580742.949219
5.544245	191352717.479492
5.579995	243211256.721191
5.62156	221816325.388672
5.657665	220219948.287109
5.693625	255095425.379883
5.73363833333333	188343806.800781
5.77405666666667	182698677.405273
5.8131	210765757.058594
5.85196666666667	226049535.993164
5.88896	189374847.206543
5.92550166666667	198615638.105469
5.95534833333333	175501399.695313
5.99423666666667	188106833.365234
6.02779666666667	180352905.763184
6.07049	151146376.193115
6.103175	153552755.925293
6.139175	182652837.007324
6.17195833333333	185678110.942383
6.21150333333333	216021499.477051
6.2461	172984867.370605
6.28323333333333	160847590.555176
6.319625	184244536.148438
6.35725666666667	157601525.594482
6.39424	165785075.118652
6.431845	163718353.303223
6.467465	176612268.360352
6.50032666666667	157070887.956787
6.536805	178766088.330811
6.57235333333333	179029155.675049
6.60930666666667	148419760.233887
6.64841666666667	145109045.258789
6.68806833333333	166894359.355713
6.72104666666667	153096435.880127
6.758945	166429293.048096
6.79686	148830828.596924
6.83241833333333	172044752.183105
6.87100166666667	170617202.20166
6.90866	155960689.310059
6.94744166666667	177712965.01123
6.97904	159096935.868164
7.02046	169021849.969727
7.056485	158513457.860107
7.09524833333333	171697379.905029
7.132185	173348185.849854
7.17293166666667	156929334.519043
7.20978833333333	156129405.444824
7.24755833333333	162127758.549561
7.28180666666667	158896877.177734
7.319655	184838946.37793
7.35535166666667	171501553.892578
7.39332833333333	168826174.799561
7.42870166666667	140123253.495361
7.46823666666667	147917391.328613
7.50544333333333	163355066.033936
7.54428333333333	173217852.191895
7.58033	178825758.856445
7.61981	156432546.54126
7.65147	150719816.785645
7.69400166666667	176213546.220215
7.73167833333333	165862667.049561
7.76373166666667	160406997.384766
7.80643333333333	170218093.760498
7.83573666666667	152078683.053467
7.87514833333333	160898608.265869
7.91291833333333	163475157.993408
7.95206	157315090.177002
7.99079666666667	152475977.400879
8.02606166666667	170396064.198242
8.06878166666667	168359893.808838
8.10096666666667	188504543.489014
8.140815	160265203.522949
8.173025	192802976.905273
8.20984333333333	161126507.609863
8.24472166666667	181649579.997314
8.28269333333333	161185941.025635
8.320205	174486612.020752
8.35711	187642393.309082
8.39354333333333	200586189.728027
8.43383	175479117.949463
8.47116833333333	210772081.419922
8.50776833333333	213648968.726563
8.543695	161364489.982422
8.58382	172868315.87915
8.62270833333333	167220265.907471
8.65694166666667	167915039.888672
8.690655	172589583.387207
8.73116833333333	209029202.158203
8.76994666666667	189516924.743408
8.80082833333333	172847776.90332
8.833675	186904777.216064
8.86561833333333	160078127.053955
8.90209166666667	197565282.795898
8.93941166666667	220223313.269287
8.97756	165730948.125732
9.01385	169286120.969727
9.05285833333333	206674287.455566
9.08880666666667	199350219.567383
9.12453	219497050.745605
9.16341166666667	230614928.78125
9.19293333333333	164362194.085938
9.227315	224756039.504883
9.26163833333333	177123291.777344
9.29404666666667	201019583.668945
9.33001833333333	164882748.3479
9.36885833333333	207383614.48584
9.40495166666667	189857014.155762
9.44217666666667	166618785.70752
9.48808	188281995.405273
9.51896666666667	161595877.333496
9.556595	205440044.745117
9.59140166666667	193737279.301025
9.633275	210042812.890137
9.665005	198249011.771484
9.69987166666667	216964601.964111
9.73955	204339260.334961
9.77740833333333	206926733.108887
9.80758	183781689.235107
9.84900666666667	168037635.586426
9.87794	191477090.527344
9.90957833333333	200126421.410645
9.948505	204468648.256104
9.97889166666667	200711266.585449
10.0188533333333	165809023.488281
10.058545	197735635.412109
10.0962766666667	228103807.772461
10.1361216666667	170748957.994873
10.168095	190774817.637939
10.2091216666667	194444091.74292
10.238225	189639873.938965
10.2722983333333	174665131.359619
10.3038733333333	180128136.665283
10.33981	191336512.798584
10.37298	168642059.364746
10.4204733333333	178758296.688477
10.450745	176644745.424072
10.4879833333333	196746770.67334
10.5305283333333	168454222.248535
10.56383	174154985.567139
10.6040483333333	158205160.115967
10.63826	201142391.588379
10.6793433333333	185623908.725586
10.7100133333333	178345704.132324
10.7448033333333	172677046.799805
10.7886916666667	157354693.389404
10.8181983333333	149539000.289795
10.8527783333333	160036039.948975
10.8983566666667	170319369.175293
10.9286683333333	178180435.989014
10.9618333333333	176297626.790283
10.9928333333333	180990491.10083
11.0322366666667	153979477.380615
11.0678666666667	195015133.581055
11.105905	173004366.540527
11.1445283333333	169375362.299072
11.1755266666667	178429158.775879
11.2208116666667	141424734.245361
11.25263	170772030.438965
11.2874066666667	169536487.572998
11.320445	149394904.916748
11.356485	190657762.34668
11.3896016666667	175429348.094727
11.4244566666667	156333287.599609
11.467175	165762710.681396
11.4987266666667	142966318.317383
11.5364483333333	166227209.154297
11.57648	169502481.321533
11.61031	173371873.214111
11.6531983333333	154454799.288574
11.6878533333333	152797302.128906
11.7213183333333	160003199.49707
11.7577916666667	155552438.510498
11.8002283333333	177855232.025635
11.832535	146165795.644531
11.8663033333333	141886077.666016
11.9054916666667	148229485.345947
11.9406766666667	141025709.13623
11.98284	168512815.425781
12.0180916666667	153029641.831787
12.0552833333333	154483839.629395
12.093365	159136752.706299
12.13262	162478726.157959
12.1691266666667	167497180.945313
12.2030933333333	170056969.858154
12.24409	140188845.850098
12.278085	173226743.356934
12.3140733333333	128945694.79126
12.3508916666667	155529489.757324
12.38727	192455653.42334
12.421885	204402666.531738
12.456455	179474540.534912
12.4936	146148272.660156
12.52993	162792723.634766
12.56567	146474283.013184
12.6024833333333	149555951.079346
12.63879	155892339.988037
12.6806183333333	200251267.376465
12.7205883333333	160508244.662842
12.7548216666667	151528727.343506
12.7920116666667	158821761.398926
12.831655	133860060.902344
12.8695716666667	162249025.385986
12.9039633333333	139890225.227051
12.9433983333333	157773720.567139
12.9775016666667	146348573.642822
13.0180766666667	161017836.981445
13.0537716666667	134139855.921631
13.0924566666667	151442508.596436
13.1327883333333	140137078.756348
13.1696466666667	130052616.591309
13.20396	141158272.311035
13.2390933333333	134319283.876953
13.2790083333333	139005486.588867
13.315805	157191238.720215
13.3526033333333	135304690.773682
13.3918516666667	154309241.232666
13.4297366666667	157055760.050537
13.46465	165652473.186523
13.502585	185809823.139648
13.5335	133095532.716797
13.574985	164204845.659668
13.61291	150162215.713135
13.64187	165362214.482178
13.6814933333333	172582079.560791
13.7221066666667	149249095.244141
13.7612116666667	152043152.044189
13.7964366666667	160694209.927734
13.8337483333333	179558904.993164
13.8703933333333	133448695.347412
13.90912	148691013.986328
13.9473083333333	154924196.192871
13.9844233333333	169313842.692139
14.0218583333333	150138946.285889
14.0626933333333	136207828.024902
14.0991383333333	146731028.64209
14.14364	123997582.89502
14.1780116666667	157446909.341553
14.215065	141811155.132324
14.2513166666667	151929595.194824
14.2879816666667	158165500.811523
14.3237783333333	152117860.345703
14.369325	175565852.952881
14.4019366666667	151591086.927734
14.4347333333333	175673130.773438
14.47425	149541754.528809
14.5062733333333	157995996.749268
14.546135	146445298.647217
14.577505	152827193.144043
14.6179216666667	156038599.051758
14.656795	206896033.023438
14.6864066666667	166319361.802246
14.7268483333333	186445823.896729
14.763765	206676411.289551
14.79883	165578531.557861
14.836235	181903855.16748
14.8730766666667	165995077.612549
14.9108283333333	201905687.051758
14.9482633333333	166752984.414795
14.98481	160666979.279785
15.019165	188491474.375977
15.0582083333333	146771127.830566
15.1019083333333	198378796.845215
15.1406933333333	152049376.812744
15.1821866666667	172583698.705811
15.2196116666667	156161005.515869
15.259295	182099234.13623
15.2977433333333	148564279.341553
15.331205	200414448.132324
15.3713716666667	160183622.807373
15.4099483333333	190198361.203125
15.4380466666667	190250596.745605
15.476405	155249965.455078
15.5154266666667	151573645.033203
15.549275	160561387.148682
15.58846	165978432.890137
15.62024	225321559.09375
15.6568316666667	184084125.184082
15.6942633333333	164525072.625488
15.7268	180954826.586426
15.7646466666667	215897810.975098
15.7995266666667	174793367.507324
15.84369	166436975.632813
15.8827783333333	180432720.375732
15.9170233333333	160298098.862305
15.9573466666667	183978660.999756
15.99449	176802532.4646
16.0236083333333	169608522.640625
16.0618766666667	160078687.461182
16.1034233333333	181925712.666748
16.14506	180409370.00708
16.1823916666667	176184913.030762
16.222225	180287423.230713
16.256665	182935136.316895
16.2936833333333	223337873.631348
16.3282716666667	209930559.174316
16.36091	173901652.251953
16.39738	181105852.118896
16.436255	188497363.402344
16.46865	199668942.299805
16.5048133333333	207383632.108154
16.540885	201223208.334961
16.5738733333333	189594615.833008
16.6088966666667	247149047.327148
16.6419416666667	171594871.446289
16.6778733333333	192524994.94751
16.7118666666667	200452210.42627
16.7484583333333	216398295.59082
16.7871733333333	252885984.777344
16.8225683333333	223130556.578125
16.8603166666667	267450512.531738
16.8946216666667	209950834.366699
16.9314266666667	202553377.550781
16.968215	193598509.397949
17.0101366666667	227406110.682617
17.04403	201410756.868652
17.0809916666667	208228731.721191
17.11678	224028818.125488
17.157925	228064691.728516
17.1965866666667	195776427.622559
17.2382016666667	202610203.950195
17.27236	232092218.857422
17.30616	207477964.731934
17.343385	198395836.624268
17.37846	237051677.568359
17.4168533333333	250372657.604004
17.4540183333333	229969403.989258
17.4887216666667	224293852.603027
17.52537	230626151.791992
17.5623766666667	209014516.52832
17.5963316666667	222821766.251953
17.63041	296618301.90332
17.6640616666667	237100691.700684
17.6998766666667	220203214.219727
17.7330666666667	223084342.290527
17.7711533333333	285163164.355957
17.80714	285758762.902832
17.8433283333333	244219095.704102
17.8768266666667	284825464.990723
17.9137416666667	285073282.072754
17.9471116666667	234959641.984375
17.986595	231258226.906738
18.0294533333333	249567103.017578
18.06611	251608803.474609
18.1062533333333	254743169.734375
18.1417733333333	261042112.780762
18.18117	271168455.365234
18.21493	284599625.967773
18.2519266666667	247022773.279785
18.2884133333333	297371463.487793
18.324775	280528595.470215
18.3598233333333	311076421.701172
18.394495	235790875.766602
18.43186	292314353.506348
18.4681183333333	280896541.162598
18.5045116666667	336567228.714844
18.5388283333333	277801146.45752
18.5739166666667	274700162.445801
18.6106133333333	281545316.85791
18.6449583333333	318870585.946289
18.6781533333333	341588763.866699
18.714395	303537649.18457
18.7456633333333	274366726.041504
18.7829633333333	318570804.479004
18.8186166666667	312235148.800293
18.8533533333333	270596167.676758
18.887425	272337480.747559
18.925175	265698610.641113
18.95928	280899960.567383
18.99762	327942097.174316
19.0325733333333	299445660.861816
19.0752883333333	246480169.447754
19.1113533333333	287062345.002441
19.150405	267037783.527832
19.1865783333333	283400949.924805
19.2261033333333	303569341.853516
19.2561783333333	257900065.257813
19.2964633333333	292447561.503906
19.332145	296192192.663086
19.3688316666667	356267485.837402
19.3974583333333	299795140.313965
19.4360616666667	339273673.326172
19.47057	284899252.559082
19.508045	305285836.166016
19.5435616666667	306672206.46582
19.580195	281360536.502441
19.613305	314774990.787109
19.65298	274322403.984863
19.6899583333333	287022407.708984
19.72261	282813896.317383
19.7569716666667	327979698.746582
19.7891333333333	252390260.776855
19.8336583333333	265870651.88916
19.86763	309697224.44873
19.8987533333333	336324371.528809
19.9329283333333	282345254.675781
19.9717516666667	342434384.253418
20.0032066666667	267005551.219238
20.0446533333333	332222492.134766
20.0748983333333	303767766.106445
20.1169783333333	289221941.417969
20.1516366666667	277501946.353027
20.1884566666667	297413210.04541
20.2203916666667	315967179.840332
20.2578416666667	340785443.234375
20.28903	281207708.549316
20.328715	320079941.708984
20.3610133333333	320338392.101074
20.3937833333333	262388535.604492
20.4284383333333	331766774.098633
20.462025	265929649.992676
20.4979333333333	313508732.777344
20.5349016666667	339773761.45752
20.569325	303697050.839844
20.6071783333333	268372012.171875
20.6435633333333	351184319.680176
20.6772983333333	325105922.369141
20.712695	346624571.218262
20.7481266666667	307828202.480957
20.7844416666667	258985385.090332
20.818635	330043477.224121
20.85659	288929236.95752
20.8938783333333	293663300.057129
20.93052	254896089.776855
20.9672666666667	254422917.899414
21.0024533333333	237540566.104004
21.0405983333333	279145253.529785
21.0790433333333	280710834.346191
21.1149333333333	287416491.210449
21.1536033333333	275182458.387207
21.1889666666667	300753927.265137
21.227525	358140337.444336
21.2594	289804029.473145
21.2929183333333	288958063.249023
21.3287716666667	297223142.686523
21.363605	273112255.838867
21.39843	281295002.015625
21.4329983333333	312235116.921387
21.4647983333333	298672314.67334
21.500225	283215062.20459
21.5372866666667	245267537.84375
21.5768	291507872.561035
21.6124333333333	302157265.680664
21.65057	271773979.808105
21.6872416666667	273390333.394043
21.7191283333333	296062725.933594
21.7566983333333	292631467.462891
21.793625	291048423.274902
21.8234966666667	329189383.756836
21.8603333333333	336942510.423828
21.89604	275078127.299805
21.93084	295481532.779297
21.9654766666667	290871716.611816
21.9986216666667	316384720.797363
22.0331666666667	286979817.964844
22.070115	246942695.323242
22.1050383333333	286578112.613281
22.1403016666667	272708997.731934
22.1769916666667	270658031.615234
22.21079	270083065.525879
22.2476766666667	319099513.703613
22.280925	279791682.427734
22.3143666666667	304678859.018066
22.3513833333333	331433499.477539
22.387775	326706550.152344
22.4242633333333	259387891.538086
22.4583916666667	330283334.396973
22.49254	276608882.868652
22.525845	331072867.78125
22.561185	352453916.265137
22.5998816666667	302123468.344238
22.6342683333333	288459699.113281
22.67314	293128688.233887
22.7048033333333	297853818.550293
22.738655	284218576.941406
22.77586	289651491.31543
22.81602	292795280.043945
22.8474566666667	320747643.182129
22.8861633333333	265903772.130371
22.9225866666667	311684684.59082
22.9538733333333	314533735.081055
22.9865816666667	305916733.329102
23.0237216666667	266255197.428223
23.05858	272299519.854004
23.0941133333333	329429384.912109
23.1307033333333	280022788.995605
23.16612	290765259.592285
23.202165	332228266.620605
23.237605	324855186.728027
23.2710016666667	272012179.858887
23.3057516666667	312607490.40918
23.3399616666667	287789171.208008
23.37419	282061879.774902
23.4113533333333	334539207.60791
23.4460983333333	340048974.893066
23.48269	276229744.587402
23.5176416666667	272235721.951172
23.5533916666667	366986330.729004
23.5873933333333	319137371.635254
23.6239183333333	287583902.080078
23.661065	265612032.489258
23.696755	289119856.131836
23.7294616666667	319153186.854004
23.7672266666667	367227006.339844
23.8002716666667	352837219.882324
23.8353883333333	318594389.282715
23.86661	308664619.236328
23.90152	373439954.003418
23.9382166666667	298029772.758301
23.9727366666667	303739076.787109
24.00473	329898570.366699
24.041115	331762604.099121
24.0793283333333	352828352.367676
24.1115916666667	359006610.29248
24.1462833333333	332830240.460938
24.1785433333333	343870183.196777
24.2137016666667	352145070.760254
24.24709	424531133.331055
24.2847833333333	379456776.194336
24.3201333333333	371538438.5625
24.3552666666667	367730759.45459
24.387215	332887840.686523
24.4233933333333	325096480.329102
24.4583966666667	356882191.803711
24.4925833333333	416804219.401367
24.5268066666667	378646085.321289
24.5640333333333	406840494.241699
24.59679	405607554.671875
24.633585	396481214.68457
24.6738366666667	429142009.546875
24.70243	395213360.166016
24.7362183333333	385266198.825684
24.77108	449083377.77832
24.8069933333333	482324344.311523
24.8400533333333	445947013.076172
24.8725766666667	465789650.803711
24.9018	448616044.612305
24.9360833333333	423194223.432617
24.97063	465555287.530273
25.0052333333333	488094297.408203
25.0391333333333	527662536.855469
25.074415	514337092.206055
25.109175	516680914.298828
25.1402933333333	484273873.388672
25.1748383333333	552219658.041016
25.2071266666667	504601060.214844
25.2403683333333	491403813.671875
25.274705	558796609.694336
25.3076216666667	599525123.789063
25.338915	523656848.905273
25.37284	507978633.085938
25.403035	486635359.233398
25.438805	583559289.338867
25.47165	493848736.915039
25.50647	509532380.620117
25.5380616666667	493815342.787109
25.57596	493809660.387695
25.6080533333333	468582258.130859
25.643055	507986973.134766
25.6890833333333	463190111.96875
25.7193766666667	608261503.53418
25.7511433333333	492083272.241211
25.783065	610537082.779297
25.813695	588632972.695313
25.85048	531846460.955078
25.8773416666667	537542554.639648
25.913705	470621424.658203
25.9429683333333	600437953.995117
25.9796966666667	623051157.609375
26.0100083333333	572075005.203125
26.0445083333333	565584504.975586
26.07569	516551588.426758
26.11219	539500979.492188
26.1467016666667	471414036.557617
26.180585	524776249.331055
26.2186316666667	627870101.953125
26.2459233333333	598921336.499023
26.2823866666667	550432883.49707
26.3182183333333	665878475.089844
26.3456433333333	565625955.375977
26.3806683333333	511825572.791016
26.4125316666667	532069559.407227
26.442705	547227492.209961
26.478735	488019239.077148
26.5144566666667	517698352.625
26.5477816666667	591404998.148438
26.58101	543651741.19043
26.6178166666667	603985688.087891
26.6455616666667	542717967.652344
26.6842466666667	561429757.999023
26.7220616666667	504539515.635742
26.755625	508092739.588867
26.790095	489134478.283203
26.8265566666667	512464052.366211
26.8569933333333	626213432.06543
26.8865366666667	449368913.123047
26.9221283333333	487524897.169922
26.955185	540208969.760742
26.9881683333333	523232962.25
27.019035	518684448.413086
27.0585533333333	570741891.09082
27.0882166666667	517316601.639648
27.1217566666667	556064515.808594
27.1546633333333	585981620.958984
27.1904316666667	630968448.046875
27.2202583333333	550334348.456055
27.2570116666667	567783829.290039
27.286255	570767390.780273
27.32138	479622540.051758
27.355865	466443361.158203
27.3844383333333	427742729.570801
27.4228166666667	484465183.237305
27.45104	507895017.754883
27.4896183333333	411984995.805664
27.51963	479654364.334961
27.55811	399670069.430664
27.58683	457819136.832031
27.622915	409605265.765137
27.6578166666667	517945263.564453
27.693385	413477969.915527
27.733305	449825251.9375
27.76489	464371229.636719
27.7980483333333	563729821.110352
27.837355	404488890.460449
27.8681666666667	475037423.727539
27.9012033333333	405966931.24707
27.936775	475328960.420898
27.9693266666667	430639657.757813
28.0051566666667	394027425.565918
28.0408166666667	413518688.486328
28.0756083333333	518510464.894531
28.1065633333333	434101070.982422
28.14116	370574635.478516
28.1759766666667	399771097.900879
28.2107266666667	434040897.288086
28.2469533333333	481704584.932617
28.283855	456723071.429688
28.31937	461544376.948242
28.35187	409917661.809082
28.3861983333333	461988706.069336
28.4218866666667	442681301.390625
28.45887	509092061.824219
28.4927166666667	420543834.101074
28.5261966666667	452474250.556641
28.557485	409634626.203125
28.5920766666667	475150777.416992
28.6241116666667	516879191.789063
28.65646	524681285.768555
28.6902733333333	461987806.359375
28.7265916666667	502484497.630859
28.7624566666667	510144717.832031
28.798435	553855265.381836
28.832415	503317674.289063
28.87088	501900614.333008
28.90725	554678912.577148
28.9412616666667	486513474.161133
28.9756133333333	525757326.790039
29.01032	572025981.291016
29.04538	557165368.613281
29.0791116666667	490584432.180664
29.11177	451116205.333984
29.1459133333333	491654014.401855
29.1808983333333	511377597.416016
29.2166933333333	512961244.949219
29.25285	534833211.897461
29.2887866666667	616214477.947266
29.3214483333333	496565766.892578
29.3583533333333	482224597.392578
29.3948883333333	510961875.916992
29.4252	515188150.71875
29.4601	555946180.811523
29.494495	448482605.716797
29.528095	469723106.210938
29.5608933333333	529373826.258789
29.59573	504106172.498047
29.6282466666667	515702762.009766
29.6631266666667	483391647.333984
29.7007883333333	451414825.550781
29.7304166666667	450369122.086914
29.76697	466418677.880859
29.8015483333333	450724351.013672
29.83615	460049654.429688
29.8696733333333	488707124.135742
29.90562	453247371.958008
29.944515	537716923.429688
29.9809466666667	445228147.279297
30.0184383333333	442018643.17041
30.0565033333333	455068756.700195
30.0857983333333	591110124.693359
30.118915	545004708.229492
30.151835	550556341.855469
30.1865516666667	526209280.59375
30.2211083333333	480056854.5
30.2527683333333	488959821.412109
30.2861666666667	517166295.393555
30.3224583333333	617619740.212891
30.3570666666667	549290557.180664
30.3933333333333	465849247.686523
30.4315616666667	632428088.268555
30.466925	488428381.65918
30.5005183333333	452762006.140625
30.5360083333333	578190943.006836
30.5680666666667	609862340.223633
30.6016766666667	575126329.979492
30.6354983333333	478615954.578125
30.6661733333333	499161066.573242
30.6978883333333	581923633.480469
30.7326666666667	676859528.960938
30.764595	651986843.061523
30.79711	609282757.991211
30.82939	594912700.029297
30.864685	614384507.915039
30.8972116666667	738112622.592773
30.9317583333333	604438399.920898
30.96674	682168187.014648
31.0010516666667	616416157.430664
31.035	736501644.226563
31.067065	699824203.332031
31.0980566666667	660691927.883789
31.1332733333333	666553503.849609
31.1674566666667	667272511.875977
31.2002216666667	668042009.300781
31.2350916666667	783580857.833008
31.2697583333333	733478875.902344
31.3048733333333	774706189.088867
31.3376883333333	760300414.541016
31.3706466666667	1006731884.19336
31.40396	685180301.960938
31.4399666666667	678210428.956055
31.4793283333333	736120623.59668
31.50823	831209552.443359
31.543765	759287856.509766
31.5761866666667	876370887.425781
31.6078933333333	695393557.792969
31.6380666666667	832437279.827148
31.6715816666667	720618336.085938
31.7051466666667	704752602.283203
31.738455	701504016.304688
31.7734783333333	657114656.107422
31.8049733333333	755612437.15918
31.84114	677429683.079102
31.8732616666667	719621276.029297
31.9110816666667	627347144.679688
31.9424566666667	728173412.881836
31.9759066666667	642848762.363281
32.008325	645437441.973633
32.0450566666667	623816765.516602
32.0777916666667	608242413.983398
32.1114566666667	580959334.202148
32.1463083333333	598883230.020508
32.1787683333333	639848172.258789
32.2112166666667	609037152.777344
32.24128	592935829.203125
32.2787733333333	697321745.613281
32.31072	546209803.969727
32.3425233333333	685365617.952148
32.3763816666667	699668187.632813
32.4092616666667	606682186.361328
32.4423	690543835.414063
32.4769383333333	642258201.338867
32.509095	628992824.338867
32.5403816666667	574893452.90625
32.574845	633490860.952148
32.6077483333333	606602406.060547
32.6384483333333	599981571.723633
32.669325	608867363.972656
32.7047383333333	616505207.696289
32.7388316666667	607718008.675781
32.77213	654143189.99707
32.8045066666667	658673321.173828
32.83885	635745643.726563
32.873615	651104831.661133
32.906905	706127195.717773
32.941875	594039601.643555
32.9752516666667	641838246.522461
33.0073866666667	744004283.725586
33.0397516666667	631978950.84375
33.071455	612530087.326172
33.1072883333333	643240737.217773
33.1384533333333	631988057.133789
33.172045	640809407.321289
33.2047716666667	622483232.888672
33.2398866666667	740270757.973633
33.274575	623433539.803711
33.3074966666667	690583979.55957
33.3391966666667	637249126.583008
33.370925	655856115.818359
33.4030983333333	586652348.488281
33.4360916666667	680547226.255859
33.469705	714016182.882813
33.503475	631602054.894531
33.54004	661094029.544922
33.57394	640887227.413086
33.6104166666667	748182600.584961
33.642775	610725044.332031
33.675965	696281797.261719
33.7073766666667	606872749.638672
33.7428966666667	776944463.063477
33.778045	659534889.256836
33.812415	592347204.512695
33.8471933333333	687732525.123047
33.880965	665736606.891602
33.9154733333333	802121420.248047
33.9484466666667	684243353.134766
33.98525	639379759.950195
34.01477	644775598.147461
34.05144	623733423.514648
34.08078	605136426.467773
34.115235	628581922.270508
34.1567166666667	706357599.189453
34.186075	703575554.676758
34.2176566666667	748148929.415039
34.2535066666667	709355174.75
34.2883516666667	649117055.412109
34.3253966666667	680912876.844727
34.357515	635544091.05957
34.39135	664074034.206055
34.4262	707863968.182617
34.458155	628661302.175781
34.4947633333333	624602467.678711
34.52616	710140123.717773
34.5609016666667	690965635.367188
34.5957766666667	644590339.972656
34.6297633333333	676471221.235352
34.6635366666667	679836509.795898
34.69526	758830439.459961
34.7267016666667	686095348.368164
34.7584066666667	622682600.130859
34.79279	762324938.930664
34.82527	783143228.820313
34.8608416666667	661808657.262695
34.8946433333333	700144732.300781
34.9270583333333	783956533.015625
34.95886	687088016.851563
34.9950816666667	642858705.276367
35.02516	598531548.674805
35.0588516666667	616427463.193359
35.0899183333333	706345675.071289
35.1224266666667	674209198.900391
35.1592166666667	630985236.929688
35.1926383333333	659848788.179688
35.22573	656885108.736328
35.256475	704775677.417969
35.2898833333333	755033766.170898
35.3215783333333	700465167.919922
35.3544783333333	711158620.073242
35.3893416666667	607931932.191406
35.4238183333333	634544909.070313
35.4595516666667	675448018.796875
35.4948116666667	740743467.936523
35.5296116666667	748993831.756836
35.5646166666667	644940874.418945
35.597655	748022491.50293
35.6329433333333	782227339.919922
35.6663283333333	719850405.573242
35.69886	638869812.871094
35.7331283333333	755978939.474609
35.7633166666667	688239506.013672
35.795165	674048479.705078
35.82715	666526159.387695
35.8605283333333	738444988.917969
35.893875	731611467.06543
35.9277633333333	793278838.332031
35.9595383333333	723414392.65625
35.9926416666667	703364659.405273
36.027865	751706387.198242
36.060265	674083871.745117
36.0951366666667	677088254.25
36.1300566666667	804170909.874023
36.16212	846746023.829102
36.1942866666667	757236498.980469
36.2273166666667	929721071.970703
36.26037	799008846.833984
36.2915766666667	812740559.197266
36.32446	616527820.854492
36.3585383333333	728851224.445313
36.3942566666667	719958565.970703
36.4290633333333	767415026.334961
36.46378	633761284.126953
36.4986516666667	749252544.716797
36.5316066666667	697244168.088867
36.565465	735304459.618164
36.5977016666667	695742552.079102
36.63126	604942325.821289
36.664225	688239639.160156
36.6970233333333	790930553.533203
36.7289133333333	605658112.53418
36.763635	630602938.688477
36.7982383333333	627026450.825195
36.8310666666667	653083729.90625
36.8637033333333	663159551.09082
36.8969366666667	714298799.537109
36.9298883333333	607099570.637695
36.9646666666667	659360426.084961
37.0013633333333	656523352.833008
37.0354333333333	790739198.899414
37.0680916666667	734416319.374023
37.0992216666667	717737189.726563
37.1317383333333	719612446.944336
37.16285	660156616.479492
37.1939366666667	662793003.632813
37.2270033333333	734105815.774414
37.2590166666667	688593068.951172
37.2923883333333	723537301.973633
37.32533	662291441.905273
37.3586233333333	846745367.208984
37.3900833333333	685088514.125977
37.4250983333333	694430276.357422
37.46056	695797228.536133
37.4941366666667	744497490.240234
37.5276783333333	643586008.632813
37.558905	825518547.46582
37.5920616666667	830163427.539063
37.625215	834786818.65918
37.6577833333333	757033752.628906
37.6912583333333	763213964.15332
37.7247283333333	808236171.751953
37.7562	902872128.972656
37.7888433333333	773530122.088867
37.8201033333333	754587033.561523
37.8512583333333	819941193.669922
37.88456	931640430.151367
37.9175966666667	907428174.954102
37.95125	815209321.973633
37.9832266666667	849886596.854492
38.0179983333333	940012476.953125
38.0506116666667	924700303.294922
38.0844933333333	980176812.871094
38.1177966666667	902833505.775391
38.1497516666667	833031579.655273
38.1830516666667	999880919.966797
38.2164716666667	869612112.044922
38.249235	918070027.966797
38.2831483333333	943621809.125
38.318155	963504429.318359
38.3510166666667	901739217.404297
38.3841616666667	866936071.734375
38.41665	957280390.146484
38.4499083333333	921493673.519531
38.48246	1003619086.81836
38.515825	981677783.964844
38.5496616666667	865816085.957031
38.582275	898231739.898438
38.61292	782393780.172852
38.6462066666667	1002695029.89258
38.6770483333333	877119204.355469
38.7108366666667	901384552.522461
38.74285	914423971.267578
38.77389	794522992.232422
38.806305	847575379.28418
38.8381733333333	754902184.118164
38.8704416666667	764365980.59375
38.9039033333333	928942017.341797
38.9355933333333	777583436.708984
38.96905	829694615.366211
39.0014466666667	813415911.743164
39.0330583333333	793779634.68457
39.0672833333333	980449324.929688
39.1004383333333	911509791.525391
39.1328416666667	773488678.334961
39.166575	774610141.787109
39.19932	716089912.849609
39.230645	794630421.576172
39.2634483333333	859933105.464844
39.2958866666667	753660624.817383
39.32908	771187849.188477
39.3600366666667	861432005.662109
39.391895	797156312.421875
39.4265316666667	867552362.349609
39.457775	854669942.044922
39.4909483333333	800833965.72168
39.5218583333333	822467666.246094
39.5548083333333	933999468.671875
39.5866833333333	931992371.013672
39.619835	914857305.714844
39.6523183333333	932252566.628906
39.6841233333333	1165580848.09375
39.71563	1023125664.88281
39.74939	1172409644.75586
39.7820466666667	944028021.076172
39.8146933333333	925710060.083984
39.84816	976958994.966797
39.8787183333333	1166336350.55273
39.9117166666667	1108603646.05078
39.9435866666667	949917035.28125
39.977725	991944822.53125
40.008465	996307730.417969
40.0431616666667	905324294.464844
40.07626	955954364.466797
40.1117083333333	1017144673.24805
40.1432566666667	960030699.951172
40.178285	1001498924.97656
40.2115466666667	979983720.570313
40.2447783333333	952516983.919922
40.2794116666667	902679136.891602
40.3130516666667	930242668.149414
40.3494583333333	840229757.68457
40.3844783333333	821087505.541016
40.4197166666667	841098380.636719
40.45665	982943130.988281
40.48903	1023882013.66797
40.5239416666667	942392936.109375
40.5545683333333	887357124.420898
40.58846	908537231.792969
40.6222833333333	839638036.368164
40.65546	883579328.660156
40.68914	1054615353.91797
40.7222083333333	972686573.607422
40.7544433333333	774078850.234375
40.79014	947902365.216797
40.8224983333333	981349167.478516
40.8559933333333	919083459.423828
40.8838383333333	998800028.050781
40.9156916666667	886358222.908203
40.9494616666667	878838284.453125
40.981925	822077506.451172
41.015005	785648746.22168
41.0475916666667	878826368.553711
41.079565	966986128.183594
41.1126833333333	890842166.162109
41.147255	909211532.181641
41.1785516666667	868186657.154297
41.2107166666667	914049097.302734
41.2425133333333	928084456.058594
41.275525	955365313.646484
41.3079333333333	983053495.054688
41.338665	901892827.244141
41.372405	986594528.666016
41.4040183333333	987204114.892578
41.4377933333333	1039125433.00195
41.4689266666667	1004114846.85156
41.5013266666667	1000749392.23633
41.534115	978628650.619141
41.56595	892817454.265625
41.5989783333333	1060369778.23438
41.631315	1116104868.78906
41.6662516666667	1042222276.48633
41.6997766666667	1012344512.71484
41.7340966666667	1009371889.83203
41.76632	985509442.623047
41.7992016666667	1069287581.28906
41.8337483333333	979648704.607422
41.8633633333333	906279032.210938
41.8960666666667	1008798225.48047
41.9287833333333	998180435.654297
41.95978	1059585779.78906
41.9919983333333	1142361077.7832
42.0237766666667	1091552509.58008
42.0570983333333	1068487756.99414
42.0893	972505721.121094
42.1225316666667	985948174.109375
42.1553433333333	1124603453.61133
42.1869083333333	958091590.337891
42.220575	1343084731.12695
42.2505466666667	1010231533.04297
42.283725	925544252.036133
42.31828	887537518.027344
42.3482616666667	1032686070.76367
42.3799583333333	1115896066.96484
42.414135	1071148684.92578
42.44625	1029929711.9375
42.4803616666667	952097371.990234
42.5127033333333	911354240.628906
42.5453633333333	888227661.197266
42.580035	933225974.832031
42.61414	1026917469.5332
42.6477233333333	952875251.564453
42.68007	881227521.923828
42.7131666666667	974000660.587891
42.7451066666667	949986664.082031
42.7785316666667	1021220088.13086
42.8107983333333	967599545.263672
42.843355	1003934558.02539
42.87636	1026975525.98828
42.907305	1057392189.49023
42.9393883333333	1184192091.15234
42.9703633333333	988201059.896484
43.00284	949524840.289063
43.0360533333333	1006561756.63672
43.067925	982123052.873047
43.1006616666667	946393758.405273
43.1308166666667	973665970.285156
43.165315	955404762.580078
43.1957716666667	1055405430.08594
43.2280283333333	1147383429.0332
43.2603633333333	1060325073.78906
43.2910766666667	922804556.639648
43.3254866666667	1090167089.13672
43.35561	1061067187.40039
43.3899633333333	1009790967.0293
43.42204	1204590906.00195
43.45499	1097223756.26758
43.4889983333333	1291714356.64258
43.5206316666667	1094566384.95313
43.55603	1251811991.5293
43.5853483333333	1010790997.95898
43.6182466666667	1234032757.78711
43.648955	1323813375.01367
43.682735	1036746867.62695
43.7163583333333	1040148731.80469
43.7501466666667	1199498814.12695
43.7819116666667	1289115085.45508
43.8145033333333	1209491711.21875
43.8472333333333	1232879303.3125
43.8802283333333	1312326693.88477
43.91348	1048844057.24609
43.94542	1027078306.46875
43.9783783333333	1303875621.50391
44.0096183333333	1325692262.10742
44.0415266666667	1098374035.75977
44.0737583333333	1208189868.15039
44.1062183333333	1155029879.55273
44.138645	1051396803.875
44.170375	1251911978.55859
44.2017183333333	1070525166.4375
44.2324283333333	1009749886.1543
44.2664216666667	1167257015.18555
44.29772	1076717260.41602
44.32917	1150400945.82813
44.3625383333333	1067462280.32031
44.3963166666667	1034800487.05469
44.42875	1067374205.6875
44.4617433333333	1188510667.92773
44.4943766666667	1251772727.63672
44.52837	1149416561.50977
44.5612533333333	1115443120.09766
44.5927383333333	1271183597.06836
44.6259816666667	1133569904.03906
44.6581416666667	1092705421.83203
44.6903766666667	1170796610.0332
44.7244516666667	1271964958.99805
44.7563016666667	1223636565.32617
44.7871	1332437698.82422
44.8186166666667	1163523126.40234
44.8525366666667	1153238699.40039
44.88398	1349779295.18555
44.9155166666667	1428695959.68945
44.9470533333333	1210622949.85547
44.9791516666667	1271933432.26563
45.0109866666667	1169526183.21484
45.0424966666667	1029270991.20508
45.0739966666667	1036036795.27344
45.10502	1093291395.90234
45.1372	1202846357.13867
45.16882	1206624683.95117
45.201255	1184749855.39648
45.2332683333333	1156651759.40234
45.263585	1192527163.54102
45.2958433333333	1266111305.82422
45.32745	1103807068.2832
45.3608266666667	1195659551.50781
45.392995	1174787716.62305
45.4247066666667	1012606541.63086
45.4553033333333	1011732763.26953
45.4872866666667	1283261890.57031
45.5213233333333	1077883263.09961
45.555955	994662680.105469
45.590495	965805970.242188
45.62405	1106371226.83203
45.6561733333333	1119925133.20898
45.6886033333333	1052947197.97461
45.72056	1195135456.31836
45.7571633333333	1065057468.50586
45.7888316666667	1028484742.44141
45.8218466666667	1173417351.94727
45.8563366666667	1169362541.01172
45.8873033333333	988902242.550781
45.9208433333333	1075226637.82617
45.9531616666667	1046142610.64844
45.9833166666667	1030139031.77148
46.0165233333333	1010154228.55273
46.050045	1140591406.54492
46.0812	946731251.398438
46.1148533333333	1163731803.66992
46.146565	974887265.611328
46.17629	1046903110.4043
46.210575	1130804801.3125
46.2406916666667	961583725.537109
46.2744166666667	994930589.136719
46.3049133333333	1129718124.75977
46.336635	954988674.285156
46.3698783333333	1009661576.66016
46.4045716666667	973427926.847656
46.4384316666667	1051999560.70898
46.4718266666667	1104720408.82422
46.5041866666667	1078106740.4375
46.5365733333333	970199972.28125
46.5684416666667	1020000004.625
46.6003833333333	938884517.767578
46.6339833333333	874209197.392578
46.6662216666667	942440976.947266
46.6983966666667	893574310.046875
46.7317716666667	1198177997.27344
46.7636133333333	948748211.615234
46.7970583333333	1163135389.34375
46.8285683333333	1069894271.41602
46.8614016666667	1040804240.16992
46.89222	1053120269.04883
46.923285	902800269.455078
46.9561583333333	963032047.107422
46.9893816666667	1116696297.98242
47.0201716666667	910627516.255859
47.0543283333333	939098799.417969
47.088165	1020171773.7793
47.1212233333333	1092642105.91992
47.153185	984822563.529297
47.1854583333333	941651578.269531
47.2165266666667	929245048.623047
47.2502816666667	920031518.201172
47.2824633333333	1045965930.08984
47.314535	958540222.091797
47.3448	863422524.853516
47.37786	922535119.207031
47.4090283333333	903722778.990234
47.440395	941538358.306641
47.4721133333333	1027192125.81836
47.50445	981661788.744141
47.5371466666667	1031602860.12305
47.5701633333333	948100822.533203
47.6046333333333	954126279.498047
47.6373066666667	1007644871.14258
47.6700266666667	1031795169.83203
47.7018416666667	1147741179.15039
47.7336616666667	1028678623.31445
47.7665166666667	1160426020.82813
47.7988883333333	1082586426.27539
47.83163	1225151350.5293
47.8625766666667	1116689472.18359
47.8940883333333	1060972569.65234
47.9249316666667	1235075541.68945
47.95803	1220002678.14063
47.9913933333333	1078993002.62305
48.0235616666667	957137171.242188
48.0553616666667	1012225308.53711
48.08901	1126615117.69922
48.1232583333333	992471713.654297
48.15679	1304112722.72852
48.1880166666667	1126994741.71875
48.2217416666667	958604295.396484
48.2544083333333	1009759921.12695
48.286605	1002130452.22656
48.3202083333333	994100337.855469
48.35269	1079219931.16992
48.3844966666667	1049536935.67578
48.4173616666667	1113729371.64453
48.448565	1065316612.70117
48.4801316666667	965701986.320313
48.5107316666667	1047332617.18555
48.5427783333333	999940818.650391
48.574825	1029289838.98633
48.6073966666667	991469388.789063
48.6393016666667	1192989673.08984
48.66924	970375169.525391
48.7017483333333	1217627809.24805
48.7340416666667	1068295397.3125
48.7662433333333	1103045568.75195
48.7983583333333	1105038037.20703
48.8311016666667	1299864240.99609
48.86415	936682781.693359
48.8977966666667	1095888195.19531
48.9293516666667	1082961920.13086
48.9611533333333	1091698213.48633
48.9943	1004330357.99609
49.0262383333333	1024270770.85352
49.056715	1119593480.12305
49.0871466666667	1151866439.99805
49.1186583333333	1030515873.25781
49.1496016666667	1195911793.97852
49.18436	1238388268.83594
49.215355	1016617385.69141
49.2485633333333	994386838.791016
49.2807216666667	1123150909.23633
49.3144766666667	987675880.796875
49.3478	1113549610.83203
49.3795633333333	1073470787.96484
49.409965	1003243377.69922
49.4406666666667	1143885064.12305
49.470715	1263867753.15039
49.5033866666667	1154275892.53125
49.5362066666667	1180989696.15625
49.5679833333333	1052791936.10352
49.59933	1012897432.1582
49.63089	1193496293.14063
49.663585	1078759830.86914
49.6945966666667	1159437001.63672
49.7261533333333	1167031367.66797
49.75814	1024510122.25977
49.79148	1013509154.43945
49.8237833333333	992360133.582031
49.8565483333333	1093058047.51172
49.8896983333333	1147140252.04688
49.921015	1103417044.6543
49.953115	1116495159.95703
49.9883816666667	1016147547.67383
50.0212383333333	1173706951
50.0542016666667	1179987851.99219
50.0865166666667	1041490438.74219
50.11932	971177653.009766
50.151635	1147414339.66211
50.183105	1347806269.30664
50.217175	1253634818.10156
50.2486966666667	1064727353.72852
50.28088	1143502642.71289
50.3160533333333	1224080549.92188
50.349075	1232965886.92773
50.38205	1215381788.23047
50.4147616666667	1317732177.47852
50.4474333333333	1083442783.23828
50.4806266666667	1345470811.37695
50.511755	1181523222.80859
50.5449783333333	1164265044.10547
50.57709	1053910265.0293
50.6088616666667	1169433279.71875
50.639215	1271266042.19141
50.671805	1256903573.02539
50.7036833333333	1102564052.99023
50.7354916666667	1249674087.76758
50.7679116666667	1108443649.63086
50.801465	1314040427.66992
50.8349816666667	1085173666.69141
50.8684333333333	1058794651.66602
50.9010566666667	1214240574.94141
50.9323516666667	1107674710.70508
50.9655133333333	1070751288.60742
50.9980483333333	1347194448.54688
51.030435	1125713619.22852
51.0638666666667	1027982239.5957
51.0935466666667	1129238542.69336
51.127735	1157425873.71484
51.160345	1154699238.32422
51.1927533333333	1170959659.77539
51.2253083333333	1317688100.34961
51.2547483333333	1246401684.23438
51.2874116666667	1177886178.95313
51.320805	1288589484.625
51.35252	1165697512.7832
51.3836216666667	1197541578.18359
51.4150233333333	1315795604.77734
51.447025	1163400815.61133
51.478655	1223380916.73242
51.5119333333333	1366761257.14063
51.5428316666667	1142625553.36523
51.5755166666667	1262278171.83594
51.6075016666667	1179007016.73828
51.63933	1184467634.92578
51.6717983333333	1040468719.02148
51.702865	1172813633.18359
51.7348066666667	1143690382.71484
51.7669016666667	1127474190.00977
51.797025	1199324546.72266
51.827625	1265065919.63672
51.858435	1089962424.35742
51.8911583333333	1045159252.63086
51.9209233333333	1056917116.58984
51.9528483333333	1074762861.63281
51.9844133333333	1336736909.97266
52.0160433333333	1080313737.65625
52.04851	1027844193.45898
52.0823716666667	1054614617.87695
52.11603	1111983581.08594
52.149065	1107958669.44727
52.1821283333333	1177949031.30859
52.2151983333333	1324685246.71484
52.2481566666667	1169803886.67383
52.2807366666667	1063255192.86133
52.31247	1110909630.625
52.3442533333333	1385313558.17773
52.3767916666667	1172260413.38672
52.409295	1256637180.58203
52.441715	1176766215.14844
52.4737166666667	1256082631.38086
52.50543	1251329929.875
52.5401216666667	1299549410.37695
52.5715133333333	1175390170.47461
52.6043866666667	1184432117.25586
52.6358166666667	1360424725.64453
52.6673683333333	1312404978.875
52.6986983333333	1247549031.68359
52.7318633333333	1130090287.89063
52.7653716666667	1199215699.1543
52.79796	1311452606.89453
52.8303366666667	1249117514.05078
52.8630633333333	1139558745.5
52.8950683333333	1191546084.0957
52.9278233333333	1160198652.85547
52.9595266666667	1304268969.31641
52.9917933333333	1221338856.55664
53.0234983333333	1152232078.80078
53.05575	1171332476.32031
53.086285	1325852067.92578
53.11714	1203700639.0918
53.149535	1123557339.61719
53.1824383333333	1309625859.05078
53.2123066666667	1263114448.66992
53.2434616666667	1164268089.67188
53.27345	1298387038.68555
53.3033433333333	1190430978.04688
53.3330416666667	1413183167.67383
53.36461	1324237004.3418
53.395415	1436375466.80273
53.4250883333333	1426093376.09766
53.45594	1638168797.3125
53.48705	1451939974.09375
53.5188333333333	1457979121.38477
53.5493866666667	1477389780.63281
53.5807066666667	1520814083.82227
53.6116066666667	1448238026.55078
53.6438516666667	1553229688.91406
53.675605	1429373722.31445
53.7076166666667	1514729475.88477
53.740465	1405716487.3125
53.7723783333333	1405671605.94922
53.8062033333333	1412613217.39258
53.83844	1375339542.05078
53.869495	1585605333.20898
53.9016816666667	1432410053.90625
53.9345533333333	1471304344.20508
53.968185	1280878796.95117
54.0004666666667	1325860690.23438
54.0337533333333	1251516040.94922
54.06691	1322221212.83008
54.0998766666667	1296009883.51367
54.1327566666667	1243060290.80078
54.1641883333333	1285122475.55859
54.1960683333333	1420078881.72852
54.228085	1235768346.20898
54.2598116666667	1193645147.05273
54.2926533333333	1156244244.92969
54.3245266666667	1251135534.89258
54.3566683333333	1209714567.2207
54.3878333333333	1337210470.01953
54.4185883333333	1186146588.22266
54.4508283333333	1273764562.76953
54.483055	1433467643.13867
54.5146233333333	1251289038.30469
54.5466766666667	1244299909.90039
54.57748	1553381439.33789
54.6076	1220389900.20117
54.63966	1220704126.38086
54.672575	1229121189.08594
54.7040166666667	1442307153.89258
54.7364216666667	1509386766.12695
54.7687616666667	1335562196.24609
54.801225	1350178433.33984
54.8335466666667	1238141329.51563
54.8663933333333	1277021456.14453
54.8999133333333	1293769530.83398
54.9321866666667	1252276015.9043
54.963975	1319793312.46484
54.9951533333333	1357427150.39063
55.025855	1522811237.58594
55.0586683333333	1436450780.26758
55.0906733333333	1570923693.04297
55.1222233333333	1301460672.53516
55.154215	1403590744.8457
55.1867783333333	1556551506.5918
55.2195766666667	1186996224.73633
55.25334	1332387872.7793
55.2841683333333	1154512486.85352
55.3153733333333	1369840262.63281
55.3484966666667	1235505191.03125
55.3804366666667	1112534163.14258
55.4126233333333	1288970235.49609
55.4433383333333	1229809044.56445
55.4753566666667	1103000770.04492
55.5061083333333	1182233814.16211
55.5375366666667	1197126133.00391
55.568595	1102940255.43164
55.5993216666667	1257809295.53516
55.630795	1369254724.25195
55.6621066666667	1427612447.87891
55.6921766666667	1281330322.88281
55.7235133333333	1558023156.24609
55.7557333333333	1205598094.12305
55.7883566666667	1197850762.22461
55.8217316666667	1205180077.22852
55.85507	1179734189.53516
55.8892033333333	1182940013.13477
55.9224683333333	1294388210.58594
55.955055	1123462030.65039
55.9863316666667	1263993108.38281
56.0195333333333	1231889116.75977
56.05117	1215630108.85156
56.0826833333333	1238037676.19336
56.1119816666667	1202637235.27734
56.142245	1241085380.95703
56.172875	1420099728.82031
56.2031233333333	1294468177.84961
56.2355733333333	1466534122.44922
56.2674833333333	1512595856.0918
56.300335	1497293575.85352
56.3305016666667	1593435775.23438
56.3630633333333	1448172090.76367
56.3945916666667	1423150338.63672
56.4260166666667	1637644353.18359
56.4592183333333	1551712568.50586
56.4930766666667	1554382367.93164
56.52607	1478152878.47852
56.5579	1574315155.22852
56.5893016666667	1578516647.12305
56.619955	1592154445.04492
56.6509166666667	1519550532.02539
56.683525	1611754811.23438
56.7157383333333	1421859843.29492
56.7485016666667	1627867108.99219
56.7813566666667	1639272004.41602
56.8135316666667	1480081275.79102
56.8450833333333	1485916947.48828
56.8766783333333	1551915146.8457
56.9086716666667	1423767932.31055
56.941785	1516966026.76172
56.9721016666667	1671530129.76563
57.00226	1499375516.5
57.0339833333333	1512587213.12109
57.0656483333333	1545514325.22266
57.0975633333333	1629702617.5293
57.1287216666667	1589378987.90039
57.1602883333333	1694671555.22266
57.1929083333333	1603118167.67773
57.2244283333333	1683913448.37305
57.255045	1580717012.55078
57.287905	1878623416.29102
57.3191483333333	1553914877.94336
57.351315	1616757871.21484
57.3832083333333	1747742633.9707
57.4173333333333	1581613418.26367
57.4502316666667	1692701065.23438
57.4828533333333	1670859001.38086
57.5163683333333	1635326461.80273
57.5498166666667	1678031983.27148
57.5826116666667	1828175115.49414
57.6142483333333	1664181285.61914
57.6456966666667	2125747970.68359
57.6771316666667	1851389275.75195
57.7083316666667	1600608605.60547
57.7416916666667	1688270514.88477
57.7727916666667	1719167112.22656
57.8040983333333	1792994785.88086
57.83702	1860027388.6582
57.8690066666667	1779522668.01953
57.901825	1805897885.50391
57.9336116666667	1796317230.87109
57.9671016666667	1797139096.42969
57.9986433333333	1539841366.26172
58.029975	1682338917.60938
58.0617133333333	1646397754.59375
58.0942733333333	1622039391.67969
58.126665	1752508932.94336
58.1597166666667	1729301853.54883
58.1916083333333	1579759843.27148
58.2227883333333	1599880298.41406
58.2542366666667	1546785085.26563
58.2847433333333	1701390820.37695
58.3176766666667	1530093297.28906
58.3489733333333	1533833249.64648
58.3803883333333	1496947628.95898
58.4131316666667	1641187605.26367
58.4459783333333	1566533771.75977
58.4780366666667	1610256303.63867
58.5098533333333	1657745993.12109
58.5415816666667	1522208417.81055
58.574655	1692729562.08984
58.6059	1831220349.32227
58.6385616666667	1688838557.44531
58.6699666666667	1915554728.94336
58.70136	1838944985.9082
58.7326933333333	1798464781.9668
58.7646	1828427338.62695
58.7956366666667	1847527360.64258
58.8264833333333	1772801171.44922
58.85929	1704104742.64844
58.8924466666667	1735135583.77344
58.922995	1651664650.69727
58.954875	1701747580.76563
58.98709	1782584394.08594
59.0193433333333	1858995124.81836
59.05042	1665235692.17383
59.0822116666667	1700315463.07031
59.1160516666667	1851022459.27734
59.1477366666667	1849312741.60156
59.1820866666667	1925333066.65625
59.2139166666667	1888507837.60547
59.2463516666667	1868073292.33789
59.279495	1758287269.5293
59.312975	1734555466.9668
59.3450166666667	1777597150.53125
59.3773183333333	1664753838.52734
59.4108266666667	1810246117.77148
59.4430516666667	1654399742.05469
59.4752683333333	1689332371.60352
59.5075883333333	1551833492.02344
59.5387466666667	1588156950.11523
59.5716033333333	1675644328.3125
59.6032616666667	1570222609.89453
59.6356116666667	1809236918.4043
59.6661333333333	1801574700.27539
59.6978783333333	1630489428.81836
59.7288616666667	1543407208.58203
59.7617183333333	1760863132.87305
59.7933	1562875230.38086
59.825585	1595461910.0625
59.8560433333333	1573475141.44141
59.8875183333333	1754951550.02539
59.920775	1730998816.73242
59.953255	1633928091.6582
59.98616	1619987483.4668
60.0196016666667	1750013853.03711
60.0533033333333	1624888422.5
60.0850766666667	1635422937.52344
60.11692	1607037388.51758
60.14961	1628441617.62695
60.1817466666667	1569853166.66406
60.2144266666667	1607701315.41797
60.2471533333333	1374654608.83398
60.279245	1489356891.875
60.31202	1381266102.92578
60.343995	1442006012.19727
60.3771	1328105672.4082
60.4088183333333	1290160454.71289
60.4411883333333	1475372016.19336
60.4731383333333	1320608960.78516
60.5042066666667	1369086916.73633
60.535385	1489986480.875
60.5686616666667	1440264775.42773
60.6013983333333	1467692386.89063
60.6331416666667	1504853518.44336
60.6632683333333	1647720501.92383
60.6934283333333	1452577847.68945
60.7258483333333	1648910526.45898
60.7571766666667	1518748547.36914
60.7885433333333	1688557053.42578
60.8202383333333	1466179944.32617
60.8526933333333	1580244707.07422
60.883945	1637413681.88086
60.9168566666667	1515275578.92383
60.949605	1511539564.74805
60.9832533333333	1403523012.9082
61.015965	1405773021.17773
61.0486866666667	1511589839.67773
61.0817383333333	1503667560.25586
61.114265	1429579242.42578
61.14716	1589588972.75977
61.1786933333333	1504735675.20117
61.2109083333333	1358537875.57617
61.2434883333333	1366106471.20898
61.2748633333333	1777333345.49023
61.3071883333333	1252004959.83203
61.3391033333333	1366153887.04297
61.3709133333333	1360478598.61133
61.4027033333333	1389407046.08008
61.432845	1363056898.85547
61.465515	1384270783.29688
61.4981366666667	1427692934.41211
61.5311633333333	1340332501.21094
61.5630133333333	1354465541.88672
61.594775	1221853152.24023
61.62635	1241951619.95117
61.657205	1219007571.08594
61.6876683333333	1249272814.68945
61.7197566666667	1265658220.32813
61.75142	1211862284.24805
61.7841566666667	1214269506.9082
61.8164583333333	1221853044.98633
61.8488933333333	1263017485.93359
61.8806166666667	1224008448.71484
61.911905	1281571185.66016
61.945145	1165727134.36914
61.9778733333333	1471257584.2832
62.01043	1147021994.38086
62.0406883333333	1166471714.83789
62.0718833333333	1320109428.58398
62.1034233333333	1354456316.08594
62.1351566666667	1401904631.53711
62.1662733333333	1282122136.54883
62.1975933333333	1392183940.87305
62.2302633333333	1434600527.89453
62.2606816666667	1590556807.49023
62.29284	1371839698.50781
62.3259483333333	1478742306.22266
62.3562233333333	1366255152.69141
62.388085	1411965633.5625
62.4194633333333	1366575297.26953
62.4512766666667	1342023845.07813
62.4840216666667	1422422078.95313
62.5171683333333	1461182395.68555
62.55007	1352092023.85938
62.58327	1415718070.55664
62.6136466666667	1503044495.99414
62.6457266666667	1436759897.93945
62.679065	1397768987.58789
62.7120483333333	1441388080.4082
62.7444516666667	1629324635.56445
62.777165	1336693534.66211
62.81056	1364145909.89258
62.843315	1377969203.1582
62.8764983333333	1480563518.64453
62.9090883333333	1455755074.75586
62.9415533333333	1469821208.24609
62.9736133333333	1406610638.15234
63.00573	1512417123.46875
63.0373283333333	1879637202.59375
63.069425	2144119379.54688
63.101125	1673049720.93164
63.1324	1775160926.89258
63.1642266666667	1792911022.27148
63.195865	1932334384.36719
63.22713	1934988846.14453
63.2586016666667	1965864230.06836
63.28983	2009111705.7793
63.3230216666667	1971259934.67578
63.3554566666667	1944748045.79492
63.388035	1944056819.04102
63.4222833333333	1923154881.44141
63.4552683333333	2107869403.76758
63.4876283333333	1857702691.66211
63.51994	2148480396.81641
63.553205	1955709926.39453
63.5854166666667	1791729347.09375
63.6188	1772905953.5
63.6526316666667	1822647000.64844
63.6854466666667	1762711309.29102
63.7191	1669896313.42188
63.75214	1715009719.66797
63.7853316666667	1812696470.22656
63.8169966666667	1585934150.30469
63.85052	1544280800.22266
63.8839466666667	1454007020.50391
63.917205	1467514994.41016
63.9506233333333	1647186340.80273
63.98192	1401269211.61133
64.014765	1509211710.22656
64.04523	1640792697.85742
64.0765233333333	1514240653.67969
64.109025	1570013685.24609
64.140645	1562163852.22461
64.1710666666667	1519007811.60742
64.2026383333333	1632113409.66406
64.23456	1488735115.40039
64.26707	1324599578.74023
64.298125	1293107633.30859
64.33073	1395971662.65234
64.360635	1300364790.1582
64.3933166666667	1492501307.63086
64.4245083333333	1214306043.60742
64.4576783333333	1372814573.31055
64.4898566666667	1313014814.67773
64.5227166666667	1104818304.83203
64.555365	1102764733.98438
64.5884016666667	1251251971.4082
64.6203283333333	1148649247.74023
64.6526516666667	1082086277.61328
64.6860683333333	1129552407.78906
64.71999	1256290805.02734
64.75323	1307701244.10547
64.785815	1109233358.45898
64.8158416666667	1291511757.9707
64.8488616666667	1197121625.9668
64.88133	1460466202.37109
64.91261	1290966680.97656
64.94431	1521195816.01953
64.9750933333333	1416314849.07031
65.0055183333333	1569855709.19141
65.037695	1487479116.06055
65.0691883333333	1636628533.08789
65.1019866666667	1754982085.88867
65.1329816666667	1687950058.29492
65.164035	1636525952.42773
65.196175	1604925205.25586
65.22789	1750254953.50391
65.2592683333333	1634160346.10938
65.2902833333333	1567421938.87695
65.3220933333333	1501606753.94727
65.35542	1625899756.49609
65.3878266666667	1641480222.59961
65.4198866666667	1539954625.97461
65.452925	1404980235.50781
65.485505	1450389590.3457
65.5182	1409889590.32422
65.5522166666667	1464349307.95898
65.5843083333333	1380211395.125
65.6173716666667	1338865598.89453
65.64978	1321386357.68555
65.682235	1343531575.78125
65.7152116666667	1272492808.79297
65.7472383333333	1375030483.07813
65.7794566666667	1418317552.62305
65.81104	1303205057.81055
65.8428083333333	1238172921.4082
65.8752816666667	1171380456.34766
65.9083033333333	1215720154.81445
65.9402583333333	1345485106.50391
65.9726983333333	1241371658.86328
66.00505	1346970227.93945
66.0369283333333	1452345546.91602
66.0699866666667	1497279111.12109
66.1019833333333	1319947891.47852
66.1341116666667	1322615290.83789
66.1667	1573755845.87109
66.1987166666667	1395400025.125
66.2316666666667	1546594632.22852
66.2628183333333	1799932177.41016
66.2952216666667	1579695330.38672
66.3265583333333	1493121920.51563
66.3599916666667	1716214551.16992
66.3907766666667	1544877796.37305
66.422015	1776337318.97266
66.4532583333333	1583687642.77539
66.4833516666667	1521893499.73242
66.5170133333333	1575870066.67969
66.5485933333333	1799041411.51563
66.5798416666667	1832979454.58789
66.6122166666667	1645377460.55664
66.64413	1994321980.77734
66.6766366666667	1857028667.00781
66.707815	1796657630.18555
66.740785	1905836144.80859
66.7730566666667	1741129972.5332
66.8040366666667	2076993723.73438
66.8340683333333	2111395181.26367
66.8658233333333	1841139887.03125
66.8961983333333	1856384894.32422
66.92914	1766900261.96875
66.9615616666667	1996706274.78125
66.9940116666667	1840693258.42969
67.0262633333333	1845400187.23633
67.0586633333333	1975298892.34961
67.090385	1987168800.37695
67.1234283333333	1843328148.74219
67.155535	1924549745.17578
67.18811	1937595152.57227
67.221045	1923223801.8418
67.25485	1882006898.18359
67.2881316666667	1855761573.70313
67.32123	1908583221.82422
67.3533183333333	1914211882.56445
67.3868466666667	1959244931.47852
67.419965	1937559362.37891
67.45347	1990463300.57813
67.4856833333333	1848708473.70898
67.5179566666667	1761154320.87109
67.5500016666667	1881128614.31055
67.5823116666667	1850543562.82422
67.6145383333333	1778610611.26758
67.6488166666667	1747695658.5
67.6829066666667	1749893268.11719
67.7155416666667	1946671788.6875
67.74692	1857116206.98633
67.779345	1890188715.87109
67.811985	2007732816.13281
67.8446316666667	1963839160.02344
67.8736983333333	1720957402.25781
67.9045866666667	1926247802.04688
67.9358816666667	1743671356.09375
67.9679283333333	1929603187.87695
67.99947	1792754711.79883
68.0316566666667	1756032136.05859
68.0642466666667	1853561818.04883
68.096245	1812989656.7168
68.1290966666667	1742847568.19922
68.1610266666667	1880013019.95313
68.1941183333333	1781869228.05469
68.226825	1831533078.89258
68.25865	1713645078.92578
68.29125	1747797853.14648
68.32315	1787277817.79492
68.35407	1699983887.17578
68.3868666666667	1830158056.94141
68.4185383333333	1896543153.01953
68.450945	1871925094.75391
68.4830316666667	2000836782.10156
68.515155	1991245889.7168
68.54813	1935642136.00391
68.579615	1944226516.48633
68.6117566666667	1923494951.26953
68.6446083333333	1832848257.24414
68.6780983333333	1821432825.36914
68.71217	1982730159.77344
68.7451166666667	1948620435.27344
68.7774866666667	1953649641.28711
68.8090616666667	1840390614.3125
68.841525	2006551265.02344
68.8757416666667	1831334363.28711
68.90945	1777496330.60156
68.941825	1768093893.77344
68.9743283333333	1896582001.54492
69.00732	1626934575.96875
69.0401033333333	1641505370.23438
69.0718283333333	1550113500.30469
69.1057066666667	1577894088.0957
69.1384366666667	1476905908.43945
69.172275	1496727570.13281
69.2053866666667	1719378888.51953
69.23898	1609348441.61719
69.2702	1674049098.23438
69.30342	1407952533.65039
69.3362316666667	1485337044.33789
69.3705183333333	1637534201.69922
69.40327	1478317636.27148
69.436255	1398702579.09961
69.469255	1456014929.40625
69.5009533333333	1433592476.78516
69.5327566666667	1653663542.37695
69.563615	1646650136.16016
69.5950233333333	1727064943.26563
69.62697	1785573974.6875
69.6589	1778284486.38867
69.6906683333333	1579266228.99219
69.7238533333333	1623609321.19336
69.7563983333333	1696471079.27734
69.7891583333333	1578348781.07422
69.8215366666667	1745568895.36719
69.8538233333333	1704874439.19141
69.8864766666667	1780095044.72461
69.9190983333333	1621794409.28906
69.9519	1777956627.4082
69.983935	1589248432.44727
70.0165533333333	1820984798.26953
70.04941	1679690663.23047
70.0812066666667	1663053734.53516
70.1134766666667	1757937464.35938
70.1486716666667	1523156834.48047
70.1813933333333	1640189344.15625
70.213745	1685743681.37109
70.2474216666667	1742512166.91602
70.2804283333333	1644430877.82617
70.3093816666667	1718347144.08008
70.34128	1797905575.00195
70.3736583333333	1846238304.94336
70.40654	1813537400.00781
70.4395516666667	1724677297.88867
70.4707533333333	1850922134.18555
70.5027466666667	1877246378.04102
70.5355083333333	1728136577.20898
70.56962	1774996430.24023
70.6012483333333	1910440076.43945
70.6319533333333	1872978383.44141
70.6635716666667	1789125312.14453
70.69575	2018815730.55078
70.7293216666667	1898906195.28906
70.762765	1941975114.06836
70.79533	1957090937.08203
70.8295766666667	2097874792.58984
70.8627	1876165818.36133
70.894625	2038842530.52734
70.9270716666667	2080113551.15234
70.9589966666667	2064114203.80469
70.9914166666667	1870225171.84961
71.0243316666667	1947701402.75977
71.055605	1831819093.05469
71.0883016666667	1970698311.65234
71.1213583333333	1802092303.26172
71.1540033333333	1860332439.32617
71.18839	1947595333.44141
71.2213	1663746149.0293
71.2554033333333	1802401225.61133
71.287245	1650595776.89258
71.317065	1631697731.8125
71.350445	1637798827.31836
71.38262	1741653577.28516
71.4150916666667	1625308748.83594
71.449015	1564694181.34766
71.4792833333333	1604300501.22461
71.51167	1710010748.5625
71.5428816666667	1638508473.3418
71.5754566666667	1855997296.49023
71.6053383333333	1839269545.74805
71.6369616666667	1780485073.4043
71.6687616666667	1683601509.46484
71.700735	1944197966.85547
71.73353	1740655456.0918
71.7660216666667	1685250015.25781
71.7980266666667	1721332506.14453
71.8282533333333	1714771913.41992
71.8617233333333	1682756097.93164
71.8941583333333	1722989425.23242
71.926215	1760874740.13281
71.9582116666667	1638507547.48242
71.9899966666667	1780725709.02344
72.0215533333333	1672371233.88281
72.053995	1824054141.25391
72.0850233333333	1603115769.57227
72.1175266666667	1595023812.39453
72.1508316666667	1632056441.04297
72.1840566666667	1590165603.05859
72.2167483333333	1521151037.23047
72.250555	1601509610.12109
72.2831366666667	1567286971.5
72.3157783333333	1602920109.44727
72.347115	1834642863.57227
72.37946	1829178705.85352
72.4107666666667	1500910475.21289
72.4421566666667	1379523707.5625
72.475255	1449883263.58984
72.506585	1345634818.84961
72.5389783333333	1489769100.58789
72.5710916666667	1604979349.88086
72.602815	1535257501.91992
72.634205	1505092429.50781
72.66541	1638927904.08203
72.6960566666667	1552581435.34766
72.7272366666667	1647087567.85742
72.7589966666667	1617996646.33594
72.7910416666667	1585860853.49219
72.8234616666667	1562324374.16602
72.8549116666667	1684386921.54102
72.887655	1527789170.75586
72.9200466666667	1575688709.79492
72.9530966666667	1610185855.45508
72.9850483333333	1655145031.28711
73.0147616666667	1503759296.25
73.0464816666667	1409567385.41602
73.079985	1517279956.85156
73.1113966666667	1501583987.87695
73.141725	1497546133.60938
73.1731833333333	1463839187.62305
73.2053133333333	1657922627.07617
73.2364866666667	1508564788.54688
73.2692666666667	1389185102.81445
73.30226	1516857034.66602
73.3364516666667	1509346682.89648
73.3709533333333	1555683552.31836
73.4035166666667	1391621484.37695
73.4356266666667	1449706105.08203
73.4679266666667	1491458099.30469
73.5006166666667	1404278520.07031
73.5329666666667	1427698616.82031
73.56645	1548294780.04102
73.5982583333333	1448747650.37891
73.630175	1550561803.44141
73.6629133333333	1587415998.44336
73.6955166666667	1565076158.61914
73.7272183333333	1578412181.76953
73.7591466666667	1672042522.72461
73.7915433333333	1652617393.3457
73.82344	1576108852.16602
73.8558733333333	1658640413.46094
73.8880083333333	1811417634.84375
73.9204433333333	1742910105.69141
73.9531183333333	1618585817.50391
73.9861633333333	1623284061.36914
74.01775	1658100704.49219
74.0496566666667	1628016706.33594
74.0811416666667	1551627520.35938
74.1147283333333	1439965656.03906
74.147945	1556537515.59961
74.18142	1599273875.01367
74.2115066666667	1581551784.01758
74.2458733333333	1340257445.39258
74.2767133333333	1532998489.08984
74.30998	1431051572.79102
74.34323	1354964762
74.374945	1285845583.66211
74.4068366666667	1278215121.20898
74.4375566666667	1414882991.83789
74.4688233333333	1439015812.23438
74.49986	1404836394.32227
74.53239	1527547700.30469
74.5644883333333	1399812686.83984
74.597485	1465203220.83203
74.6302116666667	1410961972.31055
74.6636466666667	1551790724.38867
74.6967983333333	1525645028.9043
74.7300133333333	1576893025.12109
74.76267	1509156851.56055
74.7954083333333	1601489150.33398
74.8281533333333	1416096083.91211
74.8610116666667	1453613096.76367
74.891735	1438360926.80664
74.9237533333333	1456251936.2793
74.95647	1518289098.95313
74.98875	1456321762.37109
75.0214266666667	1416464108.80664
75.0553683333333	1460913219.99609
75.0881283333333	1293243815.60547
75.12123	1355887227.74414
75.1534066666667	1431512836.18555
75.185095	1338629112.42188
75.2173683333333	1363602333.85156
75.24873	1394046266.42773
75.281075	1583712603.81641
75.3132183333333	1504815012.97266
75.3463133333333	1374302671.3125
75.3785933333333	1318295951.83398
75.4097383333333	1351764524.58984
75.4431316666667	1297638556.00586
75.4753833333333	1253280254.02734
75.5079	1308746242.69727
75.5406133333333	1275167666.81055
75.5725583333333	1260567135.5918
75.6055366666667	1302350879.16016
75.6367766666667	1351385023.20313
75.6703333333333	1379730137.28125
75.7015966666667	1503673851.41797
75.733445	1424859410.43164
75.7655633333333	1437501904.64063
75.7986383333333	1403995160.33008
75.8314666666667	1359588708.95313
75.8641833333333	1347384284.79492
75.8955916666667	1456640989.57422
75.9270566666667	1333374773.38086
75.9581766666667	1532296677.70117
75.9904	1408313618.75781
76.0231983333333	1320829341.87695
76.0558166666667	1351686565.80273
76.0880033333333	1498662054.62109
76.1211266666667	1304562314.82422
76.15445	1197958787.77734
76.186975	1277238804.87695
76.2200216666667	1389967988.41992
76.2520133333333	1204802844.80273
76.283715	1235788845.17383
76.316865	1179142475.34766
76.3489766666667	1243788187.51563
76.3804666666667	1365466842.38281
76.4101633333333	1380470057.03906
76.4414483333333	1301795924.31836
76.4725716666667	1436739848.35352
76.5036133333333	1378386205.69336
76.5336283333333	1433532570.91016
76.5645616666667	1600465155.67383
76.5951183333333	1666057943.08398
76.626025	1600552963.81836
76.65662	1699941516.0625
76.6877133333333	1597684225.25195
76.7198433333333	1555587282.79297
76.7515066666667	1689487367.52539
76.7832666666667	1730242679.38086
76.8152016666667	1802081953.52539
76.847695	1764980740.44922
76.8805866666667	1743757392.08984
76.9113383333333	1686697623.73438
76.9422733333333	1581242061.14844
76.97356	1729100219.36719
77.0063033333333	1781504242.26953
77.0399416666667	1678989866.20508
77.0725566666667	1555107015.90039
77.1050716666667	1772022812.75
77.1364883333333	1568499672.49219
77.1695766666667	1496301084.12891
77.2034216666667	1588570456.26367
77.2354216666667	1425314293.31055
77.2687366666667	1401069189.58398
77.30334	1484913002.98828
77.3363366666667	1391731685.83008
77.3684666666667	1373571807.32031
77.4021933333333	1437837564.06055
77.4346516666667	1324615835.62305
77.467425	1324867364.07813
77.5005333333333	1369948114.66992
77.5327416666667	1275120756.75
77.5663933333333	1281065218.33984
77.5977216666667	1155391531.3457
77.629905	1199521271.48047
77.6618483333333	1267557297.32422
77.6950316666667	1256233335.30273
77.727775	1258729056.67383
77.7609866666667	1264302976.92383
77.79283	1252916376.50781
77.8251083333333	1483284915.54102
77.8571866666667	1374905074.14648
77.8893466666667	1358649582.4668
77.9224866666667	1382837969.24414
77.95556	1558291809.59766
77.9879	1331037794.73633
78.0206883333333	1277556620.29102
78.0543183333333	1280100053.63477
78.0866816666667	1278684419.75195
78.1189566666667	1274905557
78.1499616666667	1186608768.44336
78.1834316666667	1201958363.45703
78.2154583333333	1225237366.96484
78.246555	1205554013.40039
78.27813	1148943493.63281
78.312565	1074959319.10742
78.3439566666667	1236682293.69141
78.3769833333333	1094390813.9043
78.4099733333333	1118506210.50586
78.4434416666667	1127446522.84375
78.4747916666667	1201982402.41406
78.5071816666667	1303620506.33789
78.5395683333333	1293204858.42969
78.5725166666667	1227570015.54492
78.60577	1330036352.16602
78.6367066666667	1264581640.20117
78.6701966666667	1361542659.8457
78.7017083333333	1224171015.10547
78.7332083333333	1293344219.52539
78.7658516666667	1384530798.95508
78.7988783333333	1330299163.53906
78.8313466666667	1369414218.16797
78.86389	1253437359.99609
78.89709	1340874727.47461
78.931175	1336974410.73828
78.964435	1241276335.07031
78.9960616666667	1283921240.73047
79.0303333333333	1280014676.88281
79.0620433333333	1344787292.125
79.0956816666667	1366044814.32031
79.127185	1285073857.99219
79.1598916666667	1316334128.17383
79.1926666666667	1258187498.55469
79.2242566666667	1333414461.57617
79.25562	1293898056.4082
79.2871583333333	1519513506.49805
79.3197133333333	1372571009.66016
79.3526283333333	1297168461.86523
79.3855433333333	1437103763.73438
79.4185633333333	1333434497.94922
79.4529866666667	1348540632.03125
79.4855883333333	1462400627.33984
79.5177283333333	1402394773.57617
79.5500666666667	1350713533.37109
79.5813466666667	1385019797.23438
79.61402	1330045569.54492
79.6464	1399558988.63672
79.6783466666667	1423373433.31641
79.71009	1589713744.10938
79.741	1532233134.87305
79.77292	1488501671.61523
79.8055116666667	1443423793.96484
79.8371816666667	1633102758.43164
79.8699866666667	1628677114.99023
79.902775	1722502316.82813
79.93487	1610494008.73242
79.9671616666667	1713066494.7207
79.9991916666667	1462466518.08594
80.03239	1561529454.16797
80.06471	1564078810.45313
80.0962166666667	1565498335.8457
80.1284083333333	1594818028.34375
80.1602916666667	1512369223.8457
80.1916983333333	1510432650.60156
80.2240466666667	1367040257.8418
80.2570833333333	1448140364.44141
80.28888	1357286817.4375
80.32132	1381795893.55859
80.3534716666667	1356914775.63281
80.385295	1340802348.60156
80.4164966666667	1348715989.11133
80.44932	1364714667.67578
80.48305	1418132546.19922
80.516485	1485012753.04297
80.5488083333333	1260928328.79297
80.5810466666667	1283922086.06055
80.6141616666667	1259247984.42188
80.6471416666667	1191957538.70703
80.6801633333333	1275297127.77148
80.71389	1246033933.50781
80.7470216666667	1257750874.68555
80.7805516666667	1313868444.42969
80.8137	1363484689.02344
80.8474316666667	1405797652.14648
80.87892	1271160045.43359
80.9099916666667	1315974016.86328
80.9420933333333	1271296428.46094
80.974155	1354347145.17773
81.0063983333333	1363217861.55469
81.038655	1321217563.48828
81.0696833333333	1356809089.02539
81.1000116666667	1574591690.67578
81.131495	1520562379.82031
81.1631766666667	1340607871.24023
81.1953316666667	1521292960.16797
81.227575	1425030909.39453
81.259625	1459429894.87695
81.2918966666667	1379422993.91992
81.3245083333333	1486525406.52344
81.3566366666667	1296222639.95313
81.3895283333333	1490348092.17383
81.423095	1497729616.43164
81.4550366666667	1383190107.38672
81.4880483333333	1195028317.53516
81.5210583333333	1324647218.42773
81.5536266666667	1239688256.99414
81.58578	1202945585.15039
81.617335	1148154734.85547
81.6494083333333	1226228106.35156
81.6814016666667	1351555905.64453
81.7154416666667	1160463162.21484
81.7479016666667	1100198639.47266
81.7818216666667	1270632324.19531
81.814955	1166241351.7168
81.847805	1293241348.94531
81.88136	1319529855.65039
81.9144	1211970424.5625
81.9470033333333	1296507172.81055
81.97871	1260555423.17578
82.0103533333333	1301532171.23438
82.0428483333333	1407914924.71094
82.0750583333333	1310905538.75781
82.107885	1560286250.29297
82.1404333333333	1505292130.06836
82.1715483333333	1477422137.3418
82.20361	1517905749.92969
82.2370433333333	1561714101.01953
82.2673733333333	1527421413.90625
82.2994583333333	1545390041.25195
82.3329116666667	1627830434.17773
82.3647033333333	1576230856.05664
82.3972833333333	1355055348.24219
82.4289283333333	1463624730.84961
82.4604983333333	1523983937.80078
82.49185	1355197799.73047
82.5223066666667	1413951350.98828
82.5538016666667	1426148919.9707
82.585945	1288900040.16992
82.6167116666667	1270288739.51758
82.6485666666667	1530945780.36133
82.6803816666667	1399241911.88672
82.712795	1319437210.34766
82.7452566666667	1309604990.3457
82.77706	1407198136.88281
82.8079	1381641999.09766
82.839385	1329898951.46484
82.8718933333333	1469505584.46289
82.9039133333333	1605928890.83594
82.93539	1405214906.38086
82.96738	1449129364.24219
82.9989283333333	1512284199.17578
83.03032	1525494233.43359
83.06249	1948020198.89063
83.0947116666667	1679329812.98047
83.126645	1529070475.33984
83.1580766666667	1551200999.94727
83.1890866666667	1844439839.71875
83.2207683333333	1719255414.36133
83.25311	1704708641.27734
83.2853466666667	1619472194.13281
83.318555	1625556169.28906
83.3513833333333	1642735162.94727
83.3836816666667	1619349920.37305
83.4175483333333	1647508086.46094
83.4500033333333	1618436169.17773
83.4828316666667	1523117357.67773
83.5171266666667	1616610225.09766
83.5491916666667	1456997437.77734
83.5818033333333	1481836489.88477
83.614955	1426471412.2832
83.6472866666667	1412970568.67578
83.6797866666667	1303226608.58203
83.7129533333333	1371669837.21484
83.7463866666667	1563716680.47461
83.7808216666667	1314030273.88477
83.8136716666667	1302603778.04492
83.84735	1277208561.65625
83.8799316666667	1535073616.5918
83.9141916666667	1437795687.34766
83.945625	1327287248.13672
83.9777066666667	1422644009.14648
84.0105416666667	1398470363.9082
84.043685	1400286883.64063
84.0757716666667	1659873612.06445
84.1078216666667	1442639688.91992
84.1400416666667	1430202768.9668
84.1730333333333	1402169715.88477
84.20567	1375809289.70117
84.2388816666667	1516403962.5
84.2716816666667	1496369663.74609
84.3053466666667	1481254090.44531
84.33813	1566478851.71094
84.3708516666667	1694434531.64844
84.404305	1823897756.66992
84.43796	1576277594.75
84.4705383333333	1879659626.68945
84.5032583333333	1718862784.79883
84.5353633333333	1622241953.73633
84.5692266666667	1708065219.15039
84.602155	1557177752.99023
84.63447	1551961843.99023
84.668595	1412314426.78516
84.7022633333333	1381597163.67383
84.7344683333333	1450093202.82227
84.7664666666667	1293356543.79688
84.79832	1166614970.60547
84.83174	1051553069.51172
84.8635133333333	1072837989.22852
84.89512	1049699484.92969
84.92766	1099386768.87695
84.9602133333333	1053607495.25977
84.991285	1038733383.35742
85.0236333333333	1067038650.47656
85.055935	1168158016.29688
85.0881633333333	1118138220.17969
85.1201	1194766516.4082
85.1522933333333	1163997386.05859
85.184525	1386686343.86133
85.2169683333333	1293307572.98828
85.2486033333333	1290887356.83008
85.2803983333333	1307243640.19336
85.31416	1345068134.61328
85.3478566666667	1419472284.43945
85.380065	1347873268.60352
85.4120783333333	1330741760.66602
85.4448116666667	1535957702.05078
85.4766	1356467322.97852
85.5096683333333	1310593192.49023
85.54277	1370575415.26953
85.575295	1417556102.14453
85.6071116666667	1382419401.37109
85.6386383333333	1373838138.30273
85.671235	1314232536.0918
85.703785	1309020742.6582
85.73666	1221935828.65625
85.7695233333333	1402688422.89844
85.80175	1312695791.90234
85.8340766666667	1307061369.46289
85.8666316666667	1250517608.85156
85.8992283333333	1258318947.40039
85.9314316666667	1267407047.5957
85.96303	1273698801.74219
85.9946633333333	1349615405.43164
86.0273566666667	1336099504.92383
86.0597416666667	1473689609.66016
86.0911633333333	1330253393.29688
86.1231416666667	1309125372.82617
86.15579	1289150934.42188
86.1892483333333	1415930561.12891
86.2214066666667	1354373663.46875
86.2540583333333	1286124087.0332
86.286225	1335594482.57227
86.3184833333333	1358173829.3418
86.3517316666667	1528672674.70703
86.384525	1381104479.64063
86.4169216666667	1359437473.76367
86.4501033333333	1427574522.21875
86.4838116666667	1470972997.83594
86.5175566666667	1592729540.51758
86.5499683333333	1502590562.21094
86.5834283333333	1566074213.93359
86.6174416666667	1565340605.33398
86.6478066666667	1443179843.97656
86.6814433333333	1607227687.44727
86.7153366666667	1586821330.75195
86.7491266666667	1756121237.66016
86.78141	1593314584.73242
86.8136233333333	1502269259.61523
86.847055	1586313170.64844
86.8802233333333	1548870610.25
86.9132633333333	1608815006.93359
86.9471583333333	1623118826.80469
86.9801116666667	1444055463.7832
87.0137983333333	1538564389.15039
87.046955	1496507778.81445
87.0800933333333	1526273589.24414
87.1139833333333	1764136618.54102
87.1476666666667	1436416275.8418
87.1800916666667	1416463264.98828
87.2129983333333	1549904769.35938
87.2463716666667	1650077811.08203
87.2800266666667	1438625312.87109
87.3129383333333	1391170550.12695
87.3456683333333	1463515918.41992
87.3785466666667	1464935362.26172
87.4108516666667	1366547538.94141
87.4438666666667	1568292747.62891
87.4761666666667	1451684534.07227
87.5075733333333	1344950821.08203
87.542545	1477649227.86523
87.5749116666667	1459293019.23828
87.6088583333333	1286135267.13672
87.6411433333333	1414922276.73828
87.67424	1226795022.27539
87.706335	1162688165.24219
87.7377516666667	1164045830.48633
87.7691966666667	1131481006.72656
87.8019433333333	1147202082.17773
87.8349	1116182567.29297
87.8675266666667	1283624409.86328
87.9016133333333	1215073277.51563
87.934615	1059268256.8457
87.96752	1044478407.59375
88.0013533333333	1130679718.33008
88.0349233333333	1285468363.48828
88.0663016666667	1100506304.375
88.0985733333333	1208849676.84766
88.1307366666667	1253062782.54883
88.1627483333333	1243758787.12109
88.194915	1185718273.61914
88.2271966666667	1162840170.57031
88.2588416666667	1201929499.52539
88.2914183333333	1137688302.59961
88.3231783333333	1084814702.54688
88.3556683333333	1097947660.33203
88.388225	1238238685.83203
88.4204066666667	1260381973.9668
88.45254	1387623753.29297
88.4848766666667	1419217275.76563
88.517095	1392332552.46484
88.549835	1478270668.36328
88.5808316666667	1442203381.42188
88.613645	1530264541.83203
88.6461316666667	1506622624.625
88.678745	1579647319.80664
88.7122066666667	1476129723.35352
88.74535	1496490280.38477
88.77824	1529515364.11133
88.80996	1573933562.23047
88.84439	1471939028.55078
88.8782816666667	1553493780.41016
88.9115683333333	1749569770.59766
88.9435816666667	1606930994.95508
88.9765616666667	1590584421.39648
89.0102833333333	1612708626.56641
89.04316	1706637303.2832
89.0752116666667	1858528923.97266
89.1073566666667	1569135799.83008
89.1385816666667	1726322557.58398
89.1703516666667	1694046732.86914
89.2041133333333	1637373050.19141
89.23601	1736518205.63477
89.2689633333333	1829722934.82031
89.3017533333333	1617808852.56055
89.3342383333333	1546007457.55078
89.3673016666667	1628444858.31641
89.3996533333333	1712290952.10547
89.4343783333333	1705185055.75391
89.467025	1609139477.37695
89.498585	1500502219.62109
89.530455	1583194903.06836
89.56246	1731801168.67578
89.5934383333333	1649618887.32031
89.6246833333333	1443194470.33008
89.65713	1393091387.11914
89.6894566666667	1381050882.9707
89.7213333333333	1362359278.07031
89.7535583333333	1225593767.59961
89.786335	1401494040.73438
89.818825	1262708438.99609
89.85073	1328419856.5625
89.88324	1336272572.93945
89.9148416666667	1301677578.83789
89.94897	1357048099.60352
89.9823116666667	1295412897.4082
90.01557	1254166907.32031
90.0469283333333	1190966072.79688
90.0793533333333	1133782755.62891
90.1114166666667	1234817227.8125
90.1448883333333	1349240921.1875
90.1769983333333	1232826565.375
90.20907	1163177460.26953
90.24158	1310967160.46875
90.273745	1215791497.57813
90.3061883333333	1277864972.20508
90.3394516666667	1252568953.2168
90.3734833333333	1196375307.41602
90.4073516666667	1243753881.09375
90.4394	1466383806.7207
90.4712316666667	1372483256.19727
90.5026766666667	1334804331.72656
90.5349016666667	1306433576.12305
90.5679583333333	1410590224.16992
90.6008216666667	1461800235.65039
90.63264	1345226468
90.6642066666667	1592212435.49805
90.6955933333333	1516137018.09375
90.7265983333333	1600895985.77148
90.7583883333333	1807641774.92188
90.7903333333333	1593601541.0918
90.821975	1508686423.91406
90.85383	1666271653.51953
90.88525	1522168785.44922
90.9167	1705768295.95313
90.9482983333333	1693316382.82813
90.980565	1674180620.33203
91.0129216666667	1622272630.11328
91.0461066666667	1496488463.41211
91.0794833333333	1677143088.46094
91.1128416666667	1901075152.69727
91.1447983333333	1614622448.82227
91.17661	1545134474.95508
91.20848	1490448155.08594
91.2413066666667	1645758447.07617
91.273795	1469280399.54492
91.3068416666667	1451640719.78516
91.339485	1451023813.69336
91.372275	1602552483.37305
91.4045333333333	1339458262.39063
91.4362333333333	1324560980.08203
91.4684683333333	1431692346.64258
91.501115	1442329930.10742
91.5341833333333	1275427719.25586
91.56842	1268504477.4082
91.6007183333333	1175235758.42969
91.6312016666667	1235518220.24219
91.6634966666667	1098385707.52148
91.6977783333333	1193492812.5957
91.7301216666667	1044910278.91992
91.76214	1136013536.90039
91.7924833333333	1188616333.54688
91.8231733333333	1192379770.80273
91.85526	1129475657.02148
91.887675	1256392337.57227
91.9190933333333	1222816707.65625
91.9501916666667	1197004048.23438
91.98257	1297078329.39258
92.014935	1368852106.39063
92.0476616666667	1505454159.78906
92.07938	1420605490.08008
92.1114733333333	1320616939.48828
92.1436	1371345602.08008
92.17693	1361799526.05469
92.2107916666667	1365852723.29688
92.2441683333333	1448310895.58203
92.275535	1446790341.32031
92.3080083333333	1444831914.3457
92.3386466666667	1350598410.83203
92.3707333333333	1330482442.73633
92.4034816666667	1441578545.22656
92.43438	1394470365.67773
92.4669983333333	1306930802.06641
92.49811	1347195758.80664
92.53063	1442816676.27539
92.5627916666667	1528953993.17188
92.594325	1299458304.57617
92.6266233333333	1291233091.05469
92.6587733333333	1400899492.35742
92.6909583333333	1506448717.61914
92.723665	1510949388.40625
92.7554883333333	1648014715.61328
92.7878583333333	1821765296.5625
92.8201366666667	1729584388.63672
92.8519433333333	1718658677.92383
92.8839516666667	1648785132.72266
92.9157616666667	1556728286.38867
92.947565	1692870519.84961
92.97976	1633689941.43164
93.0118983333333	1715958823.03906
93.0440116666667	1762709816.77344
93.0741233333333	1667263101.8125
93.1063216666667	1728508387.53125
93.1380666666667	1655314274.23828
93.1699816666667	1647247983.28711
93.2019716666667	1657624367.23047
93.2349566666667	1604768252.90039
93.265875	1586641431.32227
93.2977216666667	1743872984.11719
93.3294333333333	1865453225.74023
93.3614966666667	1840207651.625
93.393145	2062520155.26172
93.42381	1985129466.37891
93.4548383333333	2062866487.07422
93.4847316666667	2085062089.89063
93.5155166666667	2184679953.03516
93.5460083333333	2177168714.58984
93.5760316666667	2387392579.76953
93.606185	2511511734.42188
93.6369	2560699597.11328
93.6677166666667	2544404111.66016
93.6978633333333	2615350164.10156
93.72887	2567252368.92188
93.75933	2647334325.45313
93.7904366666667	2591522898.46094
93.82017	2606594785.41406
93.8499166666667	2509471803.03125
93.8806183333333	2437845694.375
93.9102933333333	2202657062.73047
93.9405766666667	2691002889.98047
93.9705833333333	2637677839.21094
94.0013416666667	3029220604.07031
94.0317	3723538541.53516
94.0625783333333	3554391351.95313
94.0937116666667	3078709266.36719
94.1238583333333	3178949317.65234
94.15404	3280500101.33984
94.1839266666667	2915774537
94.2139866666667	2962959609.50391
94.242735	2816643555.78906
94.2718633333333	2718383635.73438
94.3012633333333	2723234584.20703
94.3305333333333	2764147931.37109
94.3597	3352097857.38281
94.3895916666667	3784298869.33984
94.41961	3791390731.80469
94.449395	3849467601.69531
94.4795416666667	3432843505.91016
94.5091583333333	3242469814.62109
94.5386866666667	3435659014.35156
94.5677066666667	3276181883.91016
94.59688	3689403309.27344
94.6264716666667	3672355803.20703
94.6561716666667	3655386767.15625
94.68547	3760565177.20313
94.7151766666667	3530407609.52344
94.7443516666667	3586696863.26563
94.7737066666667	3601506669.53516
94.8029716666667	3752383095.42578
94.8323066666667	3624089347.6875
94.8625116666667	4059463235.29688
94.8928616666667	3684078471.37109
94.9222316666667	3651091580.0625
94.952045	3690208976.28906
94.9820416666667	3729014212.5625
95.011495	3946322234.41406
95.0415083333333	3930479783.67188
95.071085	4323506964.80469
95.1004783333333	4461206122.23438
95.1290983333333	4257971903.88281
95.1586816666667	4045920969.25
95.1877483333333	3862921166.41797
95.2172433333333	4109465304.10156
95.24706	4145026033.25781
95.2767516666667	4024525641.07031
95.3064916666667	4038469550.67969
95.3355533333333	4036277856.47656
95.3650116666667	4119264260.42188
95.393495	3915037446.08594
95.4226383333333	4040712441.68359
95.45145	3855921765.22656
95.4808083333333	3931101545.23438
95.5106333333333	4021162753.95313
95.53996	3821268927.24219
95.5689116666667	3588991170.25
95.5998433333333	3748932022.125
95.6298616666667	3664487004.15625
95.6584166666667	3931723587.24219
95.6879883333333	3799963014.35938
95.71793	4114670974.14844
95.7471	4314810131.48438
95.775915	4041228427.42578
95.8049616666667	4366425556.875
95.83425	4260934341.62891
95.8630866666667	4318632187.33594
95.8916783333333	3777232691.52734
95.9205633333333	3957831548.16797
95.94939	4005014844.01172
95.9795116666667	4237772325.74609
96.0093233333333	3839419559
96.0400533333333	3701078396.38672
96.070295	3541720947.11328
96.0998866666667	3378629507.25781
96.12961	3413017337.39453
96.15909	3277167010.14453
96.1864833333333	3574636776.67578
96.2153583333333	3324042898.91016
96.24355	3610719989.19922
96.2733266666667	3738571667.73438
96.302825	3766265840.3125
96.3328683333333	3435768686.17969
96.36242	3547351751.91797
96.39188	3563234929.59766
96.4214633333333	3401345953.63281
96.450935	3770583550.86719
96.481295	3746812639.38281
96.5113633333333	3704115611.90625
96.54144	3288439130.30859
96.5716283333333	3111486490.84766
96.6014183333333	3229380303.0625
96.630865	2950750995.80859
96.66042	3167849186.23047
96.6902416666667	3159228182.92969
96.7199116666667	2971473230.30078
96.748715	3062123516.16797
96.7779516666667	3112515240.97266
96.8066333333333	3074220089.67969
96.8358	2899153512.83594
96.8653483333333	2667165053.45313
96.8946916666667	2490986573.55469
96.9242983333333	2793181213.46875
96.953755	2433967673.375
96.9824716666667	2747328588.61328
97.011905	2596192553.31641
97.041095	2740341502.05469
97.0702566666667	2463562054.11719
97.09955	2704730091.49219
97.1296583333333	2507208040.14844
97.1593816666667	2704136648.85547
97.1900416666667	2595790871.79297
97.22042	2323199133.26953
97.2498533333333	2458972564.72656
97.2799	2803820900.17188
97.3085633333333	3085201242.48828
97.33814	3046149997.09375
97.367385	3203582667.94922
97.39719	3154728804.46875
97.4264933333333	3030987062.58594
97.4563633333333	3146448064.25
97.4865083333333	3037140762.33203
97.5157666666667	2865449867.25781
97.54673	2648146414.625
97.5771133333333	2484785181.04297
97.60766	2179970140.24609
97.6378416666667	1897719991.85938
97.66572	1966641537.14453
97.6960533333333	1875912168.0625
97.7263283333333	1827534360.63281
97.7563416666667	1760716293.07422
97.7862466666667	1695863639.68359
97.81611	1744497595.24219
97.84588	1465597243.83789
97.8754183333333	1778041128.73633
97.9055616666667	1684534608.44531
97.93593	1714046663.79297
97.96582	1641205510.17188
97.99624	1620021641.51172
98.0267066666667	1475048002.68555
98.0570316666667	1575794669.25195
98.0882716666667	1398388146.94531
98.1188283333333	1601559367.27344
98.1496616666667	1613788656.50586
98.1800366666667	1754129176.53906
98.2104316666667	1922965235.2793
98.2410383333333	1693352744.08203
98.26999	1512802671.49023
98.2993183333333	1406691550.6582
98.3283266666667	1353338578.5332
98.3585916666667	1257127858.28711
98.3890466666667	1121473877.2168
98.4192833333333	1081058727.12305
98.449605	1014776445.91602
98.4811366666667	934897019.367188
98.5121583333333	938708241.660156
98.5437733333333	847762025.005859
98.5750933333333	824746273.732422
98.6075616666667	731135746.167969
98.639855	718758560.90625
98.671275	721431060.378906
98.7027266666667	669825074.932617
98.7340866666667	628952294.076172
98.764125	629021115.173828
98.795515	721374993.234375
98.826795	598897753.274414
98.8580883333333	566845311.291992
98.8890666666667	551847630.499023
98.9197466666667	482054741.856445
98.9520233333333	487892291.711914
98.9838716666667	540793318.323242
99.016715	534353706.302734
99.0482566666667	442192647.773438
99.0818283333333	412986507.370117
99.115525	430014403.355469
99.1492883333333	428100628.069336
99.18315	386278150.042969
99.2160633333333	394538583.689453
99.2484216666667	391949691.041992
99.28108	391174468.34082
99.3154816666667	343579823.19043
99.349115	357479710.860352
99.382815	342253014.121094
99.4169466666667	307727382.443848
99.4497883333333	325438630.02002
99.4815866666667	393871034.675781
