RetentionTime	Intensity
0.00337166666666667	1763.3425359726
0.02181	1505.97788333893
0.052325	1904.28251838684
0.08279	1546.83237552643
0.113301666666667	1953.54201507568
0.143765	1511.40949058533
0.17437	1613.48226356506
0.204751666666667	1222.19339561462
0.235255	1322.93426036835
0.265718333333333	1440.2486038208
0.296231666666667	1401.55595302582
0.326696666666667	1491.05385684967
0.357301666666667	1308.65519618988
0.387671666666667	1703.06736946106
0.418185	1476.3644323349
0.448646666666667	1659.53475761414
0.479161666666667	1153.9259967804
0.509638333333333	1840.43705368042
0.540228333333333	1384.930768013
0.570606666666667	1549.10074043274
0.601113333333333	1188.13095569611
0.631576666666667	1504.15838909149
0.66209	1430.71189022064
0.692553333333333	1387.61506652832
0.723161666666667	1333.6953420639
0.75353	1662.96183109283
0.784043333333333	1692.78603553772
0.814506666666667	1610.79280185699
0.84502	1204.73783302307
0.875483333333333	1403.51389026642
0.906088333333333	1628.63107013702
0.936468333333333	1556.58897590637
0.966973333333333	1260.95812320709
0.997435	1385.26850986481
1.03056166666667	307088.535892487
1.08369833333333	247539.354358673
1.12574333333333	233408.447780609
1.151805	253357.898086548
1.161945	298071.759391785
1.19797166666667	290044.447891235
1.20746666666667	295112.370056152
1.26159666666667	249758.117954254
1.27909	256464.182437897
1.29297166666667	293590.563926697
1.31027	284630.44335556
1.32791	299303.281669617
1.34170666666667	347428.923797607
1.39172666666667	287110.798984528
1.41489333333333	253018.852100372
1.424585	293150.612625122
1.45629333333333	270767.893135071
1.46601166666667	290878.217704773
1.49849166666667	285827.055084229
1.51194166666667	274250.700595856
1.53634333333333	263011.890232086
1.54627833333333	300500.278831482
1.567125	291369.251823425
1.59924166666667	275224.161312103
1.61675166666667	279124.065010071
1.63017166666667	273703.874526978
1.65533333333333	316896.545455933
1.66869	292062.744380951
1.68626	322834.732475281
1.69956666666667	342674.250244141
1.74275333333333	347136.02620697
1.77780666666667	325533.830051422
1.80270166666667	275241.416408539
1.81623833333333	322680.835418701
1.84835833333333	337541.56489563
1.89465833333333	290175.280715942
1.90410666666667	381542.60332489
1.95832166666667	436790.464073181
2.00379166666667	417493.988204956
2.04925833333333	315438.791740417
2.09179	323617.144416809
2.13282	307310.265110016
2.17309833333333	367187.010993958
2.215825	439649.395256042
2.26142333333333	373486.976211548
2.30702166666667	328669.92817688
2.32766333333333	338039.39805603
2.35970333333333	335380.573478699
2.37645666666667	379950.949661255
2.42322333333333	378528.007369995
2.45739833333333	400624.945381165
2.50352333333333	427182.314788818
2.54977166666667	298519.656036377
2.56316	339892.497657776
2.59151	325662.265991211
2.61586333333333	366763.640460968
2.65137333333333	392302.083503723
2.67198333333333	407503.35798645
2.718505	368463.363220215
2.75260666666667	309803.925384521
2.765695	379431.892402649
2.79420666666667	419634.095657349
2.82566	353450.327522278
2.84225333333333	452836.142456055
2.88864	360198.12336731
2.930815	361441.237205505
2.96620666666667	382407.998786926
2.997685	422402.134605408
3.04334666666667	424955.120857239
3.07910166666667	412318.929344177
3.12062166666667	430932.067909241
3.16158666666667	493991.62298584
3.20508166666667	398101.691986084
3.25062666666667	434227.749061584
3.2964	450381.142173767
3.34265333333333	421406.470794678
3.38894666666667	436796.094726563
3.43555166666667	416518.802932739
3.48031333333333	473774.312942505
3.52662833333333	429682.519836426
3.57288333333333	451681.281257629
3.59337166666667	474775.255996704
3.63930333333333	517523.233604431
3.68577666666667	434878.247657776
3.73174166666667	425686.912574768
3.778625	412963.6615448
3.82556666666667	408701.989440918
3.87178	408297.031295776
3.91383333333333	457517.960571289
3.96031666666667	460243.211250305
4.00682333333333	431317.989265442
4.05353166666667	474412.976715088
4.09971166666667	496012.518699646
4.14219666666667	437997.930397034
4.18331333333333	477438.179656982
4.22691	451660.701934814
4.27318666666667	479344.076683044
4.31991666666667	459441.326347351
4.36518	456214.936172485
4.41134166666667	466694.666000366
4.45791833333333	503576.304962158
4.50273833333333	482147.498291016
4.54882	549718.620529175
4.59463833333333	486299.017494202
4.64116666666667	445265.246055603
4.68738166666667	450468.138114929
4.73386333333333	445269.504219055
4.77913333333333	497852.312240601
4.82543666666667	509445.513557434
4.87141166666667	489940.587409973
4.91750833333333	469625.403251648
4.963945	527909.649284363
5.010195	486882.71333313
5.05674833333333	482730.127616882
5.10308833333333	529930.195007324
5.1414	570634.062957764
5.18286666666667	480550.202308655
5.22473166666667	494641.643058777
5.26818	483690.189788818
5.31372666666667	511742.906639099
5.36022166666667	486561.279060364
5.406195	526017.738670349
5.45064833333333	499025.443374634
5.49632333333333	526418.546455383
5.54146833333333	527706.026824951
5.58742333333333	437031.682250977
5.634295	475300.088394165
5.68086	508116.770545959
5.72709166666667	469455.335174561
5.773765	584773.035881042
5.819725	512114.207839966
5.86520333333333	498733.122344971
5.911565	496198.992141724
5.95702333333333	485757.290596008
6.003225	599446.043830872
6.04930166666667	516178.564834595
6.09501333333333	545179.34576416
6.140275	489797.91859436
6.18580166666667	495893.207481384
6.22720666666667	443289.593605042
6.26903333333333	513027.59160614
6.31295	557113.727333069
6.35813	503821.798034668
6.40323666666667	471869.98223114
6.44827	505981.909072876
6.493305	482495.578826904
6.53906333333333	537300.170288086
6.58435333333333	550402.620819092
6.62994	499025.032875061
6.67595666666667	479777.594680786
6.72229833333333	512393.176170349
6.76874833333333	474169.135925293
6.815305	479894.335639954
6.86145333333333	471383.355354309
6.90781833333333	477941.187171936
6.954465	461656.6848526
6.99922166666667	535528.249595642
7.04504833333333	483291.308128357
7.09195	488980.306373596
7.13881666666667	519558.092094421
7.18442833333333	485494.78313446
7.23031833333333	475050.184875488
7.27253666666667	496691.94506073
7.31537833333333	522602.263656616
7.361255	461546.486991882
7.40804666666667	476706.205184937
7.45361	520015.473175049
7.49935833333333	499780.89768219
7.54561833333333	544509.568954468
7.59050666666667	528493.901809692
7.636245	524724.783226013
7.68219666666667	477823.338150024
7.72826333333333	558323.09021759
7.774355	472333.37840271
7.820605	528923.435653687
7.86700166666667	558683.301338196
7.91308833333333	598004.352890015
7.95955833333333	558422.042434692
8.00534666666667	552554.98236084
8.05079166666667	528944.951507568
8.097155	535769.905960083
8.14305666666667	523862.990539551
8.18934166666667	548131.16960144
8.2355	554243.809913635
8.27812666666667	508727.485671997
8.32124833333333	529837.234733582
8.36624333333333	533153.996879578
8.41196	575845.1536026
8.45791833333333	511578.369987488
8.50218833333333	556422.360282898
8.54784833333333	565320.645767212
8.59343166666667	522272.286087036
8.638595	490550.367073059
8.68544	556611.056716919
8.73099	646662.818099976
8.77712333333333	509688.408546448
8.823675	567674.776130676
8.869825	510121.722587585
8.91451833333333	559901.388221741
8.96017833333333	568737.514213562
9.00594166666667	566524.32220459
9.052045	509481.220664978
9.09626666666667	498976.606193542
9.14191	578858.238960266
9.18728833333333	612779.46156311
9.232965	544120.503456116
9.27899333333333	621800.256988525
9.32196166666667	636819.040458679
9.36541333333333	603517.1795578
9.410075	581814.710136414
9.45485666666667	577302.567062378
9.50049166666667	503295.959869385
9.54540166666667	613549.502799988
9.59179333333333	692127.3751297
9.63696333333333	667286.5467453
9.68089166666667	844700.287849426
9.725955	705686.137840271
9.770665	680792.270301819
9.81632166666667	725825.344573975
9.861935	687973.051452637
9.907855	761473.692893982
9.95283166666667	766349.549942017
9.99823166666667	748271.159210205
10.0439016666667	747289.260650635
10.08962	834851.074981689
10.1352083333333	822046.9737854
10.1805133333333	780894.149604797
10.2266283333333	706471.374046326
10.272905	855412.673789978
10.3176066666667	788556.330383301
10.3609766666667	741879.334335327
10.404775	760657.717681885
10.4489433333333	845194.508766174
10.4944533333333	786510.276664734
10.5408366666667	769325.920608521
10.5861216666667	711616.663070679
10.63299	811900.133384705
10.679045	568563.537971497
10.7251216666667	742732.469993591
10.7707733333333	700957.643707275
10.81531	844836.415283203
10.8608566666667	789379.869857788
10.9068266666667	750002.835708618
10.953165	767683.907203674
10.9994066666667	728701.497695923
11.0454966666667	664716.572875977
11.0917216666667	677896.361030579
11.1379866666667	721735.752334595
11.1839716666667	776401.639129639
11.228815	757485.757461548
11.27475	828149.894500732
11.320625	886799.274940491
11.3677233333333	824096.144866943
11.4099166666667	904073.025810242
11.4546683333333	885668.943740845
11.5000316666667	808607.759315491
11.5467966666667	774751.361618042
11.5925366666667	777438.628570557
11.6389383333333	799255.368331909
11.686355	772080.683280945
11.7323416666667	889306.420516968
11.77863	992274.594718933
11.8238583333333	981544.825904846
11.8699266666667	947343.119384766
11.9168383333333	980363.058372498
11.9638466666667	892799.903778076
12.0102516666667	897627.760238647
12.0575266666667	742064.202014923
12.1049266666667	794471.311981201
12.15249	896178.057922363
12.199975	851967.5756073
12.2473516666667	1006073.2661972
12.2935616666667	1081160.44845581
12.3395733333333	1068007.40823364
12.3857266666667	1007525.53350067
12.42907	1006861.64762878
12.4737283333333	947742.086837769
12.5195266666667	826800.366851807
12.5658483333333	879533.016220093
12.6109833333333	850861.62752533
12.6568466666667	854940.010719299
12.70377	899693.108169556
12.75026	986379.606132507
12.797155	1038049.9752121
12.8433366666667	923663.449081421
12.8905216666667	1038548.70227051
12.93757	1024689.83715057
12.9840733333333	1133117.13402557
13.0307033333333	1075543.34700012
13.0787533333333	1064784.80226135
13.12538	1076681.4564209
13.1721866666667	1029026.52682495
13.217395	1023073.42590332
13.26371	994491.313934326
13.31066	924524.712852478
13.3575966666667	939180.933914185
13.4046233333333	906232.16683197
13.4488866666667	863244.475227356
13.4939016666667	820818.483955383
13.5413083333333	954169.296157837
13.5871866666667	1228342.40219116
13.63392	1657742.62487793
13.679895	1819329.66762543
13.7265466666667	2005021.52106476
13.7739133333333	1758367.04699707
13.8207	1360159.39453125
13.8667666666667	1131308.55211639
13.9127083333333	1081937.08336639
13.9590983333333	1072737.77655792
14.0040233333333	932281.424575806
14.05079	1038208.94611359
14.0966366666667	1028970.81494141
14.14311	1066575.70264435
14.1903516666667	1032364.73660278
14.2366266666667	894032.708496094
14.2833183333333	1006253.621315
14.3299133333333	1053478.7016449
14.3752316666667	1135997.6852951
14.4222433333333	1237909.14942932
14.4649516666667	1063976.38476563
14.5107266666667	1040064.41385651
14.557235	1123366.87475586
14.604475	1110670.10641479
14.6508483333333	1227708.74738312
14.69783	1374240.36816406
14.74428	1472352.72102356
14.79122	1755678.83791351
14.8372583333333	1854623.63774109
14.8826566666667	1926677.83027649
14.927395	1956963.46204376
14.9741483333333	2044149.31804657
15.0203966666667	2101078.38171387
15.0663033333333	1741642.54684448
15.1131116666667	1664413.91017151
15.1600716666667	1516664.45761871
15.206725	1794601.49651337
15.2535966666667	2118728.03327942
15.2999166666667	2085171.16444397
15.3467416666667	2146423.03138733
15.392495	1938328.7866745
15.4400416666667	1789104.48879242
15.4854383333333	1618979.40528107
15.53115	1701573.99687195
15.5777533333333	1372341.55428314
15.625095	1376980.57125092
15.6727933333333	1340334.93833923
15.7193433333333	1200740.75045776
15.76688	1355180.92792511
15.814475	1426793.3454895
15.8602883333333	1622399.59223938
15.9065133333333	1554376.47727203
15.95143	1468072.66976929
15.99631	1439490.98816681
16.04321	1594208.80336761
16.0897616666667	1873825.69958496
16.13671	1972388.16497803
16.1833833333333	2217640.00732422
16.230885	2387684.33400726
16.277565	2526399.47235107
16.3235933333333	2810086.39457703
16.3694083333333	2556143.05644989
16.414115	3014885.73265076
16.4602933333333	2868971.81394958
16.5060466666667	2831237.62683105
16.55053	2570774.75104523
16.5951416666667	2534923.4025116
16.6417016666667	2327476.46857452
16.6879816666667	2164558.36483765
16.734465	2033596.13129425
16.780235	1791858.8061676
16.8264616666667	1670138.70344543
16.872115	1723343.56732941
16.9182866666667	1635565.83409882
16.9633216666667	1603186.18708801
17.0096483333333	1702550.47566986
17.0559066666667	1704888.62645721
17.1021866666667	1866582.3067627
17.1478733333333	1897820.92011261
17.19344	1870842.57279968
17.23988	2043601.12352753
17.2863133333333	2365186.07753754
17.33245	2770088.31071472
17.3783766666667	2688536.12481689
17.42301	2761655.9618454
17.4684216666667	2998279.54974365
17.5143216666667	2822335.20755768
17.561015	3293062.63876343
17.60704	2907940.61811829
17.6530466666667	2627571.10617065
17.6991483333333	2800802.59007263
17.74473	2409282.02368164
17.790165	2334021.28042603
17.8354716666667	2596666.67945862
17.8815966666667	2880845.2101593
17.928135	3566836.72372437
17.9740333333333	3797674.74707031
18.019345	3711931.19706726
18.064065	3660662.95439148
18.1090266666667	3351023.51382446
18.1561483333333	3809793.89129639
18.2018033333333	3820336.68391418
18.2470966666667	3007163.14012146
18.293235	2827736.66107178
18.3397783333333	2561186.19056702
18.3865333333333	2588766.76679993
18.4325566666667	2892666.87808228
18.4792533333333	2886275.10647583
18.5261483333333	2477693.82302856
18.5709983333333	2321163.64620972
18.616245	2646882.5471344
18.6633	2869182.11442566
18.7090383333333	3152282.96081543
18.7547266666667	3710390.3205719
18.7994933333333	4046763.21575928
18.845285	4250599.83239746
18.8910783333333	3829260.29681396
18.936825	3959899.77497864
18.9829016666667	4377834.42764282
19.0280783333333	6996302.51419067
19.071455	14707011.5752563
19.115015	31175849.1693115
19.1593016666667	43777651.4216919
19.1994033333333	59953581.3518066
19.23994	47623845.9335327
19.2840233333333	42288426.4885254
19.3291316666667	29046499.098938
19.374035	18526134.5691528
19.4189633333333	14363420.5225525
19.4644916666667	13933261.2989197
19.5101116666667	12048982.877533
19.5535016666667	14839889.6300964
19.5975	20841396.1844177
19.6420183333333	30046962.6956177
19.68673	45287893.4026489
19.7292316666667	56753381.1373901
19.7682833333333	58914656.0124512
19.8102483333333	44054372.831665
19.853225	36388381.0501709
19.8974883333333	25065199.9517212
19.9420366666667	16322505.4125977
19.9885916666667	13013805.8118591
20.03376	12460604.5808105
20.0791616666667	11837520.355011
20.1252883333333	12881137.7207031
20.17017	14321821.6328125
20.2154733333333	16676931.8815918
20.2580033333333	17027295.8729248
20.3020216666667	18668369.6931458
20.3466616666667	30105453.255249
20.3890233333333	35739365.4639893
20.4322316666667	41133416.7870483
20.476085	48048804.6115112
20.5204933333333	49048070.4269409
20.5631933333333	47914180.1602783
20.607	41865950.5039063
20.6534116666667	41433695.6621704
20.6990716666667	33676189.2985229
20.7431383333333	29772049.8734741
20.7889866666667	22258385.5637207
20.8351633333333	18112549.9711304
20.8803583333333	18007504.1379395
20.9244566666667	14040014.5236816
20.96963	17909671.5029907
21.0150016666667	37864747.4326172
21.054825	50625654.1582031
21.095975	57306103.7849121
21.137395	64231360.6134033
21.1804883333333	66225750.5231934
21.2251116666667	52492469.8797607
21.268315	45897278.9423218
21.31096	41002042.553772
21.355325	34802591.0874634
21.39556	31804233.1986084
21.4398733333333	30051314.4318237
21.482235	23112510.3459473
21.5260766666667	25509789.8582764
21.5722416666667	25871816.972168
21.6151783333333	27405342.197937
21.6606333333333	25718640.4415283
21.7028616666667	28782662.0067139
21.7488233333333	33091917.663147
21.7930816666667	31178950.578186
21.8371516666667	33441053.350708
21.8819116666667	35051194.7960815
21.9251066666667	38548221.2798462
21.9642016666667	34449332.5031128
22.0041116666667	34167777.9688721
22.0460516666667	36259607.2255859
22.08874	40206783.2323608
22.1329466666667	48764610.4466553
22.172145	58162686.4669189
22.2117233333333	73070279.8757324
22.2552416666667	69495164.5338135
22.29724	72132980.251709
22.33819	56908630.4268799
22.3824366666667	60251745.5777588
22.4256933333333	53468456.0543213
22.4669933333333	57193421.7525635
22.5048333333333	60814788.2216797
22.5458183333333	63394734.9748535
22.59133	66766456.8493652
22.629325	62478558.7530518
22.6704916666667	67138657.2611084
22.71292	70208020.8447266
22.753745	75243571.5750732
22.7955216666667	69195054.0168457
22.834355	75224601.8612061
22.8742633333333	75114607.2757568
22.9132616666667	77196736.7261963
22.9536683333333	94975178.0939941
22.9912816666667	93724340.5211182
23.028305	102287444.804077
23.0655766666667	120491978.809326
23.1066	134628260.554199
23.1447883333333	128494865.089355
23.1848783333333	131034652.45752
23.219605	155057837.201416
23.2560866666667	153273354.75
23.29431	183520270.953857
23.3307383333333	250862244.529053
23.36318	295854406.02002
23.3964316666667	330876550.565918
23.4314616666667	342442161.742188
23.466095	415361824.363281
23.500015	403309252.790039
23.5334483333333	383129604.355469
23.5657683333333	337257181.058594
23.6002766666667	299177024.641602
23.6334116666667	257104295.146973
23.669445	233225169.601074
23.7021666666667	236755947.165039
23.7349716666667	289375535.925781
23.76621	341069747.573242
23.7971833333333	386826913.268555
23.83018	389539162.729004
23.8633616666667	486549336.035645
23.8965333333333	527997075.521973
23.92886	590919406.931641
23.963205	684876645.581055
23.99501	647914214.985352
24.0301683333333	656673358.787109
24.0616216666667	711947525.844727
24.092635	589840135.533203
24.1232533333333	614490671.841797
24.1545033333333	577379330.40332
24.1858233333333	568348476.275391
24.21818	562654328.658203
24.248885	675048705.826172
24.279695	799431092.635742
24.3096416666667	794185669.262695
24.340655	714652419.554688
24.3739133333333	826825054.473633
24.406065	818060276.957031
24.4382783333333	833547130.962891
24.470815	885626613.758789
24.503555	878558393.05957
24.5363233333333	859789076.227539
24.568015	789984646.876953
24.5997183333333	721233413.305664
24.6312516666667	813688674.610352
24.6615433333333	939573020.192383
24.692445	915082248.729492
24.7226383333333	1088469587.65039
24.75318	985843741.732422
24.7837316666667	946399271.375
24.813825	1019652080.9707
24.8446016666667	923577358.0625
24.8778383333333	864358207.40625
24.9092916666667	997617085.701172
24.9428183333333	1107294125.01953
24.975135	975343217.554688
25.0045866666667	892160954.830078
25.035015	985131568.478516
25.065835	1071833439.37695
25.096255	965992719.829102
25.127455	1118450074.33398
25.15766	1269312757.61719
25.1872416666667	1203020492.15039
25.21795	1253021393.78906
25.2473883333333	1246316079.26758
25.2777966666667	1445497541.92383
25.3073433333333	1510292264.60547
25.3375366666667	1565979332.13477
25.3684783333333	1479209721.35156
25.3966983333333	1559866173.95117
25.426095	1473209949.10352
25.4561766666667	1286470274.54688
25.4872533333333	1387460525.77344
25.5177483333333	1254171083.44531
25.548215	1284712250.13672
25.577885	1270587773.29492
25.6066916666667	1330205860.0293
25.6368966666667	1311639285.40234
25.6672983333333	1229107878.58203
25.6973866666667	1395450161.83203
25.727155	1345051244.70313
25.757115	1317452044.48242
25.7883966666667	1456212542.05469
25.81906	1401956974.80469
25.8503383333333	1582055353.2168
25.881315	1520493277.01563
25.911605	1626587676.05664
25.94351	1718862417.83594
25.972985	1842152303.37305
26.0040383333333	1689229891.36719
26.0341333333333	1557760992.42383
26.0632083333333	1508951017.5625
26.093955	1694493354.14258
26.12236	1573183238.91406
26.1522716666667	1711054566.04492
26.1832433333333	1417656160.14844
26.21308	1464357538.14258
26.24398	1321674699.96875
26.2756783333333	1262747295.66992
26.303805	1377518903.08008
26.33331	1440153458.20508
26.363475	1554357474.16406
26.3938333333333	1609148392.94922
26.4227333333333	1454721493.21875
26.4516733333333	1491202964.17578
26.4800866666667	1587264027.33789
26.5085383333333	1750080189.96875
26.5384	1545642639.73242
26.5691933333333	1651506378.44922
26.5994666666667	1645405094.01758
26.6304416666667	1714408088.54883
26.66017	1725603468.11719
26.6900166666667	1606346038.16016
26.7198333333333	1482554739.95313
26.7503033333333	1640092679.56641
26.7811366666667	1564852723.74609
26.812085	1733021160.43945
26.8424633333333	1750090592.72266
26.8721316666667	1719805774.3457
26.9016466666667	2028573682.36719
26.9290816666667	1724596002.76758
26.9577183333333	1801335255.2207
26.9862133333333	1773873094.35742
27.0164883333333	1784804883.05273
27.0465116666667	1679309263.64648
27.076815	1551528913.17969
27.1076	1640156649.04102
27.13715	1505315495.97266
27.1685633333333	1605850305.29688
27.1994833333333	1648744171.81641
27.2300816666667	1524859948.44141
27.2624416666667	1481761157.98828
27.29205	1642757669.69531
27.3236333333333	1611539449.94141
27.35376	1521404879.01367
27.3839783333333	1737428302.31641
27.4137533333333	1652559674.70898
27.4442083333333	1679948089.61523
27.472495	1794533144.88672
27.501975	1604179694.13477
27.5307666666667	1669748915.03906
27.5607566666667	1665746203.64063
27.592245	1808155489.01367
27.623585	1741988643.61914
27.6545816666667	2083850673.47266
27.6852966666667	1827971151.28516
27.7160233333333	1856126511.32422
27.746385	1832113950.30273
27.77621	1910255441.34766
27.805295	2104481740.09766
27.83476	2277245319.14453
27.8658183333333	2446530725.72656
27.8949183333333	3082594167.34375
27.9254283333333	2563491636.34375
27.9562933333333	2679740469.66406
27.98723	2512165966.375
28.0167666666667	2454029650.64453
28.0479233333333	2551579547.85156
28.0783116666667	2226587306.05859
28.1087133333333	1945451474.87891
28.1390383333333	1783635172.66992
28.169005	1897188909.00781
28.1988333333333	1767159978.72852
28.2284183333333	1662240790.48438
28.2578183333333	1960973193.39063
28.2863383333333	1811039116.72266
28.31583	1931229845.45313
28.345315	1851251210.51953
28.3768283333333	1739029889.6543
28.4065	1855056008.56055
28.4367816666667	1822558293.33008
28.4661816666667	1833151281.35156
28.4964916666667	1720773250.11133
28.5267866666667	1796399227.55664
28.5574933333333	1734358053.19922
28.5869916666667	2016847823.24609
28.6173083333333	1776863993.05469
28.6501166666667	1691544185.27344
28.6800983333333	1600643720.05078
28.7119383333333	1848384273.12109
28.7417816666667	1756444672.29688
28.77407	1813873862.45898
28.80548	1761429533.32422
28.835895	1918342456.55859
28.866695	1966562853.24609
28.8973383333333	1894986399.59375
28.928	2088131193.60156
28.9583283333333	2178257377.33203
28.9900533333333	2098097258.98828
29.021745	2015663635.93359
29.0538383333333	2041520154.66797
29.0847916666667	2238725238.19531
29.1146016666667	2063833373.05469
29.144635	2152874609.16016
29.1739616666667	2058721496.19531
29.20319	2185802485.73828
29.2320316666667	2165170430.26367
29.2613916666667	2082704293.60938
29.2901833333333	2211240068.49219
29.318935	2369780271.81641
29.3484483333333	2271773398
29.3788966666667	2296865737.10156
29.4095316666667	2366893062.79297
29.4388666666667	2123596590.80078
29.4724666666667	2424544136.42188
29.5021483333333	2347633210.27734
29.5334066666667	2301329953.57813
29.56619	2286621706.78906
29.5955933333333	2250936886.89453
29.625805	2298638516.37109
29.65608	2412068898.97266
29.6859733333333	2242504572.64063
29.7162416666667	2291313186.13672
29.7461783333333	2343410391.625
29.77773	2340270306.08984
29.8092066666667	2302769644
29.8400266666667	2205517239.02734
29.8682033333333	2200821587.94141
29.9003533333333	2141048352.30469
29.9319083333333	1994525109.53711
29.9628683333333	2108719044.09766
29.9947466666667	2037918921.86523
30.0255116666667	2027369888.86328
30.0563566666667	1863852056.24609
30.08551	2099257976.85156
30.11594	1931831812.82422
30.1459266666667	2085830224.23828
30.17528	2069146622.24219
30.2044316666667	2321249846.41016
30.2338716666667	2038592166.17188
30.2644116666667	2076212215.07422
30.29577	1993662786.86133
30.3262216666667	2021898302.43555
30.35537	2068576614.01563
30.3845433333333	2012660192.79688
30.4152783333333	2136297552.38281
30.4464983333333	1964823352.57813
30.47789	2060086134.61328
30.5075166666667	2095378826.23047
30.5369833333333	1966318141.6543
30.5666916666667	1865370609.17188
30.5959633333333	2053951643.54297
30.6252983333333	1986006268.8125
30.6539466666667	2000539092.08203
30.684525	1984789324.93359
30.7142433333333	1672414700.80469
30.74404	1767249317.60938
30.7746766666667	1998864095.33203
30.8033316666667	1970449735.10547
30.8331883333333	1855386710.24805
30.86257	1804138976.5957
30.8930966666667	2183169827
30.923345	1920296375.70508
30.9532	2092903859.63672
30.9842633333333	2124198118.80469
31.0144883333333	2267160079
31.0436066666667	1992593184.39453
31.0743116666667	2038730479.91797
31.104385	2126124551.45313
31.1357183333333	2092815425.85156
31.1664366666667	1879285453.04297
31.1973983333333	1926734108.63672
31.2271416666667	1822585055.19531
31.25772	1749581643.11914
31.2878333333333	1907415309.4375
31.317795	1867803353.23828
31.3493316666667	1860404205.94141
31.3802566666667	1660892321.35742
31.410745	1702524747.06445
31.4412666666667	1762858497.93359
31.4731716666667	1605237977.67773
31.5052616666667	1651599999.2832
31.5359	1657732340.64063
31.5681016666667	1712055566.04492
31.5997583333333	1561875616.97461
31.62998	1604214945.89453
31.661305	1665752938.06836
31.6926266666667	1747581263.03711
31.7208866666667	1749099125.60742
31.749785	1736538635.29102
31.77966	1812218964.8125
31.8088666666667	1803601261.95313
31.8397766666667	1903234094.64453
31.8689516666667	2002232081.83594
31.8983466666667	1912299582.625
31.9274733333333	1938110732.29297
31.9571783333333	1864735842.91406
31.98766	1912162489.17969
32.017995	1867326629.66016
32.0484333333333	1794605136.20117
32.079255	1959081361.91406
32.1100716666667	2204534589.85547
32.1405783333333	2243974034.96875
32.1728016666667	2411129784.96875
32.202165	2443283120.17188
32.2320516666667	2287326599.08984
32.2620033333333	2344520926.71875
32.2930866666667	2375070936.48047
32.3251616666667	2352159541.76953
32.3544633333333	2435915191.43359
32.3855416666667	2255401567.88672
32.4159033333333	2286894020.44141
32.4464133333333	2068512972.25391
32.47794	2169069235.45313
32.5093533333333	2110786850.36719
32.5398616666667	2019485581.03906
32.56972	2070737053.71484
32.5998433333333	2232722056.6875
32.629865	2095669560.94141
32.6602	1993350665.39063
32.6898866666667	1886494839.64648
32.7200583333333	1808947015.04492
32.7512383333333	1926107667.67578
32.78256	1995314989.21875
32.8129	1988435209.90234
32.8434916666667	1906459379.99219
32.8733183333333	1805389461.30859
32.9033383333333	1877753115.41016
32.9329183333333	1901644750.76758
32.9632333333333	1876092706.44336
32.9929183333333	1986946506.43359
33.0220616666667	2018452664.26172
33.0513166666667	1945099507.28516
33.081565	2062388433.49609
33.1112733333333	2080113620.62891
33.1414433333333	2161290446.13281
33.1711616666667	1973916976.47266
33.2009483333333	1929297114.40625
33.23109	1959076950.2168
33.26147	2188903369.14063
33.2921916666667	2110627109.79297
33.3224216666667	2091591126.34375
33.352915	2156927626.14453
33.3836583333333	2166458576.01172
33.4148166666667	2041607862.16797
33.445655	2127458956.35547
33.4769216666667	1982205132.61133
33.5068316666667	2239949740.27734
33.5369783333333	2056739903.53516
33.5675133333333	1950347417.03906
33.59757	2001487923.63281
33.62683	1947871421.07422
33.6568	1965572052.67578
33.68601	1749743711.7207
33.71655	1942527234.19922
33.7460266666667	1708068646.11914
33.7764916666667	1865653269.11719
33.80764	1924254224.05469
33.8377333333333	1710346428.28711
33.867025	2135287061.53906
33.897765	2228658650.87109
33.926855	2061440211.10156
33.9554866666667	2223189263.17188
33.9859383333333	2110626491.09375
34.01408	2145383400.40625
34.043515	2296244236.22656
34.0731916666667	2226740123.85547
34.102495	2309464225.84375
34.132195	2188217604.64453
34.1622916666667	2346295672.72266
34.19291	2374727743.60938
34.2230716666667	2053149606.16797
34.2540666666667	2026415089.17578
34.2838683333333	1897254772.96094
34.3158133333333	1892132620.83984
34.3465733333333	1877886340.17188
34.37774	1752286283.49805
34.4081133333333	1855508561.51563
34.4386533333333	1967083202.22266
34.4704266666667	1962680019.43359
34.5006266666667	1727051417.64258
34.5317883333333	1781914202.45703
34.5642483333333	1838288339.91406
34.5941033333333	1983325559.47266
34.6260766666667	1774317816.39258
34.656455	1885740180.24219
34.687035	1770950732.92188
34.7173883333333	1696512866.84375
34.74779	1784277474.56836
34.7791133333333	1710351347.97852
34.8097483333333	1713190164.26953
34.8399416666667	2042210616.39063
34.8701483333333	1806117403.41406
34.9006	1690571522.40234
34.93003	1776005436.17969
34.9603016666667	1707008212.02539
34.988515	1854777899.88281
35.0184033333333	1747097605.94141
35.04698	1875656640.05469
35.0757716666667	1787498731.71484
35.1051833333333	1948700649.78125
35.1341233333333	1986206935.28906
35.1629616666667	1966979589.46875
35.1915366666667	1767708017.76172
35.2198383333333	1955986592.06641
35.2483183333333	2119029515.01172
35.2773066666667	1728117349.79102
35.307315	1780156178.54688
35.337735	1985122907.90625
35.3681716666667	1952978260.20703
35.398	1932887800.72656
35.4273366666667	1873766859.67578
35.4573016666667	1866283959.86914
35.488445	1991004058.83203
35.51926	1775388453.22266
35.5514066666667	1858208093.13281
35.5826116666667	1966937725.59766
35.6129733333333	1757918504.5625
35.6439916666667	1747079501.78125
35.6749	1694746071.91016
35.7050483333333	1748037257.23047
35.73493	1656379699.78906
35.76452	1721443901.74219
35.7939616666667	1936130416.69531
35.8236833333333	1815901048.46875
35.8533383333333	1951489390.86328
35.8827483333333	2043091666.9375
35.9123233333333	1906104816.57422
35.9416	1834874760.03125
35.970725	1850818714.85156
36.0006666666667	2160607653.57813
36.0318866666667	1893723600.87109
36.0628166666667	2144824778.44922
36.093445	1877855436.98828
36.1237366666667	2047892367.03516
36.1538883333333	2097187182.21484
36.183945	1788553633.01172
36.21496	1922795482.875
36.2454616666667	1948173962.95313
36.2764983333333	1957534496.80078
36.3061916666667	1827128634.23047
36.3357283333333	1760439290.66797
36.36567	1752385784.41211
36.3963066666667	1790531971.15234
36.427	1811840027.21484
36.4572683333333	1724714183.31836
36.4871633333333	1937587293.36719
36.5157716666667	1943159319.54297
36.5451966666667	2001608404.52734
36.5726733333333	1943777447.23438
36.6012533333333	2065656034.65625
36.6302383333333	1822248550.96875
36.6589416666667	1980544382.95703
36.68734	1991173261.21484
36.7161983333333	2055338509.62891
36.7465083333333	1753562363.02344
36.7746933333333	1895732845.21875
36.8037583333333	2083267117.70313
36.83311	1994014765.29688
36.8631833333333	2000956693.81641
36.8936316666667	1904172603.07031
36.92365	2090053801.58594
36.9533333333333	1940494754.66406
36.983685	1731283134.97266
37.014745	1833859485.6875
37.0467166666667	1900565135.1875
37.0772383333333	1920655243.75
37.1071883333333	1822373908.91797
37.13733	1782161897.73438
37.1675533333333	2044472782.875
37.19689	1854926283.21484
37.2268116666667	1888216009.61719
37.256325	1722718580.30469
37.2869933333333	1854852680.16797
37.3169666666667	2014663415.91797
37.3472	1882463107.98438
37.375555	1749121225.91406
37.4054583333333	1995542782.53516
37.4362566666667	2104744289.73828
37.46627	2121757307.52734
37.4973466666667	1862589480.43359
37.52818	1892781690.91797
37.5585166666667	1926200305.96484
37.5891733333333	2006510747.10156
37.6201033333333	1970964545.10938
37.651295	2005417044.08203
37.6823483333333	1909054605.0625
37.7120666666667	2044808156.25391
37.7414783333333	2011273133.70703
37.7709266666667	2042294616.94531
37.79958	2095922343.00391
37.8300116666667	1905101516.78906
37.8606183333333	1843426394.95703
37.8916966666667	1826914990.82422
37.92236	1933837402.27734
37.95302	1731286762.21094
37.983495	1842473682.28125
38.0138233333333	1878366175.57422
38.04395	1707394473.36914
38.0737283333333	1875549045.64453
38.1029283333333	1853889400.86719
38.131455	1893871964.54688
38.15986	1727163445.92773
38.1897033333333	1835878571.54297
38.220555	1927297207.45313
38.25067	1894044150.35938
38.281255	1745016252.82617
38.3122933333333	1919959051.26563
38.3439316666667	1724400934.59961
38.3745083333333	1673502819.04688
38.4048183333333	1765160535.03125
38.4344966666667	1675868018.61523
38.4635183333333	1737249485.52344
38.4946	1684043668.51367
38.52378	1678973783.13672
38.55224	1778421880.82227
38.5827933333333	1877921670.63281
38.61344	2209721156.02734
38.6453116666667	2064808607.03125
38.6767966666667	1962606320.42578
38.7083633333333	1978901261.30078
38.7395933333333	1854705564.50391
38.7707183333333	1857377370.63477
38.8015883333333	1704735525.46094
38.8325433333333	1765994677.50781
38.8629216666667	1878662099.74219
38.8927383333333	1691266390.42969
38.922375	1894798548.78516
38.9514766666667	1919767672.67578
38.9805183333333	1815465826.81641
39.009085	1836628991.08398
39.0387066666667	2010573151.95703
39.0680416666667	1938594247.01563
39.0984183333333	1851598786.49219
39.1292416666667	1920483354.80078
39.15888	1949076504.25781
39.1889483333333	1854242171.62695
39.2202516666667	1966111451.19141
39.2514566666667	2041390103.37109
39.2828366666667	1975511663.69141
39.314035	1993356513.83203
39.34476	2025963054.77734
39.3767683333333	1968655369.05078
39.408785	2139654255.23047
39.4390883333333	2003464940
39.470145	1917214210.72656
39.500535	2014310620.47656
39.5306883333333	2106598855.17969
39.56159	1744743597.6875
39.59184	1771047312.53906
39.622525	1833012939.5625
39.6540533333333	1870597247.32813
39.68362	1679035332.33398
39.7133566666667	1651772524.4375
39.7434766666667	1708202635.60547
39.7736666666667	1805991410.03906
39.80438	1937321463.33594
39.8352633333333	1564241630.65234
39.8659433333333	1732140899.50781
39.8963216666667	1737557294.19141
39.9271216666667	1651071542.52734
39.9565116666667	1859125577.08984
39.985295	1656774629.17578
40.0164966666667	1823695807.30859
40.0465816666667	1801153423.13281
40.07745	1923528916.52734
40.1068566666667	1625196312.54297
40.1374116666667	1703530228.08984
40.1669883333333	1736848666.75391
40.1975416666667	1667247647.07031
40.227645	1591398357.75
40.2587583333333	1683989203.35156
40.28779	1832427947.69141
40.317805	1937434031.82813
40.34664	1838110935.71484
40.375365	1824221181.62109
40.405575	1867941303.64844
40.43579	1808343167.55078
40.4654733333333	1914529005.51953
40.49402	2022510059.32422
40.52273	1917983287.60938
40.5514516666667	1875042319.04688
40.5822666666667	1832378992.36719
40.6126316666667	1766336771.54297
40.6432366666667	1838574837.75977
40.6744516666667	1858390103.81445
40.7045216666667	1788890231.95898
40.7362716666667	1761384840.84961
40.767195	1820084738.26563
40.7988166666667	1956102791.875
40.8284716666667	1879889074.62109
40.8584866666667	1957409863.17578
40.8891116666667	1921184387.38672
40.91983	1837818739.87891
40.95062	1979788947.80469
40.97973	1948202209.75391
41.0107783333333	1813648291.71094
41.0428666666667	2021484919.10938
41.0748766666667	2019288593.39844
41.1046816666667	1956803702.26172
41.1341066666667	1967587363.12109
41.1640516666667	2086526133.15234
41.195175	1931606119.94531
41.22647	1902246046.96484
41.2579983333333	1839277221.05078
41.2880583333333	1787222089.45898
41.318425	1873594153.84766
41.3488266666667	1821415399.19531
41.3786966666667	1835075452.17969
41.408555	1877521141.39453
41.4380116666667	1766955863.14063
41.4675616666667	1861883317.33984
41.4976783333333	1725219484.83789
41.5272316666667	1832735431.46875
41.55617	1779859870.39844
41.5862516666667	1666130245.375
41.6172183333333	1812284876.27734
41.6485116666667	1676615165.33594
41.6779316666667	1891348194.23047
41.7085616666667	2163461739.85938
41.7385216666667	1849382833.48438
41.769365	1990979995.10156
41.800085	2009216612.49219
41.8305216666667	2080109916.86719
41.860475	1877948465.06641
41.8899366666667	1854191684.82422
41.9198133333333	1895880208.81641
41.9512833333333	1844612370.07813
41.982605	1861301586.13281
42.0114	2023390066.06641
42.0413683333333	1808269174.13281
42.0712483333333	1924110534.28516
42.101545	1837305420.44922
42.131995	1960329493.32031
42.162255	1981228360.41016
42.1928183333333	1958942422.41016
42.2230133333333	1990695895.36328
42.2519366666667	2029794621.39063
42.28348	1970072234.22266
42.31553	1998820844.27734
42.3457916666667	2227646406.01563
42.37733	2043763037.58984
42.4086016666667	2109545934.78125
42.4389833333333	2101314939.08594
42.4701583333333	1961078055.375
42.50084	2057499906.21875
42.5322616666667	1974315287.60938
42.5620783333333	2018899726.32813
42.594205	2141122103.26953
42.62413	2091349770.51953
42.653935	2234293644.46094
42.6835466666667	2165685935.98828
42.7144983333333	2120525402.90625
42.7456233333333	2254944591.24219
42.7771666666667	2452647166.83984
42.8078883333333	2133572422.89453
42.838075	2222750773.29688
42.868655	2300684101.78906
42.89714	2282154500.24609
42.927295	2373566664.16797
42.9566466666667	2096225538.09766
42.9869816666667	2175451063.85938
43.01709	2098393397.28125
43.0464033333333	2121549803.64453
43.0771033333333	2011738783.54297
43.1073833333333	1988625708.03125
43.137345	2324829368.92969
43.1673466666667	2013020401.53516
43.1966516666667	1941039670.22266
43.2259933333333	2053753356.40234
43.257595	2327064457.17969
43.2882216666667	2070879376.78516
43.3186933333333	2369608912.69531
43.3492883333333	1965999780.21094
43.3793833333333	2313491412.53125
43.4085533333333	2300123199.45703
43.4405283333333	2144882971.48047
43.4713966666667	2082413376.58984
43.5016983333333	2031029353.97266
43.53327	2208491069.30078
43.5642833333333	2351194865.58203
43.5939983333333	2209859456.83594
43.6247083333333	2461801582.05469
43.6546166666667	2184271732.78516
43.6851316666667	2195498415.64844
43.7167133333333	2168920884.28516
43.7474033333333	2318520427.98828
43.77775	2245836837.60547
43.8077833333333	2122613269.60547
43.8378816666667	2166701875.20313
43.8680966666667	2079343969.84766
43.8990483333333	2456127498.16406
43.93062	2228383586.55859
43.9608816666667	2325831913.55859
43.9919866666667	2206514011.29297
44.0223	2045084428.99609
44.0547316666667	2121190364.00391
44.0847033333333	2221446633.03906
44.1154083333333	2033341514.8125
44.1451266666667	1903011072.29688
44.17496	1975152414.21484
44.2056883333333	1892993964.20703
44.236115	1729966768.96484
44.2662066666667	2066444270.41016
44.2966566666667	1990860379.28125
44.3271133333333	1917493770.08594
44.3572166666667	1931649681.2832
44.3872383333333	1890596537.89063
44.4169783333333	2019566682.03125
44.4483483333333	2039497457.88281
44.4780216666667	1975720643.16406
44.5103816666667	1925557186.41406
44.5413716666667	1926989622.26563
44.5721416666667	1751988267.06055
44.6037	1786998164.12305
44.6351583333333	1719228141.84766
44.665	1800326563.83594
44.6954566666667	1925188268.28125
44.725975	2035435577.96484
44.7574183333333	1797428205.36719
44.7879666666667	1834221949.83203
44.8190766666667	1947316810.94141
44.84963	2208335734.82422
44.879325	2201116694.14063
44.9102583333333	2035182182.17188
44.9395633333333	2051195520.9375
44.9709066666667	2089830768.02734
45.0018233333333	2054252981.38281
45.03289	1855089801.33594
45.0628333333333	2206867202.17578
45.0934683333333	2063566606.26953
45.1235283333333	1982822436.71875
45.1540416666667	2000590741.23828
45.1846483333333	2061117086.87109
45.21526	1957598448.33203
45.24553	1847405776.79688
45.2761333333333	1920070321.67188
45.3074216666667	1828498902.87891
45.3377983333333	1852212037.70703
45.3693083333333	1893392008.53516
45.4002066666667	1776189282.05859
45.4325766666667	1860049182.96875
45.463835	1758201753.10938
45.49623	1987962988.94141
45.5264533333333	1803074956.31641
45.55667	1835676336.98438
45.5869716666667	1924596362.41797
45.6181033333333	1892918856.36328
45.64877	1815463124.87109
45.6794883333333	1804147055.30469
45.7102983333333	1925010111.98828
45.73967	1869070005.39453
45.7707683333333	1913290087.91406
45.8011083333333	1988606711.40625
45.83051	1897051211.11719
45.861095	2018094227.97266
45.8903516666667	2177727381.88672
45.920405	2135656474.54688
45.9515883333333	2050832550
45.9817483333333	2199734724.83594
46.01234	2500180832.74219
46.0429116666667	2374992814.27344
46.0729783333333	2381941927.53125
46.103615	2641692773.30469
46.13457	2828379683.05078
46.1651783333333	2612901652.59375
46.19584	2683760019.64063
46.2269533333333	2475327215.46484
46.2582516666667	2546725839.82422
46.2890266666667	2534329613.19922
46.3214233333333	2420393412.80469
46.3525866666667	2326597072.09375
46.383625	2459644896.33594
46.41437	2341606058.84375
46.4440583333333	2171018637.53125
46.474525	2000757956.10938
46.50454	2020671465.07422
46.5342816666667	1918713455.72266
46.5648266666667	1930871009.97656
46.5956416666667	1883968382.71484
46.625405	1961910343.375
46.6565583333333	1908337215.60938
46.687035	1882264725.48438
46.7177383333333	1778115401.20703
46.7491766666667	1979764411.98047
46.7797183333333	2030458063.21875
46.8108183333333	1980101688.95703
46.8420183333333	1986781274.29297
46.8728833333333	1868764991.99609
46.9048216666667	2035109368.39453
46.936335	1918832221.92578
46.9669216666667	2108267044.50391
46.9986066666667	2074573784.36719
47.029875	2277305071.15625
47.0613866666667	2156769915.75391
47.0923483333333	2205593435.20313
47.1236816666667	2241950884.83984
47.1548016666667	2113901091.07813
47.1851116666667	2320667851.25391
47.2157283333333	2033666357.14844
47.2471566666667	1883808749.95703
47.2773583333333	2077541529.18359
47.3085216666667	1979358881.77344
47.3403033333333	2038934757.86328
47.371005	2057209872.66016
47.4002916666667	1884392234.01172
47.4304016666667	2159863194.27344
47.460655	1862074490.96484
47.4888416666667	1955404516.06641
47.518595	2028162600.32813
47.548155	2061374511.84375
47.578215	1932584953.24609
47.608735	2239200932.06641
47.637795	2081750579.24219
47.6680366666667	2220464050.51172
47.6990216666667	2440189701.86719
47.7296983333333	2438642930.25781
47.7602166666667	2212973136.71094
47.7911	2255947977.125
47.8230766666667	2277461977.26563
47.85484	2511510761.95313
47.88554	2192318817.95703
47.916595	2233128522.69531
47.9480516666667	2486353278.46484
47.9791566666667	2526322678.12891
48.010045	2424582432.50391
48.0417616666667	2252852408.0625
48.0722933333333	2319189026.25391
48.1034916666667	2365705281.94141
48.134685	2157824435.00391
48.1661583333333	2141939565.46094
48.1973983333333	2253769606.05859
48.2291133333333	2219299252.73047
48.2607	2136452814.01953
48.2930666666667	2179479246.42969
48.3241166666667	2355866503.03516
48.3561616666667	2324117524.99219
48.38658	2323533353.91406
48.4177116666667	2472923249.95703
48.44872	2480405010.28125
48.4797283333333	2309116745.30469
48.5108916666667	2488018294.83203
48.541175	2577410693.65234
48.57106	2314012511.44531
48.6019716666667	2419259264.75781
48.6317666666667	2344501116.03906
48.6630966666667	2275109153.90625
48.69431	2162018547.19141
48.725345	2256645206.19922
48.7578183333333	2192134072.01563
48.7896783333333	2056458756
48.8218666666667	2282427939.76953
48.8528366666667	2170087295.02344
48.8842466666667	2178558661.98438
48.915605	2125724611.83203
48.9465816666667	1968224886.70703
48.9768466666667	2208385864.67188
49.007665	2058401829.84766
49.0376883333333	1908037446.94922
49.0685983333333	1928597891.34766
49.1000033333333	1893919203.71094
49.1303666666667	2021884381.30859
49.1603616666667	2048666804.18359
49.1919216666667	2095602192.21875
49.222705	2168334090.6875
49.2532916666667	2279766799.75781
49.2832333333333	2208528028.58203
49.3130916666667	2247518492.6875
49.3427366666667	2126129553.02344
49.373505	2113841285.60156
49.4048733333333	2296351593.25781
49.43589	2399893927.23438
49.4658483333333	2243126778.83203
49.496495	2374648669.96484
49.5275716666667	2117692252.37109
49.55862	1952208256.20898
49.5898666666667	1976153000.33984
49.620635	2165233177.33594
49.65161	2207529721.32031
49.6826883333333	1985650509.92578
49.71313	2233125250.50781
49.74482	2194508015.89453
49.7761016666667	2163547968.70703
49.8074783333333	2145798019.51172
49.8381566666667	2133102067.52734
49.869815	2048272535.80078
49.90057	2024876603.56641
49.93168	1942664815.23047
49.96276	1892114029.18359
49.993325	2035664844.65234
50.02346	2025775475.10547
50.0537616666667	2055376746.95703
50.0848366666667	1715841542.33789
50.115325	1903347425.26758
50.1459183333333	1762015254.10938
50.1767516666667	1906485661.05469
50.2081766666667	1719800558.04297
50.2395766666667	1638795721.41992
50.2706733333333	1666071809.98242
50.3024233333333	1709525911.89063
50.3337583333333	1783370457.51172
50.3635116666667	1603253330.17773
50.3929883333333	1863478307.08984
50.424085	1777492207.9707
50.45522	1822038222.2168
50.4860216666667	1800526190.66016
50.5164866666667	1738528951.3418
50.5478916666667	1804608030.96289
50.5783883333333	1863593856.5
50.6090233333333	1690202135.14258
50.6404066666667	1856639769.92578
50.671445	1939557452.57422
50.7006116666667	1867534137.73047
50.7317916666667	1834180742.86328
50.76214	1998417485.66406
50.7931516666667	1930845100.43359
50.8232066666667	1849176218.30859
50.8541766666667	1864395254.13281
50.88379	1914632709.05469
50.91489	1822744583.38086
50.9457283333333	1962811866.89063
50.97578	1870307653.12305
51.0090916666667	1722486550.40234
51.0409133333333	1694393312.68359
51.0718183333333	1855534377.21484
51.1029133333333	1843362226.3125
51.1326366666667	1799456508.44727
51.1629866666667	1748419708.32617
51.1939633333333	1827248826.72266
51.2242716666667	1802545182.125
51.254895	1915558402.07813
51.2852	1910139006.6875
51.3162483333333	1861281304.33594
51.346665	1796390473.42578
51.3780633333333	1818286484.32031
51.4094366666667	1719466375.50391
51.4420283333333	1696136797.19141
51.4722583333333	1733753287.34375
51.50268	1837453969.18359
51.5328433333333	1791571317.77344
51.56425	2070533585.875
51.5944333333333	1913375249.53516
51.6246116666667	2043681700.83984
51.6552666666667	2090179338.59766
51.6866333333333	2013736916.13281
51.71683	2240009074.29688
51.74706	2051909064.07813
51.7774433333333	1875501268.91406
51.8073816666667	2029767414.20703
51.8382966666667	2074926629.4375
51.8693566666667	2161859535.55078
51.9005533333333	1910332344.26172
51.9318866666667	1832126921.50781
51.9631866666667	2122290248.875
51.995395	2027672113.53516
52.0276983333333	1808027660.14453
52.0604816666667	1925270552.08594
52.0928316666667	2145603344.27734
52.1231716666667	1944553546.30469
52.15437	1938926726.94141
52.1855916666667	1996875462.84766
52.218105	2123992543.58203
52.2502933333333	1950028635.34766
52.2827033333333	1941851045.51563
52.3143116666667	1700052001.07813
52.3453416666667	1740066550.1582
52.3773966666667	1885857331.22656
52.409365	1679791893.58789
52.4414033333333	1735062469.49609
52.4733383333333	1897066304.36328
52.50404	1850783401.63281
52.5347033333333	1802403588.12891
52.5658766666667	2044740182.54688
52.596755	1933182388.66992
52.627675	1793230319.6875
52.6595983333333	1847595187.63281
52.690785	1770560688.79688
52.7216916666667	1895587135.09766
52.75252	2024954053.76172
52.783015	1873576985.07422
52.813585	1944166246.32617
52.84469	1883313567.73438
52.876235	1809673371.50586
52.907565	1987450954.1875
52.939025	2085411082.83984
52.9700616666667	1745899936.42383
53.0019783333333	1826876672.24414
53.0339966666667	1676428708.5957
53.064105	1708746193.37305
53.094605	1795467840.53906
53.1264366666667	1765927519.98828
53.15775	1596427212.50977
53.1885733333333	1824074541.96094
53.2187666666667	1836651776.97656
53.2491483333333	1812098148.8125
53.2800616666667	1893956245.17578
53.3107616666667	1916431875.9375
53.3425933333333	1940306672.41797
53.3734816666667	1971874644.10547
53.4040166666667	2211155678.20703
53.4353666666667	2165537398.92188
53.4647616666667	1881421773.0918
53.4947966666667	1786781412.08203
53.5246216666667	1747138083.39453
53.5553033333333	1698846511.84766
53.5863633333333	1682864845.53906
53.6165733333333	1604392103.26758
53.6478433333333	1690236443.39844
53.678385	1567228236.92383
53.70825	1538530997.96484
53.7380966666667	1626252246.28906
53.7679766666667	1818438288.99609
53.7976366666667	1767590652.41406
53.8283366666667	1831682992.50781
53.858085	1784833216.32422
53.8890333333333	1883259117.58594
53.9200766666667	1952034609.12109
53.9510983333333	2046160834.76172
53.9826183333333	1917512670.68359
54.0138016666667	1949008261.60938
54.0447166666667	2000910436.59375
54.0754983333333	2075328062.10156
54.1066533333333	2012488637.81641
54.135935	1866297859.67188
54.1663533333333	1777161399.6543
54.1966183333333	1719937958.17188
54.227245	1989400794.65234
54.257895	1839286421.20898
54.28866	1842589721.23242
54.3198033333333	1779717543.79688
54.3503433333333	1742126594.01367
54.38154	1742989623.81445
54.41185	1844538843.10156
54.4431683333333	1890495909.85938
54.4735383333333	1608857499.30664
54.5044533333333	1646084734.10352
54.535615	1650288294.76953
54.5667516666667	1819452815.6875
54.59819	1695550737.66797
54.6291916666667	1582767962.14844
54.66014	1767218146.23047
54.6915166666667	1784203345.29297
54.7233233333333	1767979663.03906
54.7547733333333	1632495480.83984
54.7855466666667	1590064723.08594
54.8153816666667	1652323592.61133
54.846	1712373282.43945
54.875725	1805946908.84375
54.9058516666667	1883577941.37305
54.9371133333333	1973828071.40234
54.9677783333333	1943238768.33398
54.998415	1909423249.36133
55.030805	2022594313.13672
55.0623666666667	2217804591.43359
55.093	2152778376.51953
55.1248066666667	1997135425.61328
55.155655	2015844480.65234
55.1870966666667	1928857174.94141
55.2185	2184239621.03125
55.248955	1933218269.98438
55.2797116666667	1949568922.80078
55.3121383333333	1954803200.08984
55.3427633333333	2114944287.42578
55.3749083333333	1964421090.54297
55.4058966666667	1927407881.48242
55.4372783333333	2084265185.85156
55.4676483333333	2112192479.25
55.498325	2192791279.97266
55.5298666666667	1871532016.88086
55.5610233333333	2034732462.39453
55.5920783333333	1968387724.50586
55.6221516666667	2050881748.91797
55.6527316666667	1857835883.66406
55.682975	1852470704.35156
55.7135683333333	1950606885.48828
55.7451383333333	2045005082.55859
55.7759783333333	1886826233.71875
55.8070416666667	1784026717.1543
55.8388166666667	1731143575.42188
55.8693183333333	2000741701.03906
55.90096	1577464531.66016
55.9320333333333	1741535810.94141
55.9630266666667	1737333367.90039
55.9948733333333	1666513691.98438
56.026575	1680125399.11914
56.057155	1569776915.86133
56.0883066666667	1860328015.19531
56.119405	1780911680.63281
56.15027	1824437221.39063
56.1805366666667	1734263688.19727
56.212	1678677459.81641
56.2436816666667	1802550171.57422
56.27532	1853105702.02344
56.30713	1807500632.30469
56.3398833333333	1854108908.19922
56.3722933333333	1916927269.76953
56.4036316666667	1684794829.09375
56.4348216666667	1604163189.62109
56.4661066666667	1632319901.54102
56.498305	1834649941.44531
56.5297383333333	1688791160.8125
56.5612233333333	1670088830.03906
56.5919033333333	1568351159.71094
56.622265	1686419412.66016
56.652705	1863723961.21484
56.683555	2119803364.14453
56.7132633333333	2125163646.40625
56.743215	2054457590.03125
56.7739516666667	2196722676.80078
56.8043666666667	1975769912.54297
56.8336516666667	2006672011.55469
56.8641633333333	2134698576.53516
56.8941933333333	2058268214.66797
56.9256233333333	1966575184.66602
56.9563816666667	1864346210.35742
56.9877066666667	1685342728.84375
57.0189583333333	1922709326.45313
57.0503316666667	1845383046.89648
57.0815283333333	1819439785.5918
57.1125666666667	1839299535.59766
57.1436166666667	2244986713.09375
57.1747733333333	1765589991.16602
57.2049066666667	2015027075.04688
57.23591	2014967799.86523
57.2678216666667	1907434327.42188
57.2993466666667	1790144895.69336
57.330135	1804246007.15234
57.361025	1768146173.2832
57.3918283333333	1858343231.88477
57.4216366666667	1686255268.55273
57.4516266666667	1788737332.58203
57.4831433333333	1862961767.38086
57.51392	2035378640.24805
57.54549	1930484203.06641
57.5779516666667	2030671532.82813
57.6088683333333	2187683582.19922
57.63906	2019342562.52734
57.6703383333333	1960990926.20313
57.7020433333333	2144581414.16797
57.734035	1975378467.25391
57.7654083333333	1924150635.78125
57.7976833333333	1922171876.74219
57.8292633333333	2149235906.64453
57.8619233333333	2114571493.12109
57.894205	1900419079.62305
57.9260433333333	1907332667.39844
57.957735	1703067130.92773
57.9892366666667	1734488197.6582
58.0186683333333	1763936453.54883
58.05013	1810284011.67188
58.0812366666667	1742831983.41602
58.113465	1733980837.94727
58.144185	1949615003.51953
58.17587	1757268715.64063
58.2066516666667	1778164971.20508
58.2378583333333	1545016655.12891
58.268575	1624179126.70117
58.299165	1934948866.00781
58.3306133333333	1728228422.93945
58.361605	1692624371.48242
58.3936033333333	1807360902.55469
58.4260783333333	1778175154.04688
58.4570016666667	1704585000.44531
58.4883366666667	1702852364.02344
58.519375	1622802952.09375
58.5500916666667	1815130566.76367
58.5816483333333	1787254731.74023
58.6126633333333	1781379440.57617
58.6432966666667	1693655348.6543
58.6743533333333	1666009658.12695
58.7063083333333	1876403260.93359
58.737605	1847396546.51563
58.769345	1866749897.02344
58.8005633333333	1978228465.63281
58.8324583333333	1681849148.09766
58.8624416666667	1786369560.9668
58.8940316666667	1665858917.86719
58.9251316666667	1695684892.79102
58.9558283333333	1540541294.79102
58.9871166666667	1546623444.00977
59.0167783333333	1556344599.27539
59.0467416666667	1768545460.49609
59.0775	1648270207.80664
59.108905	1699881727.79297
59.139665	1697778802.10938
59.170815	1967910488.96484
59.2008	1917103271.83594
59.2322483333333	1921829350.33594
59.2628833333333	1851090154.8457
59.29359	1843886956.35938
59.3248283333333	1898038833.95703
59.3555733333333	1904192377.05078
59.387685	1590517056.2207
59.418855	1766143848.56641
59.4503083333333	1777993438.62891
59.4819816666667	1968068487.59766
59.5114483333333	1749449841.53906
59.542235	1773099828.17773
59.57401	1833860875.84766
59.6053333333333	1877924769.91992
59.6364816666667	1929943099.82031
59.6683683333333	1948487660.46875
59.699965	1805206651.92383
59.7313666666667	1973705883.32617
59.7634866666667	1804268203.07031
59.7946733333333	1712571036.82422
59.8252683333333	1701806186.68359
59.85533	1650580281.19531
59.8862166666667	1526366383.70508
59.916605	1631424100.55859
59.9465216666667	1509867854.40234
59.9786016666667	1797589762.22656
60.0111666666667	1645606484.36133
60.04267	1570104939.08008
60.0737	1695972684.39453
60.1049416666667	1602881183.00781
60.1350633333333	1531824460.84766
60.165085	1606504927.80273
60.1955033333333	1568893100.12891
60.2258866666667	1554638945.11914
60.2563966666667	1567183383.76953
60.286425	1552682335.95508
60.3172433333333	1517072780.68555
60.348345	1535960146.80273
60.3789933333333	1354832761.5
60.4091716666667	1471457114.05273
60.44034	1479994736.68359
60.4702183333333	1457557607.5625
60.5016983333333	1495939006.24609
60.5330433333333	1487906268.45117
60.5646433333333	1546117503.71484
60.596465	1528130157.70117
60.627425	1607280060.59766
60.6587066666667	1534509284.89844
60.6902766666667	1627642604.26563
60.7222333333333	1406799959.28516
60.7537283333333	1658087798.70703
60.7843133333333	1689388273.73828
60.8161683333333	1496282309.67578
60.84717	1509438933.76758
60.8787716666667	1509167221.5293
60.9101866666667	1512352224.90625
60.94087	1547948962.32617
60.971685	1513127386.31445
61.0030333333333	1632857842.17578
61.03526	1840801817.77734
61.0665816666667	1806808355.07617
61.09804	1686504974.22656
61.12955	1927793031.53906
61.160945	1702765133.71289
61.1925416666667	1795487586.10938
61.2236833333333	1848983395.92188
61.25446	1567556151.50586
61.28661	1613668572.29102
61.3173016666667	1506483648.47461
61.3473916666667	1594563420.40625
61.3783366666667	1663610995.13672
61.410715	1608101315.66016
61.441595	1831590514.88281
61.471945	1485717772.58398
61.5037683333333	1593286179.51758
61.5347433333333	1648271747.88281
61.5653666666667	1635206424.77539
61.597315	1623617028.99219
61.62933	1516389358.06055
61.662335	1517390275.33398
61.69559	1529968421.62109
61.7277083333333	1515150114.2832
61.7599983333333	1442401071.04492
61.7923233333333	1359441305.01953
61.8222633333333	1480075390.4375
61.8533716666667	1506997165.57617
61.8850733333333	1495511141.19727
61.9159966666667	1718382985.98633
61.946885	1854648922.25586
61.9780216666667	1867860507.49219
62.0094716666667	1759710941.88477
62.0409966666667	1685830576.47266
62.0723133333333	1710255823.58008
62.103835	1758514163.57031
62.13532	1519439555.00391
62.1679883333333	1477213926.60547
62.1991883333333	1440706922.51367
62.229705	1413851123.05664
62.260755	1527629767.25781
62.291255	1694724285.11719
62.3203216666667	1485357164.13477
62.3506383333333	1617237786.56055
62.381645	1518048822.42383
62.4125433333333	1492048494.23828
62.443575	1613361745.85938
62.4738866666667	1704607146.39648
62.5040933333333	1520137000.55273
62.5343233333333	1655256759.43555
62.5648266666667	1759174548.35352
62.5954516666667	1758535175.6875
62.6264033333333	1696248895.0625
62.657935	1835463312.95703
62.689135	1777561153.75
62.7212383333333	1677281693.52734
62.7515866666667	1927659184.625
62.7824066666667	1897362739.48242
62.8144016666667	1743791361.19531
62.8465966666667	1752958494.16797
62.877035	1699409803.10156
62.90836	1650926034.66797
62.9393716666667	1647154687.04297
62.971345	1586322736.48438
63.0030233333333	1524455473.90625
63.0350066666667	1543623965.26563
63.066945	1568240117.50195
63.0981316666667	1633839285.18555
63.1292433333333	1785455474.95898
63.1585683333333	1647519617.66797
63.1896316666667	1686598103.33789
63.2205216666667	1645551970.38281
63.2510433333333	1723240636.01563
63.282205	1712987864.06836
63.3126933333333	1647466669.02148
63.3438166666667	1564223774.76172
63.3755	1830577846.20117
63.4073016666667	1607536960.98242
63.438785	1621607723.61719
63.4692066666667	1571953902.78906
63.500605	1489149194.03516
63.5315366666667	1420152713.08008
63.563145	1380513074.77148
63.5950466666667	1489112425.125
63.627355	1328875467.80273
63.65881	1236804982.84766
63.6898933333333	1387510942.79883
63.720775	1351817830.05469
63.751075	1308268382.69336
63.7814533333333	1228046278.78125
63.8122166666667	1162245264.17188
63.8437383333333	1206768106.08203
63.8747033333333	1176090598.77734
63.90636	1379886241.54492
63.93677	1541801733.90625
63.9672716666667	1318465674.31641
63.9977033333333	1379689751.00195
64.0286433333333	1403708926.03906
64.0592616666667	1516872855.52734
64.0900266666667	1606451828.93945
64.1211166666667	1530632016.40625
64.151975	1637383145.95898
64.1824	1636412534.16016
64.2137316666667	1750285590.10938
64.243945	1814509614.69922
64.2743366666667	1866538497.96484
64.3061833333333	1709529158.55859
64.3373383333333	1752880186.24805
64.36816	1756019720.93945
64.3999433333333	1687908599.99805
64.4313833333333	1562627157.62109
64.4627116666667	1540104248.99219
64.4939033333333	1464803227.53125
64.5252366666667	1717919707.4043
64.5555616666667	1408182579.4082
64.58625	1411050228.28711
64.6177466666667	1413815852.10742
64.649675	1491342905.00781
64.6808633333333	1449575059.82031
64.7123316666667	1457154034.08203
64.7440233333333	1473797361.66211
64.7764766666667	1388930312.34766
64.8080183333333	1382726483.21875
64.83836	1498370731.13477
64.8698816666667	1812329635.04492
64.90068	1664809085.50391
64.93161	1442169304.62109
64.9633416666667	1462987382.08203
64.9938966666667	1548109443.82422
65.0245083333333	1462777137.16797
65.0569083333333	1453369309.75977
65.0891616666667	1292685789.81445
65.1206933333333	1330743850.9375
65.151625	1534859115.05078
65.1831016666667	1337429801.75781
65.214795	1383033430.33203
65.2459466666667	1472766564.61523
65.2771116666667	1447018799.56445
65.3084166666667	1409248607.81641
65.3396366666667	1316458146.67969
65.3707666666667	1356527869.97656
65.40096	1500316488.3125
65.43175	1440469869.16797
65.4620283333333	1542307919.00195
65.4933966666667	1525240300.44141
65.5236566666667	1557926008.00977
65.554335	1641019247.15039
65.585435	1555820563.0293
65.6167433333333	1972721462.32422
65.649305	2127702272.66797
65.6818333333333	1913510819.08203
65.7141216666667	1876925314.77734
65.7456983333333	1710731696.66406
65.7772616666667	1588436571.375
65.80969	1652913688.73047
65.8416733333333	1593293583.75977
65.8736783333333	1551881936.05273
65.9048433333333	1720022699.60352
65.93678	1706062992.16406
65.9681566666667	1637533084.51367
65.9991966666667	1595798721.95703
66.0295833333333	1542502008.32422
66.0608883333333	1586445880.63672
66.0920533333333	1718260779.11523
66.1225516666667	1629180847.06641
66.1546	1607156769.29102
66.1861666666667	1611022868.26563
66.2178416666667	1670330774.51172
66.2493333333333	1548698491.97266
66.2813483333333	1616907717.98633
66.3127916666667	1572937805.62695
66.3441666666667	1693436126.92188
66.3756166666667	1701202486.03711
66.4076516666667	1423032142.6543
66.4398316666667	1676036022.16211
66.47135	1597702132.02734
66.5031966666667	1496275913.42773
66.53387	1461346646.31836
66.5656633333333	1503965991.26367
66.597175	1486652644.46289
66.6289266666667	1473906085.48047
66.66026	1422119063.14648
66.6913816666667	1608455434.70117
66.7219516666667	1566642934.15234
66.7545283333333	1636194390.59766
66.7854633333333	1505598027.06445
66.818085	1543379583.43555
66.8495816666667	1501413441.25781
66.8812216666667	1530145174.45313
66.9129016666667	1440781820.125
66.943945	1553401681.14453
66.976275	1413825487.33984
67.0068866666667	1286178478.07617
67.0376566666667	1298330202.16016
67.0682083333333	1320815704.86719
67.0996716666667	1254235633.70703
67.1308216666667	1353556074.52344
67.16194	1296296308.43359
67.1944683333333	1412568504.24805
67.2253533333333	1394072729.17383
67.2582466666667	1219612677.33203
67.2903616666667	1216157819.39258
67.3211233333333	1142329385.24414
67.3516033333333	1291820530.54102
67.3827766666667	1350494784.63086
67.41419	1378141620.8125
67.4445066666667	1728710546.35352
67.4754283333333	1668915009.84375
67.5057133333333	1538129066.45703
67.536575	1503560717.1543
67.5679266666667	1688987960.14453
67.5989483333333	1657114727.65625
67.6297566666667	1696547122.40039
67.66066	1844502169.26563
67.6932533333333	1583427027.59961
67.724995	1613837046.91016
67.7578516666667	1777684278.2793
67.790555	1526601792.61914
67.8219183333333	1587689074.49805
67.8540633333333	1474316540.24023
67.88581	1551816174.9375
67.9174516666667	1504547625.47656
67.9501216666667	1510157406.97461
67.9820233333333	1529371004.73828
68.013595	1536773608.96289
68.0441483333333	1567639983.39258
68.0752283333333	1457050320.30078
68.10636	1504873112.46094
68.1368766666667	1491881317.22852
68.1676583333333	1488965173.06641
68.1981116666667	1614936180.38477
68.2288266666667	1767714382.17969
68.2594333333333	1619440583.79102
68.290165	1743659446.47852
68.3212016666667	1682079924.0332
68.3524283333333	1708575284.93555
68.3837683333333	1647900220.51758
68.414595	1690950849.8125
68.44558	1523909826.34375
68.4771966666667	1759729848.79688
68.508835	1806151632.50391
68.5400383333333	1580637832.25977
68.57149	1548996879.05078
68.60275	1763053958.34766
68.6332916666667	1810814678.0293
68.6629933333333	1723641048.90625
68.6941666666667	1898144106.05078
68.7261416666667	1596001338.73438
68.7580533333333	1525945956.2207
68.7895866666667	1540684283.57617
68.8198183333333	1547860062.11328
68.850835	1628288911.94922
68.8818683333333	1529190466.66211
68.9133966666667	1582631289.61719
68.9459933333333	1422033693.3418
68.9784633333333	1347817448.40625
69.0104466666667	1300452698.39063
69.0428383333333	1241485923.75
69.0751316666667	1339087607.63086
69.1061933333333	1119619663.11523
69.1366333333333	1219780471.68359
69.1684533333333	1373791957.5625
69.2001233333333	1404708534.64844
69.2303183333333	1417484355.93359
69.261465	1369370943.00586
69.291925	1384626008.70703
69.323675	1327663435.27344
69.3548016666667	1381926457.51172
69.3863566666667	1512563401.45898
69.4171316666667	1433299163.11719
69.4488483333333	1573633220.53125
69.4805016666667	1480786529.04492
69.5124683333333	1574632222.24414
69.5439133333333	1632266159.25195
69.5748916666667	1636081661.26563
69.6064233333333	1513646855.41211
69.6373483333333	1536872379.51953
69.669155	1633728006.29102
69.7008783333333	1480804547.92383
69.7331433333333	1507709188.05469
69.7654316666667	1583785134.35742
69.798305	1506865677.55078
69.8313533333333	1461951495.31055
69.8629383333333	1239963728.82617
69.89557	1266176801.10742
69.9275866666667	1233534879.68164
69.9597416666667	1317622352.95508
69.9921816666667	1185022296.3418
70.0245416666667	1248419765.17188
70.05634	1262734308.34961
70.0877266666667	1347771358.60547
70.1185716666667	1332314083.35742
70.1506716666667	1271012161.7207
70.1826116666667	1332552119.29492
70.2139766666667	1278871940.04688
70.2459966666667	1435126041.0918
70.2782916666667	1380222794.94531
70.31008	1461595544.74023
70.3424133333333	1536537290.82617
70.37487	1307080372.20117
70.4069333333333	1361942969.74219
70.4382483333333	1572766690.56836
70.4709783333333	1728441801.57227
70.5031633333333	1548869799.94531
70.5343733333333	1555476799.14063
70.5667466666667	1563728373.83984
70.5990683333333	1531423234.23242
70.6306966666667	1527790783.46094
70.6625833333333	1601114874.31836
70.6954333333333	1619078752.71875
70.72756	1606560426.44531
70.7594466666667	1334272319.53711
70.7920383333333	1209054767.45898
70.8237383333333	1346303698.59766
70.855265	1231340123.37695
70.888005	1288386151.37109
70.9204283333333	1172928805.37305
70.95302	1172549764.69531
70.9845116666667	1231930904.91992
71.015975	1198062454.50586
71.0481483333333	1155850152.97461
71.0796133333333	1192148501.40039
71.1117383333333	1260001257.95117
71.1440766666667	1332469723.55664
71.1774816666667	1355898735.83398
71.2098883333333	1311515040.18945
71.2427166666667	1283029895.60352
71.2751066666667	1316847109.82422
71.3070116666667	1309632836.19727
71.3395616666667	1451913842.83008
71.3709833333333	1325774021.50781
71.4034816666667	1334851127.06641
71.4359216666667	1243462730.65039
71.4680333333333	1294824410.36523
71.5000216666667	1246943556.63477
71.53218	1125346192.41016
71.564575	1084150229.08008
71.59674	1260116310.27539
71.629285	1132752984.27539
71.66105	1094348888.19141
71.6934916666667	999413798.585938
71.7252816666667	1178288559.88867
71.7570633333333	1170113917.70313
71.7873916666667	1350874976.00977
71.8189783333333	1271322703.24023
71.8497283333333	1265065423.93555
71.8798066666667	1374864189.06836
71.910295	1542011445.69336
71.9413666666667	1273479430.40234
71.9719333333333	1477298670.5957
72.0047133333333	1360958021.09766
72.0354583333333	1342849240.87695
72.0668316666667	1234478404.92969
72.09801	1281166063.03516
72.1300766666667	1383017048.42773
72.1633216666667	1368321766.75586
72.1960433333333	1356270064.36133
72.228595	1312910738.06055
72.26149	1295530878.86914
72.2946683333333	1275941709.18164
72.3273066666667	1172647157.16406
72.358915	1362636728.87305
72.3902166666667	1165433640.50586
72.4218433333333	1105071320.15039
72.4548383333333	1085676517.7168
72.4861666666667	1228821385.42773
72.5180566666667	1173423749.71875
72.5493283333333	1293012537.0332
72.58114	1186728366.66016
72.6124316666667	1218543038.17578
72.64357	1295784630.42578
72.67507	1349965201.4668
72.7057633333333	1251645379.51953
72.7361466666667	1188206190.26172
72.7669766666667	1143983140.30664
72.7983516666667	1138917536.61328
72.8302516666667	1124540135.66797
72.8618983333333	1065738357.07422
72.8938066666667	1226005636.22852
72.9252416666667	1249398982.37109
72.9565816666667	1272638226.26563
72.98662	1676298082.35742
73.01818	1699461129.9668
73.0491766666667	1603352158.73633
73.0805766666667	1596299839.58789
73.1116433333333	1571929970.53125
73.1434533333333	1463707710.70313
73.1753383333333	1487166411.64648
73.2068333333333	1340295710.21484
73.23926	1322679654.01563
73.2718283333333	1304807335.85547
73.3033883333333	1436957839.08398
73.3354616666667	1434848682.42383
73.3671883333333	1394970367.80273
73.3998116666667	1673988600.39063
73.43125	1653738472.59375
73.4629483333333	1551684846.37695
73.4946266666667	1710541277.90039
73.5259366666667	1503623392.30078
73.5572833333333	1470525129.86719
73.58955	1505494120.21289
73.6210216666667	1522896261.29688
73.65182	1485346100.91406
73.6839566666667	1482340963.0625
73.7153266666667	1381578273.47656
73.74692	1292190616.64063
73.7787083333333	1310645796.56055
73.81048	1379498419.25586
73.84275	1375905400.31836
73.8746233333333	1320932477.04102
73.9055966666667	1274197645.14258
73.9370483333333	1343320715.38672
73.9687783333333	1320958896.70898
74.0005566666667	1322261926.72656
74.0315633333333	1356241990.31641
74.06341	1360894199.40039
74.0954366666667	1297276943.83398
74.127315	1311177593.22461
74.1601483333333	1198341907.29883
74.1921233333333	1293417697.62695
74.2244583333333	1151471978.5918
74.2575833333333	1267265320.44727
74.2897933333333	1038764342.89844
74.3226383333333	1061978366.26563
74.3550066666667	1040519642.10938
74.3873	1158577134.70898
74.419315	1146298732.8457
74.4514716666667	1023506863.83594
74.4838	1075160086.56445
74.51583	1030820543.90234
74.5480616666667	1119458376.05664
74.580265	1034566547.78906
74.6124066666667	1000525734.48242
74.6452616666667	984940375.195313
74.677645	1019267147.29102
74.70979	1061810747.70508
74.7426966666667	1030996631.375
74.7750266666667	1021029589.30469
74.8083216666667	1067896782.61328
74.84112	1077149196.57227
74.8725116666667	1120230488.06836
74.905285	1123936836.27734
74.9375566666667	1150530002.00977
74.9695733333333	1112539962.81055
75.00183	1076431762.99609
75.034045	1120109035.89453
75.0667716666667	1113947220.9668
75.0979133333333	1234603101.99805
75.1307566666667	1390442442.85742
75.162625	1266140676.61523
75.1962433333333	1311853541.30078
75.2285066666667	1287866846.5293
75.2619433333333	1251965508.62891
75.2943583333333	1371389668.07422
75.3265283333333	1590989985.42383
75.358265	1501928602.83789
75.3898766666667	1375941859.69141
75.4213333333333	1504321697.04688
75.4528016666667	1362598343.7793
75.4841483333333	1544922768.54688
75.5158266666667	1503488232.55469
75.5468816666667	1542555809.05859
75.5782966666667	1370381521.7832
75.6098066666667	1312524040.19922
75.64171	1360124244.66016
75.6736783333333	1368748122.47656
75.7058466666667	1557998618.7832
75.738875	1425479657.5957
75.7706633333333	1660563910.9707
75.8029833333333	1418964687.79297
75.835565	1385521178.18945
75.8682633333333	1437841314.75977
75.9009766666667	1247065631.23242
75.934305	1408633604.11914
75.968	1299995108.13281
76.0007466666667	1265649439.04297
76.03478	1110123705.46094
76.069165	1062334774.55273
76.10335	1011171605.98047
76.1374433333333	948395452.919922
76.170305	907389710.663086
76.204695	792341454.111328
76.237295	753817246.110352
76.269885	710635866.225586
76.30326	658258467.360352
76.3339616666667	669379811.443359
76.3666716666667	722795522.041016
76.39846	727637075.072266
76.43088	686077747.425781
76.461765	942742321.354492
76.4933466666667	776391066.208984
76.5253166666667	819621421.629883
76.556635	1052613671.44922
76.5881316666667	829802612.612305
76.6190216666667	864937162.738281
76.6502316666667	910143653.036133
76.680105	937652163.341797
76.711925	1099165274.78125
76.7439666666667	942407953.013672
76.7772816666667	952975149.279297
76.80907	1008142827.1582
76.8423516666667	948968859.679688
76.8749733333333	899716918.34375
76.907575	801132783.923828
76.9420433333333	804593603.220703
76.9756183333333	710281282.802734
77.00955	814169627.545898
77.0421183333333	853837758.856445
77.0759233333333	800142363.701172
77.109195	738774942.999023
77.141885	642169122.821289
77.1747083333333	803085948.376953
77.20709	662570509.3125
77.2395416666667	665119649.001953
77.27117	673998435.887695
77.3035083333333	724693559.620117
77.334295	730613964.904297
77.3664866666667	728280236.050781
77.39882	825141542.814453
77.4302283333333	867167295.647461
77.4628033333333	871203490.382813
77.4950366666667	967830083.119141
77.5272916666667	879950548.510742
77.5599716666667	985439444.18457
77.5921316666667	923872616.601563
77.625315	979943596.360352
77.6573666666667	966759220.283203
77.6891366666667	995736144.569336
77.7215533333333	978236324.545898
77.7538983333333	1070041830.19922
77.78511	996104332.883789
77.8172066666667	1080283177.59766
77.8484183333333	1087087240.62891
77.8803666666667	1153702336.30078
77.9126983333333	1225904033.59375
77.9454383333333	1241168593.11328
77.9786	1195500148.12891
78.010005	1151430178.81445
78.04179	1148853052.78906
78.0728083333333	1148313652.81055
78.1040516666667	1031031376.29297
78.13638	941381538.816406
78.1689266666667	919063601.158203
78.2013666666667	999060526.181641
78.2340033333333	1050360645.23535
78.266475	1150877221.36328
78.2984	1066489645.64063
78.33006	1047851558.83789
78.3633	1254677108.23242
78.3962483333333	1124438145.44531
78.42995	1072394215.29688
78.4613416666667	1005187976.63184
78.4934166666667	1112782833.62305
78.5250966666667	1129400032.85742
78.5568883333333	1020235276.42285
78.588595	1202270680.46875
78.619325	1235858698.57422
78.6507133333333	1266547164.83984
78.6823183333333	1125803393.41992
78.712905	1121680239.61914
78.7443433333333	1177421820.31445
78.77587	1239609752.77539
78.8075083333333	1166633621.99219
78.8393483333333	1115302292.43555
78.8712233333333	1259871818.67383
78.9029033333333	1241319946.46094
78.93429	1314870910.05469
78.9662183333333	1287868915.95313
78.998685	1368719973.90039
79.0320166666667	1266202176.20703
79.064905	1216284627.48438
79.097605	1153615046.32617
79.12923	1187339800.16016
79.1600066666667	1283414249.40625
79.19222	1103083690.67578
79.2248366666667	1112077172.86719
79.2568183333333	1108523109.78711
79.2869866666667	1075362853.68164
79.3173466666667	1183848173.83594
79.34883	1173147146.85547
79.3805883333333	1186402442.16211
79.4115116666667	1035621595.17188
79.4428583333333	1127325805.30859
79.4747333333333	1167208636.89258
79.5069833333333	1180216815.6543
79.5388666666667	1292860976.5918
79.5714333333333	1146687457.19531
79.603805	1208995630.22852
79.6349533333333	1128799191.69727
79.6661866666667	1173199873.94336
79.6973383333333	1131545860.31055
79.7297483333333	1056231416.79297
79.761805	1098125481.51953
79.79334	1228867821.89844
79.8242566666667	1118011506.68359
79.8552716666667	986336923.044922
79.8871366666667	1003579275.23438
79.917805	1072823234.15527
79.9487283333333	1196413403.1582
79.98035	1231070218.96875
80.012595	1123158276.58301
80.0449483333333	1273268265.26172
80.0780666666667	1188454349.375
80.1093616666667	1109812965.61523
80.140845	1073540402.75391
80.17206	1085751744.42383
80.20309	1013099777.76953
80.2339966666667	1003598644.41016
80.26523	1145148812.10156
80.295645	1067021557.33496
80.32603	1344732487.37695
80.3572666666667	1371834885.80078
80.389645	1300934470.13672
80.42124	1224628263.96289
80.4525683333333	1414689278.9707
80.4842183333333	1222739798.59766
80.516415	986634390.662109
80.5479616666667	948972062.808594
80.579045	1030364591.26563
80.61152	933511615.435547
80.6424966666667	933258241.847656
80.6743216666667	919500628.027344
80.7057833333333	958550854.048828
80.736935	1061569804.67773
80.7671066666667	1047422823.36133
80.7976	1082780031.05469
80.8293066666667	1195752072.33398
80.860525	1134087336.875
80.8910316666667	1197134279.07617
80.9218416666667	1041543690.66602
80.9527433333333	1056772953.07227
80.98483	1110297599.98633
81.0159916666667	1012551624.40332
81.0472183333333	1095383731.38086
81.077965	1094314574.68945
81.1092933333333	973283799.983398
81.1409166666667	1011827847.16602
81.1723566666667	1015297439.71484
81.2025983333333	1034007583.52539
81.2333733333333	979957373.482422
81.2644083333333	1028705603.47852
81.2960816666667	1059170911.18652
81.32821	1017858089.81348
81.3598783333333	1047223507.07324
81.3916	1062196092.74805
81.4230483333333	957865954.12207
81.4538266666667	992721448.857422
81.485635	1042216330.48047
81.5170133333333	1043460248.51953
81.5486083333333	1001410734.68555
81.5810783333333	969267037.109375
81.6122416666667	949346843.711914
81.644365	959686085.256836
81.6765583333333	1004382664.22754
81.708105	1228023588.32813
81.7390516666667	1356262174.52344
81.770905	1411254112.41211
81.8019616666667	1584447141.21094
81.83279	1468265635.7832
81.8636266666667	1530937540.77539
81.894875	1492849533.61328
81.9267916666667	1461225951.85742
81.9581433333333	1479957411.16211
81.9903316666667	1456881648.12305
82.02234	1586582603.52539
82.054315	1475648474.26758
82.0860683333333	1432496899.60156
82.116995	1517079844.09766
82.1480333333333	1316119427.64453
82.1803566666667	1222352025.70898
82.2119433333333	1026348389.98242
82.24452	955439790.02832
82.27708	929451836.025391
82.3093266666667	905066212.417969
82.3422833333333	816748804.302734
82.3744266666667	704176148.223633
82.40656	722020573.5
82.4383616666667	674020268.146484
82.4713033333333	656191163.179688
82.5026883333333	710856812.330078
82.534345	764039632.015625
82.5668683333333	857744705.595703
82.597905	976355577.774414
82.6289966666667	1215184579.54883
82.6605	1359693036.27344
82.6917333333333	1430560264.35938
82.72218	1515485095.33203
82.7524316666667	1337202468.87695
82.7838383333333	1455865674.49023
82.8150533333333	1369278776.27734
82.846305	1115370130.60938
82.87746	1233031580.11133
82.9094266666667	1044508323.78516
82.9417983333333	963732152.847656
82.9737433333333	1009360497.36914
83.00568	927079343.777344
83.038355	757779274.720703
83.0706383333333	837605423.022461
83.10286	752997099.231445
83.1358216666667	694321257.795898
83.1686416666667	645499634.966797
83.2015133333333	717658978.588867
83.23344	714834571.112305
83.2652383333333	792727494.15625
83.2968533333333	857672817.207031
83.3284166666667	1068519170.86035
83.3592733333333	1084438901.88574
83.3900783333333	1197832027.83984
83.4215066666667	1144876083.48633
83.4534216666667	1287073591.52148
83.48462	1324103189.56055
83.5160866666667	1366583340.49805
83.547655	1170973210.88867
83.5805983333333	1233308025.02344
83.6138566666667	1193549818.38672
83.6461766666667	1161905414.2793
83.6787183333333	925353867.852539
83.7118883333333	809086249.756836
83.74406	909147773.537109
83.7761883333333	813613513.208984
83.808465	742026506.425781
83.8411383333333	678582061.354492
83.8736	619470104.169922
83.9053266666667	641252921.290039
83.9365666666667	591585494.057617
83.9675183333333	606014783.603516
83.9996666666667	749399057.618164
84.030525	761929804.592773
84.0608	782798771.297852
84.09296	927149914.193359
84.1251366666667	708221151.251953
84.1577183333333	641680011.728516
84.18975	648386144.520508
84.2219566666667	641852884.853516
84.2537383333333	645822827.09375
84.28643	797437317.34375
84.3183833333333	854211053.393555
84.34995	851706988.518555
84.38158	833247691.712891
84.41433	942556188.25293
84.4466033333333	810200614.34668
84.4796183333333	742991464.791992
84.5129816666667	747793568.987305
84.5462533333333	719783111.387695
84.5803083333333	557989614.052734
84.61446	544795838.543945
84.647285	611428414.503906
84.67928	540346725.694336
84.7134183333333	678469143.708984
84.7455283333333	669584169.636719
84.7785	703521448.625977
84.8104466666667	786769917.295898
84.8408133333333	707985466.854492
84.8720683333333	637829312.157227
84.90489	580725320.305664
84.9371916666667	519480458.696289
84.96832	511800828.416992
84.9995533333333	526659671.274414
85.0305483333333	582732140.5625
85.06244	570658549.679688
85.094235	557274011.589844
85.1261033333333	533394355.794922
85.15956	598625568.047852
85.19288	692914651.584961
85.2254083333333	570807558.982422
85.2585183333333	550942595.28418
85.2935566666667	521768279.814453
85.3280433333333	450048429.325195
85.3598566666667	511971048.12793
85.3920916666667	484474679.270996
85.42426	615716985.979492
85.4557016666667	444342611.141602
85.4888466666667	467128677.475098
85.5201583333333	420722114.59375
85.5535883333333	399585198.026855
85.588105	393934304.135742
85.6219566666667	466593351.53418
85.65741	403171714.642578
85.6907166666667	430994121.283203
85.72606	484669676.935547
85.75855	474875145.633789
85.7912116666667	368573236.385254
85.82403	367737398.968262
85.8569583333333	631079476.225586
85.8897933333333	266410682.757324
85.9233466666667	292863904.212891
85.9566683333333	260066925.631836
85.9907466666667	258236826.548828
86.0241633333333	246575687.006836
86.057265	326944850.163574
86.088725	256906047.957031
86.12408	281513458.059082
86.15997	290263412.450195
86.1954833333333	304909707.72998
86.2324916666667	319372414.851074
86.26761	330802636.246582
86.3012716666667	390983030.675781
86.337755	416348312.05957
86.37048	376765413.782715
86.40448	311814680.191406
86.439825	290948808.474121
86.4728	321898488.201172
86.5061516666667	294971912.911133
86.53897	322551716.745117
86.57239	393038372.346191
86.6072216666667	412327051.826172
86.6437533333333	390146944.563477
86.6839983333333	403502661.571777
86.71788	395734024.63623
86.7550366666667	367127399.892578
86.785585	351470335.253418
86.819685	299056937.379395
86.8534833333333	299454554.110352
86.8879383333333	267888823.935547
86.923325	229322188.108887
86.9604483333333	210268787.597412
86.99431	212581025.719482
87.0290766666667	235843820.286133
87.063395	225479359.276367
87.0999366666667	209422527.89502
87.1334066666667	208157671.981934
87.1682366666667	210647413.823242
87.206665	231421013.98999
87.2409833333333	200564441.523193
87.2741383333333	240317234.958496
87.31114	209132077.921875
87.3478066666667	205804009.497314
87.3839016666667	216956101.07666
87.4194833333333	219799901.114258
87.457365	276364800.917725
87.491775	270362713.475098
87.5278733333333	273287656.009277
87.5655	257239487.666016
87.602065	238684564.279541
87.6413466666667	181477120.941895
87.6783016666667	155867474.442871
87.7165966666667	162228105.039307
87.7552366666667	130184780.976563
87.7929283333333	131256316.612549
87.83061	130863947.766846
87.86553	111241454.605347
87.90415	195605535.691406
87.9380116666667	167414048.175293
87.97311	169988276.973145
88.010175	167625052.327393
88.04474	159203102.940674
88.0822133333333	132859273.258057
88.12028	138633810.438721
88.15866	121594588.349854
88.1965666666667	125507094.549072
88.2343716666667	124928082.107422
88.2721566666667	110772253.455811
88.3073316666667	118264486.774658
88.3440516666667	128166622.652344
88.38235	119142314.31665
88.41928	117058667.178223
88.4560433333333	125858664.600098
88.4924466666667	108066409.756348
88.53044	110077476.075195
88.5681216666667	132489324.967285
88.6059083333333	142157696.233398
88.6409	141295685.750488
88.6788916666667	127304753.569092
88.7178016666667	115008910.895752
88.7564466666667	117053048.040283
88.795355	101149612.097168
88.83634	95591535.3405762
88.8788616666667	89511830.7297363
88.917535	91382718.0493164
88.9564033333333	90215216.3768311
88.9968033333333	112743875.907227
89.036955	117777709.473389
89.07281	126749717.417725
89.1094083333333	140607528.790039
89.14351	150903678.067871
89.1792716666667	152964053.756836
89.214025	172163793.483398
89.2499366666667	203497412.792969
89.28686	217760004.864014
89.32198	228043132.177734
89.3584833333333	186969513.651123
89.3969683333333	183727044.407471
89.4348733333333	154990545.584229
89.4723716666667	134140884.523926
89.5102133333333	119005173.973633
89.5490483333333	104545153.54834
89.585445	116300663.419678
89.6231016666667	121018292.768555
89.6600466666667	113761377.788818
89.7014316666667	132654421.322754
89.7376383333333	120792609.17041
89.7706	119735655.678711
89.80585	112004591.935791
89.8450183333333	105751049.552612
89.8861233333333	100444073.156372
89.9252166666667	88341224.2113037
89.9637166666667	96250470.1862793
90.0071433333333	84584051.9893799
90.0508	73423339.0697021
90.089555	84891600.9628906
90.12886	87805004.6503906
90.1716983333333	91115221.9675293
90.21288	79436871.1414795
90.25673	77046564.0366211
90.2963683333333	69335158.6696777
90.3328766666667	73484119.9688721
90.3728	79135547.6522217
90.4139616666667	70521699.0612793
90.45715	77675573.3962402
90.4991933333333	73961477.7189941
90.5422133333333	74823498.0262451
90.58142	76614277.3865967
90.6233816666667	70368658.1014404
90.66327	68451870.623291
90.7057016666667	68304016.4176025
90.7502866666667	90664159.5093994
90.7896116666667	95466744.6157227
90.8311666666667	95105479.3487549
90.8727566666667	73094130.4984131
90.9168733333333	97038739.9903564
90.95443	65660868.6002197
90.9973266666667	81179958.6560059
91.041705	85416959.4802246
91.0826033333333	85958734.2070313
91.12175	76527661.4991455
91.1612266666667	89783376.8116455
91.2030533333333	103153140.675293
91.2469183333333	93299931.0563965
91.289955	91925903.7025146
91.3258416666667	79797335.4537354
91.3701233333333	60208944.2358398
91.414795	63194612.2794189
91.458415	67599940.7772217
91.5022933333333	58923064.7703857
91.5462183333333	58434211.8309326
91.5920566666667	64095748.5701904
91.6314966666667	60401540.2572021
91.6707233333333	58199075.5894775
91.71652	71887457.5231934
91.7583616666667	57635919.7242432
91.8008316666667	67820527.9946289
91.844825	56824192.1828613
91.88975	64190305.7695313
91.9321233333333	57022338.4752197
91.9747566666667	50106323.4268799
92.0173983333333	43870711.6997681
92.0611216666667	50053430.7561035
92.1082133333333	57669503.0108643
92.1489633333333	49824614.8879395
92.1935566666667	48114234.3199463
92.23738	45144741.8967285
92.2825383333333	43969083.1410522
92.3284216666667	49221819.8670654
92.3718366666667	52145123.8747559
92.4166733333333	50349753.7702637
92.46097	57549661.7329102
92.5039033333333	49361235.3175049
92.5488883333333	48044391.1914063
92.58905	49343421.1866455
92.6345166666667	41293419.5170898
92.676245	39493004.4093628
92.7196333333333	50569097.7819824
92.7667483333333	47574566.4085693
92.809205	48003313.7653809
92.8538883333333	47617323.9052734
92.8979966666667	62099992.8278809
92.93937	49247639.1112061
92.9844216666667	43578003.84375
93.02726	48323220.9925537
93.0719416666667	51574670.5809326
93.1160783333333	62774001.5965576
93.15828	45127960.2409668
93.2040216666667	51122604.0358887
93.2478483333333	50543655.8400879
93.29364	49716013.1225586
93.3391183333333	51815237.6148682
93.3809416666667	58589085.3571777
93.42605	74732721.6418457
93.4660533333333	82369076.9663086
93.5116183333333	88956605.0119629
93.5505533333333	72113395.6363525
93.5973033333333	63814600.3208008
93.6364233333333	62458776.1820068
93.68224	54379667.6828613
93.7227083333333	43208625.6304932
93.7642866666667	42942663.2640381
93.810815	45754955.2463379
93.8539633333333	42332370.5300903
93.899655	50252874.9641113
93.9415666666667	55303171.8209229
93.9820516666667	49886582.8786621
94.0277666666667	54219582.407959
94.0706483333333	52444865.8752441
94.1115983333333	51995542.9921875
94.158635	67455439.0965576
94.2019516666667	65979247.8651123
94.246255	62354196.8637695
94.289045	78093164.8898926
94.333385	49410752.7236328
94.3795433333333	48077938.4769287
94.4250033333333	50063211.9512939
94.4702333333333	40200580.1040039
94.515625	59527189.31604
94.5623933333333	46166311.0947266
94.6033066666667	44866970.5112305
94.645945	39056661.6064453
94.69305	38729331.6570435
94.7349883333333	36409103.6831665
94.7783833333333	36695472.5956421
94.8241766666667	33766102.2026978
94.8690016666667	33153496.1363525
94.9152583333333	33746773.4389648
94.9584633333333	35489653.3337402
95.0022066666667	33306228.4907227
95.0484383333333	37160202.2147827
95.0930666666667	29736095.3178711
95.1366266666667	35675655.1992798
95.1822433333333	32241081.9995728
95.227175	34012875.6461182
95.271815	36242396.0394897
95.31554	35197961.5824585
95.362455	35174931.7838135
95.4088216666667	32645780.8644409
95.4532733333333	34624949.0617065
95.5002	32549477.5055542
95.5448733333333	36171192.3692017
95.5920116666667	33828458.0278931
95.6364516666667	35444151.6035767
95.67842	32314930.5665283
95.7250766666667	31893639.1933594
95.76908	33559341.8121948
95.8150316666667	37800599.170166
95.859005	37000254.6365356
95.90304	33496474.7003174
95.9473583333333	39187504.3293457
95.9894166666667	38326244.9485474
96.032665	36387066.7632446
96.0770733333333	34706158.0784912
96.11857	35975676.4943848
96.16138	36240018.987793
96.2084783333333	29938858.0596924
96.252895	33214729.8893433
96.2971066666667	31805103.6065674
96.34346	28085699.3336182
96.3903133333333	36225217.5060425
96.4352916666667	29899403.0256348
96.4795683333333	35121079.9758301
96.52593	31003173.2497559
96.57036	28417479.5947876
96.617055	30641247.3734131
96.6610783333333	32923776.9103394
96.70514	36013396.4880981
96.7497833333333	34217632.2683105
96.7936183333333	38598045.80896
96.8400766666667	36357012.6436768
96.883695	43168113.6085815
96.926015	44868742.4301758
96.970445	40277721.3602295
97.014515	40145026.4393311
97.05873	39629071.9778442
97.104695	36383633.0908203
97.1466433333333	36620004.9812012
97.19042	33418241.3622437
97.237305	31971203.7642212
97.28272	28373928.2320557
97.327625	29201065.2876587
97.372245	30144257.0939941
97.41568	28030226.0514526
97.4622666666667	29144892.6324463
97.5057116666667	27230873.859375
97.550225	30461802.2729492
97.59502	26537446.4990845
97.64144	27609235.6559448
97.68668	28439202.286377
97.7276666666667	29195600.4968872
97.7732916666667	22920351.0097656
97.816455	24938417.7815552
97.8625616666667	25893822.6292725
97.9057633333333	27629217.3729248
97.9490566666667	28910681.4237061
97.9921333333333	28347461.3084106
98.0377316666667	27295598.0480957
98.081565	28699558.5131226
98.12833	26788077.918457
98.1708866666667	28726624.9318237
98.21338	27789661.2556763
98.2588266666667	28061615.0453491
98.30354	27845645.9365845
98.3487716666667	28172694.4726563
98.3927166666667	27871894.0373535
98.4362416666667	28329007.4694214
98.482405	29640594.0962524
98.5266383333333	28228159.9282837
98.5713733333333	29849618.2340088
98.6148383333333	30039251.3748779
98.6594466666667	28298564.236084
98.70467	31282889.4257813
98.7465333333333	30984113.0092773
98.7927966666667	29917712.769043
98.8352683333333	31685857.8677368
98.880575	30761771.9174805
98.9238133333333	30203994.6320801
98.9675366666667	35108791.0559082
