RetentionTime	Intensity
0.00332	2148899.52832031
0.04529	1850816.28318787
0.0885583333333333	2047180.90350342
0.132413333333333	2013427.23179626
0.177151666666667	1681140.62263489
0.221685	1549619.81466675
0.265736666666667	1694511.37380981
0.310781666666667	1182770.92779541
0.354951666666667	675514.109832764
0.398573333333333	520694.545707703
0.44158	693293.664253235
0.486698333333333	331076.248146057
0.511071666666667	426012.634033203
0.556291666666667	375684.505783081
0.602625	409785.526786804
0.648531666666667	313000.972434998
0.691836666666667	329211.728042603
0.730531666666667	409108.925437927
0.776223333333333	388438.574859619
0.807325	367317.237289429
0.853511666666667	360997.284164429
0.899788333333333	343306.622673035
0.945841666666667	345959.214775085
0.991571666666667	378499.883720398
1.03729333333333	336244.004875183
1.08114166666667	366065.722358704
1.12344	374420.897315979
1.16923	426618.11353302
1.21474833333333	359043.650375366
1.260155	454734.045814514
1.30399	411693.636688232
1.34866333333333	387293.341766357
1.39316833333333	349869.509376526
1.43779833333333	378626.435173035
1.48312	389899.879402161
1.52699666666667	402689.544517517
1.57188333333333	386561.698066711
1.617245	390974.068084717
1.66261166666667	366082.989151001
1.70793	433119.251029968
1.75332666666667	367731.354003906
1.799375	439172.148452759
1.84460333333333	373738.733528137
1.890575	405317.43473053
1.93525833333333	391359.665275574
1.981025	353138.730648041
2.026555	397786.392417908
2.07276666666667	383791.538269043
2.11701	465801.206214905
2.15955166666667	467379.577453613
2.20392333333333	392061.623168945
2.25044833333333	438224.36328125
2.295775	500881.577293396
2.34123166666667	528656.21913147
2.38638833333333	488100.577705383
2.43160666666667	495862.519393921
2.477665	518216.484970093
2.52228	471290.964279175
2.567695	537105.529495239
2.61185	588361.293327332
2.65694166666667	474748.681083679
2.70269	503966.890869141
2.74829166666667	541955.142288208
2.79425333333333	533841.942657471
2.83971833333333	492635.389564514
2.88565	566967.445747375
2.93164333333333	561378.598739624
2.976865	578087.866569519
3.02203666666667	497388.142616272
3.067955	498763.196060181
3.114115	504470.720916748
3.15939	538768.542961121
3.20132833333333	523851.768234253
3.24580333333333	523221.026428223
3.29121166666667	558780.441017151
3.33595833333333	602129.144828796
3.38095166666667	447494.319595337
3.42578	509437.776123047
3.47183666666667	486499.524940491
3.51822833333333	481425.231437683
3.56408333333333	610208.851837158
3.60912166666667	540892.065200806
3.654465	500177.553062439
3.69950666666667	508037.377151489
3.745435	544865.838386536
3.79106	505806.310829163
3.83664666666667	533320.835853577
3.88341	604872.250595093
3.928665	516103.87664032
3.9741	588973.584701538
4.019835	554132.898620605
4.06530833333333	514410.839370728
4.11175333333333	656859.358200073
4.15773	567858.795959473
4.20177	562289.571159363
4.245595	557354.616317749
4.29159	612854.7784729
4.33796666666667	601785.484794617
4.383965	607197.932388306
4.42881	556211.045326233
4.474435	603981.285354614
4.51988333333333	573065.222763062
4.56567	580548.764801025
4.61237666666667	567576.335281372
4.65876666666667	702019.953933716
4.70424166666667	552532.726287842
4.75007166666667	641283.667518616
4.79571833333333	670740.676147461
4.842295	649916.057273865
4.88836666666667	596926.774589539
4.93443666666667	736127.40196991
4.97958833333333	795455.339874268
5.02339	748281.568984985
5.07026833333333	651829.800231934
5.11706	811949.522697449
5.16268	674565.358734131
5.20732666666667	675194.411659241
5.25050166666667	794466.441230774
5.295895	660825.489402771
5.342765	738794.489395142
5.38943	694845.147453308
5.43468833333333	601317.404754639
5.480275	678264.66746521
5.525745	595326.972450256
5.57268	595886.170013428
5.61914333333333	637252.154808044
5.66555666666667	641883.937721252
5.709775	644967.742797852
5.754215	549582.361801147
5.800175	686226.678588867
5.84583333333333	567784.050643921
5.89162	573326.451591492
5.93740833333333	736539.652183533
5.98375833333333	722244.725898743
6.02947166666667	652071.093711853
6.07310166666667	778686.601570129
6.11923166666667	847704.334747314
6.16526	817711.875793457
6.21144	808247.498573303
6.25779666666667	710726.971626282
6.30115	675848.504524231
6.34721	660849.245658875
6.39305166666667	641053.580535889
6.438425	633203.984565735
6.48433166666667	716741.843040466
6.52974666666667	707782.445335388
6.57519	673431.773788452
6.62152166666667	603471.565437317
6.66684166666667	724577.513031006
6.71400666666667	694511.46887207
6.75736666666667	557850.013290405
6.80366333333333	683438.178970337
6.84963166666667	662166.995895386
6.89527833333333	646503.710845947
6.941145	792145.156524658
6.98648833333333	845094.191116333
7.03323166666667	872239.427726746
7.07818333333333	942871.548706055
7.12341166666667	845855.738853455
7.17047333333333	900093.079200745
7.216905	964899.247657776
7.262465	935051.331298828
7.30927666666667	894593.911216736
7.35356	890161.171684265
7.39959833333333	892112.890739441
7.44526833333333	1036490.70537567
7.491175	1107858.72239685
7.53661166666667	1116848.6479187
7.58183333333333	974878.154701233
7.628195	933157.103942871
7.67528833333333	936748.826560974
7.72185166666667	940276.741600037
7.76834666666667	937495.47958374
7.81450666666667	1190055.52616119
7.85965	1024059.89363861
7.90500833333333	1236016.93279266
7.95170666666667	1089040.0916748
7.99730333333333	1305556.22186279
8.04397666666667	1177987.10803223
8.08973166666667	1182680.07944489
8.13528333333333	994707.839637756
8.18076333333333	1068516.05168152
8.22695166666667	957397.164672852
8.27287333333333	887475.179039001
8.31962833333333	943106.620269775
8.36449	1038073.5437851
8.41028666666667	955779.262771606
8.455005	1014809.64690399
8.499855	1061336.49012756
8.54601	1122834.59440613
8.59258833333333	1069322.11195374
8.63803833333333	1093521.34761047
8.68450666666667	1225117.09729004
8.73124666666667	1285589.90419769
8.77707333333333	1300723.28072357
8.82341333333333	1374501.87834167
8.87008333333333	1786287.48052979
8.91424166666667	1983979.33493042
8.95948	1582522.60041809
9.005645	1727342.1322937
9.05225833333333	1997849.26087952
9.09783	1926789.68911743
9.14324166666667	2262667.5463562
9.18923666666667	1998613.39735413
9.23511	1857688.17643738
9.281095	1376959.46785736
9.32782666666667	1374187.77719116
9.37222166666667	1225733.33833313
9.41617166666667	1121141.35871124
9.46166	1036179.61459351
9.50724166666667	1113354.98838806
9.55357	1093333.82099152
9.599135	1138536.74047089
9.645505	1170463.2469101
9.69213833333333	1178999.62940979
9.737785	1145148.784935
9.78312166666667	1383092.33454895
9.828575	1398408.66563416
9.87536333333333	1872847.22554016
9.92091166666667	1697371.13400269
9.96632333333333	1734805.53400421
10.0133933333333	1912474.34580994
10.0581966666667	2189617.75546265
10.1042116666667	2387526.16342163
10.14999	2492722.35594177
10.195355	2742876.85610962
10.2415483333333	2440175.03224182
10.2851716666667	2553281.0426178
10.3313533333333	2380613.92778015
10.3768583333333	2266930.21228027
10.4219116666667	2116571.20588684
10.46912	2046619.79771423
10.5150383333333	2119236.25448608
10.5610816666667	2063988.21000671
10.6074583333333	1910975.69361877
10.6530033333333	1859102.82107544
10.6989233333333	1953125.38041687
10.745245	2080953.24607849
10.7896316666667	1832241.17012024
10.8362566666667	1946875.31414795
10.8830816666667	1748519.42323303
10.9295416666667	1670023.33251953
10.9753383333333	1944670.71083069
11.0208033333333	2015898.55444336
11.0665766666667	1843675.43348694
11.113055	2213448.93547058
11.159475	1924232.0592041
11.2058333333333	2206331.72393799
11.2506133333333	2353132.9903717
11.29587	1958159.24232483
11.341925	2243199.07310486
11.38819	1925467.97419739
11.4334266666667	2007866.88246155
11.4792033333333	1644302.25015259
11.5256933333333	2007142.37400818
11.571715	1808258.43693542
11.6169633333333	1928361.34492493
11.6629133333333	2841566.65919495
11.7071883333333	5804966.63919067
11.750505	11311340.6403503
11.7952716666667	16292304.8192749
11.8375133333333	24165166.914917
11.883355	22601736.6408081
11.9269066666667	22505346.8670044
11.9707916666667	17825858.2001038
12.0152366666667	15999358.4768372
12.0592833333333	12972681.3319702
12.1036233333333	10350068.3417053
12.1499933333333	9130974.3729248
12.1952483333333	10727494.9619751
12.2419616666667	13521632.5286255
12.286395	12808467.030426
12.330725	15300365.9097595
12.3763216666667	17212715.710022
12.4219083333333	17766417.6172485
12.4676433333333	14963634.5134888
12.5137666666667	13884581.2416077
12.5580583333333	10463489.2207336
12.6041183333333	7898762.51361084
12.6487566666667	7219630.06375122
12.6930033333333	5778516.40142822
12.7382366666667	6771527.10107422
12.7842516666667	5357736.01200867
12.830695	5606015.1289978
12.8763083333333	5781758.70147705
12.92189	6927585.44961548
12.9674516666667	7586672.19772339
13.0125366666667	8174631.06005859
13.0572183333333	8594361.64105225
13.09988	11065866.4792175
13.1452066666667	13509038.7395935
13.191235	14901379.6281128
13.2346966666667	16541506.9536743
13.2800016666667	15119704.0713806
13.3265033333333	16957475.3941345
13.3721333333333	14487793.7941589
13.4163283333333	14012293.3838806
13.462445	12976994.9529114
13.5077066666667	11945072.3945313
13.5536916666667	11241730.4042053
13.600345	11442816.6109314
13.6445333333333	12077818.5119324
13.69019	11464332.8789978
13.7365616666667	9860841.51901245
13.78267	9693547.61618042
13.8288583333333	9771823.06454468
13.8739083333333	8258672.58416748
13.919675	9552280.9309082
13.96584	8676368.85626221
14.0122716666667	8212631.47958374
14.0594383333333	9065721.56445313
14.1051466666667	8968233.82476807
14.1474583333333	13271668.9630127
14.19207	19352829.918457
14.2351316666667	25124737.3428955
14.2808533333333	31303818.0158691
14.3227866666667	29552043.3895874
14.3667533333333	31591757.4630127
14.4103483333333	28738858.9249268
14.45351	30575555.536377
14.49517	25298040.2009277
14.5396166666667	18897317.2965698
14.58616	19956419.9221191
14.6303566666667	15459991.5618286
14.674385	13961795.5178528
14.7203683333333	13974527.1213989
14.76572	15869758.2357788
14.812845	14731046.0466003
14.858365	14571170.3314209
14.9040116666667	15812541.5942383
14.9503733333333	16309409.1514893
14.99573	13208712.6699524
15.04218	15132944.9580078
15.0892266666667	12542703.8019714
15.1360316666667	13265377.7255859
15.18107	14349713.1116943
15.2269183333333	16930953.5377197
15.2712616666667	16580331.9243164
15.3175233333333	16492568.7266235
15.361795	20572866.1987305
15.407755	23295301.7869873
15.4513683333333	26149132.4200439
15.4946166666667	25556733.401001
15.5397016666667	23611010.555481
15.5839416666667	25189674.855835
15.62907	27340281.5546265
15.6734066666667	20418394.8395386
15.718055	21123948.8900146
15.76302	20192151.9181519
15.807735	21703123.2871094
15.8530433333333	23943491.5252686
15.895695	28141459.1572266
15.93922	32197482.7081299
15.983245	30071358.8794556
16.0279966666667	27710313.3100586
16.07137	26433108.8456421
16.1165816666667	25522696.9835205
16.1613716666667	26767415.1169434
16.2011483333333	26421619.6782227
16.2444983333333	24889095.9859619
16.2878183333333	27121944.4957275
16.330915	32278192.8742676
16.374965	34277143.6068115
16.416335	40301446.5278931
16.4586683333333	53345657.9866943
16.4993616666667	49554402.9898682
16.543105	58405424.494751
16.5841683333333	58738779.1212158
16.626315	56554009.3250732
16.6707933333333	48675045.2625732
16.7147	42605005.6826172
16.756785	40943490.1005859
16.801055	34120345.6981201
16.842465	31365180.293396
16.8870433333333	33704178.5970459
16.9290516666667	42819276.3383789
16.9725066666667	50989019.1247559
17.0136266666667	70066911.5406494
17.055975	69790577.0646973
17.0947733333333	71572121.8088379
17.1365783333333	76634166.6790771
17.17802	78218641.142334
17.21602	93992348.7089844
17.258105	114951579.942871
17.2956483333333	127627871.537842
17.3362633333333	120367839.428711
17.380745	120922674.122559
17.423145	91048979.4067383
17.4587983333333	85266697.4936523
17.4994833333333	74647276.8210449
17.5419483333333	66356934.961792
17.5846733333333	71985410.5675049
17.6225816666667	76937225.7838135
17.66062	90267322.8278809
17.7002233333333	113227926.341797
17.736485	133631629.848633
17.7736216666667	134016166.712646
17.8098016666667	152892271.457031
17.8472216666667	201931857.824219
17.8849466666667	172554256.046143
17.92232	200265387.023193
17.9561816666667	202541470.90918
17.991205	244098751.890869
18.02784	268143873.373535
18.06908	325130478.520508
18.10781	353043254.337402
18.1435633333333	322811195.632813
18.18042	315360397.465332
18.2182316666667	263303393.40332
18.2545616666667	281212487.794922
18.2901033333333	285535736.227051
18.323205	262398790.890625
18.3547333333333	307252874.254883
18.3894916666667	295979808.058594
18.4220716666667	355452916.862305
18.4564033333333	414017710.830078
18.4897033333333	436308175.408691
18.5251633333333	515187347.994141
18.5572083333333	588995129.09082
18.5905566666667	641172827.880859
18.626155	564559817.244141
18.6611333333333	565833075.094727
18.6950183333333	587801511.210938
18.7279233333333	561174925.761719
18.7584716666667	517843425.890625
18.790975	442725100.62207
18.8266983333333	442588167.0625
18.861015	397283066.080078
18.8932416666667	377277794.357422
18.925265	414419364.901367
18.9602233333333	381622666.733398
18.9910533333333	537005548.005859
19.0204216666667	608728031.791016
19.0528866666667	574574412.799805
19.08518	574781354.232422
19.11794	608996522
19.1503883333333	692057378.771484
19.1828383333333	704122830.171875
19.213005	692618406.263672
19.245185	701236136.367188
19.27602	695882831.450195
19.3085583333333	723629899.486328
19.3387233333333	690162755.301758
19.3685	763383424.758789
19.4000283333333	789350386.851563
19.4327683333333	904930221.910156
19.4667316666667	950456652.242188
19.500775	829708413.054688
19.53402	924906746.019531
19.5666533333333	803966980.624023
19.5982433333333	999290848.615234
19.6305266666667	1054776769.5625
19.6637133333333	1055940151.98633
19.6932333333333	1008668164.83789
19.7226216666667	1128766667.83984
19.7532	1093241386.63086
19.7837266666667	1130817694.77539
19.8148516666667	985121471.011719
19.8453566666667	1218588229.31836
19.8772866666667	1382915782.29688
19.9070516666667	1277814374.8457
19.93788	1284655211.5918
19.9691166666667	1233986598.08203
20.0003716666667	940384704.287109
20.0309966666667	1012421196.75586
20.06102	1150401323.84766
20.0914033333333	1085459365.04297
20.12477	1201716207.70508
20.1570083333333	1238796780.73047
20.186995	1507402755.32422
20.216715	1262943942.2207
20.247755	1449557122.10742
20.2794083333333	1312253916.3457
20.3092083333333	1298676506.66992
20.3402233333333	1222843532.48633
20.3717516666667	1221296520.93555
20.4025733333333	1278017264.65625
20.4338516666667	1182137389.40234
20.4648416666667	1194728794.74219
20.4959433333333	1100003992.37109
20.5271066666667	965391736.029297
20.558795	1015771103.2832
20.5893183333333	1005735584.77148
20.6201983333333	1218694924.85156
20.6498566666667	1133064011.5957
20.6801283333333	1179570470.7793
20.7106316666667	1169637796.69141
20.7414133333333	1208666651.26758
20.770575	1259296176.20898
20.801765	1424153668.32422
20.8302416666667	1313950776.57617
20.8599116666667	1264778772.38477
20.8909683333333	1330767467.92578
20.9208133333333	1345809528.81641
20.9518766666667	1476222634.35938
20.9829283333333	1426539028.61719
21.0136316666667	1393415647.88086
21.0438933333333	1370433710.73438
21.074325	1418730901.89063
21.1034016666667	1384585309.0918
21.1326566666667	1334176202.38281
21.164365	1577577794.6543
21.1937333333333	1499388859.0957
21.2263283333333	1520872752.61914
21.2593966666667	1530294930.38281
21.2922533333333	1322314272.67578
21.3232583333333	1359755800.96875
21.3554983333333	1445522505.08008
21.3849383333333	1415354690.14063
21.4154116666667	1408578136.71875
21.4454533333333	1464753492.75391
21.4767366666667	1530135159.55273
21.5070483333333	1507477748.27148
21.537125	1610451150.125
21.567335	1427309949.06055
21.5981366666667	1544255819.67188
21.6296516666667	1521083749.03125
21.660005	1527064120.71875
21.6904833333333	1476301243.58203
21.7200766666667	1612993334.51953
21.74962	1514255576.35352
21.7791416666667	1564773564.32617
21.80973	1524828544.25781
21.84072	1495495402.94141
21.872345	1441308415.75391
21.9032	1564725921.23438
21.9337933333333	1637467814.71875
21.9634483333333	1754494020.83203
21.9949266666667	2013938400.50781
22.0250716666667	1988344440.41406
22.0552	2130504544.82031
22.085895	2248459566.10547
22.1176166666667	2114532557.8125
22.1484333333333	2411217636.05469
22.1797783333333	2431279145.00391
22.2103733333333	2661953075.32422
22.239805	2060086498.62891
22.2695033333333	2174680894.01953
22.2984966666667	2041612897.41406
22.32857	1895987994.26758
22.3583383333333	1778235056.62109
22.3895316666667	1698307611.86133
22.419935	1761395525.90625
22.44951	1665995483.45703
22.4793	1726326482.83398
22.5082683333333	1738482193.75391
22.5376	1641179935.69531
22.5673383333333	1752083830.29297
22.5960633333333	1825340258.30469
22.6282233333333	1967371996.44922
22.6590966666667	1699558727.05078
22.6895883333333	1949063170.74609
22.720015	1830115148.15625
22.7514116666667	1930638639.94141
22.7822883333333	1767647026.55078
22.8130433333333	1707541934.63281
22.84562	2001968201.26953
22.8758816666667	1906672055.97852
22.9079583333333	1767980978.96484
22.9386766666667	1846202540.43164
22.9696716666667	1715992969.28711
23.0004566666667	1789269867.62891
23.0330833333333	1983585865.48828
23.0640466666667	2030698435.26953
23.0938	2118073320.08594
23.123695	2191986265.98438
23.1556066666667	2101679648.03906
23.18559	1982734459.57813
23.217245	2114433831.29297
23.2468	2261127788.07031
23.277535	2113920254.94922
23.3066416666667	2188821598.55078
23.33632	2086110526.46875
23.36702	2177689348.74219
23.396915	2246251206.46875
23.4265483333333	2203121843.02734
23.4592716666667	2311709496.74219
23.48751	2194747752.97656
23.5157633333333	2187518771.45703
23.5461433333333	2284085855.94141
23.57643	2465773397.65234
23.606125	2395709466.26953
23.6363333333333	2324402052.00781
23.667155	2518641315.43359
23.6983566666667	2283417537.85938
23.7289216666667	2340581627.07422
23.7608366666667	2256648668.50781
23.7921416666667	2259897330.17578
23.8233666666667	1896503738.43359
23.8544983333333	1930282403.9375
23.8858283333333	1828284497.51172
23.915695	1819350051.92578
23.946305	1777856723.55469
23.9781016666667	1806513470.23828
24.0087783333333	1991804246.0625
24.0403033333333	1944735405.61719
24.0724583333333	2195042746.19531
24.1026666666667	1936043614.25781
24.1322733333333	2094694636.82422
24.164155	1970300532.38867
24.1945383333333	2212808026.11328
24.22514	2049123892.41406
24.25675	2040687759.26172
24.2886216666667	2077102202.58203
24.31956	2015711967.21875
24.3503033333333	2015440816.82031
24.3814266666667	1867857648.85547
24.41348	2108297085.12891
24.44266	1953449296.60547
24.4719516666667	2062000517.32813
24.5041466666667	1801047948.89844
24.534535	1809999664.73438
24.565445	1872036870.85547
24.5946216666667	1780528070.38672
24.62408	1801000658.82422
24.652735	1713149086.10938
24.6830133333333	1679798108.24219
24.7135966666667	1725573689.24219
24.74278	1824771676.3125
24.773895	1881737583.27734
24.8043733333333	1956137172.64063
24.8355616666667	1890504009.57031
24.86573	2143653934.27734
24.8962116666667	2130307563.40625
24.9273633333333	1808013480.5
24.9601866666667	1863007465.89453
24.9919216666667	1836006407.99219
25.0246283333333	1861939459.66016
25.055965	1823417489.625
25.0877616666667	1621541923.46094
25.1184766666667	1849941550.78125
25.148785	1526165887.33203
25.1795366666667	1685681115.76953
25.21087	1595045077.33203
25.2409283333333	1453035929.20703
25.2721116666667	1587541312.19727
25.3033083333333	1630736629.07031
25.3335166666667	1608058393.16016
25.3656133333333	1681985419.05859
25.3953766666667	1840209487.79688
25.4269116666667	1798681761.89063
25.457855	1871492052.05469
25.4894866666667	1820432289.24609
25.5192383333333	1781782609.17578
25.549495	1750741191.75
25.579045	1850777911.52734
25.6082266666667	1828268127.69922
25.6379266666667	1726628074.38672
25.6667166666667	1729914610.73438
25.69797	1796042916.12891
25.7279683333333	1930491534.21484
25.7566383333333	1920295003.78125
25.7860483333333	1822006908.58984
25.81526	1839610267.0625
25.8439416666667	1731683562.33984
25.8746216666667	2003826823.14453
25.9044116666667	1961134611.86328
25.93387	1843297891.65625
25.964425	1867780080.44531
25.996215	1932368490.89844
26.0257466666667	2144049643.05469
26.05666	2071061852.71094
26.08686	2109836074.27344
26.116215	2125111874.89844
26.147095	2296104068.26172
26.1772766666667	2315702068.93359
26.2074483333333	2119080149.67188
26.238225	2287109334.30469
26.2692	2251911163.60938
26.300085	2212616325.32031
26.3306483333333	2207737359.14063
26.361185	2063479691.63672
26.391805	1980057030.51953
26.4217016666667	1919143671.35156
26.4517466666667	1776260343.53906
26.4818183333333	1846215709.70703
26.512455	1908120551.30859
26.5440166666667	1816866372.32813
26.5742583333333	2082252406.00391
26.6046766666667	1934980809.59375
26.6358966666667	1906513606.63672
26.6651066666667	1985531437.77734
26.6949166666667	1974598546.44922
26.7254966666667	1955768127.30859
26.7563733333333	1972709179.34766
26.78771	1917845787.74609
26.8184216666667	1942192695.32031
26.8477266666667	1893687596.87109
26.879265	1938066454.125
26.9115516666667	1888221385.05078
26.9416516666667	1874076956.51563
26.9723683333333	1825786133.60547
27.0042216666667	2042582901.75
27.033715	1716526551.79883
27.063855	1903197899.99609
27.0946566666667	1874255467.38281
27.1257483333333	2038102425.27734
27.1546416666667	1892905984.29297
27.1850783333333	1857239610.02734
27.21545	1736349916.39453
27.245745	1622167245.87891
27.2788116666667	1787772631.58984
27.308925	1635837083.26172
27.3382066666667	1639148044.13281
27.3708333333333	1532128842.41016
27.4015866666667	1722865992.57031
27.4323433333333	1837830581.40625
27.4628283333333	1761469569.94922
27.4927683333333	1846211713.45703
27.5236283333333	1794276357.61328
27.5533616666667	1852369605.80469
27.5816266666667	1698971218.3125
27.61117	1765733635.28516
27.640575	1726187311.02734
27.6702166666667	1815436089.10547
27.7001933333333	1768527943.14453
27.7304483333333	1827936216.33984
27.7611616666667	1762552416.48438
27.78991	1813970089.54688
27.8215516666667	1770242503.16406
27.8533266666667	1810401695.25391
27.8841033333333	2017744515.09766
27.9141216666667	1881413220.76172
27.9458233333333	1861737906.39844
27.9766316666667	1957034413.875
28.0076016666667	1824967383.79297
28.0390466666667	1633316142.47266
28.0693883333333	1747738516.0625
28.1006633333333	1627819289.47461
28.1318483333333	1660260323.44922
28.16258	1623525219.21094
28.1926466666667	1755861399.66797
28.222575	1764628453.74219
28.2529616666667	1560222878.94922
28.28456	1745657434.39063
28.3137566666667	1624895362.95313
28.3453616666667	1705547392.76953
28.375395	1796939381.83984
28.4048866666667	1663050282.96094
28.434015	1733701334.02734
28.4654216666667	1572541227.48438
28.495795	1739431244.88672
28.5264216666667	1686661631.23047
28.557065	1776193725.71094
28.5871683333333	1730990688.62891
28.616735	1714448766.32031
28.6476333333333	1670344339.72266
28.6780833333333	1806902120.36328
28.70758	2006202915.66406
28.737345	1874914121.22266
28.76741	1930117124.19141
28.7968316666667	1995089482.17969
28.8272766666667	2059709412.16016
28.85581	1866659244.10938
28.88585	1712491732.77734
28.915665	1945620932.01172
28.94713	2016414646.30859
28.9784633333333	2015020882.47656
29.0092483333333	1895711181.89453
29.0416183333333	1753043268.34766
29.0721883333333	1952743881.61328
29.1039233333333	1755109615.73047
29.1356466666667	1957908829.33984
29.1659516666667	1866327136.41797
29.1964016666667	1756466144.57422
29.2271733333333	1673782495.97656
29.2568416666667	1704042092.58203
29.2869366666667	1648264083.43359
29.31691	1613910429.66406
29.3500066666667	1570180968.59766
29.3818833333333	1628033719.26172
29.4141166666667	1757801891.35547
29.4433366666667	1735456611.03906
29.47233	1812881652.26563
29.50258	1712615006.51172
29.53393	1937207366.10547
29.5635983333333	1801420629.4375
29.594775	1672688382.00781
29.62543	1849394914.96875
29.6550216666667	1779290904.08594
29.683595	1865697788.625
29.7141066666667	1863043083.41406
29.7424633333333	1836055704.15234
29.77316	1696858625.75
29.804715	1926943869.51953
29.8342216666667	1818799418.16406
29.8650383333333	1866640029.05078
29.8950133333333	1711784470.82422
29.92501	1731141120.40234
29.955775	1681638830.99609
29.9864833333333	1771336818.33984
30.016695	1839576376.17188
30.0469733333333	1912703328.99219
30.0771133333333	1843970850.73438
30.1078666666667	1997512329.23828
30.1388066666667	2053391926.67188
30.1689466666667	2012368959.0625
30.1985066666667	1845681066.21484
30.2293033333333	1976175627.34375
30.2606033333333	2107131893.90234
30.2911083333333	1929067362.40625
30.3218333333333	1930198274.70313
30.3527216666667	1847788376.67969
30.3839716666667	1964627579.79297
30.415455	1822424109.32422
30.445605	1723350857.78516
30.477075	1627516411.18359
30.50716	1941403549.79297
30.5378983333333	1797887471
30.56921	1970992258.39063
30.5990483333333	1763422728.33984
30.62924	1915823226.80859
30.6593166666667	1788623110.04297
30.688895	2071417342.00781
30.7200566666667	2079323517.26172
30.750115	1972412499.27344
30.7806416666667	1967193238.19141
30.812315	1823561753.84375
30.8437016666667	1883138396.39453
30.873625	1777845786.51172
30.90451	1765025526.63281
30.9331316666667	1799261576.77344
30.96299	1865830250.11719
30.9947366666667	1694164647.33984
31.02458	1898188482.45313
31.0563683333333	1778952662.50781
31.087585	2001075389.63281
31.118805	1891347800.40234
31.1495066666667	2061484627.92578
31.1800566666667	1910737394.91016
31.2104833333333	2109548749.91016
31.24128	2069476570.05469
31.2711166666667	1991756659.73047
31.300945	1835789006.71875
31.33194	1649389625.68359
31.3625933333333	1692553477.66406
31.3931733333333	1844659828.54297
31.4237783333333	1763848491.08984
31.4548833333333	1750504156.01172
31.485305	1663365632.19922
31.5138666666667	1719447383.80078
31.5429666666667	1674909782.71484
31.5729483333333	1631596531.60156
31.6032683333333	1598505203.35156
31.6330616666667	1802678751.00391
31.6633783333333	1746603850.57813
31.6937683333333	1784501076.92188
31.723455	1909630526.58203
31.7526416666667	1732118277.13281
31.7838216666667	1960639993.88281
31.8136883333333	1899970319.26172
31.8430266666667	1829943006.69531
31.8731633333333	1830898777.51563
31.9040783333333	1890446507.60547
31.9348233333333	1671262198.42969
31.965925	1870619656.58594
31.996415	1922863843.11328
32.02645	2044062444.93359
32.055915	1875743143.51172
32.0863883333333	1723351472.92969
32.1173966666667	2148874643.80469
32.14832	1946437666.85547
32.1793666666667	1911355874.98047
32.210425	1826478803.00781
32.2411666666667	1870358741.80469
32.2713033333333	2024663344.77734
32.3013433333333	1985194201.61328
32.3329283333333	1689772437.35547
32.3621633333333	1831083959.11719
32.39365	1912117467.04688
32.42267	1863492274.36328
32.4519533333333	2043868008.61328
32.4814733333333	1929409344.51953
32.5128816666667	2092839333.52344
32.5433916666667	1910585126.31641
32.574085	2010852346.90625
32.6045116666667	1948460447.8125
32.6344933333333	1847712899.84375
32.6665066666667	1864212807.36719
32.6976133333333	1906605295.71875
32.7280666666667	1658740993.43359
32.7585483333333	1571485333.52344
32.7901516666667	1753024675.32422
32.820905	1653095674.70313
32.8512216666667	1654897859.99609
32.8821016666667	1685482972.78125
32.913395	1728769000.91406
32.9442966666667	1716294504.38281
32.9755016666667	1776065872.84375
33.0063733333333	1615676752.48828
33.0382516666667	1717903240.59375
33.069405	1769640710.42188
33.1004666666667	1782272391.45313
33.1300983333333	1514961443.10938
33.1604916666667	1711495028.66797
33.1904133333333	1682662719.79688
33.22097	1768454915.16406
33.2516616666667	1872903371.21484
33.2807183333333	1784212209.85938
33.3110183333333	1809921862.78125
33.3413816666667	1947892694.21875
33.3722833333333	1913389386.66406
33.4034283333333	1694831705.68359
33.43287	1841832647.77734
33.46373	1754214664.55078
33.4951016666667	1712560971.70313
33.5254633333333	1818436497.65625
33.5561266666667	1677995597.01953
33.5849883333333	1747129908.125
33.6163383333333	1853176515.32422
33.646335	1898343304.19141
33.6767916666667	1991517717.41016
33.7077583333333	1892528574.67578
33.73819	1788818826.94141
33.7683566666667	1776111013.97266
33.79764	1699174941.01563
33.82857	1614530166.22266
33.8596166666667	1568296246.53125
33.8889283333333	1654399697.96875
33.919495	1725582023.60156
33.9489116666667	1788977342.50391
33.97991	1645520479.79297
34.009115	1794076500.74609
34.0396233333333	1868665986.96484
34.0712483333333	1792761174.30078
34.1024716666667	2025842663.75
34.133725	2000358688.99219
34.1652	1846641159.32813
34.196765	1950619172.5
34.2294216666667	1968807552.26953
34.259095	1777724819.20313
34.2899116666667	1702634166.5
34.3193916666667	1775480088.88281
34.3495016666667	1798874263.42188
34.37988	1830368315.34375
34.4109666666667	1701680542.14063
34.4405483333333	1725970501.90625
34.4712533333333	1747294803.81641
34.50166	1789272718.89453
34.53246	1986626592.76563
34.5620533333333	1755364755.39844
34.5925983333333	1792427123.22266
34.6216216666667	1957968731.34375
34.6519	1899773692.52344
34.681285	1742745322.25781
34.7108133333333	1745183388.22266
34.741615	1680457831.42969
34.77059	1675920950.60156
34.8014033333333	1808337199.16797
34.83081	1671024556.67188
34.8593933333333	1786128882.81641
34.8899916666667	1657487874.22266
34.9198683333333	2003245762.37891
34.94965	1833446271.25
34.9785516666667	1774837281.82422
35.00868	1719050981.67188
35.0383216666667	1934465455.77344
35.0692633333333	1919700836.60547
35.0998383333333	1948329810.05859
35.131045	1817711441.21094
35.1616366666667	1946988664.1875
35.192995	2063411170.03125
35.223	2015866134.49219
35.2551233333333	1897707124.3125
35.2858566666667	2075879587.76563
35.3168166666667	1864906469.79688
35.3478766666667	1932156662.60938
35.3786716666667	2079080939.85156
35.4096583333333	2022371905.07813
35.43932	1952642135.85938
35.4689983333333	1847327560.80859
35.497685	2134265835.26953
35.5270433333333	1975797813.80469
35.55754	2019799893.63281
35.5876533333333	1879218705.65234
35.6173283333333	1866271145.08984
35.6475983333333	1971440261.85547
35.6776866666667	1928532603.39844
35.707965	2148422195.27734
35.7397016666667	1797804248.97266
35.7704066666667	1955012569.92188
35.8005333333333	1836324213.46875
35.8308916666667	1826916797.74219
35.8623233333333	1799854390.20703
35.8929116666667	2012294053.81641
35.9241883333333	2024940043.92188
35.953825	2027943812.82813
35.9839083333333	2077064632.95313
36.01444	2056898815.41797
36.04274	2270611011.29688
36.0702533333333	2308224162.67188
36.1018116666667	2330656245.74609
36.133775	2128638086.00781
36.1650216666667	2301649845.47266
36.1966583333333	2403251043.71484
36.2275133333333	2216655098.05469
36.257245	2135580893.40234
36.28777	2185901903.63281
36.31823	1978973621.61328
36.3479816666667	2082399285.64844
36.3782066666667	1907897481.125
36.4079066666667	1863975658.26172
36.438345	1881695615.76172
36.4677433333333	1795255477.41016
36.49828	1948789123.55469
36.5282883333333	1857567341.12109
36.55894	1900443373.76953
36.5899133333333	1830703831.88672
36.6211783333333	1961771463.06641
36.6509383333333	2093896168.77344
36.681635	2044224999.60547
36.7130983333333	2353786910.70703
36.7442716666667	2238457626.96484
36.7747016666667	2474850840.78906
36.8042383333333	2243846864.03516
36.834275	2380026653.02344
36.8658866666667	2377131748.67188
36.8968566666667	2536888724.47266
36.92758	2106504734.49609
36.9569766666667	2184792945.82031
36.98807	1916019579.75391
37.0173133333333	1909502019.14453
37.0465283333333	2015090124.49219
37.0766333333333	1951638665.83984
37.106245	1948557463.71875
37.136645	2000295752.6875
37.1674366666667	1937462061.75781
37.1970166666667	2052162304.94141
37.2276083333333	1866733340.5
37.2586833333333	1862771247.28906
37.289555	1655700596.6875
37.3204266666667	1703628630.89063
37.3513916666667	1720472440.62891
37.3819133333333	1508728538.33398
37.412055	1554769314.63672
37.442495	1650427350.5
37.4732916666667	1512323568.36523
37.5051433333333	1657638395.97266
37.5364083333333	1685039575.20313
37.566405	1723157785.50781
37.5970833333333	1851662085.84766
37.6277366666667	1996452351.74219
37.6586316666667	1785310562.62109
37.6912883333333	1716778647.28906
37.7227016666667	1980862883.02734
37.75325	1951471866.55078
37.7844233333333	1894801153.79688
37.814355	1921241696.96484
37.845605	1650791152.19922
37.87565	1951745900.25781
37.9062816666667	1761430880.75391
37.937045	1673374123.97656
37.967275	1740958514.17969
37.9986683333333	1869847563.34375
38.0294916666667	1957814026.15234
38.0590866666667	1905122472.89063
38.0894833333333	1832239141.20313
38.1207733333333	2048096350.375
38.1521666666667	1897047942.46094
38.1834066666667	2126753880.85938
38.2153016666667	1897967413.01563
38.2462533333333	1896422233.20703
38.2771016666667	1862475088.41016
38.3081483333333	1760539365.47656
38.33882	1715664949.92578
38.3686483333333	1688133097.39063
38.3993	1632825550.16406
38.43052	1662752999.36719
38.4610833333333	1651076776.60938
38.4914116666667	1571978946.81641
38.5218983333333	1513057679.32031
38.553115	1576987419.07031
38.582905	1605786942.15625
38.6118466666667	1592659158.14453
38.6418666666667	1549806419.5957
38.6718983333333	1633975841.21484
38.7026916666667	1634333265.31641
38.7330316666667	1799517632.03906
38.7640033333333	1932066829.89844
38.7945483333333	1863296540.28516
38.8250483333333	1865011231.63281
38.854275	1783738832.27344
38.8849416666667	1742474857.84766
38.9169866666667	1687193033.79297
38.9473233333333	1809474307.5625
38.97765	1718317341.26563
39.00754	1777108987.5625
39.036675	1853790561.96484
39.0685333333333	1712398640.44141
39.0965183333333	1903655218.41797
39.127195	1733249537.86328
39.1576366666667	1960941732.98828
39.1878433333333	2120683187.97656
39.2188383333333	2075053922.79688
39.2494683333333	2363476098.09766
39.27949	2319130063.92969
39.3098083333333	2483448193.24219
39.3403466666667	2344298030.20703
39.3716533333333	2343907975.32031
39.403575	2512667071.1875
39.4357366666667	2423901412.0625
39.467265	2287912110.26953
39.4981916666667	2197685319.74219
39.53016	2467080572.91406
39.5614483333333	2431410303.73828
39.59239	2309984448.48438
39.6224533333333	2047457706.63281
39.65316	1984458989.27344
39.6853033333333	2038954317.20313
39.7162466666667	1995044763.58594
39.7470266666667	1760824752.20703
39.7782183333333	1838254188.31641
39.80866	1721158910.50391
39.83965	1887116933.03906
39.87007	1696303653.42969
39.9011016666667	1490853168.34375
39.9311616666667	1570999947.48438
39.9610633333333	1625324529.60938
39.99082	1716167795.03516
40.01946	1889503206.96875
40.0495066666667	1603369149.80078
40.0811316666667	1811776517.33984
40.1123416666667	1931335061.39453
40.1426283333333	1879209485.10156
40.17292	1674572361.80859
40.2024516666667	1771680526.625
40.2317533333333	1796477153.89063
40.262435	1949857947.15625
40.2932716666667	1751241407.14844
40.3245483333333	1753735615.04297
40.356325	1835228718.01172
40.3865833333333	1949840255.23828
40.4171766666667	1963944907.21875
40.4476716666667	1925934165.50781
40.478715	2058579288.41797
40.5094233333333	1909130351.65234
40.5389566666667	2175489288.96875
40.5702116666667	2007129681.62891
40.601485	1937040109.85156
40.6310633333333	1770106223.83984
40.661375	1952431007.70703
40.6931716666667	1942988719.55859
40.7233483333333	1688061692.72266
40.7540916666667	1644718052.6875
40.7851833333333	1898141411.49609
40.8173516666667	1843839115.90625
40.847615	1985176980.00781
40.877455	1940475496.89063
40.9070383333333	1948897000.40625
40.9393033333333	1954483467.96094
40.969015	2071284072.61328
40.9995483333333	2011557624.74609
41.0296216666667	1954150306.68359
41.06017	2186685653.03125
41.0900033333333	2127409789.78125
41.1193433333333	2380523790.92578
41.1497483333333	2290121816.80078
41.179495	2313823202.55859
41.2111766666667	2429710946.26172
41.2416016666667	2375015967.86719
41.272675	2240396558.59375
41.303105	2167621329.20703
41.3335833333333	2170101416.45703
41.3651483333333	2315678806.55859
41.396215	2124339100.14453
41.4279883333333	2052244634.91016
41.4597566666667	2153057409.19922
41.49112	2054880228.14063
41.521425	2339999473.26953
41.5518283333333	2161664604.53516
41.5841466666667	2333563672.45313
41.61553	2329264359.03516
41.6463183333333	2387984336.48047
41.6783233333333	2485059612.79297
41.70992	2405648405.14453
41.7428516666667	2269459520.30859
41.77549	2305000553.48438
41.8058716666667	2280690220.60547
41.8378383333333	2436638508.8125
41.8688866666667	2234773350.21875
41.8988316666667	2214218335.88281
41.929965	2374714680.3125
41.9601916666667	2233512642.80078
41.9908233333333	2259697624.74609
42.0203533333333	2235198567.78516
42.05099	2263529435.27344
42.0812416666667	2224017482.23438
42.112135	2231982085.60547
42.1420933333333	1973168770.89063
42.1733383333333	2054869836.6875
42.2044583333333	1998457242
42.23645	2023403729.58203
42.2682616666667	1805892424.80078
42.298115	1797864327.01563
42.3302083333333	2056298905.25781
42.3615666666667	1829867052.29297
42.3931383333333	1971743396.21094
42.4240316666667	1823531507.60156
42.4549283333333	1936646255.87109
42.48624	1915046428.24219
42.517075	1922411650.15234
42.548585	2124314598.53906
42.5780066666667	2194001750.89063
42.6085216666667	2017192264.16406
42.6397116666667	2133145471.55469
42.670765	2164930442.35938
42.7020716666667	2193418041.51953
42.734265	2151498467.70313
42.7636816666667	2150343373.59375
42.7956833333333	2118753678.71484
42.827945	1990192247.11328
42.859505	1996377030.26563
42.8904616666667	1963356225.04297
42.92062	2038910748.42188
42.95153	2021778896.19922
42.982175	1950528473.78125
43.0134983333333	2055562462.31641
43.0444466666667	1940542382.92969
43.0769733333333	1878461733.14063
43.1077483333333	1791730519.20313
43.138755	1737381410.66406
43.1698966666667	1808714593.51172
43.2016916666667	1884734822.69922
43.2316666666667	1720991447.9375
43.2631866666667	1800494922.39453
43.2941966666667	1621935949.77734
43.3268666666667	1652994871.65234
43.3577533333333	1660770100.40234
43.3890916666667	1589149442.34766
43.4186416666667	1652603225.24219
43.4500533333333	1647335680.75
43.48008	1651949027.28906
43.5113816666667	1545271359.32031
43.542645	1517695198.96094
43.5731966666667	1626246083.11719
43.6038933333333	1802115044.42578
43.6342566666667	1740382887.74219
43.664495	1650809905.67969
43.6957666666667	1614174470.40625
43.7274016666667	1865098105.82813
43.7584583333333	1728571148.21094
43.7884466666667	1595567418.96484
43.8197083333333	1672165564.33203
43.8510216666667	1840640882.72266
43.8816883333333	1981408373.16016
43.9124166666667	1729022597.25781
43.943625	1787474554.60938
43.9748666666667	1713023284.23047
44.0054216666667	1821674630.18359
44.0355016666667	1653196098.59766
44.0664216666667	1678653855.76172
44.09758	1667989670.23438
44.1282233333333	1714841234.43359
44.1584383333333	1745362684.22266
44.188045	1944594163.08203
44.2186316666667	1608095028.23047
44.2489266666667	1697699403.0625
44.2794766666667	1758348119.71875
44.309685	1813833532.90625
44.3403316666667	1790617338.88281
44.3702166666667	1849190319.50391
44.40124	1850650624.35547
44.433295	1801489030.36719
44.4632583333333	1732483947.69141
44.494655	1888723831.05078
44.52606	1925029103.32813
44.5575583333333	1951307825.19141
44.5886716666667	1883750799.80469
44.6206466666667	2070752752.57422
44.6521716666667	1839841189.78125
44.68376	1801895811.13281
44.714565	1816999201.89063
44.7453133333333	2143290387.23438
44.7755833333333	2023126560.61719
44.8066783333333	1909203699.82813
44.8377966666667	1977873187.16406
44.869135	1851202054.48047
44.9002116666667	1847481600.40234
44.9303783333333	1913974464.77734
44.959845	2033497750.62109
44.990145	1874366144.53125
45.0207816666667	1779458578.08203
45.05145	1788917860.25781
45.0821516666667	1777729141.58203
45.1123866666667	1774290061.28906
45.14367	1722181936.77734
45.1746883333333	1659404162.39063
45.2053216666667	1587661929.03906
45.2362366666667	1668104177.17188
45.266975	1679637163.29297
45.298705	1648667774.71094
45.3300966666667	1636745740.4375
45.3614433333333	1640988351.41406
45.393195	1700435259.67188
45.4244866666667	1685037620.25
45.4560433333333	1660575907.66797
45.4866566666667	1615926566.21875
45.5172066666667	1760240058.55078
45.547795	1775204822.96484
45.579065	1561912514.05859
45.61051	1580139874.75
45.642125	1748384650.1875
45.6728133333333	1577888453.80078
45.7053566666667	1793685734.875
45.7367683333333	1684257918.36719
45.7676366666667	1717894969.76172
45.79857	1881287838.19531
45.8305416666667	1920035459.69141
45.8621966666667	1749096688.23047
45.8936833333333	1796706110.94531
45.9241516666667	1849206810.35547
45.955195	1908193764.07422
45.9860783333333	1923096054.00391
46.01624	1750684138.56641
46.0476366666667	1709024100.59375
46.0788683333333	1844965231.80859
46.1089483333333	1898189338.27344
46.1393	1879778955.52344
46.16988	1869322015.12891
46.200375	1772148054.5625
46.2309583333333	1829359520.28125
46.261665	1756170155.60547
46.292675	1728421716.55078
46.3236483333333	1715221221.30469
46.35371	1570392162.84766
46.3841533333333	1658781911.99609
46.41435	1617387869.30078
46.44539	1641382354.61719
46.4756983333333	1741286482.24219
46.5069216666667	1447243887.65625
46.5371633333333	1510901588.28906
46.5677883333333	1335140227.00586
46.5991916666667	1480904555.85938
46.631475	1503063699.43359
46.6633233333333	1861046136.75781
46.6947616666667	1474394987.73047
46.7256966666667	1589347662.76563
46.7562366666667	1772020966.08203
46.7870166666667	1718415519.52734
46.8183366666667	1810965127.5625
46.84939	1781524232.8125
46.8802416666667	1905432581.57031
46.91141	1848697659.11719
46.9412416666667	2069299665.28125
46.9719516666667	1793194618.84375
47.0026466666667	1726608575.43359
47.0337133333333	1773974594.73047
47.064495	1910793959.19531
47.0960333333333	1908343997.85938
47.1269783333333	1624925239.85156
47.1574383333333	1704636850.37109
47.188565	2046534066.85547
47.2184233333333	1897952766.37891
47.2489333333333	1751092723.81641
47.27986	1723445895
47.311145	1736419445.66016
47.3424866666667	1779019103.34766
47.3732566666667	1775239682.48438
47.4047583333333	1590653068.26563
47.43586	1628679766.36719
47.4668683333333	1477079717.36523
47.4981966666667	1812464067.63672
47.5284466666667	1545027412.28125
47.5594083333333	1514477981.86328
47.5914033333333	1541592901.80859
47.6227533333333	1651779364.64844
47.6545066666667	1727167409.66406
47.684615	1735187185.13672
47.7154983333333	1568609731.45703
47.74715	1910094348.42188
47.7781	1747835439.26563
47.8097333333333	1619645384.07813
47.8411333333333	1719507091.55469
47.8731483333333	1721643697.60156
47.904355	1807743790.28516
47.9349683333333	1695107748.72656
47.9662416666667	1748166463.89453
47.99794	1763325855.46484
48.0307683333333	1839489006.65234
48.0634666666667	1875392324.15234
48.0963366666667	1746926246.94141
48.1287233333333	1850605023.87109
48.1607216666667	1774244102.75781
48.19091	1975803456.37891
48.2229383333333	1718345866.81641
48.252625	1659874487.42969
48.2830466666667	1766128896.78906
48.3148916666667	1776074771.51563
48.3463866666667	1840117252.41406
48.3775483333333	1829736454.96094
48.40877	1808443644.33594
48.4408816666667	1891871682.55078
48.471795	1812551158.10352
48.5045283333333	1610045135.20898
48.5359033333333	1815055915.46484
48.56665	1751409129.47266
48.59842	1803819056.34766
48.6284466666667	1666289674.15234
48.659305	1752469366.32422
48.6907933333333	1785734565.25391
48.7209283333333	1758693399.57031
48.75182	1714876249.28516
48.781945	1737823512.64453
48.8125266666667	1695187213.65625
48.84374	1753480606.5
48.8757733333333	1704990794.87109
48.9065683333333	1587250258.99219
48.9381716666667	1572827394.15234
48.9699183333333	1523281113.01172
49.0005966666667	1571916847.55859
49.0316683333333	1658832946.74219
49.0627616666667	1538313750.69531
49.094215	1487741137.91992
49.1253666666667	1560159592.94141
49.15568	1639683503.80859
49.1861416666667	1507473383.8125
49.2166516666667	1499853692.5
49.2475333333333	1566117548.96875
49.2791783333333	1675395869.65625
49.31023	1366588663.30664
49.340645	1586064751.62109
49.372085	1648654725.92969
49.402785	1689935372.85938
49.4336	1731396240.82422
49.4642933333333	1698388333.26953
49.4950866666667	1812819310.375
49.5253783333333	1721617761.17969
49.5549033333333	1761213147.64063
49.5839716666667	1844934527.50781
49.61525	1767608329.67578
49.6471516666667	1941720388.24219
49.6785783333333	2054521863.60938
49.70947	1890898019.19922
49.7402516666667	1877226748.10938
49.7711433333333	1804795421.60938
49.8025066666667	1770534274.93359
49.8334233333333	1843783731.94141
49.8652183333333	1751211425.35547
49.8966966666667	1734892683.6875
49.9281216666667	1723494114.24219
49.9591783333333	1702474412.85156
49.9902983333333	1793685306.42188
50.02058	1651860671.00781
50.052205	1614718707.48438
50.0835116666667	1657957525.74023
50.1137966666667	1794027604.44141
50.1442283333333	1738722340.15234
50.1749716666667	1614393594.87891
50.2078083333333	1675858284.39453
50.2393716666667	1680570218.06836
50.272295	1754057080.80469
50.30346	1718913143.15625
50.3337816666667	1751682007.17188
50.3649333333333	1739652438.19141
50.397065	1876396615.10547
50.428855	1875221463.42969
50.4599883333333	2022406790.43359
50.4912683333333	1842877135.70313
50.5221083333333	1699014809.26367
50.553925	1821169672.25781
50.5851116666667	1760795760.79297
50.616595	1796046722.18359
50.6474283333333	1830521723.60547
50.6788566666667	2091163839.26953
50.7100816666667	1724100227.98438
50.7417666666667	1747056093.51172
50.7727566666667	1812260244.76563
50.80369	2068148299.39844
50.83503	1789632760.23828
50.8659883333333	1718677691.74219
50.8972966666667	1680053593.53906
50.9283283333333	1600455165.83398
50.959185	1621539153.29297
50.99099	1651613456.56641
51.0234783333333	1531386466.80273
51.054345	1608433817.48828
51.0848316666667	1656871096.54297
51.1161316666667	1665988369.55859
51.1472516666667	1558603069.10938
51.17814	1553581059.17383
51.21007	1595009622.90039
51.2414283333333	1819824484
51.2725966666667	1550490502.46289
51.3038516666667	1517457681.83594
51.3344766666667	1452403693.88086
51.36528	1525187163.68555
51.3959783333333	1441288650.18359
51.42741	1223778585.43555
51.4585866666667	1564039488.04297
51.48905	1497441725.48828
51.51964	1548680811.15625
51.54976	1593230405.98828
51.580735	1549025491.67188
51.6123116666667	1455326565.84766
51.643385	1554042724.59375
51.6741016666667	1639124331.38477
51.704495	1734041674.95703
51.7361966666667	1811335162.20313
51.7680233333333	1739567029.875
51.79934	1779056230.66406
51.83149	1790894070.35938
51.8614033333333	1745898887.13672
51.89263	1727466121.73242
51.9251266666667	1614451035.16211
51.9575533333333	1666895983.94141
51.9892683333333	1619016478.98438
52.0201016666667	1625986366.09961
52.0507683333333	1455038859.0918
52.0831816666667	1561950505.71094
52.11446	1600959322.49023
52.1458583333333	1890530859.87891
52.1772233333333	1615683280.60352
52.208745	1619869911.96875
52.2402016666667	1666974294.15625
52.2729066666667	1587108678.61328
52.3049033333333	1610132204.67969
52.3373883333333	1623467430.1543
52.3693166666667	1682629430.4082
52.4011516666667	1683063683.50781
52.4326366666667	1761558965.2793
52.4647666666667	1606794031.42188
52.4966683333333	1394888018.50586
52.5266983333333	1415852382.62109
52.55815	1335280071.45898
52.5888066666667	1315381642.72852
52.6190533333333	1430710980.72656
52.65046	1598998180.46094
52.68127	1582852297.30078
52.711815	1476890261.76953
52.742545	1629656639.25977
52.7732766666667	1549296560.64453
52.8048766666667	1596058266.51953
52.8360833333333	1536561018.26367
52.8681583333333	1401877203.81055
52.899855	1634979450.98047
52.9319	1376230475.0293
52.9621216666667	1468487933.48438
52.9926733333333	1347346367.11133
53.0231066666667	1324192569.92383
53.0530516666667	1517351297.22852
53.0840783333333	1665808221.66016
53.1139933333333	1559286354.42969
53.1450733333333	1353365968.57422
53.1759183333333	1478387009.7832
53.2070383333333	1439995329.69922
53.2382416666667	1582664196.21289
53.26932	1534471123.75586
53.3012166666667	1525551763.4375
53.3334483333333	1532895753.57617
53.3652116666667	1471064993.89844
53.39673	1498025616.42188
53.427705	1864121678.47266
53.4585916666667	1372441567.50195
53.4898083333333	1351969223.85547
53.5210466666667	1316511357.13477
53.5518233333333	1566320007.80273
53.5829183333333	1424813208.45313
53.6141233333333	1558529257.55469
53.6460883333333	1535248660.29102
53.67804	1596496819.02734
53.709005	1605668770.92773
53.7393666666667	1577400824.31641
53.7708266666667	1697069758.10547
53.8030516666667	1687566446.98438
53.8342266666667	1625271992.66602
53.8654116666667	1609446660.38672
53.8965983333333	1599014738.10156
53.9276216666667	1531470245.10156
53.959485	1442210358.80273
53.9910316666667	1460946045.44141
54.02287	1323098495.54688
54.054165	1405395083.38477
54.0854033333333	1380088872.37695
54.11684	1214562552.73438
54.1485683333333	1321618036.37109
54.1801133333333	1462305113.80859
54.2122483333333	1447011424.43359
54.2438833333333	1277771081.54297
54.27467	1333957014.63281
54.3048783333333	1415700724.57422
54.33535	1450236820.9043
54.36652	1621015422.85156
54.3985583333333	1576808375.94922
54.429215	1565762518.36914
54.4602166666667	1694909187.55859
54.4923916666667	1691492908.06836
54.523415	1603403942.12305
54.5554583333333	1542498526.69727
54.5871316666667	1504671465.41406
54.6187283333333	1501510428.94141
54.649615	1386405423.31445
54.6811783333333	1355923737.45117
54.7120633333333	1377142560.89648
54.7428133333333	1401224264.1543
54.7738666666667	1338070012.00586
54.8044933333333	1340413780.39063
54.8344716666667	1384802911.67773
54.865385	1444953843.85547
54.8965483333333	1520472096.84961
54.92709	1631172887.49219
54.9576433333333	1637097366.49219
54.9884683333333	1487138334.81445
55.0186416666667	1591531477.96484
55.0491066666667	1692289185.85547
55.0795833333333	1599623746.36523
55.111085	1559451782.28906
55.1427166666667	1540491854.5918
55.175625	1748144661.80859
55.2077716666667	1588797194.5332
55.23911	1573396386.22656
55.271235	1606770173.93555
55.3031316666667	1597367748.97852
55.3349966666667	1490859751.05664
55.3676	1348814146.8418
55.4006566666667	1425359607.53125
55.4326583333333	1313830257.35938
55.4658633333333	1480905533.5
55.4985266666667	1395930349.81641
55.5302016666667	1381991863.32422
55.56156	1565552325.12695
55.59478	1582712531.95703
55.6266783333333	1623019110.30664
55.656885	1470747030.04102
55.6866216666667	1440569287.76953
55.7184233333333	1488523760.95313
55.7494266666667	1516490828.97656
55.7793616666667	1528187335.50781
55.8108233333333	1494038518.55664
55.8419266666667	1559615620.32813
55.8738866666667	1484585344.2793
55.9045533333333	1385701508.01758
55.9356633333333	1322271134.47656
55.9666466666667	1273143990.99219
55.998685	1289498909.25
56.0305033333333	1295725692.61328
56.0632366666667	1211822646.70117
56.0945516666667	1088738089.59961
56.125715	1130262305.09766
56.1572466666667	1224674521.69336
56.18802	1104476535.87891
56.2194033333333	1241661585.20508
56.2508966666667	1161506402.53906
56.2818766666667	1279495451.70313
56.3121083333333	1297559051.07617
56.342745	1199001762.16602
56.374775	1458074443.84961
56.4065083333333	1196847412.3125
56.4386266666667	1368182565.86719
56.4697816666667	1321301720.63477
56.50127	1280423806.12695
56.5323466666667	1277170793.05078
56.5640583333333	1660681500.33398
56.5954566666667	1504854388.84961
56.6265883333333	1514670754.93555
56.6573	1502640446.5625
56.6893133333333	1581743156.51367
56.72065	1606412669.76563
56.7512466666667	1651094713.1543
56.782375	1480370205.49805
56.8134583333333	1448975745.42578
56.844345	1369154633.95313
56.87581	1416041952.56445
56.9065933333333	1329171876.42969
56.937755	1338317275.0293
56.9685666666667	1270970468.83984
56.9990483333333	1252712105.5293
57.0307966666667	1386761716.01367
57.0624483333333	1239017970.57227
57.0937233333333	1128782572.85938
57.124555	1276970541.70117
57.1558183333333	1246752663.63867
57.187715	1281359325.89063
57.2198016666667	1376387810.4668
57.2507983333333	1455245558.67773
57.2824733333333	1587860313.96289
57.3135333333333	1479164719.37109
57.3449333333333	1556609148.92969
57.3757983333333	1453357899.59961
57.4060933333333	1512125574.24219
57.436485	1476598122.25195
57.4678233333333	1501581531.99023
57.4994883333333	1342053848.87695
57.5298266666667	1346504828.95117
57.5605483333333	1402963538.82227
57.59212	1336054670.88867
57.6227833333333	1422682160.12891
57.6543183333333	1429872152.19141
57.6858666666667	1333948811.36133
57.7182966666667	1285313761.55078
57.7501616666667	1344846813.48242
57.7819383333333	1281062241.50391
57.8129133333333	1241630650.40625
57.8431716666667	1389459274.92578
57.8726	1596132194.87891
57.903625	1304673093.75
57.9355916666667	1502706561.79492
57.966995	1462982673.82813
57.9980933333333	1549620025.37695
58.0309016666667	1553581660.35742
58.06297	1422237424.37109
58.0949016666667	1443824928.79102
58.126925	1352124415.76172
58.1588383333333	1428593276.30859
58.1899483333333	1329696149.69922
58.2210733333333	1359135297.625
58.2532266666667	1462581854.4082
58.28479	1521086481.87109
58.3151416666667	1585336844.1875
58.3465883333333	1434246318.00781
58.377725	1541699521.83594
58.4086233333333	1453692092.25781
58.4403633333333	1540167144.14063
58.4718566666667	1484675709.01953
58.5025583333333	1451994088.58789
58.534025	1419444419.73438
58.565285	1463980160.01563
58.5964516666667	1399963625.51563
58.6271866666667	1419192965.80273
58.65923	1376552519.4082
58.6905583333333	1377834918.04883
58.7216883333333	1440266334.39648
58.7523983333333	1319076312.71484
58.7837566666667	1414984781.75781
58.8149716666667	1452531498.52734
58.846295	1374819218.96094
58.877415	1353680259.65039
58.9099983333333	1406931786.22656
58.941495	1394033917.9375
58.974275	1309688877.83398
59.006335	1481957126.0625
59.0387466666667	1555597510.08789
59.0709033333333	1408484518.34961
59.1025533333333	1386796189.13867
59.1338466666667	1448983121.14844
59.1657383333333	1393750785.31836
59.1979533333333	1289069388.20508
59.2278683333333	1431870076.56055
59.25914	1357301529.9375
59.2902683333333	1349409150.19727
59.321645	1297485900.28516
59.3535016666667	1326638387.30859
59.384665	1322735649.25586
59.41648	1386301962.07031
59.4468566666667	1333888796.68555
59.4781666666667	1274076682.7207
59.5105616666667	1287065003.24219
59.5417516666667	1222535362.49219
59.57312	1279190585.22852
59.60517	1333172610.64258
59.636265	1313685361.82031
59.667345	1425652351.03516
59.699095	1431569514.02539
59.7301016666667	1484419069.64648
59.7609516666667	1380994904.78516
59.7915233333333	1308561154.89258
59.8232616666667	1315269595.1543
59.8553616666667	1420463044.87109
59.8866966666667	1385052177.94141
59.9177633333333	1360698947.36523
59.9495916666667	1319325395.2793
59.9820416666667	1403080238.1582
60.014625	1206258402.29688
60.0481266666667	1416322956.17383
60.0794933333333	1242503848.31641
60.1124316666667	1287971050.86523
60.1443183333333	1425888257.58203
60.177145	1351472490.08398
60.20815	1188054193.42578
60.24039	1232462905.63281
60.27259	1336249786.49023
60.3046933333333	1205447487.00391
60.3366233333333	1397801206.43945
60.3681866666667	1203796388.85547
60.40003	1282369128.6543
60.431315	1337703357.22461
60.462705	1338539477.64258
60.4938633333333	1263956606.26563
60.5254066666667	1419316171.5
60.5570233333333	1485715452.68359
60.58798	1489460378.55273
60.6196733333333	1334755250.53711
60.6509933333333	1451594709.9043
60.6824283333333	1442364069.48438
60.714185	1383237822.39844
60.74583	1346499142.26563
60.7775583333333	1338919707.41602
60.80956	1474962310.73633
60.8408383333333	1586203727.62695
60.8708016666667	1469218834.79883
60.9022483333333	1494227854.39453
60.9339783333333	1528421158.51172
60.96507	1530107514.34961
60.9973216666667	1454416762.2793
61.0297016666667	1385967886.83398
61.0623633333333	1232966645.42383
61.0941366666667	1369913902.69727
61.1261033333333	1283559878.57813
61.1571983333333	1270301276.66016
61.189005	1212601052.78711
61.220325	1446522928.30078
61.25093	1223594783.71094
61.28175	1244497893.34375
61.3133866666667	1152928655.87109
61.3454966666667	1199250843.77344
61.3765916666667	1215424808.06836
61.40798	1154198419.3125
61.4399966666667	1284035600.97461
61.4707783333333	1147421857.86133
61.5020016666667	1101710151.46289
61.533165	1183444682.66797
61.5649916666667	1273662986.14063
61.5972833333333	1201290981.39063
61.627655	1225420955.9082
61.659455	1335137155.22852
61.6908466666667	1487964715.11523
61.721705	1415361110.63672
61.75363	1406726310.10352
61.7855033333333	1282105318.10742
61.815635	1409739119.0293
61.8466016666667	1428134671.20508
61.877035	1352845579.26563
61.9081683333333	1222808970.55469
61.9402866666667	1344852686.82031
61.9719716666667	1359268544.49805
62.003675	1362283979.91992
62.0347733333333	1358017705.32031
62.0675333333333	1399390353.19336
62.1016916666667	1275423682.4082
62.1358283333333	1410434647.72461
62.1670283333333	1304502088.36523
62.1992016666667	1238370736.32031
62.2311266666667	1300111151.28906
62.2634616666667	1241061956.33398
62.2951916666667	1161894054.02148
62.326745	1165528187.75
62.35862	1091313398.78906
62.390145	1152592604.53906
62.42144	1050701072.36328
62.4530233333333	1044563300.23242
62.4842566666667	1267562247.47656
62.5153233333333	1151952881.875
62.54569	1175279780
62.5757533333333	1186998556.54102
62.60715	1210991760.91211
62.638695	1234712140.54102
62.6693733333333	1310395436.80664
62.70098	1436525670.76758
62.7332466666667	1424626766.05859
62.7654883333333	1421715738.125
62.7980133333333	1393371407.83789
62.8304483333333	1187154667.10352
62.8640316666667	1345921332.03711
62.895905	1210927946.03906
62.92816	1219424935.95117
62.961775	1158242457.58789
62.9955033333333	1126620477.44922
63.0286766666667	1044098659.45117
63.06149	1173394015.51953
63.09416	1046397076.62109
63.1272066666667	1148038224.69727
63.160625	1064785792.57031
63.1923166666667	1161151144.39844
63.224735	1096067824.50977
63.2562066666667	1037700151.38477
63.2871016666667	928245096.697266
63.3192583333333	1052614307.36914
63.3513916666667	1015786491.0918
63.383695	1074305503.34375
63.4154516666667	1015412211.82617
63.448195	977215827.357422
63.480275	1032551794.61523
63.51144	1085806903.14844
63.54293	1127369141.50391
63.574445	1048503462.375
63.6054033333333	1227306698.92773
63.6366816666667	1249848961.42383
63.6682916666667	1167496854.40625
63.7005833333333	1069617573.47461
63.7323983333333	1067657561.08398
63.7648633333333	1103942725.58008
63.7973616666667	1065285664.38086
63.8296483333333	969836937.005859
63.86308	990884309.597656
63.89644	870484535.525391
63.9293216666667	1015336697.60938
63.96232	943279109.009766
63.994635	983999002.097656
64.0271733333333	928885859.927734
64.058455	1019186389.51367
64.090285	1045098123.28125
64.1213016666667	1133990470.29492
64.1515833333333	1056482092.07422
64.1837166666667	1196809812.4707
64.2140033333333	1177548002.51367
64.2439316666667	1243657544.87891
64.2751966666667	1104927271.8457
64.3065216666667	1232254204.77539
64.3385083333333	1151798125.66602
64.3700266666667	1192705027.58984
64.40012	1093081944.98438
64.4316	1140760882.70313
64.4637433333333	1213713088.28516
64.4959083333333	1230892812.00586
64.5285033333333	1274883379.9707
64.5615616666667	1167569120.16406
64.5939883333333	1249681121.56641
64.6261933333333	1134774466.07813
64.6583833333333	1072848509.82813
64.68955	1122189388.69922
64.7205983333333	1172586571.91992
64.750755	1067810218.24219
64.7817916666667	1220592810.3457
64.8150833333333	1140033013.00391
64.84688	1161328165.29688
64.8787933333333	1179354557.02344
64.9106416666667	1136433782.48828
64.9429316666667	1160552337.48242
64.9748016666667	1027168075.04492
65.00526	1246937580.5
65.0359983333333	1065357961.63281
65.0672783333333	1059707445.26953
65.0986183333333	988559128.751953
65.13077	1046293136.19141
65.1622283333333	1209860970.93359
65.1935633333333	1214410702.39453
65.2250516666667	1303379120.36523
65.2567633333333	1319525839.08008
65.2876733333333	1407878975.09961
65.3173533333333	1497576946.96094
65.3494266666667	1585332948.86914
65.38172	1394057775.57813
65.412855	1536972327.66016
65.4440133333333	1452775626.38281
65.4751533333333	1434528389.70703
65.5070033333333	1409313556.54102
65.5385283333333	1357904344.53125
65.5703916666667	1632414050.55273
65.6019366666667	1601724023.86133
65.6338033333333	1618003318.44336
65.6664383333333	1360640758.69922
65.69814	1479716044.83594
65.7296316666667	1654468043.72656
65.7605483333333	1536963415.51563
65.7912016666667	1386832192.32422
65.8224683333333	1426404029.96875
65.8541283333333	1311128968.88086
65.8858983333333	1380308487.33594
65.91773	1284837030.30859
65.9490583333333	1211991202.61523
65.98144	1173614510.55859
66.01328	1233727417.74609
66.0447566666667	1149749881.58789
66.0759633333333	1126172718.07031
66.1074416666667	973541874.207031
66.1390216666667	1125613305.38477
66.1713683333333	1058645852.40039
66.2029366666667	1061110951.2793
66.2351083333333	947578100.818359
66.2680333333333	1074768708.41992
66.29946	1158897894.37695
66.33134	1168085994.45898
66.3627833333333	1185337978.67578
66.3951916666667	1115277525.63477
66.42829	1188511343.35352
66.4607566666667	1115088294.39648
66.4923	1205015795.74219
66.524035	1082363072.57617
66.5567116666667	980667149.871094
66.5901433333333	866428529.867188
66.6224766666667	876083494.867188
66.6558283333333	862039880.516602
66.6873016666667	989709432.871094
66.7196683333333	914949221.599609
66.75106	994644128.886719
66.7823383333333	928905421.091797
66.8136	901820007.849609
66.84384	854639879.492188
66.874395	926905427.859375
66.9053166666667	857576207.539063
66.9371783333333	894209170.601563
66.9686966666667	936185528.416016
67.00102	1012290911.24219
67.0338466666667	923419105.1875
67.0665116666667	985010568.832031
67.098835	996501645.996094
67.1315666666667	1012612518.36133
67.1637533333333	1046644752.70313
67.196175	1098214311.60742
67.2280583333333	1100324273.25391
67.2592166666667	1023349648.28516
67.2915266666667	1033851239.42188
67.3241316666667	1148866793.73242
67.356445	1397902444.15625
67.3896683333333	1167830440.04102
67.4227516666667	1380953582.34375
67.4547183333333	1376265029.06641
67.486915	1442093854.30078
67.51875	1429151731.53125
67.5505816666667	1347518661.41602
67.5825	1472027129.26172
67.6137933333333	1478296990.00586
67.64618	1244955838.73828
67.67844	1347161909.06445
67.7108866666667	1313413581.35938
67.7443866666667	1254524772.21875
67.77777	1173031720.54688
67.8104633333333	1330162719.79883
67.8426783333333	1356388409.68164
67.87408	1383543721.27344
67.9063933333333	1240787539.39844
67.9391283333333	1282024610.06445
67.97049	1352106284.51758
68.0037966666667	1330965592.2832
68.0374133333333	1399438609.55078
68.0702366666667	1207388052.30078
68.1035766666667	1307810863.88281
68.1379933333333	1328387385.23438
68.17011	1228422929.96094
68.2026416666667	1199260245.625
68.2347433333333	953874590.482422
68.2696816666667	1034119063.23633
68.3017483333333	832647952.25
68.3358166666667	864738956.068359
68.3688833333333	596776390.757813
68.401835	706285284.81543
68.4340533333333	598781568.785156
68.4663683333333	546690956.543945
68.4984016666667	545601112.618164
68.5322216666667	553425385.267578
68.5640616666667	567811812.466797
68.5954766666667	600562347.370117
68.6273466666667	622510055.799805
68.65872	636864445.734375
68.6913616666667	628525629.329102
68.7246333333333	748113790.422852
68.7580783333333	638448690.828125
68.79117	759035576.275391
68.8233683333333	718433936.006836
68.8575366666667	766471683.34082
68.8890666666667	725249287.287109
68.9210583333333	757925724.394531
68.9536283333333	727980429.791016
68.9869283333333	700912976.341797
69.02082	751496624.796875
69.0527333333333	728076999.210938
69.0856166666667	669203133.530273
69.117995	608359084.258789
69.1515583333333	611907964.654297
69.1850683333333	658132167.910156
69.2175916666667	565848531.151367
69.249285	686148700.44043
69.2819316666667	550961553.017578
69.3137733333333	580625185.882813
69.3462466666667	605385224.77832
69.3781266666667	505616516.929688
69.4116533333333	642437712.472656
69.44404	635605879.895508
69.477245	572970222.516602
69.5080566666667	685077486.775391
69.539285	651052183.223633
69.570925	655440519.332031
69.602785	682664807.753906
69.6342433333333	751858886.951172
69.6660966666667	707618616.938477
69.69838	819310821.826172
69.73087	731728232.195313
69.7635416666667	742148592.615234
69.7961366666667	685830228.725586
69.8285083333333	759557884.907227
69.8596933333333	697663266.357422
69.890965	780280567.083008
69.9222483333333	736892928.544922
69.9541233333333	776926061.518555
69.98588	783164143.703125
70.016965	804526325.686523
70.048215	769788080.371094
70.08058	729970886.711914
70.1127716666667	832846863.816406
70.1463133333333	795361617.848633
70.1791383333333	766619091.683594
70.2107733333333	646046255.514648
70.2427883333333	695500857.989258
70.2746283333333	695121293.780273
70.3071183333333	636783983.612305
70.33989	620829195.060547
70.3729833333333	695970782.40625
70.4057016666667	771717203.334961
70.4387366666667	690686594.834961
70.4710516666667	696742858.425781
70.5036116666667	735912585.90918
70.5355633333333	707572757.013672
70.568175	724242432.875
70.6014383333333	869128926.797852
70.6338816666667	812749544.022461
70.6661833333333	851600811.598633
70.7002466666667	760914527.40625
70.7355316666667	687868469.803711
70.7679216666667	654577063.553711
70.800395	683909075.946289
70.8325633333333	719593795.698242
70.8654133333333	723259984.529297
70.89812	767784753.798828
70.9306216666667	798127594.996094
70.9614983333333	823184700.733398
70.9937433333333	886354107.615234
71.0260883333333	812153096.859375
71.058005	988338787.796875
71.0909283333333	892943433.976563
71.1235416666667	892506786.140625
71.1555116666667	925103179.005859
71.1877016666667	823591763.040039
71.22036	897234468.075195
71.251955	770950975.652344
71.28463	768294885.701172
71.3179866666667	877021901.791992
71.3497366666667	874942027.671875
71.38268	860246169.035156
71.4156	1004363746.26758
71.4486883333333	826823625.114258
71.4806833333333	947777894.576172
71.5130616666667	1010107005.48047
71.5460266666667	990590833.259766
71.57917	985117777.515625
71.611965	969412989.408203
71.6450666666667	922571864.966797
71.6777816666667	1008456447.19922
71.7095883333333	841563131.03125
71.741875	883199263.970703
71.7750716666667	904308836.982422
71.80609	830786316.189453
71.8381716666667	685780619.646484
71.8711733333333	648276460.824219
71.9041633333333	771559568.658203
71.9357066666667	916929321.697266
71.968425	828532173.363281
72.0008216666667	831114153.121094
72.0333283333333	815880057.4375
72.06751	884878987.588867
72.09885	849964364.119141
72.13244	1007927715.08203
72.1652533333333	904177817.974609
72.1975166666667	861633429.664063
72.2294633333333	919326277.073242
72.2616866666667	879288618.698242
72.29505	792263763.775391
72.3269083333333	778737548.904297
72.359505	768644072.517578
72.3924316666667	783256687.598633
72.4240183333333	797449995.900391
72.4563183333333	692556048.227539
72.4887466666667	749378842.889648
72.5211916666667	696649273.354492
72.552525	774509826.373047
72.5843066666667	694444796.422852
72.6163016666667	783540387.324219
72.6481516666667	847447920.819336
72.68087	847781829.37207
72.71317	782447532.984375
72.7453183333333	733555666.464844
72.7781883333333	665543700.46582
72.8105533333333	639669671.545898
72.842975	627165391.514648
72.87535	622172423.978516
72.9071533333333	717120305.527344
72.9390533333333	598403011.607422
72.9714033333333	615475619.054688
73.0034016666667	629749992.253906
73.03607	625658092.946289
73.0686183333333	668644820.148438
73.10006	770174457.874023
73.1314566666667	744933354.884766
73.1639183333333	859794036.995117
73.1956766666667	772239503.673828
73.2273166666667	764922991.972656
73.2589833333333	818139613.069336
73.291315	771474582.59082
73.32384	1034429250.43945
73.3557316666667	857617131.68457
73.3884716666667	786598444.398438
73.4211783333333	802429278.007813
73.4525283333333	788802610.291992
73.4841866666667	754265046.779297
73.5162766666667	769590331.666992
73.5489533333333	619716805.183594
73.582505	583803066.577148
73.615935	594122570.608398
73.6498966666667	570348390.245117
73.6828966666667	618431273.208008
73.7148833333333	710778162.521484
73.747025	854009225.171875
73.7777433333333	710343824.81543
73.8091266666667	760434559.264648
73.8403783333333	888673460.853516
73.8719616666667	940465793.3125
73.903525	759045444.166992
73.9341033333333	744809409.871094
73.9659366666667	808436557.320313
73.9974333333333	696919167.178711
74.0283883333333	745775952.770508
74.0588366666667	692223974.186523
74.08976	670765420.40332
74.1212116666667	679288221.878906
74.1524716666667	778955189.044922
74.1831733333333	750714511.182617
74.2144383333333	764454862.475586
74.2467616666667	721794641.894531
74.27781	754720735.458008
74.3106816666667	791159582.354492
74.3436033333333	697040150.993164
74.3769633333333	730414438.084961
74.4091616666667	768766939.141602
74.4424266666667	683793695.49707
74.4743716666667	659418903.907227
74.5059	626698923.863281
74.5370133333333	716150084.274414
74.568315	746627425.197266
74.5998316666667	718283162.363281
74.6302083333333	815341721.708008
74.6610066666667	799083062.046875
74.6920833333333	860950028.378906
74.7243483333333	916183939.739258
74.755825	845874251.341797
74.7882916666667	968168554.125977
74.820345	997541812.414063
74.853005	905378307.990234
74.884795	976841539.306641
74.915795	943073278.273438
74.9471866666667	912172415.751953
74.9784433333333	968574809.795898
75.00972	967438988.047852
75.0417916666667	1217408174.63867
75.0732066666667	1096132625.24805
75.1039683333333	941611208.09082
75.1356966666667	1077564328.58398
75.1684716666667	1171301736.22461
75.198815	1265626072.45313
75.230705	977619111.44043
75.262725	1122010947.61719
75.2954783333333	1158224943.57031
75.3285216666667	856352213.823242
75.3614466666667	891384848.220703
75.39375	962117393.091797
75.4272083333333	1031862548.83203
75.4595783333333	917611079.632813
75.4914316666667	812910525.558594
75.52395	634086470.211914
75.5561	579462898.152344
75.5903216666667	734503998.168945
75.6227933333333	588746206.625977
75.6555116666667	522148743.509766
75.6875883333333	495040729.802734
75.72118	548011385.947266
75.75485	526931072.058594
75.7868116666667	553400185.644531
75.8195966666667	636240798.467773
75.8509166666667	944031701.245117
75.8818833333333	864083986.652344
75.912675	1001360174.99023
75.94375	1006563855.33594
75.9747516666667	1031848806.75
76.0068783333333	1275516766.03125
76.0381933333333	1093119043.87109
76.0698333333333	1253947468.23438
76.1013366666667	1111933389.66211
76.1326183333333	1053775449.28516
76.1638966666667	1019671251.01758
76.1952366666667	875641496.854492
76.226725	819497803.679688
76.257835	791743936.665039
76.2886716666667	717156025.912109
76.3209466666667	654035487.964844
76.3538733333333	630877430.011719
76.3873833333333	570144855.345703
76.4200216666667	556836105.597656
76.4527533333333	488463290.376465
76.4846716666667	495197921.311523
76.51615	612641603.460938
76.5483766666667	618943800.703125
76.5811383333333	796466039.561523
76.6134	929316516.193359
76.64516	1109094253.79492
76.6775266666667	1086766486.12305
76.71038	1022885592.69141
76.7428883333333	1064979274.16992
76.7743366666667	993202134.160156
76.8074566666667	1176857570.86719
76.8403583333333	899064173.076172
76.8730416666667	926269412.304688
76.9050066666667	837661100.5
76.937285	866227257.414063
76.969675	791546089.360352
77.001835	780413626.901367
77.0336333333333	749293858.660156
77.0655366666667	683596120.166992
77.0973883333333	787849621.644531
77.12911	646750077.419922
77.1608333333333	600776609.526367
77.194265	616896961.136719
77.2250783333333	779338850.108398
77.2564016666667	632248024.775391
77.2894166666667	644520586.71875
77.3213233333333	591855762.177734
77.3543133333333	564269553.588867
77.3858366666667	570978410.408203
77.4192383333333	454494828.056641
77.4518033333333	459593426.671387
77.483495	458817450.928711
77.5162983333333	585382173.300781
77.5474433333333	668232619.339844
77.5795933333333	777913183.086914
77.6125516666667	756641277.371094
77.6446	736817583.408203
77.6767633333333	747933965.938477
77.7093666666667	665307047.379883
77.7428616666667	634911881.577148
77.7771433333333	594231479.180664
77.8105366666667	531076385.756836
77.84626	560389897.822266
77.8817216666667	535253539.59668
77.9136083333333	556062830.975586
77.9465183333333	630691446.668945
77.9789583333333	554740816.050781
78.012615	550793839.858398
78.04719	503862348.500977
78.0791833333333	451687812.057617
78.1130833333333	383218141.972656
78.146255	415246580.280273
78.1776416666667	405702349.599121
78.21084	453229853.484375
78.2429016666667	445555749.741211
78.2747533333333	484604243.672852
78.3073883333333	500841632.020508
78.3397633333333	573503970.555664
78.3730383333333	643211442.666016
78.40493	584004062.938477
78.4389183333333	537420684.058594
78.4716683333333	476415565.888672
78.5051883333333	465306926.389648
78.53937	422189666.875
78.5744733333333	353932531.797363
78.60635	367518049.038086
78.63857	369349241.455078
78.6702383333333	444735444.170898
78.7018733333333	402013118.667969
78.7344633333333	375209804.889648
78.7695116666667	340868287.266602
78.8040883333333	340180368.843262
78.8373816666667	316080540.189941
78.87137	361285154.559082
78.9044416666667	371721498.96875
78.937395	409410769.794434
78.9703783333333	345644921.90625
79.0017916666667	340409905.529297
79.0351	336257157.96582
79.06973	302945071.234863
79.1044033333333	254617253.270996
79.1385183333333	214230574.371094
79.1746216666667	203185766.865723
79.2114666666667	194962773.137695
79.2445916666667	213929240.190918
79.2788983333333	229342269.728027
79.3155766666667	232637500.569824
79.3501983333333	234143272.492188
79.3835266666667	253967645.997559
79.4181033333333	245262568.709473
79.4559333333333	355237364.519531
79.490165	332675613.224121
79.5225016666667	274038030.802734
79.5587583333333	261653408.520996
79.5937983333333	245701009.631348
79.62761	232780070.206543
79.6628016666667	229810135.624512
79.6970233333333	250681991.437988
79.731355	270178762.966797
79.767675	243571331.403809
79.802015	264477130.312012
79.8397433333333	293007495.391113
79.8748866666667	263592264.473145
79.9073216666667	239857255.925293
79.9451566666667	235818302.560547
79.9799416666667	231829108.041504
80.0143583333333	202306416.213867
80.051075	191603646.03418
80.0862683333333	206779048.361816
80.1208566666667	191269516.766113
80.1566916666667	180159188.731934
80.1937433333333	181996186.734619
80.2289016666667	190835814.804932
80.2633416666667	174464384.267578
80.3013883333333	190829133.569336
80.3398166666667	177612146.424316
80.376645	145476374.297363
80.4121983333333	172874804.274414
80.4492466666667	177439256.196777
80.4877966666667	182664353.943848
80.523885	178317522.691162
80.5626583333333	218941120.815674
80.5997916666667	221844882.138916
80.6371366666667	218115890.375977
80.6734666666667	179189505.841309
80.713045	241789854.019531
80.7505083333333	180406468.480957
80.7863116666667	149485257.672363
80.8216333333333	117344890.956543
80.8599733333333	134317012.540771
80.8961716666667	122129070.990723
80.9330933333333	113938614.451416
80.9731833333333	131035533.020508
81.0122483333333	126448574.806396
81.049595	112107281.148315
81.0888933333333	132883578.502441
81.1277216666667	145743291.280762
81.1641666666667	140039202.320801
81.20067	122171977.36499
81.2378533333333	119744113.350342
81.2714866666667	159948435.447021
81.3088116666667	93291646.7160645
81.3491283333333	114748536.296875
81.3830583333333	111219789.380859
81.4227483333333	90086192.0549316
81.4571483333333	92903589.0168457
81.4983416666667	88558951.8626709
81.5393733333333	87675381.3482666
81.5813183333333	95603581.4533691
81.6229116666667	86434264.0537109
81.6617866666667	82991128.2463379
81.70174	89141266.3557129
81.7404816666667	87586607.4775391
81.781755	94307517.2114258
81.8254383333333	84847330.1723633
81.8697533333333	81667691.3018799
81.90777	80595748.1883545
81.9510716666667	79828443.6705322
81.994385	75365818.8474121
82.0389716666667	65057743.6208496
82.079635	69747479.0354004
82.1230166666667	67085870.6994629
82.1638866666667	66749530.1722412
82.2040183333333	67647994.4703369
82.246425	83007987.8843994
82.282585	71152740.4824219
82.3230666666667	88504198.0871582
82.362165	88793980.5018311
82.4014233333333	109576080.097412
82.43868	103586639.280762
82.472535	95186365.6529541
82.5154833333333	99097729.6202393
82.5529533333333	115995821.170166
82.5912666666667	123096039.971436
82.6276433333333	133985397.422852
82.6657	160599235.849609
82.7035133333333	168139549.971924
82.74276	141531327.923584
82.780585	121383792.087646
82.8216033333333	94763499.6191406
82.8609933333333	97037084.3959961
82.8993366666667	85658512.973877
82.937665	65563622.8226318
82.97609	82745423.0056152
83.0147516666667	65211893.4066162
83.058365	74441570.9091797
83.1008966666667	76711225.611084
83.1392116666667	100670667.817383
83.1776583333333	73246222.5281982
83.21939	73010904.5909424
83.2613383333333	79756145.1524658
83.3026316666667	71503383.6812744
83.3451116666667	64590986.3664551
83.3879983333333	76768340.2614746
83.4285083333333	73532665.4787598
83.47001	57122357.854126
83.5057333333333	57921322.7059326
83.5489266666667	55792347.6560059
83.5908766666667	49000035.0955811
83.6331883333333	56701305.262207
83.6771633333333	64387445.0281982
83.714495	59523854.5341797
83.7563683333333	58193565.5367432
83.7995933333333	75269954.0462646
83.8422683333333	58849609.3026123
83.8853083333333	62244367.2175293
83.9258666666667	51673257.894165
83.9696466666667	59397349.6105957
84.0096366666667	52951384.9029541
84.0507733333333	41655231.2079468
84.0961666666667	52204456.8978271
84.1382183333333	60972137.4716797
84.1839916666667	67486745.6314697
84.2263816666667	70201540.744751
84.27178	65591643.3239746
84.311975	70359605.7220459
84.35079	53640312.9931641
84.3962466666667	66073413.2657471
84.4389933333333	56208837.9830322
84.483675	56221737.1132813
84.5196583333333	53524472.6411133
84.561835	58628563.2056885
84.60699	61069537.3605957
84.6493016666667	85570977.7545166
84.69392	68445181.3594971
84.7386483333333	49672172.03125
84.7832166666667	53840699.428833
84.8269166666667	49969275.2104492
84.8707166666667	52351669.0482178
84.9157183333333	46996776.6131592
84.9592433333333	48775457.8477783
85.0032	50611150.7971191
85.04502	43253412.2059326
85.0890216666667	41445161.6988525
85.1344016666667	42998854.626709
85.1790783333333	42003008.1380615
85.2252783333333	46907433.4226074
85.2682933333333	43890594.4188232
85.3138516666667	42071740.6594238
85.35832	36374093.2814331
85.4029683333333	38829764.6186523
85.44859	43655458.505127
85.4934783333333	41759930.7277832
85.5307266666667	43820534.0352783
85.57292	38495295.5897217
85.6168166666667	41425850.1647949
85.6581116666667	42739087.4588623
85.70326	45592728.7960205
85.747395	40996665.5892334
85.79414	47695384.1793213
85.8384033333333	47662625.9932861
85.8822033333333	41597290.7158203
85.928435	47259396.0008545
85.972815	43998565.638916
86.0149516666667	41739737.815918
86.0589733333333	38825564.932251
86.1019033333333	49934895.3356934
86.1471833333333	42152570.7647705
86.1921233333333	41143396.6608887
86.2370716666667	45443430.5627441
86.28372	31547855.0181885
86.330585	33828704.0303955
86.3737066666667	32094717.0595093
86.4196916666667	39443327.5855713
86.4632083333333	35336591.2875977
86.5089366666667	37766156.0541382
86.549535	38885511.5059814
86.5909916666667	45694978.052124
86.6346483333333	42173100.7111816
86.6760516666667	42609214.2513428
86.7223516666667	47387421.883667
86.7657183333333	46667884.34729
86.8108166666667	38642377.5471802
86.8518516666667	35932256.3936768
86.8965316666667	42045524.2613525
86.943365	38692513.6746826
86.9888833333333	37885167.2513428
87.032115	33716245.7629395
87.0778783333333	33185716.0637207
87.1233733333333	33161871.7007446
87.1702633333333	34396464.2423706
87.21628	34393597.6386108
87.2612716666667	31569064.7698364
87.30839	38540429.9784546
87.355345	41294564.0432739
87.4025866666667	42803020.9313965
87.4482266666667	36732605.3004761
87.4931733333333	43368920.1070557
87.5396516666667	48820054.5300293
87.5805733333333	38887194.2075195
87.621185	35252406.6386108
87.66772	32535360.4077759
87.7111516666667	33318316.5408936
87.7565633333333	34598023.9731445
87.8026066666667	40735241.6809082
87.8470366666667	32723226.4182739
87.8937716666667	32650410.1103516
87.9386266666667	31828911.1376953
87.984845	37234713.2313843
88.030665	32042193.0761108
88.0768733333333	38941189.9487305
88.1224483333333	31845888.9632568
88.1682983333333	31090045.2647705
88.21512	35483640.7074585
88.2606666666667	33415229.1188354
88.3072316666667	29356189.6484375
88.3526533333333	35239414.4121094
88.3974233333333	33286954.5228882
88.44215	33162782.9147339
88.4874966666667	32102726.5824585
88.531325	34078683.5219116
88.5779866666667	34247598.7229614
88.6207133333333	32090605.9360962
88.6644583333333	31069850.6089478
88.710145	31642364.1337891
88.7534483333333	32802599.0913696
88.7995816666667	34421506.0366821
88.8472516666667	27893159.3707275
88.8927433333333	30818441.1431274
88.93797	28553480.4567261
88.98071	32200621.4835205
89.0268866666667	30212091.3407593
89.073745	32580721.5953979
89.1171816666667	26238394.4365234
89.162795	29400641.8692627
89.2097816666667	30300793.3218994
89.2571533333333	30902374.7578125
89.3026616666667	29697396.3016968
89.34895	31546230.2116089
89.3932616666667	31318733.0241699
89.4390866666667	28309333.6282349
89.4852683333333	23204740.7956543
89.5315216666667	26634914.5402832
89.5779433333333	27149847.9630737
89.6238983333333	27942301.1514282
89.66799	28722358.190918
89.7102433333333	23570471.6959229
89.7573616666667	25894920.3505859
89.80104	26381803.4710083
89.84764	27261346.4087524
89.89202	28416693.8782349
89.93796	28015480.378418
89.98158	24144136.9109497
90.025075	26669280.6936646
90.0705666666667	25621092.8203125
90.1173333333333	29551418.5374146
90.1609466666667	28150556.2927246
90.2066483333333	26515141.918457
90.2535916666667	29365978.5859375
90.2998183333333	28878136.2835693
90.34361	27295403.2001343
90.3904966666667	26402516.9856567
90.4362983333333	29098863.2780151
90.4819383333333	25641274.4415894
90.5282816666667	23404066.2495728
90.575325	22017436.4976807
90.6199666666667	22482564.9013672
90.6666416666667	22480683.8995972
90.7122133333333	21688439.1179199
90.7563233333333	20833506.1882935
90.8032816666667	25950232.8692627
90.84728	30762339.1611328
90.8928666666667	24748544.6894531
90.9377	20935940.4760132
90.984225	27856512.8877563
91.028015	20362840.664856
91.071	20897297.0849609
91.1147266666667	26689292.5424194
91.160975	23776094.8102417
91.2056716666667	19378040.8349609
91.252405	22006113.7377319
91.2991916666667	21618529.7393188
91.3449583333333	22030795.7615967
91.3911233333333	20826746.1081543
91.4381533333333	18607594.081604
91.4834033333333	21631659.6212158
91.528945	20155113.9137573
91.575325	17718352.9277344
91.6221166666667	24741220.4803467
91.6692683333333	20244458.2116699
91.7157366666667	19844199.6668701
91.7616183333333	19651803.1244507
91.8064183333333	17509107.5360718
91.85389	19520159.8152466
91.898585	19636874.8519287
91.9459566666667	20893279.135498
91.99047	19241522.8235474
92.03729	19375916.2390137
92.0784983333333	21321947.5429077
92.12391	17122600.3787537
92.1695366666667	18608510.5812988
92.2140283333333	19490803.5826416
92.2609483333333	21040392.8712769
92.3079583333333	21975327.8129272
92.35494	18918206.7571411
92.400445	17431086.1311646
92.4478816666667	17681053.6729126
92.4926166666667	19842104.744873
92.5384516666667	19100872.1173096
92.5840933333333	17032567.9995728
92.6311033333333	15566353.7522888
92.678425	18433028.2017212
92.7244866666667	15986334.1220703
92.7697116666667	23793572.826355
92.8151033333333	14420056.4380798
92.8615733333333	14747936.1731567
92.9062533333333	18870881.543335
92.952145	19517679.4795532
92.9975683333333	14886160.7983398
93.04477	15685495.9642334
93.0870683333333	17086611.3391418
93.1316566666667	12777189.285675
93.17836	12871554.627655
93.2238533333333	15112028.6474915
93.26985	15849641.6360779
93.3147966666667	15866580.7536926
93.360825	14869705.1025696
93.407655	14485026.2012024
93.4537466666667	13975484.7329102
93.5006516666667	15412528.2406311
93.5457116666667	14081187.7053528
93.5911383333333	16522035.9258118
93.6384	14968443.6422729
93.6855083333333	16217791.8060913
93.7321366666667	16054066.8598633
93.7776833333333	15002930.0726624
93.8246016666667	14089404.9331055
93.871205	15613620.8244019
93.9144133333333	20287229.1210327
93.96052	18725358.4736938
94.0061166666667	23755065.9197388
94.0526516666667	21143867.9188232
94.0954283333333	26241490.7198486
94.1401816666667	22059763.9052734
94.1869583333333	29421745.3879395
94.2292066666667	23656488.4012451
94.2763666666667	26999107.9709473
94.321785	36218593.2611694
94.3693033333333	32098211.8546143
94.4150066666667	32854469.8877563
94.460125	31737722.0735474
94.50728	29325107.3952026
94.550295	35023607.2865601
94.5961366666667	38244981.0559082
94.6404983333333	35203709.4437256
94.6858683333333	35428283.3408813
94.73067	33483367.7161865
94.7759733333333	33043255.4624634
94.8193083333333	31953720.8851929
94.8650316666667	35049346.1524658
94.9101033333333	33316984.5565186
94.9536116666667	30193903.2200317
94.9982966666667	30725158.7492676
95.0430116666667	31128559.0189209
95.0893233333333	28252487.8165894
95.1329133333333	28295348.2781982
95.17851	30787703.4745483
95.2241866666667	26495493.895874
95.267705	28890019.3202515
95.3145533333333	28689309.973938
95.359525	32227641.4892578
95.4059683333333	24892606.6288452
95.44859	29615916.6192627
95.4922316666667	25838764.3568726
95.5374633333333	27672457.1730957
95.5818066666667	28342505.729248
95.628325	30158476.460144
95.6726983333333	24796329.2123413
95.7176133333333	26514679.5814209
95.7615216666667	27808391.6920166
95.8078816666667	23151235.368103
95.85326	22968821.1152954
95.899565	20743113.2348633
95.9454783333333	22198896.428772
95.987445	20236074.3280029
96.0334566666667	22420201.130249
96.08002	21432912.8984985
96.1263833333333	21523712.2014771
96.1714716666667	21729458.1237793
96.2163966666667	23555867.2699585
96.2625216666667	19736303.8219604
96.30803	20055673.9360962
96.354455	17360862.0805664
96.3991166666667	18019056.6820679
96.4447683333333	20157716.9020996
96.488065	17697731.8274536
96.5335916666667	17160122.4771729
96.5794933333333	18351595.2366943
96.6225216666667	17184428.00177
96.6680166666667	16495250.1419067
96.7138283333333	17374995.1328735
96.759505	17212762.1098633
96.8038	18983729.2915039
96.8492166666667	17119797.7026978
96.8947666666667	16247298.4116516
96.939505	13728007.3043823
96.9849166666667	15177019.4826355
97.0297133333333	15283187.4079895
97.075245	13790513.6985168
97.1204916666667	13920810.6222839
97.1656533333333	15147333.3662415
97.2110133333333	14442397.4596558
97.25613	13590198.4227905
97.3014033333333	12214822.012085
97.34585	14671918.290802
97.391125	12899046.7322693
97.4364766666667	12551674.540741
97.4815516666667	12849947.8255005
97.5269433333333	13357957.7977905
97.5721633333333	12763787.5722656
97.6174616666667	10676945.2778625
97.6622916666667	13421323.9754028
97.7080716666667	10923958.4296875
97.75339	11676629.4703064
97.7992133333333	11808340.7433777
97.844735	13129664.6551819
97.889535	12281196.061676
97.9341466666667	10857593.2152405
97.9795283333333	11273440.471405
98.0252883333333	9817110.24417114
98.0699066666667	10939866.3868713
98.1135866666667	9871083.24685669
98.1589033333333	9764956.5994873
98.2039116666667	9607660.70626831
98.2492283333333	10109697.1972656
98.294135	10629950.2529907
98.339395	9201371.67953491
98.3847416666667	9622661.93756104
98.4294766666667	8663118.84133911
98.47374	8565022.14251709
98.518565	8450387.84945679
98.5641416666667	9022159.24420166
98.6098233333333	7247821.40206909
98.6548733333333	7708238.08930969
98.6995916666667	8583507.70648193
98.7445166666667	7479061.53848267
98.7891583333333	7279424.84205627
98.8337616666667	6988999.42997742
98.878435	6370066.06437683
98.92374	7231748.50665283
98.9674266666667	7275482.64974976
99.01187	6270810.09371948
99.0569533333333	6034150.15524292
99.1011416666667	6275359.72966003
99.1452816666667	5660399.3918457
99.1898316666667	5237698.79573059
99.2344933333333	5555918.209198
99.27972	4542368.05900574
99.324245	5431538.29846191
99.36867	5329582.77676392
99.414335	5474823.65875244
99.4583466666667	4755492.38574219
