RetentionTime	Intensity
0.00549	1433.15891838074
0.02393	1938.79907989502
0.0544483333333333	1506.35452079773
0.0849	1383.6270570755
0.115425	1218.20626449585
0.145876666666667	1471.1263217926
0.176493333333333	1232.8491601944
0.206853333333333	1397.1836681366
0.237388333333333	1534.8771686554
0.26783	1407.81864929199
0.298355	1738.77263355255
0.32881	1617.21600818634
0.359423333333333	1630.1501159668
0.389783333333333	1362.24899482727
0.420308333333333	1572.01403522491
0.45076	1202.42767810822
0.481285	1813.90183162689
0.511753333333333	1868.88669967651
0.542351666666667	1662.1259803772
0.572711666666667	1491.10420799255
0.603243333333333	1965.20600223541
0.633688333333333	1358.75597858429
0.664211666666667	1739.72936153412
0.694663333333333	1808.99795722961
0.725285	1421.83830070496
0.755641666666667	1642.78440952301
0.786165	1675.9166059494
0.816616666666667	1717.59427165985
0.847141666666667	1479.40876579285
0.877595	1445.99214839935
0.908208333333333	1752.93763446808
0.938568333333333	1376.53079032898
0.969101666666667	1497.73168087006
0.999545	1614.64685630798
1.03296333333333	276447.717674255
1.08486	297157.206760406
1.12760333333333	338554.930953979
1.17243	367037.180221558
1.21720666666667	338129.891845703
1.263235	364558.507095337
1.30945333333333	383685.180778503
1.35493666666667	349418.547187805
1.40096666666667	328852.845954895
1.447205	352486.355285645
1.49369666666667	394411.017723083
1.53935333333333	383060.154708862
1.57794833333333	339199.228309631
1.62106333333333	395504.856552124
1.65615166666667	341730.743484497
1.68048333333333	326467.023498535
1.70827	392322.759788513
1.75435166666667	372989.154464722
1.78588	366943.17816925
1.81014	359253.103225708
1.83042166666667	381483.599372864
1.87698	360439.475830078
1.89726666666667	379738.643531799
1.92877666666667	403586.081184387
1.97525666666667	422211.045593262
2.02023333333333	373076.685852051
2.05567	381797.562088013
2.09767	342880.615432739
2.13894666666667	412509.985160828
2.17345666666667	425027.353218079
2.218955	456978.06048584
2.26190333333333	397732.755622864
2.30793	419915.767570496
2.35409833333333	483488.87789917
2.39988333333333	399268.758544922
2.43818	457316.164039612
2.48368666666667	400705.852485657
2.52288	389262.807228088
2.56907166666667	415866.282348633
2.61483833333333	363024.960014343
2.66139833333333	468609.664855957
2.70747166666667	433773.53817749
2.73912833333333	434034.799240112
2.77442333333333	458899.739074707
2.81975333333333	425795.297874451
2.86621	416137.435188293
2.91196333333333	388444.966651917
2.95102	400860.429244995
2.99003	393680.507637024
3.02923333333333	430093.984931946
3.0534	426335.900230408
3.09586833333333	440082.166313171
3.13654333333333	420819.589309692
3.17743	468315.392745972
3.221895	424307.882583618
3.261045	426567.124107361
3.305095	421968.51158905
3.34029166666667	409871.06463623
3.383035	469732.874641418
3.42781833333333	488047.634963989
3.47419166666667	482199.688674927
3.52043166666667	479381.153846741
3.56656666666667	493455.854103088
3.61219666666667	474909.17552948
3.657895	482670.871795654
3.70384833333333	461973.563652039
3.749635	437889.603012085
3.79578666666667	446969.909301758
3.841585	452819.066574097
3.88743833333333	509244.456871033
3.93291833333333	444858.767883301
3.97938833333333	434400.010231018
4.0255	467351.11403656
4.0704	481999.160324097
4.11635	463098.949577332
4.156925	461695.913284302
4.19794	470386.970535278
4.24315666666667	529548.212265015
4.28954666666667	450603.208686829
4.33319166666667	478480.192207336
4.378885	479876.109466553
4.42441833333333	437568.672302246
4.47020833333333	487853.576072693
4.51657166666667	482839.762588501
4.56224166666667	475391.576286316
4.607925	437959.168243408
4.65458	451186.521751404
4.699985	484611.428215027
4.74643	492082.274688721
4.79245166666667	464249.637359619
4.83888333333333	487303.30834198
4.88534	457293.519439697
4.93156166666667	490846.568840027
4.97720166666667	497772.616645813
5.02302833333333	500505.566093445
5.06944166666667	496079.663391113
5.11574333333333	540246.792373657
5.16149833333333	552014.763702393
5.20175833333333	560049.764396667
5.24382333333333	489663.090103149
5.28853333333333	520056.475021362
5.33542833333333	574798.260528564
5.37950833333333	538908.281402588
5.42444833333333	534032.294113159
5.470695	534686.873832703
5.51544666666667	528474.641792297
5.561475	533351.193283081
5.60766666666667	562974.771072388
5.65405666666667	515506.524124146
5.70061666666667	551293.069778442
5.74622166666667	487549.460403442
5.79291333333333	534962.860046387
5.83851	542540.924263
5.88480833333333	535695.563903809
5.92979666666667	573490.665168762
5.97635666666667	587724.119674683
6.02198833333333	576476.65158844
6.068115	577975.269554138
6.114015	744072.220100403
6.16039333333333	561262.228591919
6.20625166666667	579686.411308289
6.24668166666667	599797.648971558
6.28800333333333	574186.383079529
6.33361833333333	543460.114097595
6.379635	595378.150253296
6.42386666666667	568639.525665283
6.46970166666667	612009.984283447
6.514955	559154.29108429
6.560265	552281.414474487
6.605315	573752.017616272
6.65140333333333	614213.103614807
6.69766833333333	600502.746063232
6.74396333333333	631683.104934692
6.78949666666667	569865.098648071
6.83572	634010.35357666
6.88188833333333	775841.221488953
6.92829166666667	549933.742462158
6.97374666666667	610235.241165161
7.019835	644479.31111908
7.06560333333333	553973.752952576
7.11122166666667	615838.063865662
7.15673166666667	603173.021720886
7.20134	702323.242263794
7.24658333333333	633788.705055237
7.287755	654275.787536621
7.33034333333333	690964.287094116
7.37581	663945.082206726
7.42116166666667	725532.537284851
7.46641333333333	681655.458473206
7.51159	745862.640022278
7.55704	679334.901672363
7.60103	654405.172592163
7.64651833333333	638535.842201233
7.69187833333333	665171.832618713
7.73672666666667	646648.260887146
7.78185666666667	635618.766365051
7.82687833333333	617720.591682434
7.87256666666667	642048.031723022
7.917755	705612.609992981
7.96322666666667	641049.923545837
8.00945333333333	631046.275024414
8.05503	671718.560646057
8.10046666666667	708679.177467346
8.14569833333333	743149.596992493
8.19117166666667	717616.747070313
8.23516	707833.964363098
8.280295	703913.826438904
8.3224	625340.566757202
8.366625	610960.972442627
8.41132666666667	696976.684463501
8.45625	710498.731643677
8.50226	667969.322914124
8.54718166666667	755850.260093689
8.59158666666667	785185.11781311
8.63678666666667	719377.955314636
8.68279333333333	757915.314239502
8.72911333333333	873581.559654236
8.77377333333333	768319.266418457
8.819585	833746.189682007
8.86500666666667	742901.354110718
8.90996666666667	746388.591575623
8.95536333333333	774388.007102966
9.00088166666667	782622.630149841
9.04699333333333	752471.89755249
9.09194333333333	778467.174880981
9.13804	790975.74180603
9.18375333333333	775739.176124573
9.22846333333333	835554.298332214
9.27235166666667	844578.817756653
9.317735	873942.027671814
9.35997166666667	964368.544532776
9.40467166666667	782886.48614502
9.44985333333333	847278.808418274
9.49462833333333	865592.485588074
9.53997333333333	803418.905426025
9.58533333333333	857847.843612671
9.63003833333333	822325.947227478
9.67521	798343.341850281
9.72026	862372.735168457
9.76507333333333	886008.242591858
9.80986	784869.756111145
9.85535833333333	751492.631752014
9.90083833333333	761948.397102356
9.94568833333333	846961.984268188
9.99113333333333	811374.130371094
10.0368533333333	735599.733375549
10.08232	808746.162139893
10.128225	885926.745285034
10.172805	842188.360099792
10.219705	763681.105995178
10.2652316666667	837206.528427124
10.310345	869976.02104187
10.3550233333333	794185.080932617
10.3992533333333	859327.819869995
10.44362	878480.685325623
10.488535	925711.554626465
10.5342783333333	978529.814834595
10.58014	877521.884246826
10.62574	885823.470741272
10.670645	852042.177116394
10.7158766666667	814642.884643555
10.761605	912930.285240173
10.806675	861293.399337769
10.851685	810915.86517334
10.8978033333333	904905.861312866
10.9427183333333	878246.139068604
10.9889816666667	835764.550346375
11.0349	865557.462173462
11.08072	901988.626152039
11.12581	938635.139572144
11.1715633333333	989479.658668518
11.21645	890452.664329529
11.2626166666667	878666.352920532
11.30833	903514.326446533
11.3531066666667	923799.412330627
11.399495	1030444.2536087
11.441745	1091207.99123383
11.4863116666667	1182967.10817719
11.5321133333333	1538847.77724457
11.5775266666667	1274401.72444916
11.6226366666667	1289337.62786102
11.6696983333333	1359463.1432724
11.7161466666667	1212486.21069336
11.7617166666667	1167785.40151215
11.80764	1059334.99146271
11.854435	1152817.97744751
11.8993816666667	1270189.73013306
11.94574	1048310.49547577
11.99207	1062098.12253571
12.0386666666667	1119652.27577209
12.0849066666667	1115933.12224579
12.1315966666667	994646.193687439
12.1779983333333	1008267.2113266
12.2230816666667	902648.979347229
12.2694616666667	1019373.14172363
12.3146733333333	976371.784698486
12.3596333333333	997182.774261475
12.405705	957202.490737915
12.449335	995311.991973877
12.49442	984651.516334534
12.541385	961909.782348633
12.5874183333333	1071844.36688232
12.6336933333333	1265293.56423187
12.6785383333333	1322866.37323761
12.725115	1505252.94433594
12.771075	1311067.63748932
12.8174766666667	1346663.13972473
12.8637983333333	1185113.10387421
12.9107966666667	1130823.92444611
12.957895	1119793.7578125
13.003675	1147171.75986481
13.0506833333333	1053683.93489838
13.09746	1098302.10754395
13.14414	1011658.83296967
13.190395	922776.729423523
13.2363183333333	1085851.88570404
13.2829416666667	1113508.82616425
13.3279583333333	1109735.03207397
13.3729466666667	1154259.56231689
13.4200583333333	1216617.16326141
13.4655466666667	1110899.20635223
13.51228	1199383.74710846
13.5574783333333	1113874.31685638
13.6039233333333	1076470.55208588
13.6504533333333	1060171.7120285
13.6970566666667	1112322.42275238
13.7442816666667	1124185.32839966
13.79073	1239073.38904572
13.8361666666667	1069753.61649323
13.882705	1195656.89137268
13.92822	1217490.57765961
13.9742816666667	1150195.18190765
14.0200916666667	1231997.27257538
14.0665366666667	1257619.62076569
14.1134666666667	1376871.850914
14.1599633333333	1428729.51867676
14.2059166666667	1319660.94488525
14.2512533333333	1276855.49358368
14.2986683333333	1294085.48012543
14.34474	1247245.22815704
14.39015	1307001.87586212
14.4368816666667	1447311.91332245
14.4836466666667	1445654.16709137
14.5295283333333	1478076.6611557
14.576475	1377783.73497009
14.6226483333333	1398693.13874817
14.6693466666667	1235789.74526978
14.7150833333333	1283822.82171631
14.7624583333333	1194746.573349
14.8081633333333	1184552.40787506
14.8543866666667	1410699.44176483
14.9009633333333	1414538.98638916
14.947765	1421994.32492065
14.9938933333333	1499700.37119293
15.0399	1423847.82452393
15.086495	1474074.74671936
15.133275	1661087.22485352
15.1780933333333	1398475.76369476
15.2246183333333	1468486.32241058
15.2698566666667	1540309.77058411
15.316685	1579937.21169281
15.3627033333333	1769740.41722107
15.40771	1995777.85414886
15.4543716666667	2090692.49551392
15.50008	2002508.75060272
15.54693	2001867.21234894
15.5943233333333	1891802.60929108
15.6412033333333	2042564.46626282
15.6877216666667	2186723.47750854
15.7347966666667	2298304.9979248
15.7815666666667	2294417.18680573
15.8276033333333	2072656.30146027
15.87356	1762836.18720245
15.9205866666667	1701075.0611496
15.96662	1591034.72460175
16.0131283333333	1422903.62955475
16.0592433333333	1389027.65713501
16.1053483333333	1328730.86494446
16.152125	1226822.49389648
16.197975	1349992.86499023
16.2451783333333	1376503.91374969
16.2908333333333	1316428.76467896
16.3383416666667	1466248.98995209
16.3848016666667	1526966.49581146
16.4292133333333	1614882.53039551
16.4764533333333	1568521.54257965
16.5238333333333	1758871.03125763
16.57012	1999274.92494965
16.6167683333333	2415013.81216431
16.6629816666667	2454058.08691406
16.7091433333333	3085096.79462433
16.7546583333333	3176388.35089111
16.80046	3889132.41438293
16.8457333333333	3627741.62593079
16.8927266666667	3741814.44723511
16.938	3958940.03192139
16.9848766666667	3113479.01295471
17.03174	3222600.53375244
17.0774816666667	2756893.93836975
17.1244883333333	2161084.45662689
17.1712866666667	1965912.64539337
17.218365	1913205.29650879
17.264605	1605837.41347504
17.3110016666667	1782722.97814941
17.3580166666667	1581229.08952332
17.4050933333333	1596375.57853699
17.4510633333333	1603379.66660309
17.4981633333333	1926135.88113403
17.5454583333333	1679292.86354828
17.5923783333333	1749395.34898376
17.6391416666667	2039609.60157013
17.6855733333333	2274324.72918701
17.732395	2121312.88121033
17.7786	1942317.74998474
17.8250383333333	2025586.25521851
17.8717916666667	1962447.42653656
17.9171666666667	1962599.17514801
17.96323	1885039.68331146
18.0102483333333	2269521.21781921
18.056925	2279179.1227417
18.1044316666667	2129189.44247437
18.1504783333333	2027080.26013947
18.1972583333333	1898032.7224884
18.2439016666667	1983413.79872131
18.288795	1529029.3991394
18.336345	1942701.99484253
18.3829716666667	1926223.53065491
18.4292216666667	1877583.13449097
18.47643	2332857.5520401
18.5216716666667	3490475.55375671
18.5662266666667	5735654.66969299
18.6094233333333	10737874.0087891
18.651925	15701616.4934998
18.696405	16945208.4164734
18.7414133333333	16013794.806366
18.7843733333333	14184818.4679871
18.8296966666667	13432614.7657471
18.8742083333333	10643816.9417114
18.920485	10037620.5897522
18.9657266666667	9410284.7355957
19.01146	9301237.44293213
19.0576533333333	9578300.57678223
19.1044716666667	10460933.5768585
19.15095	14851725.601532
19.1964566666667	12065683.5592651
19.24121	11571152.8644104
19.2864633333333	8675605.07923889
19.3319916666667	7615580.54266357
19.3783766666667	8952575.50125122
19.4240983333333	6066116.2808075
19.4715016666667	5480298.19297791
19.51739	5670570.46472168
19.5615916666667	6056838.52340698
19.6070766666667	5231799.60983276
19.6513566666667	5952849.7538147
19.6952383333333	6132328.72221375
19.7411583333333	7037546.89682007
19.7869233333333	6820653.08482361
19.831855	7093158.8086853
19.87759	7136639.99894714
19.9233116666667	9241265.10211182
19.968075	9445144.79325867
20.0132633333333	9551190.29498291
20.059475	9919195.76275635
20.1039066666667	10582992.4768066
20.1462666666667	8727364.33795166
20.1922483333333	8315304.65431213
20.239955	8642675.27212524
20.2868033333333	5801923.93652344
20.33385	6388350.11534119
20.380155	5547557.69586182
20.4258566666667	6547297.51211548
20.4718066666667	7333821.04626465
20.5172266666667	6621197.61727905
20.5628766666667	7037869.02159119
20.60824	7697891.52177429
20.65412	8459384.77481079
20.6997566666667	9020951.99029541
20.744095	8159866.41841125
20.7894333333333	8550276.11053467
20.8343316666667	10125101.7497253
20.8811533333333	8251607.4296875
20.926615	7523327.23474121
20.9725433333333	6631646.49853516
21.01905	7354038.01078796
21.06415	8167803.11036682
21.1071916666667	15302788.0923767
21.1515433333333	18372959.8522339
21.197005	22051640.2182922
21.2430783333333	28284509.7353516
21.289535	24593934.7044067
21.3347	22570366.2498779
21.3783566666667	19482356.2061768
21.4244233333333	18345475.7873535
21.4680916666667	13572079.8383179
21.513135	12260270.7121582
21.555495	9500552.23934937
21.60221	10671551.8231812
21.647855	9536767.30667114
21.6934816666667	8502074.50201416
21.73855	10402497.4790649
21.7836566666667	9115698.31625366
21.8294183333333	8859576.42932129
21.8760816666667	8735444.91448975
21.9210833333333	8760094.11468506
21.9689966666667	8221221.37683105
22.01584	8979235.00088501
22.061985	9904194.27114868
22.1080966666667	10708560.8920898
22.1529683333333	11266986.2605896
22.1979716666667	11979474.7977295
22.2432816666667	11934594.5788269
22.2904066666667	12476844.5199585
22.3366116666667	12351180.0299072
22.3815933333333	10287539.3129883
22.4264983333333	11211525.4249878
22.4722533333333	14380478.1251526
22.5153333333333	17349628.8985291
22.5612066666667	23796462.5224609
22.6029933333333	26643034.5786133
22.6487616666667	23707884.1085815
22.6948333333333	22488593.031189
22.7398966666667	16682210.286499
22.784335	15762036.3605347
22.82936	15420275.3265686
22.869435	13949294.2772522
22.9141133333333	13962305.6405945
22.9598066666667	13957556.0016174
23.0013466666667	13095060.9251709
23.0456733333333	13505277.2654114
23.0922766666667	14635939.5162048
23.1369416666667	15989145.8771973
23.1773916666667	18010159.7679443
23.2212933333333	17167818.2850342
23.26436	17352383.4738159
23.3082816666667	19022600.8668213
23.352755	20242118.9104004
23.3973683333333	19499138.8237915
23.4421433333333	21227521.6798706
23.487645	21064296.043457
23.5309233333333	19575386.6913452
23.575535	20701278.7572021
23.619505	21711461.7893677
23.6639466666667	22098575.5895996
23.709815	18904789.2028809
23.7537816666667	20492687.156189
23.7980533333333	18959506.9465332
23.8435416666667	17854310.1113892
23.8881233333333	20657814.897644
23.9316583333333	23175227.3330078
23.9751116666667	31371767.0037842
24.0206283333333	38869523.9460449
24.0654016666667	46605176.3934326
24.1076716666667	50234700.2167969
24.14711	45635127.2681885
24.1928683333333	44149774.006958
24.2351916666667	34694633.8086548
24.2773616666667	36093192.6849365
24.321045	35291638.8709717
24.364845	37708088.2426758
24.4065383333333	38669977.8564453
24.44774	38356802.371582
24.4920116666667	35419462.3253174
24.5359583333333	40230158.5603027
24.575565	34888684.1704102
24.618485	53541472.444458
24.6616266666667	73908137.3803711
24.70355	115541815.922607
24.73955	126560217.730469
24.7765216666667	134383588.769043
24.8144066666667	139846368.78418
24.84903	129483159.953125
24.887155	130974876.761719
24.91902	145350904.561523
24.9557066666667	134948810.772217
24.9922366666667	150491196.337891
25.0270466666667	155363524.461914
25.06351	211624065.575684
25.10308	265697058.1875
25.1377316666667	352033041.578613
25.1697683333333	364827635.454102
25.2031716666667	341749259.919434
25.236425	326474198.427246
25.27117	322549534.019531
25.3039633333333	327828511.910645
25.336585	315480781.614746
25.3682983333333	270263764.465332
25.401885	268610847.888672
25.4342983333333	327623580.01123
25.4647933333333	411687988.226563
25.4952066666667	446026178.438477
25.5267783333333	465777058.683594
25.5586966666667	482229222.268555
25.5912016666667	454161869.128906
25.6240716666667	526560623.587891
25.657025	626888057.023438
25.68869	751231757.555664
25.720175	742536833.607422
25.7509666666667	810391287.229492
25.781285	916233756.526367
25.81183	1040310090.01953
25.8424683333333	1173253037.89648
25.874485	1179774545.44922
25.9062683333333	1057738973.97852
25.9377683333333	1201794347.82227
25.9685816666667	1167374180.35352
25.9994583333333	1344984618.4082
26.0299283333333	1152326321.23828
26.0620783333333	1321232761.47852
26.0930233333333	1262333863.68555
26.1231266666667	1324408282.25977
26.1538833333333	1415818893.03906
26.1836916666667	1417792701.07617
26.2130166666667	1674369659.02539
26.2427783333333	1771471121.05469
26.2724183333333	1850653811.09766
26.3018116666667	1668858284.68359
26.3320166666667	1707201090.69727
26.3622366666667	2151207571.16016
26.3910666666667	1769652595.10547
26.4212066666667	1952280857.36719
26.451615	2038936435.04883
26.4801966666667	2073504963.46484
26.510245	2113305332.72266
26.539685	2241531502.43359
26.569035	2380480633.80469
26.59953	2491794903.70703
26.6302233333333	2663215951.65625
26.6607566666667	2495042739.78906
26.6910116666667	2694074797.57813
26.7218066666667	2733837511.57031
26.752915	2742870818.94922
26.7838433333333	2467194271.79688
26.81411	2513683206.35547
26.8446766666667	2431026219.47656
26.874695	2649593105.70703
26.906155	2630052185.08984
26.9365383333333	2669698628.63672
26.96635	2727482095.38672
26.9977883333333	2803231379.59766
27.02751	2985265498.99219
27.0579483333333	2722523516.10547
27.0887066666667	2661010070.94922
27.1201783333333	2829545630.34766
27.1508316666667	2582988883.56641
27.181305	2771013082.67188
27.21126	2816559972.32422
27.2429833333333	3621160341.1875
27.2737166666667	4059976517.16406
27.3045783333333	3835473340.41797
27.3349416666667	3866379071.70313
27.364685	3893164118.24609
27.395855	3851230115.90234
27.4268883333333	3882361338.87891
27.45721	3448392220.53125
27.4870566666667	3228219818.37109
27.5151966666667	3065527993.76953
27.5448433333333	2888554927.48828
27.57488	3019054756.39844
27.60455	2918641009.33984
27.633925	3018715927.00781
27.6644066666667	3156039701.67578
27.6949116666667	3675594326.28125
27.72475	3137667246.42578
27.7545033333333	3399630711.36328
27.7844433333333	3775338866.13281
27.8146466666667	3668424753.63672
27.844415	3419339607.90625
27.8752183333333	3559711280.58594
27.9056433333333	3410985847.0625
27.9362083333333	3324709900.35938
27.9673633333333	3241551865.84375
27.998535	3126962258.64453
28.02971	3216745013.68359
28.0604233333333	3561869239.89844
28.0901566666667	3449540458.60156
28.1206866666667	3342238857.29688
28.15201	3708854189.03516
28.1831033333333	4137114282.26953
28.21418	4277446153.82813
28.24398	4009273590.56641
28.2742616666667	4073640473.39453
28.304145	4112539973.26563
28.334755	3936983417.54688
28.3648416666667	3582334932.07422
28.3957116666667	3612651289.15625
28.4254816666667	3636193019.31641
28.4558316666667	4472704735.17578
28.4876733333333	3978754532.13672
28.51966	3795362544.31641
28.5488333333333	3595837464.02344
28.5793716666667	3305735840.21094
28.60963	3426569273.03516
28.6388116666667	3228614631.70313
28.66853	3341188062.27734
28.6983883333333	3103603068.54297
28.7274483333333	3185029533.28906
28.7569116666667	3211618416.08203
28.78683	2951455037.29688
28.8160033333333	3262466369.93359
28.8468266666667	3189610128.53906
28.8773866666667	3191138171.63672
28.90794	3135813739.67188
28.9386583333333	3241786253.25781
28.9691766666667	3161504263.16406
28.99885	3321423445.73047
29.028075	3250400958.27344
29.0587616666667	3324186589.14063
29.0904283333333	3344307258.11719
29.1212816666667	3501829242.62109
29.1519383333333	3421514570.72266
29.181595	3541218348.71875
29.21161	3402340493.21094
29.2417116666667	3457143204.28906
29.27302	3309054395.78125
29.303395	3317660658.78516
29.3327483333333	3317796328.76953
29.36343	3274293706.95313
29.3939383333333	3244898711.21484
29.4239066666667	3491339848.96875
29.4543466666667	3162220349.62109
29.4857616666667	3238360983.53516
29.5147666666667	3364765948.02344
29.5442733333333	3143973765.17188
29.573155	3102981292.875
29.6036316666667	3036714905.4375
29.6341183333333	3151144800.91797
29.66634	3205550910.07031
29.695825	3037018878.44531
29.724005	3245820601.40234
29.7530383333333	3012100390.55469
29.7813033333333	2903299938.29688
29.81117	3023214643.13672
29.842165	2778392505.05859
29.87194	2726980732.61328
29.9007433333333	2835806431.96484
29.93093	2826468985.57422
29.9597416666667	2623371654.53516
29.9889283333333	2640506642.83594
30.01857	2984437052.83594
30.0478883333333	2986167617.66406
30.0784783333333	3244961024.16406
30.1086933333333	3219830365.39844
30.138465	3296364303.77734
30.1679933333333	3698096887.375
30.1979166666667	3507490433.25781
30.2278866666667	3543227459.94141
30.2580066666667	3578015291.28125
30.2893233333333	3826272980
30.3203666666667	3895907511.375
30.3503216666667	3749620695.55859
30.3817116666667	3397111470.3125
30.411825	3356663278.62109
30.44253	3385100689.29297
30.4727716666667	3196086808.13281
30.5026533333333	3195953368.82422
30.532315	3194051166.77734
30.5631516666667	3020219287.19141
30.5934833333333	3183861799.03906
30.624	3123828117.20703
30.654425	3229582300.96484
30.6835466666667	3036322051
30.71386	3278513907.52734
30.74305	3315342355.51563
30.7732583333333	3128014956.95313
30.8035116666667	3341845537.43359
30.83422	3268133695.65625
30.864725	3591614441.76953
30.895845	3251315207.75
30.92637	3365252023.48828
30.955005	3378484691.10938
30.9839416666667	3473164810.57813
31.013795	3290515603.20313
31.044185	2974901948.1875
31.0734783333333	3076256607.41797
31.1021066666667	2951080505.02734
31.1309816666667	2950996081.17188
31.15991	2830886783.15234
31.1881583333333	3158551483.61328
31.2171716666667	3269991654.15234
31.2464616666667	3316952625.24219
31.2753366666667	3360562062.73438
31.30537	3438665956.32813
31.3360583333333	3521417192.22656
31.366105	3539532679.51953
31.3960566666667	3502476874.83594
31.4256016666667	3555966580.83984
31.4564533333333	3656919942.10547
31.4869933333333	4153679925.98438
31.51705	3528903729.57031
31.5489	3423202620.00391
31.5806066666667	3163408684.65234
31.6112366666667	3106782971.22656
31.6425266666667	2928639236.75
31.6728316666667	2649757559.43359
31.7041866666667	2795271684.97266
31.7350583333333	2858078374.41016
31.76532	2842863364.49219
31.794935	3041268168.32813
31.823685	2923379827.43359
31.855005	3056631427.72266
31.8846683333333	3315521867.99219
31.9136866666667	3122932831.66016
31.9434633333333	3140585020.08203
31.9732066666667	3351837810.17188
32.0037833333333	3028646693.12891
32.0336016666667	3093523838.61328
32.06281	3055614603.99219
32.0927583333333	2932270198.44531
32.123795	2986506003.67969
32.1559083333333	3023222571.06641
32.1873283333333	3069442835.99609
32.2187216666667	2950162262.33984
32.247405	2957565660.07422
32.2766633333333	2850481658.53906
32.3070216666667	3155721593.39063
32.3380333333333	3108766210.50391
32.3679183333333	3120954781.33594
32.3978133333333	3264126753.55859
32.426925	2749912488.18359
32.4577083333333	3281559757.21484
32.4882166666667	3021429433.57422
32.519135	3165449942.40234
32.5495583333333	3044098795.64844
32.581245	3059626844.81641
32.614005	2736468328.63672
32.6450933333333	3032900948.77734
32.6748483333333	2870916290.4375
32.7048466666667	2771845226.76172
32.7356366666667	2721320709.23828
32.765735	2722168834.75391
32.795595	2832537700.78125
32.82656	2864455383.49609
32.8553866666667	2863443477.33984
32.8868683333333	2889723357.37891
32.9166933333333	2834044905.21484
32.94752	2883979032.88281
32.9775033333333	2926038675.63281
33.0085766666667	2260376516.9375
33.0399183333333	2725466164.83594
33.0707816666667	2912781506.69141
33.09984	2790359587.77734
33.128705	2677620894.75
33.158925	2808955494.60547
33.1892333333333	2918394221.33594
33.217945	3046344022.03516
33.2480916666667	2896847604.89844
33.2787483333333	2953602078.43359
33.3094033333333	3071369943.63672
33.3409266666667	2846878118.17188
33.3723983333333	3038603119.6875
33.4037166666667	2993325414.77344
33.435225	3097347294.46094
33.4650466666667	2609268235.05469
33.497325	3219640006.45703
33.5265916666667	3104427178.74219
33.5566516666667	3211781983.57422
33.587915	3274815278.5
33.6178316666667	3092437311.73828
33.6481416666667	3106073679.35156
33.677085	3072352939.28906
33.7057616666667	2888440188.04688
33.7356566666667	3097925834.89063
33.7668966666667	3281001585.75
33.796945	2730949471.88281
33.828465	2792057813.78516
33.8589116666667	2870894894.87109
33.888635	2899439390.83594
33.91754	2713059508.05078
33.947295	2835338931.89844
33.9771533333333	2764793128.55078
34.0072533333333	2771170848.82813
34.03689	2768330478.02734
34.068065	3093618284.24219
34.097115	2957380391.51953
34.1265616666667	3041248985.42578
34.1556483333333	2980267107.90625
34.1871816666667	2877197528.29297
34.2162683333333	3037328592.07422
34.24691	2916691923.24609
34.2769716666667	3026676662.72266
34.3072783333333	2994193120.5
34.3369666666667	3061297259.94531
34.36478	3178598448.32422
34.3952366666667	3053985302.35938
34.4264333333333	2984577603.84375
34.4555133333333	2920105072.34766
34.4871783333333	3093454247.78125
34.5177033333333	3108915039.28125
34.5474683333333	2963211383.82813
34.5770783333333	2940060957.86328
34.6067	2888175407.41406
34.636985	3017517865.25391
34.667685	2922081966.71094
34.6986383333333	2972572960.47266
34.7299683333333	2864987606.94922
34.7615116666667	2852657540.875
34.7916683333333	2892985490.55469
34.82211	2777765505.93359
34.8539733333333	2641333427.78125
34.8848616666667	2942971985.16016
34.916105	2811640672.53906
34.947815	2749637933.46484
34.9779683333333	2827513239.97656
35.00805	2765579266.05469
35.0385	2957561786.94531
35.0687616666667	3060287265.67969
35.0992533333333	3190636003.17188
35.1292733333333	2976269324.76953
35.1596266666667	3017373419.90625
35.1900016666667	2885020484.27734
35.22043	3054016293.94922
35.2506183333333	3022356900.36328
35.28144	2825215681.41797
35.3128683333333	2865689756.58594
35.3421333333333	2605726565.72656
35.37246	2820769961.58984
35.4020616666667	2643797137.13281
35.4319183333333	2785832805.36328
35.4624833333333	2797111694.82422
35.4927766666667	2943946670.35156
35.522895	3051591578.75391
35.55466	3009345685.33984
35.583175	2901704710.60156
35.6140466666667	2876293109.63281
35.644905	2993237718.58594
35.67536	2879187594.53516
35.7050016666667	2855382054.09766
35.73557	2846060494.62891
35.765275	2737262803.12109
35.7949933333333	2985949704.16016
35.8236633333333	2844146465.89453
35.853095	2785250475.13672
35.8836016666667	2632662292.75781
35.9134516666667	2764003575.17188
35.9435383333333	2930878252.63672
35.9733883333333	2752836440.92578
36.0023233333333	2672065521.01953
36.03167	2873237403.78906
36.0613483333333	2710767260.5
36.0903033333333	2701203791.0625
36.1190366666667	2979493197.20703
36.1494283333333	2818863592.73438
36.179525	2940467546.89844
36.2101733333333	3023990538.51563
36.2403183333333	2995556998.58984
36.26978	3194375175.66016
36.2996016666667	2953989596.78906
36.3297783333333	3056418981.30859
36.361075	3061558809.00391
36.3924383333333	3144718740.87109
36.42279	3017269876.48828
36.4541	2984154535.44141
36.4857033333333	3239387956.08594
36.516685	3223345692.93359
36.5483533333333	2934694528.07031
36.57865	2839786487.51953
36.6082166666667	2805070198.5625
36.6383566666667	2929870731.39844
36.66839	2739035901.50391
36.6988216666667	2970853354.66797
36.72942	2876741828.64063
36.7603383333333	2995879565.17969
36.791045	2951566670.6875
36.8219366666667	2756575035.29688
36.8522483333333	2984956686.8125
36.883185	2958344375.57031
36.9137633333333	2781836218.48828
36.9447216666667	2772086446.38281
36.9742533333333	3114115482.88672
37.0055866666667	2816890435.98047
37.0369683333333	2763724117.46094
37.0673566666667	2567887461.34375
37.097895	2763547885.875
37.127165	2821500787.85938
37.1568483333333	2680036258.23047
37.188345	2831055068.57031
37.2192083333333	2730739039.29297
37.25055	2839874109.23438
37.2804666666667	2824717207.66797
37.3113883333333	2844122189.55859
37.3405966666667	2559919997.08984
37.3706266666667	2575634132.20313
37.40092	2661922647.56641
37.429675	2562645714.72656
37.4602583333333	2545696975.71875
37.4895166666667	2597704397.16406
37.519485	2734034214.64844
37.549095	2686256530.45703
37.57948	2503749053.10938
37.609395	2839277167.03516
37.63924	2835769882.82813
37.6672283333333	2949164266.35547
37.6975366666667	2875550305.83203
37.7277966666667	2678782610.25
37.7584883333333	2951939485.875
37.788935	2693557860.49219
37.81911	2777989719.64453
37.8488716666667	2709022310.64844
37.878665	2697660890.46484
37.90875	2803941571.5625
37.9407016666667	2756242444.73828
37.9725183333333	2811203337.03906
38.0031083333333	2817371878.98828
38.034035	2847631059.49609
38.0648183333333	2786389549.88672
38.0956366666667	2939572604.95313
38.1263216666667	2839270558.20313
38.15667	2946627535.86328
38.1880916666667	2861282236.07031
38.218875	2784253476.69141
38.2494166666667	2746443138.71875
38.280205	2715885902.38281
38.3097733333333	2775182946.38672
38.340115	2805564770.04297
38.3696533333333	2814314496.68359
38.3999366666667	2765373235.44141
38.42956	2791291237.36328
38.459415	2685266831.42969
38.490015	2653355534.66016
38.5201416666667	2972730702.11719
38.5493066666667	2759945217.05078
38.5801466666667	2896693310.23047
38.60954	2827908421.38281
38.6394316666667	2811299043.86328
38.66858	2814836614.76172
38.6985466666667	2807712379.25
38.728165	2829213977.63281
38.757825	2892082619.23828
38.7873466666667	2935424506.30078
38.81631	2939522085.55469
38.8467516666667	2802167318.11328
38.8762316666667	2958427673.35547
38.9064566666667	2749482513.90234
38.93491	2778684786.50781
38.9649516666667	2998162911.14063
38.9951466666667	2899364479.81641
39.0249333333333	2853464836.74219
39.05555	2655635236.23438
39.085395	2735185997.98438
39.11477	2825777772.19922
39.1444566666667	2853480075.39063
39.1733683333333	2630532523.08203
39.2023133333333	2890554707.46875
39.2313933333333	3023054999.26172
39.2607083333333	3195986838.33984
39.2914116666667	2988126212.42578
39.322165	3466214222.35938
39.3517316666667	3239426280.96484
39.3820366666667	3295059835.08984
39.4116816666667	3251559740.14844
39.4420233333333	2973119631.03125
39.47262	3111304088.08203
39.504355	2975184139.50391
39.53393	2982447677.58984
39.564455	2909266444.76563
39.594135	2929476146.10156
39.624045	2911260288.19141
39.6545116666667	2835104809.26563
39.6828316666667	2719958125.28906
39.7122083333333	2669121343.20313
39.741645	2807067850.48828
39.771515	2905441907.60156
39.8006816666667	2874763319.94922
39.83144	2823000898.46875
39.8608466666667	2874043053.92578
39.8917783333333	2846807280.20703
39.92082	3004833018.20313
39.950925	2926169798.72266
39.9812316666667	2981424823.09375
40.0116083333333	3128710259.42578
40.0424433333333	3123248156.46484
40.07324	2959434571.03125
40.10301	2933198301.01563
40.1336733333333	3002197295.24219
40.1639833333333	3121184387.54297
40.1932983333333	3094950274.67969
40.2257783333333	2936446385.23828
40.25621	2966936469.73438
40.286785	3022066349.55078
40.3175533333333	3024574843.75781
40.348265	2956630104.00391
40.377955	3116890455.55859
40.4067933333333	3115442413.85156
40.4377933333333	3207865019.42578
40.4674766666667	3213489366.03125
40.4963833333333	3128047299.30469
40.5259983333333	3151342054.85156
40.5563866666667	3252168453.34766
40.5861083333333	3247302254.71875
40.616865	3310149443.81641
40.6481333333333	3276840454.15625
40.677955	3380546656.33203
40.7077066666667	3346055625.9375
40.73871	3117754879.57813
40.7698966666667	3089542119.89453
40.7990983333333	3088371132.05469
40.828855	3054513681.59375
40.8593133333333	3013004619.30469
40.8906666666667	3040013165.59375
40.9210766666667	3089878786.33594
40.95275	3017903153.10547
40.98423	3043103397.82422
41.014915	3038507237.33984
41.0461466666667	3073212307.67578
41.076155	3282495888.25
41.1066266666667	3215790661.78125
41.1366783333333	3005012866.79688
41.169685	2945225182.04688
41.2003216666667	3164602692.44531
41.2322266666667	3285126626.07422
41.2627316666667	2958066153.75391
41.2943183333333	2913117536.32031
41.3250466666667	3084444583.55469
41.3550183333333	3016312920.6875
41.3841916666667	2681270277.55469
41.4150433333333	2548816508.50391
41.4457033333333	2796245679.65234
41.4756066666667	2831238805.53516
41.5050616666667	2791482172.26953
41.53487	2944808305.59375
41.5644933333333	2757938857.27734
41.5946116666667	2977751642.10938
41.6251466666667	2933201201.50781
41.655695	2830164012.41406
41.6852783333333	2790707801.34766
41.7150283333333	2748173575.26172
41.7459083333333	2700438219.8125
41.7756683333333	2713549393.53516
41.8056583333333	2606350819.67188
41.8358333333333	2844256572.86719
41.8667233333333	2823928480.97656
41.8962633333333	2841120407.28906
41.9260733333333	2744246504.46094
41.9557616666667	2744948493.20313
41.98618	2874594809.66797
42.0160066666667	2910924427.07031
42.0463616666667	2812099957.125
42.0771866666667	2833624341.75391
42.106795	3037704756.49609
42.1370766666667	3131147942.00781
42.1665966666667	3032794108.51953
42.1975016666667	2971010986.51953
42.2273466666667	2933827204.5625
42.2574433333333	2974164645.49609
42.28626	2952388372.51953
42.31605	2932255088.54297
42.346805	2967582596.97266
42.3763933333333	3067805956.78516
42.405445	2960510009.18359
42.435225	2969948830.00781
42.4659766666667	2875410086.98438
42.4966916666667	2826728581
42.52626	2882828204.00781
42.556485	2883734158.89844
42.58686	2871378513.58203
42.6172783333333	2700469004.29688
42.6478883333333	2808758081.23047
42.6781966666667	2758363245.98438
42.7091716666667	2841057565.14844
42.7400133333333	3084784957.35938
42.7711083333333	3019869528.33203
42.802545	3145724460.60156
42.8325383333333	3220928888.76172
42.8629266666667	3168340821.72266
42.8936316666667	3250435209.37891
42.9246233333333	3384967554.50781
42.9557516666667	3259799669.04688
42.9872183333333	3270439055.31641
43.01822	3382721258.57031
43.0486866666667	3271948892.43359
43.0794766666667	3472124239.48047
43.11152	3573764236.69922
43.1427566666667	3292428950.40625
43.1744683333333	3304629964.80078
43.2055116666667	3356549065.71875
43.2364483333333	3284050869.83984
43.267665	3313243393.40625
43.297445	3320434286.83594
43.3278366666667	3283199312.74219
43.3581133333333	3210975202.80859
43.38938	3103095973.08594
43.421585	2994619325.17578
43.4537066666667	2935633423.01953
43.4846966666667	2949241565.43359
43.5151766666667	2816882391.375
43.5459083333333	2560250212.69531
43.5768466666667	2743244197.26953
43.6071766666667	2671446781.43359
43.638385	2527326605.58594
43.669365	2505178854.65625
43.6998466666667	2613112459.8125
43.7295533333333	2575240465.10547
43.7599983333333	2558988851.98047
43.7896433333333	2481836278.14453
43.8203783333333	2679180366.79688
43.8493116666667	2677614539.65234
43.8798516666667	2586717983.13281
43.90968	2708027386.63672
43.9404116666667	2703508388.67969
43.9707116666667	2844389938.11328
44.0015083333333	2830297753.27734
44.0319683333333	2937270294.40234
44.062335	2932470123.31641
44.0924166666667	3070178914.08984
44.1245216666667	3269288268.46484
44.156025	3211067147.33594
44.1875466666667	3198340785.73828
44.2187533333333	3233905800.41797
44.2499866666667	3145500347.20703
44.2810866666667	3203896880.35938
44.3116533333333	3094934304.34375
44.3428466666667	3098514971.94141
44.3739216666667	2836844580.44922
44.4049483333333	2776215642.12109
44.4360033333333	2749726087.81641
44.4669283333333	2714523208.85547
44.49686	2578571732.10547
44.5262633333333	2791520211.55859
44.555285	2733497736.19922
44.5849216666667	2622108917.07422
44.6161133333333	2624356555.46094
44.6464666666667	2897313374.85938
44.6766533333333	2851638327.71094
44.7074983333333	2878315102.72266
44.7383133333333	2827553783.08203
44.769425	2957998001.57813
44.8012483333333	3228226847.50391
44.8323666666667	3041436846.12109
44.8631233333333	3128936184.78906
44.8937233333333	3135973946.70703
44.9236933333333	3186329617.29688
44.95421	3200073902.9375
44.985035	3307062157.63672
45.01507	3259671131.83984
45.0465166666667	3351941408.48047
45.07707	3370671281.17578
45.108125	3309035911.04297
45.1403783333333	3205351445.89063
45.171355	3330065730.54688
45.2035666666667	3388736279.30469
45.2342416666667	3305692794.87891
45.265245	3201488866.63281
45.2961633333333	3371284466.91406
45.3280516666667	3263166248.56641
45.3582866666667	3208728715.40234
45.39009	3343332832.80859
45.4214533333333	3282527026.70313
45.45299	3409534395.28906
45.4841883333333	3232729261.13672
45.514975	3226580296.45703
45.54632	3480275105.81641
45.577685	3203943565.59766
45.6092633333333	3430800320.17578
45.6415816666667	3116504807.97656
45.6732716666667	3168624726.73047
45.7049566666667	3270324401.95703
45.7369416666667	3165133592.03516
45.7682	3239677364.83203
45.7990016666667	2973344667.61328
45.83108	2884201669.51172
45.8622166666667	2836708705.19141
45.894055	2574404380.46875
45.9251716666667	2814822697.80078
45.9559483333333	2838438436.4375
45.98826	2700124144.20703
46.0198016666667	2675396039.97266
46.05017	2706330391.58203
46.0812366666667	2680778300.42578
46.1119666666667	2853222868.28516
46.143065	2761950132.12891
46.1740733333333	2967973581.53516
46.2049033333333	2971924587.21875
46.2356966666667	2756293117.16797
46.2663	2812564250.50391
46.2969116666667	2760776349.82813
46.3276866666667	2828274644.84375
46.3580066666667	2786267429.53516
46.388895	2945786955.37891
46.4195416666667	2737779275.39063
46.4502166666667	2713600294.80859
46.4806183333333	2873256410.0625
46.511815	2884133726.10156
46.5432533333333	2766672528.25781
46.57348	2825481377.64844
46.6047833333333	2884239194.97656
46.6354666666667	3048434316.92969
46.665705	2840277811.03125
46.6965916666667	3105437674.32422
46.7264966666667	2980410911.80859
46.7582033333333	3180384317.44141
46.790685	2916134855.55078
46.822845	2923378157.85156
46.8544133333333	2992016697.11328
46.8867666666667	3047557785.02344
46.9173883333333	3025773860.88281
46.9493333333333	2986419483.72266
46.9808616666667	3008945272.87109
47.01134	2907116778.23828
47.042335	2937880358.35156
47.0734566666667	2949061839.90234
47.10484	2686054314.42578
47.1362916666667	2770874754.35938
47.1685433333333	2623719178.75391
47.199045	2810280285.50781
47.2308866666667	2752424016.28125
47.2616683333333	2747874719.88281
47.2921766666667	2794002554.79297
47.3238083333333	2580772355.30078
47.3558466666667	2558380674.76172
47.38724	2873388739.45703
47.4182733333333	2822885311.24219
47.4504583333333	2749538744.98828
47.481065	2633889570.18359
47.5131716666667	2751740846.19922
47.542325	2687779577.01563
47.5728033333333	2665864939.83203
47.604285	2759154538.42969
47.6344983333333	2862936011.58984
47.6655516666667	2689179416.28906
47.6956166666667	2619459602.96094
47.7255183333333	2454364555.23047
47.75671	2403635041.84766
47.7874916666667	2591050848.20313
47.818425	2501665643.86328
47.8490183333333	2307580373.82813
47.8797616666667	2248322669.14063
47.9111966666667	2240195969.13672
47.9417066666667	2352478634.26563
47.9734033333333	2450518402.79688
48.003485	2453942393.14063
48.0329466666667	2664682489.17188
48.063275	2673749911.01563
48.09375	2636765765.62891
48.1258833333333	2718414020.625
48.1570416666667	2709683937.00781
48.1881933333333	2700729301.40234
48.2178783333333	2728032515.61719
48.2496566666667	2613607060.29688
48.2806066666667	2721282103.88672
48.30984	2710086861.35938
48.3419583333333	2598039720.43359
48.37292	2595999296.00391
48.4048983333333	2410382479.23828
48.4354766666667	2612822739.15234
48.4664766666667	2623238919.49609
48.4968366666667	2626633128.70313
48.5288333333333	2552676839.36328
48.5600066666667	2602792181.23438
48.5904716666667	2651312399.25781
48.6212066666667	2498294820.25
48.6522466666667	2612994969.51953
48.6826316666667	2489953219.1875
48.7142866666667	2571675954.20703
48.745715	2759352443.44141
48.7771316666667	2666015844.30469
48.80733	2623859131.33984
48.8373566666667	2847101928.87109
48.867625	2901328084.28516
48.89736	2738013750.38672
48.92825	2813125638.87109
48.9592433333333	2926918278.77734
48.9896216666667	2884736242.86328
49.0195333333333	2808823579.27344
49.0510266666667	2648503367.23438
49.0814766666667	2701548403.21094
49.1130316666667	2538680118.03906
49.1432266666667	2714969068.20313
49.174505	2542645520.67969
49.2058916666667	2457606455.10938
49.237205	2393356744.3125
49.2691483333333	2415648446.76172
49.300325	2403839554.18359
49.3318616666667	2539499684.36328
49.3634966666667	2588685821.97266
49.3945366666667	2574026133.61328
49.4254033333333	2355729067.84766
49.4559183333333	2438108407.30469
49.4879133333333	2361332997.12109
49.5192116666667	2333415785.89453
49.5512316666667	2189395373.48438
49.5818633333333	2150140315.20313
49.61285	2203722790.16406
49.6453316666667	2548424968.14453
49.6767783333333	2375786913.05469
49.7085816666667	2372613394.55469
49.7391966666667	2454811022.12891
49.7708983333333	2881194287.42578
49.8006633333333	2435327915.28125
49.8307116666667	2389500978.72656
49.861085	2394596440.53125
49.8923866666667	2362892453.83203
49.9229666666667	2528444991.56641
49.9519166666667	2531107377.57031
49.981525	2621426386.83203
50.0107966666667	2969980056.42969
50.04252	2581062088.52344
50.07372	2514397574.98438
50.104495	2469472925.45313
50.1351866666667	2531026422.48047
50.1660766666667	2652211032.23828
50.197875	2657694927.07422
50.2292033333333	2644164535.05469
50.2609466666667	2877578114.05469
50.2928333333333	2717584843.63672
50.3238	2609881597.22656
50.355655	2589840531.44531
50.388275	2771497640.34766
50.4205883333333	2701036877.51953
50.4521033333333	2680389802.63672
50.4832983333333	2626577417.5
50.5139783333333	2432522847.99219
50.54589	2524864009.35547
50.577835	2529733504.51172
50.60973	2311532675.33203
50.6420166666667	2382001381.21094
50.673045	2469419947.57031
50.7047933333333	2581607073.42969
50.7353416666667	2707371271.03906
50.765725	2432135401.83984
50.7972583333333	2460790927.52344
50.828755	2462047662.52344
50.8586066666667	2258385653.75781
50.890105	2201036029.76172
50.9211283333333	2068493802.48828
50.9525633333333	2127087588.32813
50.98382	2229509129.86328
51.01427	2278360090.08203
51.044495	2258064267.07422
51.075165	2406682491
51.106435	2535895815.02734
51.1360933333333	2433855054.78125
51.1667816666667	2549996175.99219
51.1968783333333	2616347173.21875
51.2273166666667	2508644474.96094
51.2587166666667	2370032045.89453
51.28934	2424056630.52734
51.3204866666667	2400323807.17578
51.3512583333333	2579155895.80859
51.3829483333333	2422820420.66016
51.4134666666667	2446206914.32031
51.4438716666667	2441787924.45703
51.4745533333333	2485465228.19531
51.5050083333333	2519725107.49609
51.5354666666667	2535971169.12109
51.5656733333333	2626287684.29688
51.5965383333333	2582438582.55859
51.6267133333333	2645325124.08594
51.6569883333333	2617882837.60547
51.688185	2601603083.89453
51.719225	2751352094.58984
51.7502183333333	2646741278.72266
51.7821983333333	2640334888.92969
51.8128933333333	2591354965.00391
51.84428	2458255419.47656
51.87432	2501294156.76563
51.905155	2391864274.23047
51.93725	2442157287.69531
51.9686866666667	2546866574.85547
51.9991183333333	2491914781.42969
52.029435	2437210039.98047
52.0598616666667	2514009287.21875
52.090545	2474372885.44922
52.1218916666667	2645502166.66797
52.153605	2656663985.19531
52.185465	2737148166.19531
52.2160316666667	2487278027.06641
52.2478116666667	2687470293.07031
52.2795666666667	2409042678.39063
52.3114466666667	2446241593.11719
52.344015	2255364442.52734
52.37603	2688750257.23047
52.4073633333333	2466547513.16016
52.43823	2404037384.85547
52.4698583333333	2312267165.39063
52.4998133333333	2397570363.76172
52.5302166666667	2452410857.00391
52.56076	2512639843.17578
52.5897433333333	2441710467.29297
52.6189683333333	2416061497.41797
52.650455	2580054030.9375
52.6820916666667	2673301373.46875
52.71395	2529556683.125
52.7463216666667	2572616059.24609
52.7774883333333	2576067203.79297
52.80718	2494379677.91797
52.8380283333333	2554892337.58594
52.8685083333333	2483837334.75391
52.8990883333333	2547360532.3125
52.9301883333333	2540791609.66406
52.96142	2523957358.19141
52.9920533333333	2423516553.07813
53.023925	2564161072.20313
53.056675	2569956386.46484
53.0884016666667	2596474346.25391
53.1198583333333	2538541851.69922
53.150715	2802493180.9375
53.181365	2805023581.89844
53.211845	2596375053.85938
53.2434283333333	2625632258.33203
53.27504	2730892954.03906
53.3066383333333	2800418555.625
53.3379933333333	2779395108.53125
53.3696966666667	2760583093.38672
53.4007383333333	2746122235.19141
53.431795	2862400063.35156
53.4633066666667	2829498427.06641
53.49584	2696663394.11328
53.5277866666667	2753221077.71875
53.55926	2951401094.01172
53.5904816666667	2590686433.98047
53.6227233333333	2440979105.32422
53.6533816666667	2544843657.80078
53.6841616666667	2365338383.00781
53.716115	2246597968.75
53.7478833333333	2282436080.22266
53.7792333333333	2212457345.66016
53.81063	2520223459.57813
53.841625	2243059153.72656
53.8728733333333	2381211976.19531
53.9039966666667	2330828058.16797
53.93492	2633180937.58594
53.9653683333333	2351690386.01953
53.9957666666667	2594433076.63672
54.0259766666667	2490644930.87109
54.0571916666667	2452266908.54688
54.0881866666667	2600897334.54688
54.1193066666667	2605783100.53125
54.1508616666667	2560824594.96875
54.1811916666667	2552558674.83594
54.2125016666667	2554893752.45703
54.2432333333333	2515821417.10547
54.273415	2506397019.82813
54.30348	2812741379.91406
54.3341616666667	2531145648.85938
54.3652616666667	2498407024.84766
54.39738	2663359130.91016
54.42779	2626577394.80859
54.458165	2618079698.88281
54.4888066666667	2355303723.01172
54.5192133333333	2374942809.84766
54.5498383333333	2334643473.63281
54.58046	2477681889.28516
54.6109116666667	2499790460.35156
54.640315	2462102150.15234
54.6712933333333	2219155935.6875
54.701135	2440042743.41406
54.73173	2395944098.19141
54.7624466666667	2568400453.64844
54.7921216666667	2355720216.36719
54.8217466666667	2367067897.64844
54.8517966666667	2570575485.92188
54.881555	2604385830.30469
54.9119133333333	2697784065.96484
54.9438016666667	2660743532.12109
54.9741433333333	2696509189.93359
55.0043833333333	2706985966.69141
55.03547	2672542581.97266
55.0667783333333	2792972740.00781
55.097595	2523128700.51953
55.128495	2625287942.70313
55.1604216666667	2621822882.87109
55.1924833333333	2524868859.39844
55.2246266666667	2525456201.57422
55.257245	2644015155.98828
55.28966	2526307817.32031
55.32219	2664633349.05469
55.3540316666667	2362768089.65234
55.3871866666667	2481143623.90234
55.4190966666667	2280882152.87109
55.451755	2301205077.27344
55.4839433333333	2347240067.41406
55.5159533333333	2321699577.58984
55.5480033333333	2357544120.03125
55.5785416666667	2355250142.98047
55.6102366666667	2398189275.75781
55.6421066666667	2580216672.12109
55.673335	2459090082.64844
55.704485	2576905784.59375
55.7344216666667	2358482066.63672
55.76522	2512522650.93359
55.79562	2382284735.48047
55.8253633333333	2470389074.21875
55.8558216666667	2319068504.75781
55.8868766666667	2239282209.75391
55.91804	2366293333.51172
55.949605	2400049380.79688
55.97997	2407978853.71094
56.01021	2233677095.96875
56.04164	2297071689.81641
56.0734783333333	2389404947.33984
56.1047966666667	2603100716.87109
56.13605	2330622347.14453
56.1664783333333	2314912466.10938
56.1983466666667	2364290261.33203
56.2296566666667	2254405859.30078
56.2606	2188401330.33594
56.2919516666667	2212681821.96875
56.32299	2241981509.04688
56.3532616666667	2262027614.23438
56.3843116666667	2309481870.58984
56.4161583333333	2352529892.24609
56.4474266666667	2460513576.64063
56.4776816666667	2501603364.25391
56.50922	2592099825.33984
56.5403233333333	2522959738.19531
56.57136	2581312650.15234
56.6023633333333	2592951008.33203
56.6325366666667	2563750651.57422
56.664075	2786047616.09766
56.6953116666667	2595487484.80859
56.7261966666667	2748827956.53906
56.75795	2682713106.84766
56.7908	2693150788.39063
56.82238	2440153963.03906
56.8551916666667	2564523594.46484
56.8874233333333	2502685769.50391
56.91962	2329441588.62109
56.9512016666667	2264988357.52734
56.982525	2380344315.74609
57.01446	2288886445.59375
57.0453816666667	2335733722.00391
57.0773583333333	2174832673.16406
57.1089866666667	2319320410.54297
57.1402983333333	2250073131.71484
57.171395	2223725405.58203
57.2021266666667	2270503898.11328
57.2332933333333	2511088556.61328
57.263685	2304305719.76563
57.2951616666667	2316506901.46094
57.3262983333333	2419972231.41406
57.3569466666667	2174763943
57.3878866666667	2356136325.88672
57.4193733333333	2356686868.91016
57.4507583333333	2343214047.88672
57.48234	2364633228.91406
57.5139366666667	2260834959.9375
57.5441583333333	2316916988.59766
57.57523	2221139586.40234
57.60694	2111291835.44141
57.6390516666667	2108103258.17188
57.671165	2141759230.07422
57.70276	2285678394.02344
57.73464	2475317622.86328
57.76548	2318569364.24219
57.797275	2332864607.80469
57.82815	2263366847.56641
57.859205	2362985043.00391
57.888575	2363787401.62891
57.9185416666667	2399378785.51172
57.9485866666667	2304992028.62891
57.9798566666667	2198507988.97266
58.0110866666667	2213117203.40625
58.0425083333333	2268345872.51563
58.0730416666667	2175232660.41016
58.1042183333333	2117736912.60938
58.1363083333333	2200172946.62891
58.1675783333333	2275279513.60156
58.1987916666667	2500190744.86719
58.228955	2224377916.5
58.2594	2104538986.36719
58.2906333333333	2283221374.75391
58.3224966666667	2355669250.60547
58.3531333333333	2279172472.72266
58.3835916666667	2043775186.74609
58.4143966666667	2299853113.65625
58.44574	2222458731.86719
58.4765966666667	2100368146.54688
58.5079616666667	1977224479.65625
58.53904	1860909071.68359
58.5700633333333	1990233215.35156
58.60053	1963005670.47266
58.63108	1865894609.46484
58.6618583333333	1745555854.05078
58.6934033333333	1838966846.59766
58.7251616666667	1963943548.53906
58.757025	1850117713.87109
58.7889133333333	1960359282.89063
58.81977	2062899729.66406
58.85017	1894592875.68359
58.8819416666667	1953732545.03516
58.9128216666667	2018222541.75781
58.9447916666667	2133275243.25
58.9766616666667	2229496715.60156
59.0089733333333	2482301734.82422
59.03937	2244164485.77734
59.0710916666667	2191109734.32031
59.102865	2384101455.25781
59.1339566666667	2414076766.72656
59.16507	2389392270.94922
59.1955683333333	2141923171.78516
59.2259233333333	2348018332.44141
59.25747	2249867895.75781
59.2877766666667	2189775773.375
59.319075	2218486390.15625
59.3505533333333	2213540996.8125
59.3819183333333	2372260347.03516
59.4128366666667	2333774429.46094
59.4437066666667	2406811902.79688
59.4742166666667	2257079406.8125
59.5050316666667	2398715264.66016
59.5351333333333	2408890806.60547
59.5658233333333	2237723774.22656
59.5963733333333	2602736093.53516
59.6266466666667	2501854516.67188
59.6571883333333	2319861733.42188
59.6890533333333	2356809759.95703
59.7208366666667	2233850087.76563
59.7521516666667	2159552316.14063
59.7832866666667	2164362961.91797
59.813775	2232376072.73828
59.84503	2076906806.41797
59.8752233333333	2094772561.86719
59.9056266666667	2192719111.56641
59.9364383333333	2216272820.46875
59.9670183333333	2172160751.80859
59.998795	2096116233.72656
60.029895	2129087981.94922
60.0607166666667	2091558493.42188
60.0915966666667	2124017653.55469
60.1218433333333	2176555238.96875
60.1523283333333	2181082535.625
60.1837066666667	2200484194.40625
60.2151166666667	2128727553.61719
60.2464616666667	2196192648.51172
60.27744	2290570499.43359
60.3086883333333	2396946128.4375
60.3395516666667	2403383256.24219
60.3705483333333	2457266254.4375
60.4012583333333	2331804899.23047
60.4320866666667	2663693104.08594
60.4621483333333	2432883675.03906
60.4933183333333	2366263544.87109
60.5252116666667	2380904586.19141
60.5572533333333	2400081484.21875
60.5896466666667	2431741044.44922
60.6209883333333	2355111414.15625
60.6527416666667	2313448719.96094
60.684255	2166067680.125
60.714995	2206361689.40625
60.7464416666667	2244010360.28906
60.7783666666667	2155056627.91016
60.8093166666667	2204426356.71484
60.84049	2241743330.72656
60.87059	2272643513.25
60.9016083333333	2146732293.50781
60.9321766666667	2041552506.07422
60.9630166666667	2211039875.95313
60.9946516666667	2174863104.06641
61.0263	1996794707.69922
61.05693	2025637176.08594
61.0881183333333	2156471567.45313
61.119765	2184515163.66406
61.150755	2119729313.74609
61.1821866666667	1974362376.37109
61.2125866666667	1984355509.78516
61.2435716666667	2034421659.58203
61.2751216666667	2032127895.59375
61.3057866666667	2022643017.21484
61.3368316666667	1795399721.94531
61.369045	1890765021.05078
61.4005766666667	1946964183.62891
61.4315133333333	1891400077.25391
61.4624966666667	1956136314.38281
61.49427	2014547049.34375
61.525	2010297223.30078
61.5560833333333	1984385071.74219
61.58726	1932362187.28125
61.6181216666667	1884731547.07813
61.64908	1954048626.21875
61.6801533333333	2006723399.76172
61.71236	1803146155.04688
61.74317	1924628290.20313
61.7737533333333	1953591457.24609
61.8051216666667	2029911606.48047
61.8361716666667	1907689783.30859
61.8672483333333	1979870730.35547
61.8988866666667	2049097333.97656
61.9300766666667	2089558663.85156
61.9607666666667	2263036399.91797
61.991705	2164183041.02734
62.0235633333333	2423447539.82813
62.0549833333333	2402887494.73438
62.086865	2189572760.3125
62.1184083333333	2435624477.71094
62.149325	2308669702.66406
62.1803866666667	2416301248.8125
62.2119266666667	2233667795.33984
62.244315	2184966447.69141
62.275925	2252230354.13672
62.30717	2233205934.64453
62.3376783333333	2321614098.94922
62.3681766666667	2062613141.85547
62.3988216666667	2029173170.21875
62.4301366666667	2125277439.80078
62.4615816666667	2057563209.03906
62.4929433333333	1920629626.89453
62.5242266666667	1886201696.04297
62.5548733333333	1987672977.43359
62.5847533333333	2231007077.19922
62.6164816666667	2049207011.09375
62.6460433333333	2100466339.69531
62.6756083333333	2176795472.48047
62.7063066666667	2162846892.05078
62.73828	2036905774.35156
62.7698	2183331709.23828
62.8019283333333	2022100159.47656
62.8336066666667	2040632288.55469
62.8649066666667	2039336517.80859
62.8966283333333	2133578995.29688
62.9277433333333	2266877662.59766
62.9594033333333	2138490539
62.9902116666667	2101752495.46484
63.0214533333333	1997221437.94531
63.0528033333333	2028529127.77734
63.0837366666667	2068114353.35938
63.114635	2017650404.09766
63.1462033333333	2249276161.86719
63.1772733333333	1958347440.16797
63.2088066666667	2068950457.41406
63.2393716666667	2124236143.42578
63.271695	2152713438.57422
63.30296	2314571578.00781
63.33461	2318088611.23828
63.366125	2287068783.75391
63.3975483333333	2018897864.85547
63.4292516666667	2217823696.99609
63.46038	2190193304.39063
63.4911983333333	2166430385.82813
63.5237466666667	2238522275.64063
63.555845	2276526706.46875
63.5875333333333	2340913592.80859
63.6183583333333	2397281740.26172
63.65003	2482585695.00391
63.6814983333333	2498498736.29688
63.713125	2474155574.13281
63.74399	2500868355.54297
63.7762733333333	2339637337.5625
63.8070316666667	2513566798.46094
63.8386283333333	2271380276.39453
63.8697983333333	2172958181.08203
63.9010116666667	2353938476.60938
63.93228	2118523604.35156
63.9635066666667	2128569982.25391
63.99473	2069054512.25781
64.0255566666667	2068536646.17188
64.0580566666667	2406881612.19141
64.0901666666667	2133469765.02344
64.121935	2172608311.49219
64.1541916666667	2134477897.58594
64.18507	1999951159.95313
64.21638	1929400204.75
64.2480583333333	2032877589.24219
64.27949	1851529303.97266
64.31149	1856633672.63672
64.342295	1775088417.41016
64.37287	1886768848.54297
64.4047516666667	1863908318.46094
64.4356366666667	1871908271.99609
64.4654866666667	1927711556.65234
64.4961766666667	1869171984.36719
64.526375	1847496828.08984
64.5565716666667	1952987200.90625
64.587245	1966078938.21094
64.6178816666667	1891412248.23438
64.6491183333333	2045171646.03906
64.6802133333333	2136794335.70703
64.7110816666667	2122149605.23047
64.7419133333333	2019132425.6875
64.7726566666667	2076909909.20703
64.804545	2205791334.36719
64.8361666666667	2066094845.54688
64.86887	2111438932.40234
64.900445	2026112654.02734
64.93103	2006362086.71094
64.9622433333333	2143587686.89063
64.9930983333333	2070899783.55469
65.024135	1947267588.37891
65.055965	2017610535.66797
65.08787	1932536630.36328
65.1188983333333	1909704601.34375
65.1499216666667	1951058471.33984
65.1812883333333	2188123351.52344
65.212265	2129855615.06641
65.2433766666667	2158882632.98438
65.2755433333333	2286284565.82422
65.306565	2258862347.95703
65.3379933333333	2305857448.28906
65.36959	2258087541.72656
65.40048	2211715246.53125
65.4313883333333	2177735648.09375
65.4618066666667	2281692541.75781
65.4921433333333	2283177123.10938
65.5227383333333	2165290580.39844
65.555235	2115089970.76563
65.587325	2259248920.64453
65.6189733333333	2031712430.59766
65.6518183333333	2168247691.57813
65.684235	2179481140.21484
65.7167583333333	2124340243.64453
65.7498083333333	2275226013.98828
65.7807566666667	1995768619.01172
65.8127416666667	1992485271.50781
65.8433216666667	2136717317.79297
65.87411	2070317420.46484
65.9052933333333	2070694151
65.93687	2023915214.51172
65.9691566666667	1987579736.39453
66.00049	1968731909.79688
66.0313316666667	1884392913.44922
66.062955	1947906910.37891
66.09399	2135119755.59375
66.1254266666667	1929831805.01563
66.1572333333333	1887182080.54297
66.1881216666667	1876201542.13281
66.218055	1811817874.49219
66.249045	1797577547.55469
66.2804383333333	1910466337.86719
66.3117233333333	1913969359.125
66.34318	1992489146.96875
66.3751666666667	2030233775.45703
66.4072866666667	1998550302.40234
66.43817	2088524495.625
66.4691416666667	1860233245.65625
66.499275	1879754798.08984
66.5301633333333	2180373159.30469
66.56168	1810154239.90234
66.5927333333333	1828207552.60547
66.62401	1915140129.14453
66.6546016666667	2100405880.60547
66.685265	2112896437.76563
66.7151966666667	1883617553.95313
66.7464733333333	1990341764.21094
66.7768516666667	2313609333.53906
66.8071733333333	2080772629.64453
66.837195	2160971861.36328
66.867225	2175139713.64063
66.89785	2296672394.17578
66.9293533333333	2362866428.125
66.9603216666667	2342592823.84766
66.9910816666667	2379175764.57422
67.0226616666667	2599818479.30469
67.0530333333333	2275230472.93359
67.0837116666667	2591892897.37891
67.1144666666667	2256922706.73047
67.1450583333333	2283654474.08984
67.1751966666667	2217574696.91602
67.20613	2425387353.14453
67.238185	2208093421.91016
67.26922	2036910689.13672
67.2995766666667	1962996263.16406
67.33118	2219708643.74609
67.3616383333333	2002055401.11523
67.3929683333333	2070027318.10156
67.4249483333333	2058384185.81055
67.45732	2064078181.51953
67.48722	2119386138.02344
67.5190933333333	1914540475.5293
67.5517133333333	1925817756.71289
67.5832266666667	1876987481.24023
67.6157783333333	1929347934.53516
67.64805	1820189285.02539
67.67937	1899389696.13672
67.7109916666667	1806203229.70313
67.7418633333333	2102040391.98438
67.7735116666667	1850127315.26953
67.80483	1805826971.62109
67.837155	1956935137.09375
67.8687	1853666029.83984
67.9007383333333	1990915297.62109
67.9321666666667	1975938581.55078
67.9643616666667	1817446450.83594
67.996195	1745834882.56445
68.0276466666667	1778300020.70313
68.06043	1618745663.27344
68.090805	1996812893.01953
68.12267	1813816809.79688
68.1547033333333	1798857128.76367
68.1858716666667	1837142250.00195
68.2176033333333	1893499838.80273
68.249845	2028313567.35938
68.2828566666667	2000138965.82813
68.31475	1883317112.95313
68.3466283333333	1912128971.67773
68.3787083333333	2077310462.39453
68.4105883333333	2029275035.46484
68.441865	1892626474.13867
68.4740066666667	1754991546.12695
68.5063566666667	2056861135.13672
68.5382083333333	2068538696.10547
68.57041	2352309816.24219
68.6029716666667	1981823367.86133
68.6351616666667	2119459715.55859
68.6675133333333	2016887796.48047
68.699365	2014893709.90234
68.7315966666667	1967915087.58398
68.7644683333333	2114373725.64453
68.79587	1988677673.08594
68.8276066666667	1875558106.93359
68.8596233333333	1710006264.02344
68.8919083333333	1829487588.41016
68.9237166666667	1982545922.65625
68.9558133333333	1897330664.57227
68.9873666666667	1672008202.69922
69.0196316666667	2007838926.68359
69.0509933333333	1887098598.14453
69.08218	1792829230.59766
69.1146416666667	1790134825.05469
69.14704	1831532302.53906
69.178985	1880294303.73828
69.2114983333333	1846511200.14844
69.2434816666667	1636212930.70898
69.276045	1658612630.97266
69.3077583333333	1881017715.86328
69.3384616666667	1768482526.12891
69.3701466666667	1951470951.60156
69.401775	1685657693.46094
69.4328466666667	1875934471.08398
69.4637766666667	1735759160.28125
69.494795	1880843797.51172
69.52623	1856615705.66992
69.55754	1920216618.94141
69.5892333333333	1732033697.4668
69.6214083333333	1779056890.86133
69.6526883333333	1514994632.5918
69.6840766666667	1703232002.69727
69.7157516666667	1604591123.5
69.74759	1489075067.3457
69.778175	1529941893.05859
69.8091966666667	1611323875.94141
69.8400533333333	1639048867.90625
69.871315	1650201263.56445
69.90245	1645143924.94922
69.9342633333333	1713646234.35742
69.9661133333333	1704933164.59766
69.9969116666667	1892666113.75
70.0276066666667	1978115744.38281
70.0589283333333	1812322506.92969
70.0906516666667	1897505815.39258
70.122905	1818269928.69922
70.155265	1677196106.9043
70.1884633333333	1850339045.0332
70.2197066666667	1720923769.79297
70.2514516666667	1748753424.77148
70.282895	1599370803.63672
70.31496	1715867100.31055
70.3464716666667	1836415299.63867
70.3775016666667	1667436946.57813
70.408535	1794131744.70313
70.439325	1962327204.85547
70.47114	1636436716.25
70.50261	1730258237.45313
70.533815	1615327259.84766
70.56626	1569359968.03125
70.596635	1580966018.13867
70.6284733333333	1623776341.81836
70.6594833333333	1548172919.28906
70.6916866666667	1717802834.41992
70.72341	1594788313.70898
70.7553916666667	1759035761.70703
70.7857866666667	1760080529.23438
70.8165783333333	1575967991.14063
70.8489716666667	1608550143.4375
70.8803233333333	1734789934.49414
70.912475	1847627483.20313
70.9445166666667	1865888978.70117
70.97606	2002981469.75391
71.0073233333333	1952034546.28516
71.0379983333333	2186866624.91016
71.0690266666667	2092612411.74805
71.1006383333333	2018491703.58594
71.1322083333333	1966609939.83984
71.164495	2118707877.65234
71.1966333333333	1920893391.47656
71.2293116666667	2006969262.7207
71.260755	2035059410.89453
71.292045	2222896248.14844
71.32313	2055252339.88867
71.354935	2153736644.07031
71.3867966666667	2012958248.5918
71.41903	2063467834.60547
71.4506066666667	1946620297.09375
71.4820266666667	2101286529.80273
71.5144716666667	1971222847.42773
71.5467633333333	2030772750.23633
71.5782833333333	1932679509.57617
71.6092316666667	1796026666.37109
71.64079	1773199754.62109
71.671025	1707598729.88086
71.7013283333333	1860227817.36719
71.7317716666667	1821997038.8457
71.762155	1793885715.33008
71.79374	1966596426.36328
71.8246016666667	2087382153.14844
71.8560733333333	1851298638.27148
71.8864816666667	2118262184.95703
71.9169483333333	1895501229.97852
71.9478683333333	1994476265.71094
71.9784666666667	1838798323.91602
72.0098616666667	2052084395.16406
72.0417033333333	1976639288.47656
72.073865	1861906343.01758
72.1057316666667	1875716926.0918
72.1375883333333	1717656071.20313
72.1695083333333	1602111639.03516
72.200965	1678338819.60352
72.2327116666667	1692884900.43359
72.264885	1734989517.71094
72.2969283333333	1696656993.83789
72.32884	1850305934.91211
72.3611183333333	1592006635.06836
72.3939833333333	1575817397.71094
72.4269466666667	1569761622.2168
72.4584833333333	1634886796.8125
72.4913966666667	1723137386.74414
72.5231566666667	1573467713.18555
72.5548466666667	1613250334.23047
72.586915	1654355073.04492
72.61901	1811005484.30273
72.651435	1802401051.72461
72.68355	1607720891.40039
72.7166183333333	1642805153.80078
72.74844	1589778092.60156
72.7811666666667	1552882257.58594
72.8127333333333	1702135758.5332
72.8454233333333	1458558524.47852
72.8762283333333	1556965647.20508
72.9076416666667	1559675586.11719
72.94	1641686936.55469
72.97288	1682116438.68555
73.0052983333333	1636621688.92773
73.0382566666667	1516363240.78125
73.06962	1579414221.79492
73.10085	1514434296.87891
73.1330166666667	1566516833.49219
73.1648933333333	1647389744.79492
73.1962266666667	1603762667.35352
73.2285116666667	1518962097.82617
73.2611333333333	1551588253.68359
73.2925983333333	1707896261.55078
73.3240516666667	1604349227.01367
73.3558516666667	1724210277.68555
73.3862116666667	2045041040.66016
73.4158416666667	2142619817.63477
73.4474033333333	2101113149.30078
73.4776466666667	1954729468.16797
73.5095333333333	2082364336.69922
73.5408133333333	2144573371.49609
73.5714433333333	2159073791.83984
73.60204	1959461644.96289
73.6344016666667	1980998935.76367
73.6657866666667	1860405011.18359
73.697135	1943796330.07227
73.72921	1841781917.36914
73.7614333333333	1900347449.83789
73.7935216666667	1928664990.65234
73.82684	2123700783.24219
73.8585516666667	1842289821.35938
73.8906466666667	2093377955.51563
73.9227633333333	2019003636.70508
73.9549083333333	1923799128.74609
73.9864833333333	2024018813.32813
74.0176533333333	2132568507.46289
74.04813	2205066912.19141
74.080375	1961290468.83984
74.1124033333333	1850419948.01563
74.1450366666667	1861216934.82422
74.17755	1913230228.29688
74.20859	1903399468.07617
74.2411983333333	1956273398.65234
74.2735133333333	1974014924.50586
74.3051283333333	2094098283.5
74.33808	1843340593.55078
74.3702466666667	1665540026.99414
74.402685	1668209321.94141
74.4340333333333	1725702503.86914
74.4667383333333	1583352154.04688
74.498975	1674796908.70313
74.530515	1710203625.99609
74.5631533333333	1442979957.30078
74.5954616666667	1340655870.41602
74.6273366666667	1400733151.20703
74.658635	1196416385.84766
74.6906983333333	1167015191.5625
74.7237016666667	1019679046.28125
74.7555616666667	1016345543.14453
74.7883516666667	1001744897.10938
74.8202366666667	1052800409.32617
74.85311	1018995030.3418
74.88502	908282700.623047
74.916335	1036286793.39844
74.9469283333333	1029520330.5
74.978635	1085808606.73828
75.01016	1182487198.29492
75.04114	1065693543.91406
75.0726816666667	1189637413.57617
75.1040133333333	1310879366.19336
75.1361116666667	1264282927.10742
75.1676766666667	1384689825.7207
75.1990166666667	1329697701.54688
75.2302	1433511253.33594
75.2622366666667	1421183292.52539
75.2948083333333	1316104864.62891
75.32794	1232012198.41406
75.36169	1137592954.98633
75.3954566666667	1119200863.86719
75.42805	1248087320.92188
75.4597166666667	1173559924.13086
75.4914616666667	1175078792.45703
75.5238033333333	1171280247.91797
75.5560466666667	1303893634.36914
75.5882383333333	1108736164.56836
75.619185	1095068768.4082
75.6513883333333	1222325206.01758
75.6841	1108915162.4707
75.7172083333333	1096235508
75.7503616666667	1092893794.07813
75.7829066666667	1094974844.08789
75.81464	1142197332.41992
75.8478	1229160550.50195
75.880095	1196763466.54492
75.9115116666667	1269106688.97656
75.9427066666667	1330278003.81445
75.974045	1320511941.35547
76.0064133333333	1334955855.96094
76.0388233333333	1568254251.67383
76.0717366666667	1391882829.87891
76.1035666666667	1486045823.17773
76.13484	1624178071.70898
76.1662433333333	1682312830.43359
76.1975916666667	1635496314.70898
76.2296766666667	1387134021.97266
76.2623383333333	1507408826.94531
76.2956133333333	1470651307.16797
76.3286916666667	1463481562.04492
76.3630633333333	1361682987.06641
76.3953733333333	1124508262.26953
76.4282716666667	1195028396.25977
76.4614333333333	1201175590.41797
76.4949966666667	1085779843.51563
76.5278466666667	1162956648.35547
76.560545	1146826277.99219
76.5933683333333	1084041153.93555
76.62489	1096763072.55859
76.6569883333333	1029014615.39844
76.6897766666667	1127568281.61719
76.722895	1131482814.32422
76.7551283333333	1243960788.01758
76.7870316666667	1196049104.4375
76.8186933333333	1391501961.24805
76.8504516666667	1312478199.15625
76.8816016666667	1395810777.83398
76.91324	1380774680.77539
76.9448416666667	1491389649.24023
76.9759183333333	1568427943.43945
77.0078633333333	1637682632.82617
77.0396533333333	1428799365.0625
77.0718533333333	1489780008.03125
77.1042533333333	1551757558.5332
77.136325	1415678380.81641
77.1683133333333	1485662179.83594
77.2012016666667	1405343944.08203
77.2327633333333	1356598380.35742
77.26309	1349947840.32813
77.2941883333333	1495209327.92383
77.3257016666667	1514550172.76758
77.3568333333333	1556100316.44531
77.3885633333333	1590645185.48828
77.4203616666667	1535989910.33789
77.4530533333333	1519232514.07617
77.485225	1653211985.0625
77.5166966666667	1677838061.63477
77.54786	1660654291.08789
77.5784916666667	1628065735.125
77.6094033333333	1721605783.66016
77.64093	1869981952.33789
77.6720533333333	1779085005.25
77.70439	1706374842.98828
77.7357966666667	1651154051.98633
77.767165	1724928578.28125
77.7988166666667	1551830877.32617
77.8314466666667	1996808244.74609
77.863545	1703172505.48633
77.8957783333333	1674250904.63477
77.9286333333333	1580377972.42383
77.9613316666667	1380470523.45313
77.9940116666667	1429665519.20117
78.0259783333333	1396107573.53711
78.0573833333333	1618044196.71094
78.088955	1287679978.0293
78.1213933333333	1355522036.23828
78.1528866666667	1223133908.64258
78.1847316666667	1384567110.45117
78.21721	1330851178.40625
78.2498416666667	1366483935.97461
78.2825383333333	1358862630.50781
78.31553	1434298085.67188
78.3483783333333	1356261152.5957
78.3806083333333	1278551459.06055
78.4129	1396546988.96094
78.4447583333333	1486690550.79297
78.4761616666667	1335166212.58008
78.5084233333333	1358189225.19531
78.541385	1379566400.02734
78.5739083333333	1460546593.78711
78.6058483333333	1529549718.21289
78.63696	1509212780.73438
78.667845	1575932794.47852
78.7002666666667	1683686192.62891
78.7321033333333	1564002213.70313
78.76368	1509361947.05078
78.7959	1592025629.95117
78.8274116666667	1574104595.5332
78.85881	1521866437.07813
78.890345	1320727501.28906
78.92243	1328513161.60742
78.9539833333333	1306337067.07422
78.9859266666667	1296619067.20508
79.01762	1234563374.07813
79.0483533333333	1388450097.47656
79.07906	1403760712.60156
79.1098683333333	1562437295.2207
79.1410133333333	1528143477.30078
79.1724316666667	1775178290.79688
79.2039433333333	1614166016.37695
79.2360566666667	1647431724.83984
79.2671833333333	1790769937.83398
79.2990616666667	1732961002.33398
79.33008	1751363444.37305
79.3624766666667	1602449649.3125
79.3953533333333	1593970542.6543
79.4276466666667	1532304486.92773
79.4599833333333	1526769450.35156
79.4913566666667	1641287410.8125
79.5231183333333	1446837378.01563
79.5556033333333	1406585020.87305
79.588345	1548934850.91992
79.6213816666667	1698923056.25586
79.6545816666667	1560714735.78711
79.6868	1465995968.13281
79.7173716666667	1478978230.60742
79.7478783333333	1498073827.78906
79.7782633333333	1388935997.59375
79.8092933333333	1439583786.39453
79.840715	1492684391.95898
79.8727216666667	1412274914.51367
79.9047983333333	1199326955.26953
79.9374983333333	1396921564.21484
79.968185	1321767814.8418
79.9989466666667	1362466941.04297
80.0303516666667	1314323650.63672
80.061115	1302721423.38867
80.0919466666667	1289737029.02539
80.12214	1343735368.03711
80.15197	1744362997.05469
80.1826	1557632054.19336
80.2131866666667	1764385970.66602
80.2433166666667	1407187236.43945
80.2741	1535551234.18359
80.30519	1370157859.86914
80.336355	1425024314.96484
80.3676183333333	1452320399.5293
80.3976133333333	1535236588.39844
80.4285633333333	1514525474.88281
80.4594583333333	1416110221.84961
80.490915	1525233037.50195
80.52315	1386486655.61523
80.5555266666667	1272305019.58203
80.5876566666667	1291602875.28711
80.6195916666667	1255760496.47852
80.6511316666667	1306986788.49805
80.68272	1426032217.92188
80.7144683333333	1361886445.26563
80.7469766666667	1444944431.25977
80.778105	1457246569.35547
80.80927	1437612857.33398
80.83977	1270058786.46875
80.87073	1312832715.29688
80.901625	1351324233.79297
80.9327633333333	1430578554.64063
80.9638916666667	1665763822.42969
80.9950983333333	1858821020.52539
81.0259266666667	1742303457.18164
81.0573883333333	1831716317.24414
81.0884833333333	1914686008.11328
81.1194333333333	2115871152.73242
81.1501833333333	2046035168.64453
81.180755	1831849891.67188
81.2124216666667	1894045341.49219
81.2434366666667	1969897081.09766
81.2741883333333	1849974311.28906
81.3052	1749928572.72266
81.3366633333333	1841974367.68164
81.3682316666667	1830975559.54688
81.3993166666667	1661596859.71289
81.4304633333333	1714315668.54297
81.4618266666667	1571692290.25586
81.4923966666667	1719987831.75586
81.5237066666667	1705008003.21289
81.555765	1671325108.8418
81.5875866666667	1679843062.98828
81.62069	1429562685.0957
81.653605	1455079628.03516
81.68723	1387779371.2207
81.7203416666667	1217528977.95117
81.7538166666667	1199304844.06641
81.7858883333333	1110493756.58008
81.8177166666667	1061604016.88281
81.849295	1073727256.87695
81.8798716666667	1164053261.31836
81.9098933333333	1120287428.05078
81.941315	1276885669.32031
81.9728	1360361615.44531
82.0044816666667	1520492455.51563
82.035285	1573956822.4668
82.0666666666667	1929794020.79688
82.098315	1930482712.81445
82.128925	1953802963.72656
82.159225	1980597515.92773
82.18993	2032288715.32813
82.2212883333333	1969936725.87695
82.252175	1723398612.23438
82.2836316666667	1732689180.6582
82.3161566666667	1700413804.86133
82.3480766666667	1737445989.89453
82.3802333333333	1435597937.08789
82.411935	1428503794.07617
82.4429166666667	1320144212.70703
82.4747766666667	1209561994.04492
82.506945	1182789960.63672
82.538675	1173778898.47656
82.5692366666667	1145722731.23633
82.59946	1243348660.19336
82.62928	1243999350.41406
82.6603766666667	1506157443.93945
82.6917516666667	1530739709.53711
82.7243216666667	1708322904.60938
82.756865	1822268232.63281
82.78924	1753026009.04883
82.8210133333333	1691238503.40039
82.8537483333333	1816504902.99609
82.88613	1802325862.41602
82.9184733333333	1662854259.26563
82.949825	1588999551.83984
82.9834	1599129691.32422
83.0153166666667	1542642645.18555
83.04758	1483749883.66016
83.0802866666667	1382179655.41406
83.1129716666667	1548702343.24023
83.1442516666667	1466591026.69531
83.1756916666667	1255594764.51758
83.2075966666667	1219138279.29102
83.2389483333333	1159467292.28516
83.2713366666667	1215104069.82617
83.30251	1085079236.70313
83.33385	1022327843.41211
83.3650033333333	1090975708.7832
83.3954983333333	1158485106.69727
83.4264633333333	1016180085.07422
83.4581833333333	1093784128.68945
83.4906883333333	1077435144.17578
83.5230283333333	1048560263.2207
83.55675	1051113595.11133
83.5888533333333	1037592115.41797
83.6209683333333	1024189931.42969
83.65272	1030800087.68555
83.6833416666667	1114119562.10742
83.7143433333333	1041647557.75781
83.7459733333333	1241566813.53711
83.7787633333333	1133196992.25195
83.81148	1042914098.0332
83.8434633333333	1188493798.55078
83.8755466666667	1082711683.60547
83.9086333333333	1114670058.74805
83.9404816666667	1088912047.67188
83.972415	1009093447.01074
84.0043533333333	1057633173.82813
84.036935	1053592951.74805
84.06907	1017698992.20898
84.1017766666667	1144838466.6875
84.1342566666667	970943405.265625
84.167035	1039426866.53906
84.1987416666667	968206265.353516
84.2306016666667	935299588.188477
84.2632583333333	1235586944.91211
84.2951066666667	1177796629.24023
84.3262566666667	1146217417.51953
84.3571183333333	1135772604.80859
84.38869	1018383832.81348
84.419775	1002091279.37207
84.4512466666667	991477284.116211
84.4851566666667	911140216.173828
84.5159133333333	851995650.714844
84.547015	906056463.061523
84.5788216666667	904695236.369141
84.6089683333333	951570825.40625
84.640035	918705583.542969
84.6703833333333	1089584795.14453
84.70092	1249039577.56055
84.7328916666667	1332298234.97461
84.764845	1023271869.10547
84.7978716666667	1048204922.27148
84.8302466666667	1153748042.16602
84.8628933333333	1018045106.00781
84.89536	910806049.37207
84.9280766666667	757955497.299805
84.959605	783961448.787109
84.992975	752814710.535156
85.0249433333333	712647132.43457
85.05705	627828275.132813
85.0908783333333	659328901.962891
85.1237583333333	618084862.907227
85.1584	589219218.228516
85.191095	635054630.291992
85.2242516666667	601673368.951172
85.256915	672061047.385742
85.2882466666667	604687967.647461
85.320965	653172490.055664
85.354425	697432626.1875
85.3877066666667	745402926.583984
85.4192716666667	664525574.24707
85.45228	678791641.308594
85.48492	631541353.672852
85.5177216666667	649344171.943359
85.5491666666667	578201082.75
85.5824433333333	515527932.161133
85.6156616666667	513054779.663086
85.647095	479783909.222656
85.6779083333333	605839603.538086
85.7100783333333	540494027.386719
85.7417733333333	531095692.890625
85.7743	558230422.662109
85.8068833333333	615977947.196289
85.8393266666667	653180027.086914
85.8725616666667	710249566.152344
85.9056316666667	745099660.212891
85.9394316666667	704348575.932617
85.9728383333333	653417844.260742
86.0060633333333	580317137.674805
86.0393316666667	550767646.723633
86.0710883333333	511124483.496094
86.1040233333333	530007010.30957
86.1367833333333	544139807.207031
86.1704066666667	565641193.013672
86.202085	590538676.916016
86.233935	691505599.392578
86.2663633333333	707030348.076172
86.2997983333333	628552771.946289
86.3331283333333	614133026.074219
86.367515	626838688.876953
86.40026	536759764.742188
86.4337016666667	494847976.197266
86.46619	476402019.120117
86.4994233333333	514795449.352539
86.532865	463907633.930664
86.5658533333333	448683653.31543
86.5996683333333	428232381.600586
86.635115	465541841.49707
86.6680566666667	466013864.01123
86.7009733333333	429864498.447266
86.7353616666667	413884307.52002
86.7686166666667	419330350.585449
86.8034816666667	400087711.15918
86.837475	374330069.493652
86.8717466666667	366360724.486328
86.9057016666667	418207831.209473
86.9382983333333	413320594.693359
86.9713716666667	430623829.957031
87.0055383333333	418220885.808594
87.03758	446016480.686035
87.0714216666667	434121895.542969
87.104965	519060605.925781
87.1381683333333	509529724.760742
87.1716783333333	511672184.5625
87.2063833333333	490288250.19043
87.2386733333333	502367760.99707
87.2726516666667	381548660.07959
87.3090933333333	395508022.179688
87.3417033333333	327362254.291504
87.37645	349488335.839844
87.4103683333333	333121307.841797
87.443415	263380364.086426
87.4785033333333	287459714.108398
87.5114266666667	278071051.384277
87.5441616666667	280095033.918457
87.5779766666667	317927593.025391
87.611815	308571026.510742
87.6456583333333	295913744.463379
87.6802516666667	311481127.831055
87.7132233333333	335157807.382813
87.7470633333333	301227081.178711
87.7824116666667	270156734.937988
87.816465	299779099.219238
87.8509416666667	289240423.900391
87.88409	247556004.379883
87.9185783333333	247285986.322754
87.95373	241583635.844238
87.98753	231258091.050781
88.0211133333333	254745246.975586
88.0549683333333	231835272.918457
88.0910266666667	255247745.75293
88.1274233333333	229836819.629883
88.1626916666667	247044363.104004
88.19812	223651735.00293
88.2320516666667	220941508.541016
88.2654616666667	196259320.729004
88.2985516666667	217957473.694336
88.332775	235198286.12793
88.3658216666667	215008498.053223
88.4027866666667	225626756.97998
88.4419033333333	231615769.096191
88.4773466666667	251094077.535156
88.5113833333333	195885168.527344
88.5477966666667	190889705.987305
88.5850266666667	187477688.822998
88.62413	246135947.130859
88.6578116666667	199813348.795898
88.69274	203340319.824219
88.7265633333333	205681763.199219
88.7601033333333	219249677.741211
88.79563	226091272.65625
88.8290466666667	228771085.578125
88.8640333333333	291863682.688477
88.8979433333333	313597969.640625
88.9342583333333	323887972.521484
88.9692483333333	346590921.915039
89.00238	404123182.628418
89.0357816666667	395862167.171387
89.069005	403166658.849121
89.1025766666667	382932892.080078
89.137245	350501466.54541
89.170435	292246452.754395
89.2066466666667	227084810.24707
89.2424216666667	211668087.79248
89.2759733333333	197230068.211914
89.3095783333333	197879297.427246
89.344835	206938480.57959
89.3783333333333	213534512.153809
89.4114666666667	209555407.717773
89.44916	204610437.516113
89.48709	218552446.121094
89.5191783333333	244352869.241211
89.55275	240589226.431641
89.5900916666667	221436620.668457
89.6264716666667	216075420.389648
89.6622766666667	189658574.655762
89.6966866666667	189941695.156494
89.7335966666667	168061652.997803
89.7693466666667	154054996.8125
89.8027116666667	162703023.606445
89.8382916666667	180000576.361328
89.8763466666667	163201706.190918
89.912285	177905573.309326
89.9480733333333	152385325.021484
89.98741	163234038.984619
90.0259483333333	147497867.093018
90.0643383333333	168905051.874268
90.0992916666667	164991347.483643
90.13657	146401077.898926
90.174305	173164119.590088
90.2113666666667	168088140.556152
90.252625	178409689.624512
90.28605	172277620.6875
90.3220933333333	171354843.040771
90.3595433333333	180456795.732666
90.3947766666667	158280773.588623
90.4321966666667	175730143.10376
90.4684466666667	147754610.218994
90.5067266666667	164094716.433105
90.5415716666667	145157430.951416
90.5806333333333	162000704.993164
90.6164783333333	178726801.2854
90.65263	174352273.489746
90.6929016666667	154553796.903809
90.7283816666667	182359824.514648
90.7646433333333	154446660.732422
90.801075	156010878.271973
90.8365783333333	148869904.716553
90.8734966666667	146722827.004639
90.9122666666667	161340121.324951
90.9499516666667	181666024.610352
90.9867966666667	199232514.036377
91.0235233333333	203185721.388428
91.0637683333333	183515317.67041
91.10254	164452480.095459
91.1394133333333	145762661.111084
91.1820783333333	133057858.210693
91.2187533333333	125966453.900635
91.26059	119628139.312744
91.29756	129801279.951172
91.3326533333333	113133859.507568
91.3700316666667	133194988.559326
91.4057066666667	124033150.470215
91.4458	115744370.224365
91.4875733333333	119704001.885254
91.531325	131358406.981201
91.5681116666667	123302719.202393
91.607625	123495998.677734
91.6485233333333	133109272.06958
91.6865133333333	136302683.692383
91.7274316666667	122846804.929932
91.7636133333333	105393255.515137
91.80216	106061091.841309
91.8407566666667	112851805.77832
91.8798566666667	111981350.744385
91.9146733333333	95626650.4914551
91.9574166666667	104573756.936035
91.9940416666667	103120746.616699
92.03541	110717541.460693
92.0761716666667	105177716.229004
92.1182383333333	105530846.249268
92.1558116666667	102555151.517822
92.1965283333333	105092431.266113
92.2374183333333	118513569.648193
92.2780866666667	102728673.054443
92.317475	109171209.703857
92.3554483333333	99722878.3493652
92.397125	97511562.8835449
92.4351033333333	117303860.359863
92.475625	99830284.2868652
92.5142416666667	92157684.1647949
92.5564633333333	115405817.410156
92.595055	99415364.5534668
92.6374616666667	90415049.3150635
92.6803566666667	110707788.818359
92.7197533333333	99629844.7922363
92.76251	94924407.2800293
92.8005733333333	93959376.8828125
92.8414083333333	92883744.4758301
92.8805866666667	106849329.948975
92.91902	107228791.007324
92.95493	98191254.6887207
92.99439	108725932.616943
93.029915	102140858.944824
93.0681283333333	101406435.915771
93.1108316666667	104098403.535156
93.149755	111576424.386963
93.1905016666667	93344722.3227539
93.2329666666667	119330342.427246
93.2701133333333	116500562.561279
93.3128033333333	117420594.046631
93.35069	155158113.479736
93.3861116666667	170567689.255371
93.4217733333333	163253829.371826
93.4592766666667	170950009.749268
93.498905	153855662.087891
93.534455	139483937.513428
93.5755783333333	108715687.281494
93.6159583333333	104090271.809814
93.6583416666667	121258574.33374
93.6992566666667	88964510.3317871
93.7409333333333	95195527.6108398
93.782375	114027712.505127
93.82026	89598230.8634033
93.86156	100054397.252441
93.9002733333333	100931021.927979
93.939765	100308918.374023
93.9784616666667	81546786.8325195
94.0204083333333	89308791.1450195
94.0585366666667	107019589.407959
94.097885	92860264.6237793
94.1389183333333	96956644.2855225
94.1773866666667	106325970.734863
94.2164016666667	137182664.399414
94.2572733333333	122127429.346436
94.2962966666667	109335292.631348
94.341085	118091020.389893
94.3809816666667	100670935.919922
94.4214166666667	99089537.0224609
94.4621733333333	86019258.0968018
94.506975	84043493.4743652
94.54313	82949943.1907959
94.5858016666667	96498616.5339355
94.6257066666667	79786722.3616943
94.6708716666667	90147535.3869629
94.713375	78140464.7219238
94.7573133333333	80108479.7592773
94.7992916666667	87210091.4086914
94.8413066666667	80850362.9588623
94.8853	69468569.8240967
94.9292383333333	70745274.071167
94.9694383333333	59950856.7834473
95.0142916666667	58850894.8084717
95.0575883333333	68300918.9276123
95.1005833333333	69288515.8317871
95.1426466666667	69677736.8164063
95.1870683333333	73346893.0380859
95.2230466666667	75128546.9820557
95.26844	84793837.1984863
95.306815	73554689.3662109
95.3511	63298734.4366455
95.3930883333333	64740061.7454834
95.4308366666667	91495628.8464355
95.4715016666667	82032541.3377686
95.515325	78442569.6755371
95.5535433333333	72200903.534668
95.5943216666667	67273366.4746094
95.6369	79306588.5336914
95.6788083333333	65748335.7886963
95.72243	66880973.6152344
95.76725	67880701.7619629
95.8098483333333	64961267.1075439
95.8522216666667	66859105.9455566
95.894765	74175001.5214844
95.933635	68618501.2276611
95.9802433333333	85308361.8692627
96.0229483333333	76564250.9561768
96.0669733333333	77115201.8968506
96.1077616666667	77958206.8419189
96.15103	96015742.4188232
96.1906583333333	87784977.5097656
96.2369316666667	89384142.7197266
96.2746416666667	80397243.364624
96.32045	69685622.9819336
96.3630266666667	63404706.090332
96.4070733333333	73133688.3444824
96.44901	67091705.9539795
96.4908766666667	60477797.7926025
96.5349216666667	71259502.442627
96.5764066666667	64457175.211792
96.6185716666667	56856628.4782715
96.6613883333333	60559757.3395996
96.7045116666667	59868553.3312988
96.7488033333333	54892733.7376709
96.7932766666667	55978517.8736572
96.836665	56373079.0604248
96.876385	66865607.0810547
96.919375	60433751.3721924
96.9582633333333	70005228.5356445
97.0035766666667	79821228.1689453
97.0473183333333	77727687.2388916
97.089455	79438380.9729004
97.131855	75600345.1593018
97.1722233333333	81187427.1645508
97.2131333333333	83548301.4072266
97.2572066666667	75053506.699707
97.2966216666667	73291356.7449951
97.339085	78366319.2595215
97.382885	75008077.1210938
97.4268883333333	67663140.7271729
97.4701233333333	66455498.4022217
97.5129466666667	59017103.1818848
97.5551833333333	60137903.7001953
97.596935	58145239.0732422
97.63924	60418449.5648193
97.678185	55070298.1595459
97.7199633333333	59924718.4626465
97.7635533333333	62303950.1066895
97.807895	61215493.539917
97.8520783333333	53839294.1480713
97.8919916666667	50961569.0632324
97.937095	52576697.977417
97.9762766666667	49795700.2186279
98.0195833333333	55588937.4609375
98.0652116666667	48279196.4155273
98.108185	53162084.2547607
98.1510016666667	55642492.9656982
98.192185	56967718.7299805
98.23662	60066967.3934326
98.2793433333333	48602197.8538818
98.3197	52133866.9637451
98.3647266666667	54252517.4659424
98.4102566666667	51784254.6279297
98.4541466666667	52688045.9071045
98.4979333333333	54914100.0511475
98.5381483333333	50941009.8743896
98.5803766666667	57397208.9291992
98.6256783333333	55968089.6158447
98.669945	53574546.6025391
98.71385	57362714.8217773
98.75266	62280893.9716797
98.7971666666667	70214597.0582275
98.8440233333333	66060671.0736084
98.88897	71506417.8027344
98.93019	69786113.069458
98.97516	69069185.0714111
