RetentionTime	Intensity
0.00328	695569.328582764
0.0426116666666667	555611.768096924
0.0840216666666667	491065.737495422
0.124213333333333	456202.954689026
0.165985	428809.4817276
0.212873333333333	395146.42565918
0.258856666666667	467871.904785156
0.305186666666667	558579.021102905
0.350916666666667	491198.11618042
0.39701	540917.261329651
0.442488333333333	485828.763954163
0.488273333333333	456286.061546326
0.533785	437019.791694641
0.579396666666667	472381.323020935
0.626028333333333	441865.771438599
0.672158333333333	524946.319335938
0.718943333333333	493848.256278992
0.765435	447276.715362549
0.811933333333333	451941.807991028
0.858778333333333	472519.868591309
0.90456	444873.258773804
0.950951666666667	467497.559562683
0.982276666666667	479427.142478943
1.028895	496346.44506073
1.072605	495800.720787048
1.11568333333333	435997.988838196
1.156995	469227.331604004
1.19942	515917.555236816
1.24559	406807.570579529
1.28481166666667	467231.568832397
1.33108166666667	527660.970466614
1.377945	447814.137825012
1.41679333333333	505381.165603638
1.46269666666667	485677.563720703
1.494395	465198.390205383
1.54129666666667	468780.225120544
1.58737	449495.30821991
1.63264333333333	386760.25037384
1.67932	414109.496177673
1.71902833333333	446055.819816589
1.76541833333333	405936.484558105
1.808205	431035.041595459
1.854355	429696.411552429
1.90134	376754.612487793
1.92971666666667	442755.095252991
1.976275	476466.831512451
2.023005	460983.009101868
2.06961333333333	480447.768333435
2.11339166666667	444904.649398804
2.15671666666667	433691.10785675
2.19909833333333	414435.509773254
2.24243166666667	495021.38155365
2.28923666666667	479490.897354126
2.33546	451514.959007263
2.38222166666667	472224.733207703
2.417995	484339.554283142
2.46279333333333	483100.881370544
2.50936666666667	462354.079391479
2.55531833333333	459054.394645691
2.60131833333333	492656.904602051
2.64823666666667	482469.658508301
2.69475	555348.550506592
2.740745	479461.456115723
2.78712166666667	492592.538612366
2.83320333333333	464537.325675964
2.87975166666667	496423.826004028
2.925665	520107.261749268
2.972105	490958.881385803
3.01798833333333	505155.120735168
3.05659	468562.280403137
3.10316166666667	555495.492225647
3.14736833333333	564375.06728363
3.18981333333333	461336.861877441
3.23237833333333	524773.60333252
3.27601166666667	548553.769828796
3.32283666666667	441597.113143921
3.36942166666667	586783.231384277
3.415955	571574.554756165
3.46214666666667	541371.976646423
3.50786333333333	521886.609443665
3.55371	603187.31930542
3.59837333333333	522413.151977539
3.64314666666667	597650.330360413
3.68936	518594.53401947
3.73582666666667	537952.806053162
3.78172833333333	521610.391265869
3.827395	531663.806922913
3.87315	468735.336105347
3.91969333333333	494636.335014343
3.96466666666667	505323.609085083
4.01103333333333	571402.594009399
4.05720833333333	584328.147880554
4.10342	531010.217445374
4.14904	554854.379302979
4.19306333333333	532733.333488464
4.23525166666667	538742.206962585
4.278305	530773.97568512
4.32195	541715.385528564
4.36832333333333	558824.673057556
4.41471166666667	564926.225662231
4.46033833333333	557745.724403381
4.50646	551426.754119873
4.55276166666667	549392.268638611
4.59778	495484.313911438
4.64380166666667	529064.487876892
4.689955	520627.648216248
4.73570166666667	503639.671760559
4.78137833333333	563174.198242188
4.82597	536517.060539246
4.870255	573949.099464417
4.91555666666667	595865.779220581
4.96132666666667	584432.858558655
5.00605333333333	540053.087539673
5.05213833333333	511347.284217834
5.09817	549611.28326416
5.14444666666667	514668.868690491
5.189385	513907.360488892
5.23246833333333	494167.686904907
5.27469166666667	503282.272392273
5.31760833333333	486162.755302429
5.36147166666667	548649.167129517
5.40612666666667	548107.12651062
5.45164833333333	483880.392242432
5.497685	523532.1849823
5.54328	543334.661727905
5.588975	519593.733314514
5.63452166666667	492342.109184265
5.67978666666667	490887.157440186
5.72458	496037.084335327
5.76955	527148.639030457
5.81556666666667	567703.388801575
5.86077833333333	480720.840858459
5.906085	516478.568260193
5.95155166666667	566085.957588196
5.99655166666667	510375.617088318
6.04010666666667	504525.025627136
6.08492	574497.500442505
6.13068166666667	579598.230270386
6.17520833333333	555991.734230042
6.21939833333333	540238.384872437
6.26335833333333	539897.588226318
6.30554833333333	595134.587623596
6.34791833333333	527064.539909363
6.39122666666667	566949.568656921
6.43585333333333	500957.648544312
6.48139333333333	544688.841186523
6.526915	542961.489234924
6.57141666666667	504995.00037384
6.61684166666667	502157.280532837
6.66248	497475.993659973
6.70828833333333	502896.527748108
6.75330333333333	485093.272209167
6.79849833333333	530065.272628784
6.84452166666667	592116.841659546
6.88910833333333	534050.786361694
6.93410833333333	568650.738670349
6.97972	517178.429656982
7.02578	520343.55065155
7.07086833333333	563778.047279358
7.11484833333333	553012.358581543
7.16010833333333	550813.79094696
7.205745	516481.026351929
7.250315	473992.778190613
7.29423333333333	505137.90448761
7.33657166666667	467901.564666748
7.3792	567257.713249207
7.42220666666667	525186.86328125
7.46766166666667	549881.629264832
7.51185166666667	536729.660591125
7.55679666666667	624060.384872437
7.60309	546845.598464966
7.64900833333333	499550.233467102
7.69412666666667	567306.108779907
7.73931666666667	534157.384262085
7.784785	560250.413848877
7.83022166666667	612476.855003357
7.87503	545076.307380676
7.91906833333333	570328.058662415
7.96311	624207.489578247
8.00768666666667	541735.866867065
8.05262666666667	558931.474914551
8.09770833333333	617608.788284302
8.14303833333333	720146.951408386
8.18792833333333	663460.514312744
8.23279333333333	639132.182159424
8.27734333333333	630876.437896729
8.32009333333333	596787.110778809
8.36205666666667	582775.666244507
8.40418	531849.033256531
8.44727333333333	541105.816352844
8.49181	572204.92565918
8.53610333333333	632070.610656738
8.58064166666667	602019.703788757
8.62575666666667	641268.834976196
8.67065833333333	600316.929405212
8.71602833333333	565913.37059021
8.76081833333333	566093.310554504
8.80570333333333	618735.230285645
8.85067333333333	610193.030693054
8.89551833333333	660815.94757843
8.93962333333333	661331.574989319
8.98429666666667	617505.130752563
9.02865666666667	653007.113960266
9.07323833333333	750864.10218811
9.11868333333333	806650.019683838
9.16388	735985.112922668
9.20789666666667	734409.433074951
9.25304166666667	817560.152198792
9.297635	842171.62335968
9.34137333333333	731062.427452087
9.38324166666667	765308.157714844
9.42597666666667	810581.762573242
9.46996666666667	788056.208106995
9.51532166666667	828916.835952759
9.55986333333333	761915.119445801
9.605885	871312.2082901
9.649195	930025.044258118
9.69366333333333	882217.323455811
9.738925	938812.846092224
9.78372833333333	927990.458702087
9.828435	899902.772033691
9.87390166666667	856908.412063599
9.917765	761769.534164429
9.96266666666667	728216.277015686
10.0075733333333	760265.925918579
10.0525416666667	804917.179252625
10.09772	1022005.34051514
10.14298	927281.958183289
10.1885016666667	908976.066963196
10.2333616666667	864667.211677551
10.2789433333333	790358.586502075
10.32413	796940.386146545
10.3683966666667	930159.170066833
10.4118416666667	773657.885932922
10.455835	865682.491508484
10.5017916666667	1000229.87966919
10.547245	984230.664916992
10.5933483333333	987735.201660156
10.6386883333333	958714.643875122
10.6849416666667	992999.861991882
10.731525	992438.730155945
10.777435	1013016.65988922
10.82297	932964.689201355
10.86964	890360.435279846
10.91623	857089.776237488
10.962475	801594.789451599
11.008925	863720.982933044
11.0533833333333	918863.930953979
11.0986116666667	897203.999336243
11.1455116666667	926211.303642273
11.1909066666667	955208.330757141
11.2361	862069.54788208
11.2813566666667	970197.638946533
11.3270433333333	939700.865936279
11.3723566666667	948553.696777344
11.4161133333333	900129.964736938
11.4603683333333	1005972.21930695
11.5043766666667	1262071.88892365
11.54809	1246992.58571625
11.5929033333333	1216260.16848755
11.6366566666667	1133605.18031311
11.6820666666667	1104580.97650146
11.72734	1020120.01409149
11.7734233333333	1052803.75682068
11.8198183333333	981571.357116699
11.865755	975113.182052612
11.911955	1035297.16827393
11.9582033333333	978409.97668457
12.0037366666667	1040880.03810883
12.0488733333333	1096098.21595764
12.0940266666667	1188367.68791199
12.13985	1275815.74591064
12.18483	1233759.05181122
12.2308566666667	1156061.71405029
12.2761916666667	1216494.06481934
12.3219483333333	1264620.36758423
12.3679633333333	1208131.47669983
12.4133766666667	1243973.99015045
12.456705	1278290.29502106
12.5005833333333	1515456.10793304
12.5436866666667	1875641.91795349
12.5894866666667	1926600.69989014
12.635935	1742670.35540771
12.6826016666667	1540979.09741974
12.7286066666667	1336686.6722641
12.7729883333333	1186974.1138382
12.8189016666667	1062772.88271332
12.8633216666667	1043237.78808594
12.9092766666667	1075337.55025482
12.9541716666667	1024140.78662109
12.99972	1081364.22531128
13.0451583333333	1108655.19451141
13.0914466666667	1189324.5220108
13.1367566666667	1190413.14510345
13.1827366666667	1179294.29960632
13.2275216666667	1141399.53842163
13.2730716666667	1142615.04916382
13.3194966666667	1154625.4524231
13.366535	1405421.99578857
13.4125133333333	1378839.34375
13.4586316666667	1550588.76942444
13.5016683333333	1597881.29141235
13.5472416666667	1786243.00656128
13.592615	2054880.35488892
13.6393	2309619.39205933
13.6855366666667	2551197.81039429
13.7313516666667	2583942.33668518
13.77633	2422351.59228516
13.82106	2104656.40826416
13.8662766666667	1908902.957901
13.9125983333333	1748441.8021698
13.95867	1724319.06988525
14.0030566666667	1781145.63633728
14.0499616666667	1866050.94190979
14.095565	1993235.32997131
14.1416783333333	1924451.26266479
14.1862416666667	1988094.39575195
14.23197	1829260.0793457
14.2785116666667	1964241.62522888
14.3234983333333	2268633.52372742
14.3692466666667	2390355.91828918
14.4163883333333	2420386.8162384
14.4617016666667	2282181.57875061
14.50716	2025971.37782288
14.5523033333333	1772417.68051147
14.599105	1908324.22779846
14.6448433333333	1805902.31065369
14.69169	1762789.6803894
14.7384983333333	1838734.71899414
14.7842033333333	2016248.34146118
14.8308116666667	2137092.65151978
14.87779	2515888.49087524
14.9233	2619207.83566284
14.9686516666667	2739458.07751465
15.0155616666667	2919380.55992126
15.06127	3084276.25009155
15.1067133333333	3380038.57572937
15.1511633333333	3623344.78379822
15.1973616666667	3310083.91619873
15.2420583333333	3079065.23596191
15.28789	2609905.08041382
15.333825	2535201.90380859
15.37914	2182565.62870789
15.425215	2220062.84364319
15.4704116666667	2322405.09387207
15.5164333333333	2315059.89151001
15.561755	2193128.22033691
15.6067416666667	2593231.1312561
15.6522366666667	2726687.44171143
15.69778	2775530.00704956
15.7443616666667	2651573.42938232
15.7893766666667	2460816.02137756
15.8358283333333	2554788.57185364
15.8823466666667	2822879.15457153
15.9263266666667	3151672.32926941
15.9724483333333	2857169.3591156
16.0185866666667	2902890.3301239
16.063195	2808714.80032349
16.1082133333333	3106281.989151
16.1541516666667	3573220.50218201
16.19993	3423531.47740173
16.2466633333333	3347109.26629639
16.2916833333333	3380685.24761963
16.3372483333333	3301808.62252808
16.3833766666667	3023800.91981506
16.4302166666667	2759699.47822571
16.4762833333333	2985762.12301636
16.5222016666667	2878065.33561707
16.568155	2947824.93606567
16.6118933333333	3149381.66433716
16.6584333333333	3631749.29888916
16.70328	4339370.20448303
16.7505916666667	4605729.08758545
16.7958133333333	5121316.14025879
16.8406883333333	4275996.70953369
16.886415	3884636.28811646
16.93377	3822056.66275024
16.9795016666667	3841714.47332764
17.02396	4249475.60153198
17.0691366666667	4724375.76080322
17.1109133333333	4532841.77061462
17.1571383333333	4380330.47570801
17.2029266666667	4179336.04925537
17.24817	3828529.66149902
17.2933616666667	3530659.51921082
17.3390216666667	3884977.022995
17.3833616666667	4019444.46989441
17.4282233333333	4911600.40341187
17.4737516666667	5037264.59291077
17.5193566666667	5317427.10147095
17.564985	5967375.03067017
17.6112716666667	10805484.0456238
17.6519833333333	19849817.5375671
17.6969566666667	37964273.4143677
17.7376416666667	69605975.3044434
17.7795383333333	69886552.4020996
17.8187066666667	58805949.590332
17.863055	55124249.0844727
17.9082483333333	38987832.8867188
17.95045	25701182.0844116
17.9961033333333	20742705.1228638
18.0404466666667	18204591.1303711
18.0871833333333	16321151.4362183
18.1329	23933830.593689
18.17776	32412252.911499
18.2207133333333	41506121.1530762
18.26368	60220891.4790039
18.300245	66841358.1102295
18.3383716666667	69138922.3830566
18.3816383333333	65488096.2893066
18.4245066666667	48084631.6478882
18.467745	41393097.1918335
18.5102516666667	30740796.6571655
18.5544316666667	23524096.6962891
18.5986433333333	23204484.4763794
18.6440916666667	20672205.0639648
18.6891116666667	20598633.2114563
18.7356533333333	20754179.8833008
18.7807366666667	19808540.3856201
18.826685	22806423.821106
18.8688366666667	21783983.6043701
18.9133466666667	25786926.0230713
18.9570983333333	35469236.4822998
18.9992816666667	53061541.6629028
19.0454016666667	60947889.404541
19.087265	66107820.1556396
19.1293116666667	62101949.0327148
19.1739083333333	60703217.7491455
19.2169483333333	54820854.9154053
19.2610016666667	50314994.1907959
19.3051966666667	40851475.6154785
19.35153	35357156.1156006
19.396955	29712269.3114014
19.4408283333333	25220542.1582642
19.48478	22504732.1439209
19.5289433333333	19969092.1750488
19.5727216666667	25406934.2258301
19.6139016666667	35493324.8988647
19.6543183333333	53453214.7050781
19.6982616666667	74410927.1313477
19.7367983333333	88187566.553833
19.78096	83620382.3398438
19.8262283333333	86238883.8637695
19.8708166666667	65879965.7154541
19.9179266666667	59743523.6082764
19.9614666666667	45735985.112793
20.00429	40170402.4875488
20.0459266666667	38340365.8198242
20.0885666666667	34147419.5947266
20.1305516666667	32849160.9503784
20.170035	36593983.8377686
20.2136516666667	43009336.979248
20.2563433333333	49097523.5551758
20.298985	50815708.7348633
20.3414166666667	49231666.8439941
20.3822983333333	56186678.06604
20.422335	55770352.0855713
20.4647566666667	58668967.7927246
20.509625	54867829.4821777
20.5516133333333	48936177.8060303
20.5881883333333	51513581.0032959
20.6286883333333	55348889.8077393
20.6723133333333	62156180.0389404
20.7125716666667	63958874.8143311
20.7545033333333	76696333.9716797
20.793935	87052799.8265381
20.8359766666667	90361363.1984863
20.879825	100180500.610352
20.9199	94207027.5825195
20.9649266666667	89132793.6130371
21.0092533333333	80039655.2456055
21.0531083333333	82437352.7507324
21.08756	78192264.3431396
21.1285633333333	90048788.0666504
21.17002	93724952.4970703
21.208505	85799520.1247559
21.2529166666667	81350612.9506836
21.29631	90292420.5656738
21.33174	91108938.3012695
21.3716316666667	90044059.769043
21.4068533333333	94409789.9714355
21.446645	104315465.597168
21.4862933333333	104512902.563477
21.5268616666667	128189437.080566
21.5641616666667	136538971.776611
21.5996016666667	142942398.134277
21.6369666666667	148818929.52124
21.671365	142114505.212646
21.713205	148325425.395264
21.7491016666667	171662978.209473
21.7840616666667	171683030.144775
21.8181633333333	182403638.673096
21.8544783333333	175006752.482422
21.8930716666667	202808897.100342
21.9308	237441610.555176
21.9645366666667	298227493.73584
22.000915	342359306.461426
22.0352616666667	380733557.285645
22.07042	451290880.623535
22.1045033333333	451242260.812988
22.1398916666667	414849418.213379
22.1739816666667	432106664.259277
22.2095416666667	396334704.057129
22.245925	364752437.145508
22.2791183333333	381810069.222168
22.3101616666667	294343140.089844
22.3433183333333	296209664.13623
22.3742766666667	288226439.380371
22.4067433333333	351438509.744141
22.4379833333333	419553361.466309
22.4679166666667	467587160.243652
22.49707	556488266.635742
22.5293866666667	632535810.785156
22.5659716666667	655138938.841797
22.6025883333333	778497230.705078
22.6350783333333	841867314.946289
22.6668266666667	899153994.378906
22.69677	899094906.379883
22.7300116666667	864721310.99707
22.7622983333333	851256033.641602
22.794585	841967523.136719
22.8273983333333	745551323.426758
22.857055	729869001.304688
22.8896733333333	732091955.158203
22.9192133333333	813245784.898438
22.9502566666667	785663131.675781
22.9809633333333	855092531.549805
23.0119966666667	876302172.84375
23.0427216666667	979238957.888672
23.0744933333333	984247248.128906
23.1093266666667	1012452673.13477
23.1419916666667	1096165059.10547
23.1747616666667	1049168248.4375
23.2054083333333	1009063280.36133
23.236385	1005338284.04688
23.26802	1093297216.74414
23.2991066666667	1104248724.49219
23.328985	1062417457.46289
23.3608466666667	939664243.316406
23.39343	1066928077.70703
23.4250283333333	1032779556.51367
23.45489	1074145861.79688
23.483505	1081066725.85547
23.5133483333333	1144847365.42383
23.54255	1310478848.29883
23.574095	1271228135.94531
23.60376	1190821031.42383
23.6361116666667	1164160372.82813
23.668465	1220842024.02734
23.70016	1236395616.32813
23.73283	1221632387.91797
23.7649216666667	1099201700.06641
23.7962416666667	1067588497.56836
23.8260766666667	1154895389.95313
23.8564816666667	1256376696.7168
23.8876466666667	1289822192.52148
23.916285	1558797226.00977
23.9451416666667	1529706611.82422
23.9756283333333	1509634294.29688
24.005935	1649819878.91992
24.03716	1584087469.82617
24.0673	1626480568.78711
24.0967633333333	1706293345.75586
24.1264033333333	1899683127.51953
24.1562116666667	1835998682.85156
24.1850816666667	1833276150.40625
24.2162833333333	1805110567.61328
24.2459566666667	1781514478.77344
24.2753933333333	1899875467.74219
24.3059183333333	1711689159.19141
24.3360116666667	1638136128.79883
24.367315	1644839196.20117
24.398625	1749741277.68164
24.4295016666667	1661406371.9707
24.4586233333333	1638750556.16602
24.488075	1807913819.25586
24.51862	1789617899.39453
24.5483516666667	1974168102.69727
24.577355	1960851282.96484
24.6062283333333	1780659526.41602
24.6359633333333	1746972735.0957
24.667915	1854788680.92969
24.6974966666667	1910723516.79883
24.7273816666667	1879464785.19922
24.7579416666667	1843721373.73047
24.7884733333333	1864907856.54492
24.8184166666667	1899502174.35547
24.849575	2020560116.64063
24.8812683333333	1977947910.22266
24.9122633333333	1836123006.09961
24.9442133333333	1831393405.71875
24.97439	1825205623.69727
25.002995	1806896758.68945
25.033585	1749248045.69141
25.0634983333333	1699187746.17578
25.0943633333333	1693026614.20313
25.1249	1703095560.95313
25.1563933333333	1727614593.99219
25.1863833333333	1799485644.33203
25.2152266666667	1752873964.51172
25.2444516666667	1757259648.79297
25.27209	1875717063.16016
25.3004683333333	1831739610.51953
25.329285	1850997062.98438
25.3600316666667	1917346810.35156
25.389045	2137493104.84766
25.4186066666667	2156702181.14453
25.448405	2037739481.57422
25.4784833333333	1975875291.09766
25.508145	2066596009.17969
25.5380816666667	2138847551.57422
25.568855	1980477176.23438
25.59865	1903220208.27344
25.6279	2296928456.30469
25.6558716666667	1897963446.11719
25.6859833333333	1901555608.69141
25.7164883333333	2002330076.22656
25.747005	2093257245.14453
25.77697	2079259693.96875
25.8047333333333	1972984316.54688
25.83405	2262446612.28125
25.8629066666667	2211415310.98047
25.89204	2340452692.26953
25.9217783333333	2282681218.23828
25.9524283333333	2331429540.87891
25.9811416666667	2298076410.03125
26.0116533333333	2320829171.62109
26.041455	2106565543.74609
26.0711033333333	2062815412.26172
26.102325	2105154014.83984
26.134575	1988189837.56641
26.165515	1910648314.26563
26.19524	1791487190.07422
26.225835	1854740776.81641
26.2569666666667	1897665602.12891
26.2881183333333	1883227202.66797
26.3184283333333	2005780952.46875
26.3463283333333	1982690828.77344
26.37636	1968879039.85156
26.4064583333333	2124904968.28125
26.43694	2176591667.88281
26.4685383333333	2311674891.63672
26.499415	2135961983.73828
26.529895	2149231681.53906
26.5589933333333	2070941048.62891
26.5884516666667	2256940150.28516
26.62005	2186704410.97266
26.6502216666667	2144167980.84375
26.6800666666667	2327147165.08594
26.7092316666667	2279733254.00781
26.7393916666667	2428075176.50391
26.769575	2510559304.06641
26.7978883333333	2673769561.41406
26.8268683333333	2943380232.83203
26.8577366666667	3316850583.44531
26.8893433333333	3382967663.97656
26.9188833333333	3435170005.65234
26.9499033333333	3322003897.36719
26.9799033333333	3348772132.22656
27.01071	3139469315.19141
27.0412133333333	2897714698.64453
27.07007	2669560248.42578
27.09982	2593304403.49609
27.1286533333333	2493973939.98828
27.15752	2457585657.85156
27.1874833333333	2324069186.05469
27.2161116666667	2274295981.26563
27.2449116666667	2244854026.39844
27.2742366666667	2279448284.53125
27.3019833333333	2406704152.02344
27.3311333333333	2430227162.33984
27.3602333333333	2249957480.63281
27.3905883333333	2502912901.14844
27.4204766666667	2629357952.53125
27.449365	2522269542.29297
27.479825	2312517294.99609
27.5093266666667	2351177046.57422
27.5385316666667	2492286696.08203
27.5698216666667	2513084118.14844
27.6005183333333	2400532220.375
27.6307166666667	2373600710.5625
27.661715	2555099866.68359
27.691315	2731064361.35156
27.7213016666667	2499551174.16406
27.7521383333333	2531493889.96094
27.7843116666667	2641849365.97266
27.8143483333333	2725126612.90625
27.8428333333333	2763107356.93359
27.8724566666667	2914382641.63281
27.9028	2855377576.69531
27.9334916666667	2820051107.53125
27.9626833333333	3052385675.33203
27.9938583333333	2936568487.76563
28.0230683333333	2962431411.48828
28.0517733333333	2861011290
28.0813116666667	2862464597.69531
28.1102816666667	2867646079.70313
28.140545	2905365031.42969
28.169745	3174473265.07813
28.200375	3186030048.6875
28.2291033333333	3057301940.69531
28.2597933333333	3184206631.78906
28.2910783333333	3092097380.30469
28.320705	3048384624.48438
28.3521716666667	3147291278.77344
28.382965	3302832470.51953
28.414085	2993936924.33594
28.444335	3181057449.54688
28.474685	3272198437.57422
28.504895	2904188613.45313
28.5345716666667	2887554122.51172
28.5641733333333	2756444237.625
28.5944783333333	2857675027.16016
28.6244033333333	3152729518.74609
28.6539266666667	2884023425.33203
28.6836266666667	2830672545.47266
28.7144133333333	2641602288.08984
28.7443	2549712833.78125
28.77393	2475547852.75
28.803495	2696779097.30469
28.8341133333333	2691689487.12109
28.863305	2820737928.42578
28.8922933333333	2652366943.41797
28.92217	2600691372.57813
28.952105	2699587225.97266
28.9824366666667	2736119395.33594
29.01149	2768741757.67188
29.0409466666667	2658907576.75781
29.071455	2665419744.39453
29.10064	2744391387.39844
29.1319383333333	2761104965.19531
29.1626233333333	2638350327.46484
29.1930133333333	2510138615.09375
29.2236616666667	2558555568.56641
29.25378	2639742996.19531
29.2829716666667	2548069103.73438
29.3134066666667	2557756983.67578
29.3437616666667	2456969042.60156
29.3739	2278842042.90234
29.40456	2435091162.31641
29.4340916666667	2517886370.16797
29.4639833333333	2481103444.78516
29.4934883333333	2437990700.47266
29.5243083333333	2661236996.53125
29.5532783333333	2580900929.57031
29.5833616666667	2555646689.73438
29.6143616666667	2539885629.33594
29.64486	2506932819.26563
29.675615	2690800173.68359
29.7056666666667	2505169184.53125
29.7353933333333	2654365630.18359
29.76472	2463698664.39453
29.7947283333333	2592371230.79688
29.823475	2706153182.875
29.85304	2410167495.74219
29.882785	2379140514.35156
29.9136083333333	2357932303.69141
29.94322	2451284039.05859
29.97437	2249944935.57031
30.0048933333333	2237890332.17188
30.0350983333333	2198127456.92969
30.0654933333333	2106142803.75
30.0965116666667	2010068276.45703
30.1253833333333	2178307948.5625
30.15424	2211778961.95703
30.1845883333333	2183574973.64063
30.2155083333333	2202219787.07422
30.2442516666667	2183200604.42188
30.275075	2300462240.11328
30.3030516666667	2378204576.92578
30.332415	2252237887.55078
30.3617616666667	2398144149.62891
30.3901116666667	2365254950.88281
30.419525	2369921179.02734
30.448965	2319786657.16016
30.47887	2296479271.15625
30.5090183333333	2305587289.75781
30.53895	2304445975.50781
30.569145	2411359899.67578
30.5992816666667	2471164669.79688
30.6290616666667	2564268156.55859
30.6579233333333	2603324141.46484
30.68769	2728568457.15625
30.7169816666667	2873182616.39063
30.7473133333333	2789617548.625
30.777795	2741958643.07031
30.807605	2865329505.41797
30.83751	2885302039.27344
30.868135	2821608148.97656
30.8998183333333	2716658675.07813
30.9313483333333	2692553721.90625
30.9613366666667	2484597394.92578
30.9908533333333	2565129302.58594
31.021115	2424595528.1875
31.051705	2226117689.64844
31.0825483333333	2251440419.47266
31.1126166666667	2259795666.16406
31.1418366666667	2281203262.69531
31.17174	2468032739.28516
31.2011316666667	2324036784.95703
31.2309666666667	2320613090.0625
31.2612116666667	2395031041.11328
31.2910266666667	2419526320.88281
31.319215	2502445655.05859
31.3482016666667	2427474912.48828
31.377405	2587623886.44922
31.4080516666667	2410342652.59375
31.4380966666667	2590959186.24609
31.4691266666667	2645826699.50391
31.5001	2509624719.42969
31.5289883333333	2562234075.37891
31.5582083333333	2517486653.34766
31.58787	2547488575.40234
31.6194516666667	2516076820.37891
31.6498316666667	2246037026.84766
31.6794383333333	2405977184.50781
31.7102916666667	2570103189.84766
31.7412516666667	2509364090.55078
31.7722766666667	2322888027.85938
31.8048366666667	2316293531.30859
31.8342666666667	2317695396.82422
31.865575	2478066756.63672
31.89581	2271503276.86719
31.9278966666667	2191931397.12109
31.958885	2270312213.22656
31.989855	2287219201.20313
32.0204216666667	2316669592.07031
32.0504166666667	2228493188.53906
32.07985	2090220134.71875
32.109905	2206355115.79688
32.1394016666667	2257455861.45313
32.1687283333333	2227936137.80078
32.19779	2161810427.46094
32.2275883333333	2244772088.77734
32.2557366666667	2278749481.18359
32.2851616666667	2360314630.28906
32.3149016666667	2458784580.36328
32.3431566666667	2414568954.11719
32.3735483333333	2438690713.46094
32.4025783333333	2535324265.42188
32.43254	2666838794.29688
32.4606866666667	2614545577.88672
32.4916066666667	2460571814.83984
32.5207066666667	2675745323.75781
32.5505933333333	2516733487.70313
32.5803116666667	2547314318.05078
32.6111333333333	2431681947.94922
32.6414283333333	2248980806.82813
32.6719716666667	2236206924.99609
32.702565	2257039300.91797
32.7334066666667	2256761923.48047
32.7637866666667	2221786995.19922
32.7943833333333	2111941248.64844
32.8244033333333	2200089778.875
32.8545516666667	2231895680.39844
32.8841933333333	2270114986.14453
32.913965	2140068185.78516
32.9446766666667	2097130173.05469
32.9740083333333	2231368277.91797
33.002195	2364274619.23047
33.03226	2271147819.16406
33.0628016666667	2193240755.18359
33.0933016666667	2232485965.73438
33.1236233333333	2259089711.94531
33.1530566666667	2231745616.44531
33.1828516666667	2155811334.89063
33.2145533333333	2096747224.27344
33.2454866666667	2036282982.76172
33.2764633333333	2166146019.47656
33.3057233333333	2133504239.4375
33.3358116666667	2140092262.78125
33.3659583333333	2224000818.24609
33.396155	2233995865.22656
33.4253616666667	2088817099.81641
33.45617	2273121709.39844
33.4880833333333	2364797660.99609
33.5177516666667	2345787666.80469
33.5458666666667	2293876293.29688
33.574125	2224487006.36328
33.6034416666667	2258497771.80859
33.633165	2146800510.61328
33.6627666666667	2146323322.96484
33.692325	2168559166.37109
33.72228	2294529434.14844
33.7528183333333	2329569054.09375
33.7843116666667	2189371092.85547
33.8147983333333	2189814032.08984
33.846245	2249636958.87891
33.876895	2130842079.9375
33.90821	2074457052.26172
33.937695	1959901685.60156
33.9684166666667	1989222625.98828
33.99779	1975289211.41797
34.0298366666667	2048423041.98438
34.0593933333333	1990696430.125
34.0899283333333	2073497886.87891
34.1215633333333	2109674384.74609
34.1530566666667	2143328328.92188
34.1838183333333	2232140288.80078
34.21404	2241699080.13281
34.24392	2219590803.67969
34.2749416666667	2369880041.875
34.3059683333333	2220330859.98828
34.335995	2219492118.23047
34.3665533333333	2140823412.48828
34.3973466666667	2276954348.08984
34.4277383333333	2176745599.58594
34.4571833333333	2310352238.55469
34.487335	2141750465.95703
34.5178	2172018319.73828
34.5473266666667	2281670955.70703
34.5776133333333	2162104597.50781
34.6067966666667	2182915759.71875
34.6363766666667	2113586059.16406
34.6660366666667	2198386371.09766
34.6956016666667	2277865223.20313
34.7240516666667	2446145940.41016
34.7542466666667	2209776941.53516
34.7831966666667	2231714589.82031
34.81354	2235944022.53516
34.8416733333333	2316914619.84766
34.8710483333333	2229662188.51953
34.9009233333333	2260706032.625
34.9305616666667	2190196759.14453
34.961555	2220648563.77344
34.991325	2232972513.04297
35.0200633333333	2290575318.41797
35.0498583333333	2169859522.35547
35.080195	2134984706.03906
35.11061	2209018376.16406
35.142155	2337038652.07031
35.1734	2155695663.01953
35.2027916666667	2110235438.80078
35.2339683333333	2186570181.1875
35.26499	2134777760.125
35.29553	2154079534.63281
35.3262216666667	2135188686.76172
35.35755	2052779023.875
35.3858083333333	2028261801.42969
35.4151116666667	2153577734.72266
35.44419	2253180489.54688
35.4735166666667	2174210511.35156
35.503415	2136841120.76953
35.53356	2304346312.59375
35.563335	2263320816.48828
35.5923466666667	2374284639.41016
35.6218816666667	2320823679.64844
35.6508733333333	2260356583.92578
35.6814783333333	2212043961.70313
35.7115133333333	2195299478.59375
35.7416933333333	2211278064.38672
35.7725233333333	2226540429.66016
35.8034433333333	2170657840.25391
35.8343066666667	2219848803.26953
35.86501	2281932869.01953
35.89604	2370660771.21875
35.9269033333333	2182715641.82031
35.9572716666667	2187004796.39063
35.9872783333333	2355866942.64453
36.0162916666667	2195276621.53906
36.0464383333333	2226122487.21484
36.07631	2359105436.10938
36.1059333333333	2165225019.85156
36.1355183333333	2213847199.40625
36.166415	2164179316.57031
36.1971833333333	2113968596.69922
36.2259283333333	2113808869.39844
36.2566633333333	2069106833.20703
36.28677	2221447074.76563
36.3148333333333	2143693607.0625
36.3442283333333	2159149515.05078
36.3744166666667	2220694688.625
36.4042366666667	2268176335.76563
36.4324983333333	2230181180.64063
36.4633083333333	2219733152.90625
36.4928016666667	2138291859.72656
36.5233316666667	2074220772.72656
36.5536533333333	2121481701.78906
36.5836566666667	2097411388.07422
36.613	2045937311.89844
36.6418266666667	2004860231.36719
36.6721866666667	2001115957.14063
36.703265	2142199641.8125
36.7334516666667	2127012705.88672
36.7615833333333	2170369715.55469
36.7899783333333	2211878178.33203
36.8196083333333	2391340236.98047
36.8492516666667	2443720617.5625
36.8794	2449983701.88281
36.90892	2194089445.96094
36.9403383333333	2361755755.48047
36.9704416666667	2270497212.79688
37.0006383333333	2307708189.83984
37.03109	2333656422.83203
37.0609516666667	2210171968.86328
37.0896233333333	2294182372.45313
37.1201783333333	2195036620.9375
37.1495066666667	2213595038.97656
37.178425	2106053591.71094
37.2071316666667	2192421740.69531
37.236775	2102037145.5625
37.2661333333333	2119331164.67578
37.294765	2364729126.30859
37.325995	2247120867.28125
37.35682	2215642794.71875
37.3872533333333	2325127819.80469
37.4183716666667	2318227708.16016
37.4503233333333	2250787666.25
37.4807516666667	2103938484.45313
37.5124133333333	2106608587.33594
37.5431133333333	2327852495.38672
37.5732316666667	2406957051.61328
37.60341	2190772907.79688
37.633475	2096310239.85938
37.6634333333333	2098127134.28125
37.69369	2148775724.03516
37.7232033333333	2117534103.12891
37.7523983333333	2136687348.63672
37.7831816666667	1995210370.49609
37.81411	1905481041.66406
37.8450883333333	2040188960.51563
37.87628	2101117946.78906
37.9055316666667	2041487851.91016
37.9354583333333	2090720476.79688
37.9655666666667	2127079926.08984
37.99515	2089282804.35547
38.024365	2121253294.86328
38.0528016666667	2003481038.44141
38.0823566666667	2058294886.06641
38.1111983333333	2111927745.08203
38.1404133333333	2079121125.30859
38.1703366666667	2071951630.37891
38.1991183333333	2017235648.0625
38.228675	1972115085.51563
38.25808	2020708016.02734
38.2870783333333	2057616196.61719
38.317645	2020204884.10156
38.346085	2018415215.24609
38.3764983333333	2034903138.25781
38.4052366666667	2112444738.29688
38.4352783333333	2175901952.3125
38.4651633333333	2222277655.125
38.4941266666667	2050671684.35938
38.523275	2117661873.98047
38.5525316666667	2257582014.94141
38.5820433333333	2197692424.39063
38.6109016666667	2127463429.37109
38.6398083333333	2062140480.42969
38.6704216666667	2047050818.34375
38.7008766666667	2036392097.80078
38.7311183333333	2120813088.75391
38.75993	2075957570.19141
38.7910233333333	2105153140.23828
38.82132	1971499041.99609
38.851695	2124425199.70313
38.8825316666667	2125836731.84375
38.9128583333333	2035317747.61328
38.94333	2056847887.89453
38.9738166666667	2135302961.41406
39.004015	2127628382.71875
39.03517	2040320785.57422
39.06621	2172992137.4375
39.095865	2158691706.82422
39.126275	2195459879.39453
39.155825	2149364076.07813
39.1856533333333	2162698377.29297
39.2156	2028239561.44531
39.246485	2055793435.10938
39.2763483333333	2143249562.70703
39.3064	2130206560.65625
39.3361216666667	2157301489.375
39.3666166666667	2247906700.75391
39.39653	2179270580.95313
39.4267566666667	2235220813.14844
39.45504	2238474539.03516
39.4852933333333	2304251098.34375
39.5155633333333	2215784367.49219
39.5446583333333	2188989740.77344
39.57393	2011560233.66016
39.604725	2085097382.32031
39.6337483333333	2018175358.64453
39.6636783333333	2104727948.03906
39.692845	2047603886.36719
39.7227016666667	2061333364.23828
39.7517233333333	2117242851.83984
39.7823933333333	2065451566.85547
39.8114016666667	2139426926.65625
39.8411216666667	2266496870.37109
39.870375	2386274375.71094
39.8999616666667	2152424435.55078
39.930105	2154372186.37891
39.9607083333333	2137787524.6875
39.9911683333333	2225057637.35156
40.02183	2116558493.78516
40.052115	2125006622.41797
40.08159	2129310018.28906
40.1118266666667	2125592627.84766
40.1421133333333	2284992683.70313
40.172695	2249334659.74219
40.2017483333333	2095815285.98047
40.23253	2176502289.09766
40.26417	2197558994.20703
40.2939216666667	2167687428.04297
40.3235416666667	2227071773.79688
40.3535283333333	2323431826.85156
40.3843583333333	2244765917.60547
40.4149283333333	2343302058.22656
40.4449083333333	2331654575.80859
40.4743216666667	2355624583.97266
40.5044916666667	2316628650.19531
40.5350733333333	2235497228.13281
40.5670783333333	2324048346.27734
40.5969066666667	2243694999.64844
40.62681	2194627551.11328
40.656455	2166776546.28125
40.6856433333333	2152900758.64063
40.7151816666667	2309500424.74609
40.744275	2334743373.83203
40.77433	2228411650.25391
40.8048716666667	2386335246.95703
40.83375	2753142468.37891
40.86441	2422840820.13281
40.8952566666667	2439341452.42969
40.9257383333333	2412681004.74609
40.9567616666667	2416035410.02734
40.9869866666667	2456528413.78125
41.0172783333333	2419962989.88672
41.0483966666667	2426206525.91797
41.0801083333333	2489123155.23438
41.1102633333333	2349996962.03516
41.1403433333333	2512937778.31641
41.1697983333333	2438014348.32031
41.1992566666667	2566163877.41016
41.22939	2294872631.69141
41.2582433333333	2454576975.13281
41.287155	2231295868.85547
41.3150083333333	2301468547.42969
41.343695	2279076025.46484
41.3739683333333	2220582688.93359
41.4047816666667	2286471310.55078
41.4344533333333	2543818561.37891
41.46523	2431631151.51953
41.49526	2351988139.86719
41.5253333333333	2444254750.18359
41.5561016666667	2632032729.07031
41.586615	2430440360.79297
41.6182233333333	2465112005.46875
41.64937	2344749901.07813
41.6803216666667	2368405431.41406
41.70975	2463076516.71875
41.7400433333333	2433724483.75781
41.7700533333333	2557340666.08203
41.800235	2473199485.38672
41.8305466666667	2562629601.21484
41.8610183333333	2467031041.88281
41.89147	2375844756.97656
41.9211366666667	2228251848.74219
41.950715	2184125368.64844
41.98036	2331946083.72656
42.01113	2430176616.76172
42.04104	2431619886.76172
42.0714766666667	2346707391.58594
42.1015283333333	2345031758.21094
42.1306283333333	2475288451.06641
42.1605266666667	2647963738.25781
42.1904333333333	2452082987.36719
42.2215716666667	2395049953.21484
42.2515233333333	2226820840.71094
42.281825	2184305674.12891
42.3121266666667	2125847898.03125
42.34155	1964458444.24219
42.370845	1939049616.93359
42.4007116666667	1963080778.55078
42.4304233333333	2086912077.71094
42.4613083333333	2092953053.67578
42.491975	1942693589.35938
42.5223766666667	2055349956.26172
42.5523116666667	2066042050.48828
42.5822983333333	2224907630.91016
42.613755	2355951158.76172
42.644325	2284567287.85938
42.6759033333333	2279184296.92969
42.7062883333333	2297928579.51172
42.7375416666667	2113768178.22656
42.7696933333333	2107273045.69531
42.8021366666667	1971026785.19141
42.8332733333333	1922995640.33594
42.8645066666667	1886346623.1875
42.8961233333333	1872096196.35938
42.9258516666667	1855985709.67188
42.9564083333333	1890574713.82813
42.9873966666667	2174799241.08984
43.0175116666667	2080162759.81641
43.0478433333333	2202847784.66797
43.0767316666667	2047910132.88281
43.1075466666667	2160608201.04297
43.1366583333333	2181550145.80078
43.16617	2030814103.21875
43.1968933333333	2206700656.91016
43.2281483333333	2238812721.49609
43.2580166666667	2188661303.24609
43.288355	2205511251.03906
43.3186583333333	2132655949.99219
43.3487766666667	2089053168.95313
43.3782783333333	2106549171.50391
43.408445	2041097211.35547
43.438985	2083196004.21484
43.4684883333333	2062220389.33984
43.49978	2047578813.85156
43.5303433333333	2022343942.1875
43.5603433333333	2078159206.30859
43.5907766666667	2056094296.65234
43.62085	1980939047.55469
43.6530633333333	2017456970.69531
43.6829433333333	1980925733.72656
43.7147916666667	2088875418.32031
43.7449066666667	1916422253.01172
43.7757333333333	1981032961.82813
43.8069483333333	1978505769.02734
43.8379083333333	1990112718.71094
43.8688183333333	2053041641.75781
43.8998883333333	1842880476.82422
43.93023	1917195716.42578
43.9611733333333	1908662459.21875
43.9924966666667	2015775443.32422
44.0226683333333	2029614607.71875
44.0526233333333	1926611887.76953
44.082635	1874649796.82422
44.114065	2013606581.87109
44.1447433333333	2165404167.49219
44.1740116666667	2040574825.80469
44.2034416666667	2067309046.57031
44.2341183333333	2279436395.95313
44.2653933333333	2207351298.30078
44.296515	2355708444.125
44.32803	2338976345.78125
44.3579216666667	2689275217.96875
44.38854	2679452879.88281
44.4199433333333	2594742503.51172
44.4505866666667	2730889138.19922
44.4802066666667	2854581930.75
44.5098783333333	2827494547.74609
44.5414	2993299956.00391
44.57135	2792641474.39063
44.60224	2586809855.31641
44.632085	2427531948.39453
44.662375	2418852953.77734
44.6933283333333	2381910584.08594
44.72507	2322485655.55859
44.7565716666667	2283280026.07031
44.787485	2241780417.26953
44.8184233333333	2158204757.01563
44.8495033333333	2325756476.96875
44.8798566666667	2100352559.96484
44.9093583333333	2056997034.15625
44.9408616666667	1990690044.65625
44.9724283333333	1996750932.97266
45.0034583333333	2103420740.35547
45.0343283333333	2048524911.77734
45.0643216666667	1989466313.02344
45.0952733333333	2041351918.14844
45.1255366666667	2159933147.07813
45.1560683333333	2265343016.59766
45.1865033333333	2262626446.44922
45.2165366666667	2156700970.89453
45.2471833333333	2257728931.64453
45.278015	2117992758.20313
45.30904	2323303302.5
45.3401466666667	2148127695.89063
45.372495	2063319447.55078
45.4037116666667	2074978893.12109
45.4351816666667	2111391763.29297
45.4657316666667	2260338450.70703
45.496445	2047049724.62109
45.5266916666667	2278725560.08984
45.5569083333333	2295347053.80469
45.5882883333333	2297796345.03516
45.619955	2246587847.86328
45.6511433333333	2147294297.17188
45.6822016666667	2295321986.10547
45.7130466666667	2113397442.03516
45.7420016666667	2262285952.20703
45.772495	2041002691.74219
45.8027566666667	2093680986.13672
45.83366	2183498579.86719
45.8644833333333	2150035461.32422
45.8945416666667	2377555615.33594
45.9251533333333	2101242620.60938
45.955725	2257691968.25781
45.9853666666667	2332770875.03125
46.0147333333333	2319006238.44141
46.0457183333333	2387663436.76172
46.0757783333333	2341188614.39453
46.1054383333333	2392765403
46.1358183333333	2486603754.17188
46.1664533333333	2419337166.27344
46.197225	2443866380.79297
46.229125	2558536935.41406
46.26008	2417497386.29688
46.2911	2387942320.47266
46.3221116666667	2500101535.34766
46.3522566666667	2474199034.62891
46.3828283333333	2525954527.61328
46.41386	2438010514.08594
46.4454066666667	2489927153.23828
46.475255	2707801341.25
46.5059033333333	2500837895.89844
46.53652	2497496548.41016
46.567485	2445782553.66406
46.5978233333333	2359847822.28516
46.6296066666667	2402350241.77734
46.6624683333333	2456064074.4375
46.6935033333333	2555412646.78516
46.72477	2600102089.71484
46.7558983333333	2679958928.28906
46.786855	2752362860.01953
46.8182083333333	2590063715.01953
46.8488233333333	2697155299.04688
46.8777583333333	2665553714.80469
46.9081966666667	2513734345.81641
46.9378233333333	2838618727.44141
46.9675516666667	2561744436.89063
46.998755	2609282072.34766
47.02945	2510719658.47656
47.060275	2503892178.51563
47.0919933333333	2621770619.29297
47.1236	3343631415.64063
47.153955	2597158683.08594
47.1858016666667	2410409816.47656
47.217335	2473196005.33594
47.2490333333333	2342665043.88281
47.28074	2337243203.625
47.3119133333333	2300889288.51172
47.3430966666667	2159726777.00781
47.3735366666667	2110331792.53125
47.4036333333333	2224128866.36719
47.4340383333333	2275854718.64453
47.4633016666667	2164591016.74609
47.4930633333333	2253308903.60547
47.5231233333333	2435612180.95703
47.5547966666667	2470787573.12109
47.5856483333333	2364336802.37109
47.61621	2370847330.96875
47.6469716666667	2405525623.19531
47.6769766666667	2479000855.57813
47.708265	2490755918.91016
47.73819	2550517507.16797
47.7688083333333	2351186938.46875
47.7993516666667	2305422195.53906
47.8280533333333	2456736034.58984
47.85832	2398510925.78906
47.8892466666667	2312556246.83984
47.9198933333333	2193935184.71875
47.95077	2349181239.33203
47.9815883333333	2400204428.46094
48.0127666666667	2593522882.28516
48.04273	2337893246.57813
48.07352	2383707780.41797
48.1045183333333	2644521078.29688
48.13609	2384635196.03516
48.167535	2313668608.21484
48.198705	2216045775.65234
48.2304083333333	2347621109.43359
48.2618816666667	2249189940.57422
48.2929233333333	2180303358.47266
48.3236333333333	2064998862.62891
48.3534583333333	2102468773.28906
48.384075	1955314808.94531
48.4148933333333	1959711556.64453
48.4464366666667	2112534862.73438
48.4776283333333	1966382015.32031
48.5087133333333	1899086325.57813
48.53852	1840462902.80859
48.5699516666667	2004312234.22656
48.6004583333333	1884475180.14063
48.6321533333333	1785121106.80469
48.6632333333333	1789961334
48.6924433333333	1845272277.86328
48.720655	1873742046.82813
48.7512066666667	1996740804.13672
48.7810233333333	1976172225.82813
48.81119	2081642670.95313
48.8410033333333	2055347638.24609
48.8713016666667	1999313105.41406
48.9022783333333	1994530785.63281
48.9331533333333	2013011858.07031
48.9647433333333	2018058190.375
48.9956216666667	2141770863.6875
49.0259633333333	2057884622.46875
49.0563833333333	2198087961.40625
49.0869683333333	2095878079.19141
49.117675	2107269638.52734
49.1481783333333	2197068275.73047
49.1785483333333	2226377367.21094
49.2080116666667	2001758582.67188
49.2388883333333	2130156849.57031
49.2694733333333	2157005944.67969
49.3009066666667	2157398815.78516
49.3319916666667	2044140559.71875
49.3635816666667	2068192429.30078
49.39348	2117992314.40234
49.42375	1993575963.66406
49.45481	1952996808.98438
49.48631	1890871096.40234
49.5170316666667	2089449633.76563
49.54667	2072354435.64063
49.576955	2169827406.44141
49.60788	2080839063.84375
49.63798	2083143525.13281
49.669935	1996076822.62109
49.7002716666667	2026942034.98047
49.7308883333333	2030311298.22266
49.7602466666667	2091718543.88281
49.7905633333333	2176036368.5625
49.82046	2306968779.38672
49.8488183333333	2399921513.49219
49.87834	2397975184.94141
49.9085516666667	2240240501.91797
49.93952	2266323818.34766
49.969685	2301272376.60547
50.0010066666667	2434746135.17969
50.0320216666667	2298498716.73438
50.0618183333333	2351403575.53906
50.0911266666667	2371090596.33984
50.1217033333333	2311560531.60938
50.15217	2151136522.42969
50.18261	2226914126.31641
50.213325	2105090638.67969
50.24331	2275651460.19531
50.2732283333333	2110113182.43359
50.3042333333333	2047851549.64063
50.3356666666667	2051168769.36328
50.3659933333333	2060576200.99609
50.39713	2077121829.82031
50.4284083333333	2070083946.79688
50.4601333333333	2134606547.55469
50.4913966666667	2112556062.60938
50.5225583333333	2042322930.14063
50.5533266666667	2086824957.17188
50.5846983333333	1980788750.61719
50.615915	1933142140.92578
50.6462583333333	2015297185.88281
50.6772366666667	2108576085.75781
50.70807	2027536381.35938
50.7379816666667	2061118037.70313
50.7700433333333	2040617465.94141
50.8006866666667	2044493365.58203
50.8318833333333	2299538758.76563
50.8637133333333	1941792622.55469
50.8954283333333	2128280719.23047
50.9273066666667	2033550965.09766
50.959055	2170403805.35938
50.9912333333333	2078065130.07813
51.02239	2208983460.35938
51.0527833333333	2162632758.32813
51.0832266666667	2120134595.11719
51.113845	2066173596.36328
51.1441566666667	2109546139.83984
51.1755616666667	2003311011.77344
51.2062333333333	1858844396.73438
51.236465	2011301300.84766
51.2661916666667	1965071208.68359
51.2965616666667	2041645688.3125
51.3266916666667	1952751180.13672
51.3571833333333	1944625857.67578
51.388865	2012231218.21484
51.4210333333333	2116320796.19141
51.452255	2084097816.24609
51.483335	1992874400.76953
51.5139166666667	2077673393.03125
51.544785	2001404509.22656
51.576045	2060587502.13281
51.606205	1931662369.16406
51.63677	1799003401.62891
51.667545	1851371331.60156
51.6988316666667	1828090530.83203
51.7284533333333	1764111486.39844
51.759345	1728390509.36328
51.7913883333333	1840839947.14063
51.822115	1772414200.88281
51.8533733333333	1803354832.54297
51.8837983333333	1799422419.12891
51.9148	1991056166.30469
51.9451416666667	2073195053.30859
51.9753333333333	2242330807.16406
52.003935	2306321687.39844
52.0334583333333	2296399983
52.0633783333333	2229229152.875
52.0926133333333	2274039271.36719
52.12308	2245537798.42969
52.1530333333333	2141856613.07813
52.1834183333333	2096679218.77734
52.2134983333333	2165494806.85156
52.2444133333333	2082571759.91406
52.2752833333333	2114518743.35156
52.3059016666667	2069011223.82422
52.336485	2027927003.72266
52.36748	2008844993.19922
52.3981183333333	2086276130.83594
52.428655	2020303394.14063
52.4593516666667	1953856189.19141
52.4903316666667	1835066074.46875
52.5199116666667	1937107692.87891
52.5512166666667	1821637640.75
52.5826466666667	1823101762.03125
52.6140766666667	1817857109.40234
52.6442966666667	1769864720.52734
52.6749983333333	1897539007.91406
52.7057233333333	1829210501.72266
52.735695	1881442297.91406
52.7669816666667	1772801143.11328
52.79741	1990141874.18359
52.8277533333333	1870466330.27734
52.85893	2103458696.63281
52.890125	1893354638.30469
52.9211166666667	1999373275.05078
52.9524533333333	2083108138.20313
52.98148	2128304442.61328
53.0126783333333	2243584469.46875
53.0426383333333	2190712011.78125
53.0729266666667	2184234116.67578
53.1034716666667	2276835334.90234
53.1341766666667	2193266381.45313
53.165185	2086758812.99609
53.1969216666667	2157385415.68359
53.229145	2297878364.85156
53.2607566666667	2078894633.03516
53.2920766666667	2170442900.30469
53.3227916666667	2069179524.02734
53.3539416666667	2608440383.57813
53.3857283333333	2260016741.73438
53.41717	2191020035.46875
53.44848	2374590135.91016
53.48078	2275539111.23438
53.5117866666667	2199254345.80469
53.5426233333333	2273730262.98438
53.574285	2374455488.44531
53.60532	2183047943.70703
53.6363316666667	2225205601.96094
53.6681233333333	2101573066.55859
53.6988583333333	2123176314.02344
53.72981	1905287412.50391
53.7605816666667	1958751628.02344
53.7913116666667	2038117114.87891
53.8231016666667	1988141701.66016
53.8538	1925660079.97656
53.8855383333333	1877382809.98438
53.9156933333333	1967616548.13281
53.9464483333333	1941014511.71875
53.976215	1916798741.65234
54.00721	1784278167.34375
54.03752	1639984854.67578
54.0689583333333	1768067349.48828
54.1005216666667	1769438875.20703
54.1320033333333	1815031371.88281
54.1631633333333	1916590336.40234
54.19423	1850129191.96484
54.225425	1848396576.14063
54.25647	1815454280.02344
54.2872433333333	1828604450.44141
54.3178483333333	2056338483.42578
54.34857	1929695591.79297
54.38074	1828455267.66016
54.4119333333333	1853786438.82422
54.4422616666667	1895517658.98047
54.4728466666667	1842658906.375
54.5024816666667	1874043431.37891
54.533395	1812603342.91406
54.5641566666667	1801149316.77344
54.5947083333333	1830909890.53125
54.62531	1936091661.76563
54.6549683333333	1887330011.54688
54.6847966666667	1981447563.78125
54.7153133333333	2012621067.91016
54.74551	2009983921.25
54.7756216666667	1966671425.39844
54.805655	2227815138.00781
54.835125	2305134167.85156
54.8663116666667	2063015170.99609
54.8965033333333	2029912351.20703
54.9260066666667	2096682233.53516
54.9555233333333	2082045012.55078
54.9865383333333	1979216236.85938
55.016885	2130105233.55859
55.0483933333333	1904957870.48828
55.0782033333333	1955102880.16406
55.1091633333333	1907692446.02344
55.14107	1995546106.83203
55.1724783333333	1999150657.03906
55.2039183333333	2018371971.55078
55.2337116666667	1845271265.77734
55.2640483333333	2121330881.08594
55.2953633333333	2022303770.69141
55.326405	1886067722.0625
55.3570383333333	1861112031.19922
55.3881583333333	1893421972.47656
55.419125	1970470209.07031
55.4502933333333	1844038128.25391
55.4815216666667	1958200815.36719
55.5129283333333	2014742766.93359
55.5441716666667	2159710834.85547
55.5750066666667	2219573876.98438
55.6061933333333	2123592968.96484
55.6360733333333	2183504123.46094
55.6674533333333	2181066235.68359
55.698755	2169681855.45313
55.7288116666667	2187992367.8125
55.7590866666667	2045962302.41797
55.7899383333333	2013185809.51953
55.8212866666667	1972042329.83203
55.8525516666667	1944014086.64453
55.8827866666667	2051790713.80078
55.9139283333333	2044401897.35938
55.944895	2249843045.56641
55.9767633333333	2107696560.39063
56.008245	2098897544.98047
56.0389333333333	1905735358.46875
56.0700983333333	1890254846.30469
56.1015	2036051135.54688
56.1330283333333	1965016357.29688
56.16413	1822457804.00391
56.1945533333333	1880862028.45703
56.22577	2027719261.36328
56.2570416666667	1916853959.55469
56.2880433333333	1882502921.62891
56.3193466666667	1809686153.00781
56.3511033333333	1720177634.87891
56.3820166666667	1736295014.08203
56.4123316666667	1857183321.125
56.4430483333333	1811006792.30078
56.4732266666667	1720630947.35547
56.5045883333333	1858788661.91016
56.534945	1853872784.42578
56.5653116666667	1827047941.625
56.5957316666667	1799683615.22656
56.6265033333333	1994450716.39063
56.65611	1882028119.43359
56.686595	1878249681.90625
56.7168016666667	1879241398.16016
56.7466816666667	1789399023.42578
56.777055	1877686015.73438
56.8080633333333	2017703457.53906
56.8396716666667	1795353963.95703
56.87061	2150102241.29297
56.900975	2017693090.07422
56.9319583333333	1829915323.62891
56.9632666666667	1915347813.28906
56.9944	1967406011.55859
57.025265	1992439446.73828
57.0557033333333	1992980735.67969
57.08591	2041498349.13672
57.1170933333333	2018800180.45313
57.1479266666667	1920230422.35547
57.17919	1996919378.72656
57.2101583333333	1996039383.76172
57.2409566666667	1999800141.87109
57.2714416666667	2090846884.27344
57.3029116666667	1948456913.90625
57.33365	2101206096.09375
57.3641383333333	2036185648.50781
57.3952633333333	2012838294.87891
57.4266133333333	2042687369.98438
57.4565783333333	1998722018.44141
57.48756	1928173454.17969
57.5189316666667	1924233698.64453
57.5497483333333	2067199779.88672
57.5809583333333	1862118294.97266
57.6122783333333	1911841144.77344
57.6429133333333	1823149640.58203
57.674345	1747370480.52344
57.7055066666667	1740236572.95703
57.736055	1591467747.60547
57.767915	1476636972.61328
57.799405	1680939371.42578
57.8304533333333	1560965803.31641
57.8615216666667	1598725801.70313
57.8914783333333	1594962760.99805
57.92149	1495384532.03711
57.9522666666667	1792859637.25781
57.9828583333333	1723890513.62109
58.01368	1772529172.37109
58.0445733333333	1802580393.30078
58.0749966666667	1697471135.52734
58.1050916666667	1555126339.28906
58.1359116666667	1511278966.28906
58.168025	1570865890.92578
58.1987266666667	1420358502.47852
58.2296633333333	1510790318.95117
58.2600233333333	1597887800.25781
58.2909633333333	1507641515.10156
58.3226083333333	1526637877.09375
58.3534283333333	1637363646.04492
58.3837183333333	1675391507.81641
58.41459	1712078833.34766
58.4448233333333	1615850353.48438
58.4753233333333	1583216398.83984
58.5069866666667	1583046743.8125
58.5382366666667	1814474422.09766
58.5688383333333	1813551629.84766
58.5995583333333	1606705894.29883
58.630735	1686381771.62891
58.6604633333333	1646910290.36328
58.691605	1673316192.54102
58.7237383333333	1953294945.46094
58.7545066666667	1657105068.79688
58.786105	1676158553.91406
58.81785	1742580493.23047
58.848685	1798719991.21094
58.87932	1997647028.91016
58.9109083333333	1807007452.46875
58.9425116666667	1811863952.46484
58.97346	2094296285.93359
59.0048633333333	1816358801.31641
59.0362533333333	1854993600.38672
59.0674416666667	1741192333.98438
59.098835	1794694271.4375
59.130235	1838600417.70703
59.1612033333333	1827833362.05469
59.191915	1844347193.27734
59.22268	1828205782.8457
59.2541016666667	1792827621.75977
59.28515	1871862736.21875
59.3166366666667	1596925979.87109
59.348265	1552527921.32227
59.3790866666667	1428263881.00391
59.4104833333333	1526724315.84375
59.441525	1433715110.38086
59.4727716666667	1385107963.25391
59.503285	1460000501.89063
59.5341866666667	1589288750.3125
59.5646133333333	1571447668.27734
59.5948983333333	1606508051.62109
59.6253716666667	1576807686.72656
59.65627	1684982584.36914
59.686925	1863783314.02344
59.7182216666667	1974130748.77344
59.7493566666667	2112512170.70703
59.7801266666667	1951657146.75781
59.8116266666667	1832133547.80078
59.84242	1808926172.60938
59.873005	1715970464.64453
59.9038016666667	1624071621.94141
59.9350783333333	1607237704.15625
59.9664233333333	1601091100.25977
59.9967716666667	1504846464.87891
60.0277833333333	1584192463.69141
60.0591683333333	1518539366.66992
60.089485	1530843482.93359
60.1208033333333	1598430721.58984
60.1514516666667	1534244298.6543
60.1809183333333	1577674094.95313
60.2114433333333	1648927911.07422
60.24124	1674982332.08984
60.271865	1906123902.0625
60.3027116666667	1844447434.45117
60.3328916666667	1995427016.13672
60.36341	2012995049.89063
60.39378	2034366596.67969
60.4237083333333	1813669433.10352
60.454095	1929001862.74805
60.4854866666667	1720274210.74609
60.5166616666667	1767390055.50195
60.54795	1894512055.00781
60.5788866666667	1742410062.07422
60.6110583333333	1705632073.44531
60.6431416666667	1659118561.72852
60.6749583333333	1541316043.00977
60.70676	1736811387.84375
60.7378283333333	1483489439.08203
60.769515	1503571566.30859
60.8016966666667	1603975637.3125
60.8339833333333	1857283932.52344
60.86545	1727911024.46875
60.896685	1730976995.50586
60.9270366666667	1742605439.84961
60.9576183333333	1837976891.66797
60.9889166666667	1805846073.76367
61.019515	1848386887.73438
61.0500766666667	1758874995.95898
61.0810366666667	1718346958.27344
61.1120933333333	1693434465.02148
61.1439816666667	1665425309.03516
61.1750066666667	1593516351.74023
61.2060483333333	1757846341.54883
61.23763	1650830033.25195
61.2692066666667	1639892222.38281
61.30116	1558210689.00391
61.333585	1529129385.61719
61.3654	1433283921.88672
61.3973316666667	1385405172.76953
61.4294733333333	1415174418.0293
61.4607266666667	1356146948.26953
61.491935	1416648714.49023
61.52259	1374820681.31055
61.5527116666667	1289672536.68945
61.5840116666667	1366009297.05664
61.6144	1241421099.19922
61.6453516666667	1297756823.37891
61.6759366666667	1370130599.52539
61.7064066666667	1389793443.10156
61.7384766666667	1436536391.66602
61.7688066666667	1474082499.26563
61.79871	1522541577.60156
61.829285	1574069033.53711
61.8605066666667	1697406845.72266
61.8907383333333	1700024435.32422
61.92247	1769829206.00781
61.9533883333333	1791487487.08203
61.9839916666667	1979762277.25391
62.015655	1853209569.81055
62.0461783333333	1860638794.02344
62.0772616666667	1834112925.69336
62.10805	1774260357.55664
62.1383533333333	1855554318.50977
62.1707833333333	1669723188.85938
62.2022816666667	1627625144.97461
62.2332466666667	1527727363.28125
62.2639483333333	1556108228.5625
62.2954616666667	1624356624.67969
62.3264583333333	1498142919.03711
62.3582283333333	1549534000.71289
62.3896066666667	1460214199.93555
62.422005	1395608485.25977
62.453305	1428878043.71094
62.4854916666667	1527574882.95313
62.5177066666667	1609984139.64258
62.5492366666667	1689729231.73438
62.58066	1590284596.36719
62.613	1641748408.99219
62.6441183333333	1606126662.67969
62.6761166666667	1650486662.52539
62.70794	1729006554.89258
62.7390566666667	1471498673.32031
62.7712016666667	1548921809.13281
62.8033233333333	1734390107.875
62.8349033333333	1470419278.89063
62.8668366666667	1512716100.28516
62.8976066666667	1334299640.49414
62.9284666666667	1406282410.01172
62.9597416666667	1397393406.18164
62.99139	1428976511.75195
63.022185	1488089420.8457
63.0534833333333	1509920599.26172
63.0846016666667	1637588866.43555
63.11542	1630225894.74805
63.14567	1641011029.91992
63.1772416666667	1620026744.625
63.2086516666667	1548951134.41602
63.2397916666667	1652489232.83594
63.271835	1747440408.29883
63.3030466666667	1762724849.77148
63.3334716666667	1892936857.90234
63.3646783333333	1703987673.43945
63.397595	1819811251.49609
63.4287566666667	1803506665.58984
63.4598316666667	1761242340.68945
63.4926816666667	1781342201.48828
63.5238483333333	1683644208.08594
63.5558833333333	1675330663.23828
63.5865266666667	1529662598.65234
63.6180416666667	1588350749.60742
63.64936	1909593232.0293
63.6798433333333	1692422191.89844
63.7108183333333	1658124879.16797
63.7416216666667	1775424523.40625
63.7727566666667	1604765533.1875
63.8040233333333	1661855360.94531
63.83462	1720796531.44922
63.8657816666667	1718978550.97656
63.896625	1715013282.22852
63.92778	1788235982.53125
63.95867	1687316663.01172
63.9900583333333	1588004663.03516
64.02224	1646724221.90234
64.0537483333333	1575570979.95898
64.0854066666667	1627064530.53711
64.1165933333333	1692331072.91211
64.14746	1645005471.06641
64.1784766666667	1629931691.68164
64.2089666666667	1613027197.22266
64.23991	1619830052.29883
64.27121	1683496839.61914
64.3025766666667	1745427743.85352
64.334485	1566954195.63086
64.3662066666667	1623130103.01563
64.3969433333333	1646021205.35547
64.42864	1595465324.65039
64.4601416666667	1494872871.875
64.4910716666667	1493754221.44141
64.522935	1597874600.01758
64.5542416666667	1454212605.44727
64.585065	1444993831.07617
64.6156	1427432479.09375
64.64696	1472554627.83203
64.6781733333333	1435421505.76758
64.7096633333333	1451438987.32422
64.741125	1369204955.35938
64.7726366666667	1327465032.22461
64.804455	1335209396.40625
64.8370583333333	1400499840.82617
64.8684	1322347339.73438
64.9009566666667	1328096248.66406
64.9330416666667	1330168361.02148
64.9638816666667	1367631693.89453
64.9952333333333	1408047432.01758
65.0269416666667	1503296130.10352
65.05679	1491669194.93164
65.0868966666667	1659592778.49609
65.1164083333333	1626315547.4375
65.1474566666667	1642096376.23047
65.1784766666667	1606270067.70313
65.209055	1687144524.66797
65.239495	1712093830.61328
65.269935	1789980193.54297
65.302135	1694811956.08594
65.3338283333333	1763062288.6543
65.36535	1789201034.85156
65.39703	1731313489.47461
65.4284466666667	1540164420.60547
65.4595766666667	1753989757.98047
65.4909816666667	1457205311.09766
65.5228033333333	1548546942.82422
65.555335	1565221612.86914
65.587805	1642693237.38477
65.6196683333333	1791500167.36719
65.6517316666667	1589217453.96094
65.683475	1598544401.11719
65.7139366666667	1553358324.91406
65.7444766666667	1584677193.64453
65.7756466666667	1699764815.80469
65.80622	1634913223.26172
65.8364183333333	1697538153.95703
65.8682	1736895191.07813
65.8984566666667	1752307418.83398
65.9300366666667	1742862181.45898
65.96067	1797694895.58984
65.992405	1813729811.54688
66.0234716666667	1682285790.21875
66.05487	1635519869.17188
66.0869166666667	1872011621.76367
66.11893	1754149844.16992
66.1510633333333	1756404525.73047
66.1818683333333	1693310005.55859
66.213885	1785398835.74609
66.2445833333333	1760523014.44922
66.2774916666667	1672754057.13086
66.3090983333333	1603009715.68555
66.3401	1563347514.00586
66.3715516666667	1567867797.60547
66.40341	1539302836.36133
66.434545	1396368792.72266
66.46613	1435800152.91016
66.4986316666667	1370103569.33203
66.53012	1466990206.38086
66.560845	1499284058.92773
66.592695	1283424800.75
66.6245516666667	1355349039.97461
66.656645	1406515322.45703
66.6885266666667	1584226311.26172
66.7193516666667	1407905604.16211
66.7501616666667	1350928275.0625
66.7810016666667	1471602584.44336
66.8129266666667	1541170107.07422
66.843625	1445478923.83789
66.874205	1441644193.02734
66.9046283333333	1503584576.29688
66.93494	1523819151.55273
66.9660566666667	1699408372.08008
66.997525	1681525794.88477
67.02919	1633129666.8418
67.059565	1613718425.20703
67.09001	1689318368.87305
67.12058	1625073440.03711
67.15128	1829553124.28125
67.1829133333333	1651205535.64063
67.2140333333333	1696094357.42578
67.24592	1770969258.43945
67.27847	1550538444.34375
67.3101816666667	1496764701.12109
67.3421266666667	1400138216.1875
67.374345	1524077926.07227
67.407665	1418355381.30664
67.4410883333333	1303251334.28906
67.4727133333333	1265092200.18359
67.504915	1398128347.86328
67.5364033333333	1331587150.90234
67.5677466666667	1347515118.49219
67.5994466666667	1318270481.39258
67.6327016666667	1354798367.51367
67.6635416666667	1372935209.99023
67.6956633333333	1443274668.70313
67.7288283333333	1432232535.24219
67.7611366666667	1415365999.69336
67.7925283333333	1438682732.08008
67.8247616666667	1574928991.00391
67.8561466666667	1485936240.03125
67.888	1613004821.51758
67.9191383333333	1533878669.0625
67.950485	1688034686.99219
67.98131	1700910352.3418
68.01352	1675581057.93164
68.04613	1606027093.13086
68.0781716666667	1771700400.65039
68.110795	1986387279.27344
68.1418533333333	1527084812.5332
68.1730816666667	1437202945.27539
68.204575	1370791382.48828
68.2366516666667	1430376942.21289
68.2690466666667	1391557668.8418
68.3005266666667	1269316983.69727
68.3325683333333	1389533862.83008
68.3641366666667	1284967196.69727
68.3953633333333	1240398813.24414
68.4270516666667	1300188048.81055
68.4589	1336074054.60352
68.4911816666667	1307471335.20117
68.52489	1429596693.0332
68.55646	1493711440.5332
68.5881983333333	1364519072.68555
68.6203016666667	1431575850.01758
68.6513016666667	1454055734.42773
68.6831933333333	1472266142.35547
68.71517	1496868973.60742
68.7470833333333	1423583932.32031
68.7796866666667	1457608225.33789
68.81168	1507280960.97852
68.8430833333333	1499616503.68359
68.8741916666667	1403359046.17773
68.90465	1475410070.30078
68.9365666666667	1347069200.45117
68.9693316666667	1232071271.7793
69.00158	1176013125.29492
69.033445	1199803119.10156
69.0649466666667	1235440912.69727
69.09585	1355375755.16797
69.1268033333333	1297759593.29297
69.1569466666667	1347523162.03516
69.1866633333333	1436428673.93945
69.21718	1349902723.96094
69.2477316666667	1504648980.38477
69.2786916666667	1549361205.04688
69.310305	1451149895.44727
69.3402033333333	1441696066.98047
69.37101	1429722775.32422
69.4025916666667	1496860036.70508
69.433525	1414963249.53516
69.4656433333333	1379417356.86328
69.4969516666667	1367964583.41992
69.52934	1375698403.79883
69.5615266666667	1450634338.02344
69.592935	1433143247.34375
69.6239983333333	1384109762.53516
69.653685	1413519114.97266
69.684805	1458937667.54297
69.7155083333333	1383403005.47656
69.7472883333333	1338858429.81641
69.77915	1402398631.06445
69.8104316666667	1497857515.98047
69.8421283333333	1460574583.05469
69.8734566666667	1455331428.88867
69.90555	1365355805.33398
69.936685	1334011190.21094
69.9680383333333	1343348708.69727
69.9989383333333	1257158057.43164
70.0295166666667	1296455606.39844
70.059155	1336317918.13672
70.089245	1359115334.4043
70.1205283333333	1382010168.46289
70.1518733333333	1675493985.19141
70.182425	1810926030.16016
70.2123616666667	1694945042.20117
70.2424066666667	1786760930.02148
70.2722683333333	1824812242.92383
70.3036516666667	1846179279.01563
70.3345283333333	1626954407.22461
70.3655233333333	1810204407.33398
70.397565	1861425123.5332
70.42939	1988040002.55469
70.460875	2041241168.92969
70.4935483333333	2304600793.44922
70.5250266666667	2041894743.99023
70.556175	1844555925.00586
70.58727	1943973468.27148
70.6179133333333	1815435319.62109
70.649595	1818870006.27148
70.6816783333333	1709753131.21875
70.713405	1503267850.12109
70.7447666666667	1584071840.73242
70.77618	1419537498.98633
70.8079916666667	1464345683.55078
70.83874	1466580030.29492
70.8706133333333	1405584469.81641
70.90222	1489571335.41992
70.9329	1660731350.10547
70.9650583333333	1598376412.69727
70.9968483333333	1620545538.98047
71.028605	1517319325.92578
71.0592866666667	1435069427.16797
71.09153	1348854694.70117
71.1231166666667	1365194121.73633
71.1550916666667	1209189027.01563
71.1866783333333	1071082986.64258
71.21901	1226042683.22266
71.2511583333333	1167972034.63477
71.2827633333333	1210069128.21484
71.3135416666667	1174991572.03906
71.3448566666667	1289873456.5625
71.3759383333333	1258584070.8457
71.4069933333333	1294107410.58984
71.4377	1406366530.80078
71.4691033333333	1290593868.26367
71.4999566666667	1376320326.11523
71.5313683333333	1469048198.30273
71.5629583333333	1444379142.18555
71.5944483333333	1375456593.08789
71.6259	1498243605.21484
71.6569866666667	1528141876.89648
71.687995	1561168119.16406
71.7192233333333	1441280265.67969
71.7488416666667	1549052535.88477
71.7802466666667	1520948519.66797
71.8120466666667	1710341130.18164
71.8431166666667	1789895172.81445
71.8738416666667	1900645577.43164
71.90471	1924542662.3125
71.9361683333333	2064356974.89453
71.9675466666667	2051795386.83594
71.998035	2088828943.50586
72.0293166666667	2176043912.05664
72.0609233333333	2311253931.82813
72.0908716666667	2115121246.50781
72.12201	2202403818.60938
72.1532283333333	2410779928.27344
72.1855066666667	1998806731.19531
72.2169766666667	1731716728.60547
72.2488166666667	1704751987.62305
72.28069	1544861490.49023
72.3124983333333	1579745785.625
72.3449183333333	1386242638.89453
72.37733	1412942951.6543
72.4093783333333	1349193319.80664
72.44019	1211324097.55859
72.4723016666667	1159439361.39063
72.5040983333333	1006555257.21289
72.5355616666667	1224744920.72266
72.56686	904942645.916016
72.597735	942649816.056641
72.6289166666667	920073890.224609
72.6598933333333	1071972874.88281
72.69079	1096654453.27734
72.7223616666667	1100185825.93555
72.7537466666667	1068511972.37109
72.7856083333333	1031600700.41211
72.8169183333333	1108509163.59766
72.8490983333333	1070484527.39453
72.880465	1139532783.30273
72.9130216666667	971689193.265625
72.9435633333333	977160611.935547
72.9760383333333	1026410597.17188
73.006295	1118541010.98633
73.03735	1052075641.36719
73.0698	994814525.613281
73.1020133333333	1137715983.69141
73.1339433333333	942933102.205078
73.166575	930691921.783203
73.2002233333333	929844432.728516
73.2314483333333	819190866.554688
73.263475	818846821.898438
73.2957616666667	866394089.005859
73.3269516666667	922673116.03125
73.35878	939372627.863281
73.3903383333333	1138506492.64844
73.4214783333333	1146792249.61523
73.45384	1209284606.05469
73.4853066666667	1048816215.28906
73.51734	1044888675.34375
73.54856	1073776414.87109
73.5800083333333	1045657689.33594
73.6113066666667	989716909.941406
73.643425	900539644.4375
73.675715	1084321797.14844
73.7078216666667	979672462.523438
73.7393166666667	926850297.283203
73.77073	950499765.664063
73.8025383333333	1019983759.17578
73.8355083333333	997532117.996094
73.8681183333333	983633189.052734
73.9008733333333	943826706.939453
73.93355	1034344366.58203
73.96604	996905824.40625
73.997975	1038276593.5293
74.0285533333333	862413885.594727
74.0598516666667	975029137.186523
74.090605	978292803.726563
74.1220133333333	986630507.814453
74.1544766666667	988952837.40625
74.1862116666667	946552008.488281
74.2170033333333	1287081017.41016
74.248455	1091019121.86523
74.2799616666667	1038665893.50586
74.3107466666667	985678348.255859
74.3421283333333	1036514707.60938
74.3745933333333	1135751137.88867
74.4059133333333	1067727638.65625
74.437015	1153890995.48828
74.4680266666667	1048574903.67383
74.4996283333333	1139865475.41211
74.5319216666667	1250149367.22656
74.56347	1291062299.75
74.595455	1191979245.25391
74.6260966666667	1104501241.2793
74.65712	1264534651.61523
74.6894383333333	1205865132.31055
74.7213183333333	1212772223.93555
74.7529216666667	1140484916.63672
74.7848616666667	1122236187.89258
74.816675	1144626537.625
74.8493533333333	1116713108.18945
74.8813016666667	991719599.867188
74.9141383333333	1063946819.24609
74.946295	1188098201.38867
74.9778816666667	1202535614.58398
75.0098216666667	1141933296.64453
75.041345	1149401852.89258
75.07364	1017626722.93359
75.1060466666667	1099974308.91797
75.1381166666667	1043208811.32227
75.1699483333333	1060449029.0332
75.2014766666667	1111850319.14844
75.2334233333333	1004671358.55859
75.2661616666667	1149084667.89063
75.2986016666667	1082965463.96484
75.3319383333333	1006126475.77539
75.3645566666667	1078366985.89844
75.3972816666667	963755315.990234
75.42938	990732318.753906
75.4622566666667	1014929304.06055
75.49526	983385008.3125
75.5289583333333	1007675302.81836
75.5602333333333	949367674.396484
75.59436	911309395.306641
75.6273766666667	871716696.981445
75.6596516666667	938800348.714844
75.69251	871307897.101563
75.724765	915956140.601563
75.7573566666667	980709101.089844
75.7899733333333	1004100779.21973
75.8225416666667	953628834.525391
75.8545816666667	918033456.639648
75.8868983333333	858472031.745117
75.9201983333333	901170497.894531
75.95306	926719860.631836
75.9842316666667	839031760.788086
76.0155316666667	1008384543.12402
76.046805	891895409.626953
76.0795866666667	770679491.387695
76.1118283333333	885680567.130859
76.1434516666667	852372110.56543
76.1753233333333	804290616.378906
76.207565	804320661.835938
76.2397883333333	1081791210.72461
76.2715633333333	1011109245.15234
76.3035266666667	901528403.702148
76.3347183333333	824098726.398438
76.3665816666667	839358440.544922
76.3994133333333	776500649.851563
76.4323466666667	850282244.016602
76.4649033333333	739237755.638672
76.4976383333333	722889462.963867
76.5292016666667	805868790.379883
76.5623733333333	770242243.816406
76.5941866666667	877914456.685547
76.6250783333333	865970798.708984
76.6557866666667	842525448.457031
76.685525	833221584.525391
76.717085	854826534.558594
76.7495816666667	1077122946.56641
76.7815433333333	881820399.238281
76.8136616666667	1047467358.77832
76.8471583333333	1118249835.00586
76.8788916666667	993747255.210938
76.91286	903833933.727539
76.945705	925529645.854492
76.9775933333333	813042383.483398
77.0094516666667	835430944.65332
77.04119	769967377.254883
77.0732166666667	739423644.929688
77.105005	780997045.569336
77.1378966666667	717981042.198242
77.17061	737110789.791992
77.2032	691469931.154297
77.23473	932331079.998047
77.2663383333333	990176089.345703
77.298015	798733010.505859
77.3312216666667	786949787.357422
77.3640166666667	859097663.337891
77.3953416666667	1053815848.99609
77.426105	878360341.875
77.4563	854930786.313477
77.48608	868334778.914063
77.51532	887610650.771484
77.5456533333333	995937763.144531
77.576245	1036028456.09766
77.6074633333333	893578496.452148
77.6394233333333	891375972.90625
77.6716066666667	888295090.103516
77.7025616666667	845728155.094727
77.73489	930661433.361328
77.7678933333333	852728011.753906
77.7993583333333	802705747.933594
77.8311266666667	815754188.310547
77.8634566666667	837982503.287109
77.8949216666667	820041542.864258
77.9261366666667	856764281.948242
77.958635	818381179.548828
77.99084	857928619.691406
78.0239666666667	750310931.496094
78.05638	836504799.641602
78.0898966666667	745372698.605469
78.1224	722047012.482422
78.1547533333333	658068260.360352
78.18729	662635972.719727
78.218735	606572593.618164
78.2503966666667	669216068.917969
78.2820216666667	619444406.475586
78.3132266666667	650567385.545898
78.3446983333333	690933713.40918
78.3754	810986185.276367
78.406585	803594838.070313
78.4371166666667	810024664.150391
78.4682366666667	857042038.316406
78.4987	941620071.137695
78.5303533333333	970253301.234375
78.56311	1279959728.60352
78.5955583333333	1412898652.45508
78.6270616666667	1253910863.9707
78.65747	1333996900.20703
78.68854	1482392615.49023
78.7193016666667	1173734808.17969
78.75067	1209148228.50391
78.7817466666667	1121700292.25391
78.8133483333333	1211227664.9707
78.8442966666667	1295195536.42773
78.8753183333333	1118753587.13672
78.9061266666667	1130121156.07617
78.9373916666667	1086691413.85156
78.9691716666667	1263169712.93164
79.0016716666667	1377047230.7832
79.0335116666667	1333161790.63672
79.0643116666667	1255924461.01367
79.096865	1197225608.48047
79.1287316666667	1147309876.02344
79.1614783333333	1092699782.18945
79.19377	997139497.732422
79.2258833333333	866137382.223633
79.2584833333333	1229268371.6875
79.2896083333333	807129764.525391
79.32203	809334734.699219
79.354055	851185211.802734
79.3864316666667	779391463.166016
79.420195	785447784.176758
79.45282	696448220.763672
79.484365	722429575.233398
79.5160566666667	704402031.294922
79.548385	621297568.544922
79.5811	561612794.638672
79.6146566666667	522518899.461914
79.6477166666667	590186730.37793
79.6794983333333	568167544.337891
79.7124416666667	574439481.87207
79.7436433333333	565473510.580078
79.7746516666667	668655864.416992
79.8063233333333	863710067.339844
79.8367183333333	1088630017.07813
79.8680016666667	1318527167.46875
79.8986316666667	1285358340.63867
79.92928	1398458405.98633
79.960015	1373406342.81055
79.9908166666667	1481178402.97852
80.022865	1354445179.07422
80.0554033333333	1337896565.0918
80.0861233333333	1341114486.20508
80.1171516666667	1301258864.71289
80.1493966666667	1261110911.13672
80.1807233333333	1111717396.38867
80.2128716666667	932134761.170898
80.2440883333333	863540623.547852
80.276565	809910473.915039
80.309195	845701395.71875
80.342185	667775655.898438
80.3743716666667	686892423.453125
80.40685	674221757.114258
80.4393116666667	660569233.257813
80.4709433333333	761816211.700195
80.50292	785618232.608398
80.5360833333333	903671519.954102
80.5691333333333	976779552.824219
80.601695	987298084.046875
80.6338166666667	1094068484.38281
80.665855	965732867.115234
80.69885	1064700642.7207
80.73051	1104029774.99609
80.7625233333333	1034817198.4082
80.79489	1121037294.12891
80.82741	1116299340.72754
80.8603816666667	1141230042.65234
80.8935916666667	1250652681.35352
80.92534	1152484175.52344
80.9564216666667	1022830919.45117
80.9881383333333	965647225.930664
81.0207683333333	1005120810.0332
81.0519	883810014.445313
81.08418	950632823.336914
81.1151633333333	836312407.553711
81.1469666666667	750410786.5625
81.1792316666667	834312705.426758
81.2106116666667	772241868.207031
81.24312	749944754.140625
81.2766616666667	810725076.520508
81.3093783333333	704796887.424805
81.3409766666667	677135495.21582
81.3728783333333	660708014.637695
81.4052983333333	699212625.358398
81.438345	720302812.331055
81.470465	809679503.960938
81.5026283333333	794966633.606445
81.5339466666667	747266993.688477
81.5655316666667	790872580.125977
81.5982233333333	642317371.924805
81.6309566666667	743150357.722656
81.6647983333333	715188804.816406
81.69843	763531801.655273
81.7293583333333	765752667.685547
81.7614283333333	706909605.912109
81.7944333333333	722939360.775391
81.82667	634242761.337891
81.860395	574886475.30957
81.893895	511973795.044922
81.926945	456373632.434082
81.95948	504386548.706055
81.9923233333333	526912445.443359
82.0242383333333	606433683.859375
82.0573166666667	717950091.78125
82.0891716666667	718183309.585938
82.12057	648783203.981445
82.15308	614234798.977539
82.18674	565987114.287109
82.2170883333333	535363563.360352
82.2504733333333	516241795.871094
82.2823033333333	503220683.375977
82.3146466666667	499424244.285156
82.3463833333333	504307206.662109
82.3790033333333	567234504.660156
82.4099166666667	572023870.77832
82.4407366666667	618050891.69043
82.4732483333333	755147026.049805
82.5056233333333	760544957.898438
82.53743	820022934.020508
82.56992	748256674.540039
82.60442	574494424.347656
82.6385616666667	554794002.868164
82.6708983333333	461865385.408691
82.705965	520616308.952148
82.7370033333333	456682080.262207
82.7712666666667	401261506.42334
82.8047383333333	465069110.234375
82.837365	484259390.350586
82.8702866666667	446070199.829102
82.9083316666667	502425940.364258
82.93998	392724080.611816
82.9729883333333	411442158.783203
83.005465	368354068.741699
83.03743	441961429.483398
83.0708283333333	400564337.266602
83.1034883333333	363068708.32959
83.137425	422133653.638672
83.1729683333333	457699935.419434
83.2060433333333	341178049.001953
83.2384083333333	308699440.463379
83.271685	303597877.565918
83.307295	278021677.289063
83.3404	217873921.291504
83.3749016666667	243884986.494629
83.4074483333333	281974587.501953
83.4402766666667	271975233.876953
83.47322	285088745.130371
83.5059983333333	350442668.330566
83.5382466666667	372260120.970703
83.5704383333333	383764416.788574
83.6039783333333	334056447.126465
83.63909	401875891.23291
83.67359	342612010.847656
83.7083666666667	322230617.9375
83.74158	386567623.379883
83.7752966666667	307322923.215332
83.8105783333333	365008438.374023
83.8443283333333	356354593.699219
83.8770916666667	355753699.871582
83.9116916666667	346293079.503906
83.94775	459148883.744141
83.979485	379387934.062012
84.0128033333333	330070105.545898
84.04672	319618742.556641
84.0812083333333	306231136.014648
84.11729	284000491.010254
84.15235	269521554.783691
84.1874433333333	258492747.609863
84.2204966666667	279862982.082031
84.25492	251359659.702637
84.2914166666667	256245505.907227
84.324955	275572584.814453
84.35927	266529229.594238
84.39237	266037079.084961
84.4252516666667	236782687.850098
84.4590833333333	238881524.763184
84.4946	254443623.111816
84.5312316666667	269376286.130371
84.567665	318908116.313965
84.60179	244605211.600342
84.6373166666667	234359636.72583
84.6742483333333	355112782.854004
84.70753	359911559.714355
84.74433	258268165.370117
84.779255	233654599.863281
84.8142083333333	211203695.125244
84.8480166666667	180816838.691162
84.8850383333333	190622011.615234
84.9183016666667	162153984.15918
84.9525916666667	146537258.026367
84.989705	159463394.801514
85.024925	203572476.155029
85.0616783333333	175448944.647949
85.10008	205002887.017334
85.1356316666667	196334168.992432
85.1712983333333	175077879.599854
85.206615	173207060.356934
85.2418366666667	140658485.86499
85.2808383333333	142073949.808594
85.31676	144832196.193115
85.3521983333333	127694367.298584
85.3881116666667	121212978.280029
85.4223316666667	122703703.435547
85.4573816666667	115318984.984619
85.4950333333333	122163606.76709
85.5305783333333	113937202.865479
85.5653066666667	115978395.202881
85.6032466666667	115448227.54248
85.64104	125373205.637451
85.67947	118237823.534668
85.716765	135004115.975098
85.7518283333333	124483491.001465
85.7879533333333	102159612.025757
85.8229333333333	119680298.7771
85.8608166666667	126260119.737549
85.900025	97096031.4265137
85.9383216666667	100858593.962402
85.97951	92605997.9138184
86.0227333333333	92076844.9396973
86.0650333333333	88951258.9381104
86.1080883333333	86561804.1552734
86.1475666666667	88024397.2512207
86.1867916666667	92308779.6842041
86.2243766666667	89909462.3603516
86.2635616666667	107907145.180908
86.301375	97491201.5783691
86.3392083333333	111812950.718994
86.3781616666667	132350415.830322
86.4130866666667	134093293.585449
86.4502933333333	186115366.476807
86.4876783333333	205424728.088135
86.5224466666667	205779658.4729
86.5564416666667	199373545.420898
86.59234	189304523.990479
86.6285633333333	198532704.889648
86.6690333333333	198719322.862061
86.7086616666667	169044537.562256
86.7480316666667	158728213.616699
86.7847383333333	95948044.3970947
86.8273783333333	89998719.144043
86.863255	87708090.1137695
86.901285	83456038.4835205
86.9408283333333	92244746.0229492
86.9795066666667	112748147.569092
87.01567	115283609.75
87.053885	123432488.679932
87.08907	107822726.897705
87.127715	135619705.577393
87.1646633333333	124828302.726318
87.20486	113191426.891113
87.2444033333333	134420991.098877
87.2841483333333	103284362.250732
87.3243633333333	85813351.5860596
87.36643	92178325.2932129
87.4049466666667	82466538.6811523
87.4467666666667	73262510.3098145
87.4856616666667	67866252.5134277
87.528895	76754590.9863281
87.56258	76767682.9348145
87.60494	80176173.1051025
87.6413516666667	74789070.7409668
87.68189	63175807.6989746
87.7252	78406504.4733887
87.763905	72728621.2330322
87.8032466666667	77975827.9676514
87.844695	76760846.3883057
87.88226	93948100.2495117
87.92205	84371791.7244873
87.962725	84275119.5605469
88.004005	63788549.6303711
88.048175	68589976.6737061
88.09023	68601640.7154541
88.1330383333333	77315809.09375
88.1756616666667	73820897.6159668
88.2143633333333	78977521.7792969
88.2569583333333	111175340.578369
88.2968166666667	100789822.554688
88.3353616666667	84320651.0515137
88.3772566666667	91744067.628418
88.4156266666667	83735756.5454102
88.4521333333333	76646002.6060791
88.4964166666667	71969916.3834229
88.533735	85640928.9023438
88.577645	90053012.9763184
88.6154883333333	85609948.2745361
88.6548283333333	74997409.3919678
88.698785	66678705.6201172
88.7418283333333	70105234.6247559
88.7839783333333	83216349.4016113
88.8212166666667	82034527.1855469
88.861785	72114037.3237305
88.8998583333333	71783379.4354248
88.9428733333333	58989121.4610596
88.9860566666667	53464090.2615967
89.0292633333333	55508021.5809326
89.0722916666667	63345763.5212402
89.1186216666667	59751382.4464111
89.1606133333333	57434219.4406738
89.20317	64219938.9304199
89.2436983333333	69712049.8786621
89.2881533333333	56323487.7655029
89.331605	56132410.711792
89.37385	44989642.8546143
89.419195	47816542.4007568
89.463375	59458907.8195801
89.5035916666667	52296165.6022949
89.5427716666667	49231008.6971436
89.5873933333333	51039928.5821533
89.6308733333333	49995611.9230957
89.67192	52283807.3514404
89.71688	53635309.0263672
89.7609466666667	57231257.9331055
89.8035933333333	58568258.2381592
89.8431283333333	53914092.8695068
89.8870916666667	50565016.9578857
89.92876	60372248.5681152
89.9688283333333	47144533.9825439
90.01394	53610932.378418
90.0569433333333	54464496.7734375
90.09873	56560338.3197021
90.14297	50855690.958374
90.18567	47072281.4851074
90.2278416666667	53282287.9084473
90.2664483333333	47263121.6451416
90.3119316666667	43069832.3001709
90.3565916666667	45826564.2689209
90.4016816666667	44308192.152832
90.4471316666667	63538913.8450928
90.4882516666667	76664958.8883057
90.5309383333333	88845099.2449951
90.57066	79857814.8510742
90.6160766666667	72758606.3929443
90.6606033333333	77789923.8553467
90.699	59941719.6865234
90.7432316666667	44553659.2553711
90.7893616666667	50553518.2327881
90.8324916666667	58243062.9666748
90.8771266666667	58165071.2182617
90.9186916666667	57367571.1947021
90.9623366666667	48754170.6369629
91.0035683333333	54116346.8397217
91.0466066666667	50763478.3234863
91.09046	56099349.4714355
91.1360883333333	63975502.3845215
91.17989	72072304.8051758
91.2225733333333	56284509.1483154
91.26946	61400270.9343262
91.3103366666667	62884495.9921875
91.3552533333333	48181536.8972168
91.4006933333333	49645453.751709
91.4458183333333	47810362.4604492
91.4904766666667	49833208.126709
91.5337483333333	46203917.7391357
91.5777483333333	46642472.4001465
91.6221866666667	38838332.6749268
91.6693233333333	39514807.1854248
91.71128	40508349.1550903
91.7561166666667	34712454.3088379
91.8022433333333	34843730.4259644
91.8478583333333	37122188.8555298
91.8933783333333	32260584.083313
91.9360233333333	37696391.1462402
91.9801316666667	35409026.5971069
92.024725	34986131.9797363
92.0704633333333	32039460.4716797
92.1152383333333	43139094.0439453
92.15794	44895671.1324463
92.2008333333333	50082909.4637451
92.24669	56229343.0358887
92.290655	46134175.5111084
92.3325366666667	37981342.6773682
92.3778466666667	42040956.3756104
92.4230616666667	35254008.6606445
92.4689183333333	32762524.867981
92.5140783333333	40427764.4793701
92.55727	35828383.0209961
92.6007616666667	33912168.7056885
92.64435	34841819.9886475
92.687705	45237475.9372559
92.73053	40920874.8283691
92.77708	38974259.5700684
92.82292	46883903.6833496
92.8662566666667	41541603.1965942
92.9115266666667	38179049.3829346
92.9528316666667	45970566.1960449
92.99734	38486126.0755615
93.0412066666667	37868896.8605957
93.086215	37730200.8199463
93.1308716666667	33831522.5927124
93.17624	32494709.8861084
93.2222783333333	30925654.0098267
93.268885	39243713.5683594
93.3137766666667	35395506.9116821
93.35721	34576006.7590942
93.4005783333333	36642991.3039551
93.4464683333333	35742916.5604248
93.4929666666667	35393257.7941284
93.5363183333333	37568448.1036377
93.5809566666667	35084685.7421875
93.62592	38581505.1056519
93.6704466666667	37672334.4309082
93.7151166666667	37649970.1209106
93.75723	39157378.9370728
93.8042516666667	46169062.967041
93.849785	50232815.1662598
93.8934783333333	30184252.7802124
93.9399183333333	36942108.3158569
93.97987	32662547.6499634
94.0243366666667	28423765.4908447
94.0705216666667	29146640.5771484
94.1165033333333	31065882.9595337
94.1627633333333	28409388.8455811
94.2061866666667	31706888.4533081
94.2514733333333	33456047.4853516
94.29777	33439513.7254028
94.3446066666667	24862196.1255493
94.388345	23316486.7324829
94.4345083333333	29490756.9293213
94.47926	25471750.8661499
94.5249466666667	26638174.6674194
94.5709816666667	24176854.2120972
94.616655	23527853.3555908
94.6615933333333	28269919.1524048
94.70667	28659204.0187378
94.7514	29137332.4197388
94.7942783333333	27599623.7803345
94.841265	30520808.7695313
94.88734	26678462.8123779
94.9323233333333	25281971.7523193
94.9775316666667	28067407.1843872
95.0203516666667	24452581.2315063
95.0651966666667	26447414.4370728
95.1096516666667	26915945.057373
95.1559083333333	25364245.2582397
95.199925	32847791.9616699
95.244675	30608312.2120972
95.28967	23086602.9892578
95.3364816666667	25365677.3770142
95.38269	22990878.0147095
95.4272	23235332.7785645
95.47368	21771299.6748047
95.5198183333333	26496527.2994385
95.56601	25942284.0668335
95.6126566666667	20861811.637146
95.659785	23845900.6209717
95.7054783333333	24203046.6124878
95.749995	26003028.5654297
95.7973416666667	22498835.7384033
95.8412466666667	24454548.0591431
95.88829	24412530.8641968
95.9343683333333	23685087.6235962
95.9787583333333	25067796.7713623
96.02481	23283386.7774048
96.06597	19453056.5083618
96.1128283333333	28461964.8284302
96.1562333333333	22363101.5674438
96.2026833333333	24179627.1352539
96.2463633333333	22737971.1368408
96.29312	22855592.9534912
96.3392833333333	25733980.8534546
96.3843433333333	20332909.0081177
96.430605	18992609.9985962
96.4754533333333	19961251.2713623
96.5212883333333	21383777.8803711
96.5669066666667	22679081.3161621
96.611565	19210076.8369751
96.6574016666667	21412988.4383545
96.7029783333333	23983171.5105591
96.74862	21461083.9267578
96.7921916666667	22314258.1420898
96.839035	19491149.8189087
96.8833316666667	21130721.7650757
96.9300516666667	21763499.8660889
96.9767083333333	17777865.5633545
97.021705	21609827.6300659
97.067365	21358254.0079956
97.10903	21740647.9481812
97.1549466666667	17407529.0648804
97.1995683333333	24955058.0591431
97.2449233333333	24145042.0598755
97.28912	19400735.0212402
97.3354733333333	24287811.973877
97.3812133333333	18994161.3215332
97.42715	17067811.8798218
97.4722616666667	20520046.6977539
97.51885	21926194.4325562
97.56379	25885014.1444702
97.6098266666667	15968014.7920227
97.6551316666667	19267161.2455444
97.701795	20804916.1861572
97.7470033333333	19570006.0397339
97.7932233333333	20537156.3331909
97.835975	19056164.9182739
97.881635	19410787.2893677
97.9253516666667	19872778.930603
97.9711866666667	24604372.8718262
98.0161333333333	17525049.9302979
98.061745	20240903.0686035
98.1066016666667	18085503.0142822
98.149205	20418498.9732056
98.1944483333333	18043616.8048096
98.237525	20282318.8625488
98.2825366666667	18802592.3805542
98.3275066666667	21309820.5720215
98.37348	16104040.5272217
98.4195966666667	18966545.7775879
98.466375	19121862.2947998
98.512595	21558789.5979004
98.5586933333333	19051018.8494263
98.6030566666667	21418818.2609253
98.648885	25113890.2513428
98.6940516666667	26909926.5155029
98.7377166666667	23993874.543396
98.782885	29436092.8196411
98.8293916666667	23281479.6860352
98.87343	24176954.204834
98.9190116666667	25059168.8517456
98.9602866666667	25432966.8092651
99.00463	29526457.5097656
99.0496816666667	28042242.9005737
99.09524	31729778.3782959
99.1378783333333	32164675.3120117
99.1788983333333	30121901.6034546
99.223195	32588616.6480103
99.268505	32446083.0071411
99.3096016666667	34042654.9242554
99.3542316666667	28104208.2844238
99.39863	34737822.2227173
99.4440416666667	35068263.8226318
99.4887083333333	34671972.5162354
