RetentionTime	Intensity
0.018445	348552.499092102
0.0575783333333333	1417408.65649414
0.0968083333333333	688616.201065063
0.136591666666667	699046.267272949
0.179535	517869.05380249
0.223676666666667	458560.384674072
0.267725	514190.958587646
0.312228333333333	468760.64453125
0.357835	561477.758972168
0.398873333333333	475532.009765625
0.444388333333333	434121.679199219
0.48989	484754.436508179
0.52423	517083.955566406
0.570006666666667	460285.871124268
0.611825	397035.943145752
0.657758333333333	503049.340057373
0.70356	452290.093811035
0.741331666666667	435205.968521118
0.78714	468128.619110107
0.818063333333333	446766.997070313
0.857021666666667	421699.125259399
0.903188333333333	428879.620025635
0.93048	450071.884155273
0.960475	468920.977005005
0.983531666666667	530051.912780762
1.01048166666667	443493.22618103
1.04818333333333	447918.771987915
1.08941166666667	405244.190429688
1.12586833333333	411471.192611694
1.17055833333333	418982.547576904
1.21405666666667	458546.764251709
1.258905	409650.115859985
1.30327666666667	382697.287979126
1.33729	436460.83366394
1.36651333333333	366613.310653687
1.40881666666667	416628.96774292
1.45064333333333	419905.981292725
1.49538666666667	406713.20741272
1.52813666666667	449677.704528809
1.57404833333333	420452.246505737
1.60865333333333	396176.62902832
1.654645	394385.343139648
1.68919	434867.783584595
1.728	455512.597808838
1.750935	407383.772674561
1.78526666666667	444496.212661743
1.823495	394526.833877563
1.845855	433567.011123657
1.88820333333333	477127.248245239
1.91452333333333	518478.921981812
1.95289333333333	399237.921554565
1.96401833333333	488562.646057129
1.98640666666667	470086.630004883
2.028205	476617.44833374
2.05417166666667	399856.696716309
2.095415	528313.746810913
2.13863333333333	430405.583969116
2.17194	513086.275421143
2.217145	431050.056640625
2.257565	404708.510955811
2.30260333333333	444835.325424194
2.34750666666667	438334.82975769
2.37810666666667	467743.446899414
2.423695	480093.04548645
2.468795	535454.612335205
2.512555	483425.85269165
2.54905166666667	403096.411651611
2.59352833333333	474844.371780396
2.62961666666667	484892.81942749
2.663755	424334.755477905
2.69792333333333	494091.143280029
2.73056	470825.307296753
2.76403666666667	494956.827606201
2.79394333333333	498979.542449951
2.838725	509419.775970459
2.88099666666667	530730.059555054
2.92201833333333	480336.109283447
2.94409666666667	454519.489044189
2.98862	503190.546295166
3.01857333333333	386144.537277222
3.06047666666667	396864.473693848
3.10070166666667	450628.851806641
3.144595	468819.226196289
3.189415	444091.643890381
3.234645	473760.547668457
3.27815	507619.560089111
3.31927	477024.617050171
3.36416	512893.164855957
3.39760166666667	578906.12600708
3.44080333333333	518216.833465576
3.482255	506957.290557861
3.51862666666667	495126.91897583
3.561545	480955.691558838
3.60609666666667	480504.240463257
3.639815	519127.150665283
3.68421333333333	462272.329956055
3.722035	546357.79498291
3.766245	554307.199432373
3.81082666666667	534100.491149902
3.85465833333333	502505.453384399
3.89790833333333	530870.236206055
3.94267166666667	609227.838592529
3.98040333333333	630009.767913818
4.02496	554609.664245605
4.061715	632590.477416992
4.10661	633452.66986084
4.14695166666667	601908.235473633
4.19168333333333	583641.413391113
4.23607	731574.935699463
4.2793	513260.401947021
4.322545	524186.034545898
4.36783833333333	549732.84161377
4.41154833333333	571373.512817383
4.455485	553204.854858398
4.49996833333333	610784.526611328
4.54416333333333	538768.825164795
4.58746333333333	568329.449829102
4.63063333333333	734411.6875
4.65981	635418.875335693
4.69703166666667	601033.29385376
4.74034666666667	625443.117645264
4.78094166666667	604333.647033691
4.81438833333333	644913.590942383
4.85581833333333	603273.827819824
4.900055	593976.386260986
4.942685	563151.973815918
4.98688333333333	608826.64541626
5.03144333333333	867461.823760986
5.07494333333333	694816.10067749
5.11934333333333	676064.873199463
5.16026	739897.212036133
5.20430666666667	639992.359069824
5.24777166666667	890682.281219482
5.291195	591422.148468018
5.33436666666667	727362.574737549
5.37827833333333	587349.904296875
5.42262666666667	655996.079956055
5.46549666666667	613838.393615723
5.50973	578385.162628174
5.55419	712192.794219971
5.59811833333333	570336.850036621
5.643265	544224.374633789
5.68813166666667	658474.367706299
5.73272	608490.033966064
5.776995	846226.76385498
5.81967333333333	665305.044921875
5.86417666666667	706264.230560303
5.90030833333333	713232.407745361
5.94495166666667	697024.529205322
5.98724833333333	540431.058532715
6.02753166666667	761448.628509521
6.071805	606851.195251465
6.09369333333333	753366.63885498
6.13094166666667	651266.753112793
6.17195666666667	534459.368835449
6.21685166666667	644303.015472412
6.26155833333333	848287.252349854
6.30558666666667	701659.133300781
6.34908	652492.159545898
6.39245166666667	606230.258514404
6.43668833333333	622799.273132324
6.48130166666667	633591.387939453
6.52518	607785.256713867
6.56985166666667	650791.641143799
6.61350666666667	670935.458282471
6.657385	613365.049621582
6.69064	715728.426239014
6.73122166666667	613837.676727295
6.775655	613091.160461426
6.81968333333333	782856.269073486
6.86352	582321.3777771
6.90876833333333	615905.709350586
6.95246666666667	715339.907012939
6.996	624944.288238525
7.04065833333333	739649.804931641
7.08148333333333	756058.791656494
7.125285	611446.163726807
7.16975666666667	662314.467376709
7.21073833333333	652264.536987305
7.23996333333333	659009.987487793
7.28401666666667	656084.030548096
7.32796666666667	666901.625976563
7.37103	773194.856658936
7.41502	688455.678161621
7.45618	737275.089569092
7.50064833333333	644573.498504639
7.544955	548071.404724121
7.58170166666667	675241.487701416
7.61459833333333	561089.403533936
7.64382833333333	581421.179260254
7.68815333333333	606346.106445313
7.72560833333333	765151.004058838
7.751555	546902.560913086
7.78117666666667	654537.483734131
7.81756666666667	626755.174926758
7.862455	735494.895080566
7.90593166666667	736254.312530518
7.94871	628558.35848999
7.99271333333333	673045.575866699
8.028965	610995.560791016
8.074135	630569.45513916
8.11858	733000.149505615
8.16317166666667	679893.461578369
8.207765	674322.572937012
8.24931833333333	675175.22744751
8.2932	652592.800842285
8.337565	700586.423431396
8.38102333333333	599749.61907959
8.42532666666667	558174.094421387
8.47026166666667	687690.877227783
8.51175666666667	641658.262695313
8.556045	610033.558502197
8.600255	602208.268463135
8.63312166666667	621845.183929443
8.67754666666667	607203.695617676
8.71772833333333	603274.258972168
8.76233166666667	620878.41104126
8.80566666666667	643296.553283691
8.8497	589915.383575439
8.894545	574996.55581665
8.93126666666667	575488.773956299
8.97182	585909.408447266
9.01585333333333	679703.79208374
9.05977166666667	555018.071563721
9.08528333333333	595987.487854004
9.129285	615572.930847168
9.17480833333333	617906.728363037
9.21893333333333	518793.066467285
9.26161666666667	617820.938903809
9.30552	661315.12878418
9.34932333333333	717904.355865479
9.38869666666667	627832.789978027
9.42170666666667	765544.004577637
9.46620666666667	768527.72088623
9.50648666666667	668556.577331543
9.55151666666667	721918.879669189
9.595275	643990.735473633
9.63285166666667	598026.042541504
9.67651333333333	623146.328338623
9.72128666666667	751552.22668457
9.76457166666667	688239.801544189
9.80903333333333	648661.699981689
9.84598	702851.670227051
9.89027166666667	708875.647521973
9.919755	677653.102600098
9.96024	554714.848449707
9.989905	740348.681091309
10.0339283333333	600797.427703857
10.0778183333333	651947.596496582
10.11798	709610.022766113
10.1615916666667	655742.936950684
10.2061616666667	703313.783752441
10.2506183333333	668536.494781494
10.2928816666667	765887.806732178
10.3363733333333	732422.368560791
10.3783216666667	763448.959320068
10.4227766666667	677748.946228027
10.4674833333333	748106.348175049
10.511845	699435.77355957
10.5557633333333	669033.538024902
10.5997683333333	630235.273376465
10.6435933333333	728813.691131592
10.6879633333333	859625.262329102
10.7302966666667	684245.186920166
10.7741083333333	625597.15637207
10.818965	637326.741607666
10.8595266666667	600519.95904541
10.9035183333333	746634.849578857
10.9474983333333	665636.583953857
10.9917233333333	661630.848632813
11.0354166666667	634934.805084229
11.0793466666667	692040.8152771
11.1234433333333	701422.181549072
11.164595	617480.979431152
11.2081816666667	770843.225006104
11.2530783333333	757456.78036499
11.2945116666667	671610.051757813
11.3367316666667	694462.898406982
11.3808466666667	715423.40435791
11.4235383333333	625733.541259766
11.4684366666667	612107.364654541
11.51272	715496.472503662
11.55719	650204.827301025
11.6014033333333	633738.377105713
11.6380516666667	623381.14755249
11.6824716666667	570376.579986572
11.7272583333333	608501.938079834
11.7713033333333	621842.98059082
11.8150416666667	582851.157318115
11.8601066666667	763878.307952881
11.8937616666667	619396.054718018
11.937635	667444.769714355
11.9821883333333	696347.109527588
12.02707	643424.41607666
12.0703283333333	641409.334075928
12.1068966666667	799171.430114746
12.1432966666667	671186.529083252
12.1881333333333	692663.103637695
12.2329166666667	707770.062103271
12.2769083333333	887297.928741455
12.3096966666667	696876.120147705
12.3484466666667	782962.516113281
12.39221	598829.221160889
12.4342083333333	730826.803192139
12.4780066666667	756409.543395996
12.514915	641226.581542969
12.5594066666667	735777.927764893
12.6036933333333	576450.528610229
12.648335	732927.093444824
12.6920616666667	742000.829620361
12.7357033333333	940109.386077881
12.7793466666667	654190.537139893
12.8191383333333	624694.76940918
12.8600566666667	608615.227355957
12.9051066666667	617316.327911377
12.9488083333333	588339.537872314
12.982865	653331.624420166
13.012815	667287.306488037
13.0572133333333	700107.899230957
13.101665	742641.753967285
13.1419633333333	684139.1144104
13.1744816666667	693120.063995361
13.2198033333333	638716.300506592
13.2653066666667	650699.464080811
13.30864	624945.865844727
13.35355	682246.202301025
13.3962683333333	722977.25680542
13.4384983333333	675758.897583008
13.4831566666667	632101.551574707
13.5276833333333	680466.123321533
13.5726966666667	748870.028259277
13.6173283333333	638894.689117432
13.6619666666667	652406.567871094
13.7058533333333	721413.319763184
13.74252	668612.726867676
13.7861033333333	621296.51776123
13.8298483333333	595806.16998291
13.87395	546926.861755371
13.919365	612580.381774902
13.96372	664374.655914307
14.004225	591479.165115356
14.0461283333333	621327.674621582
14.0901883333333	635878.329040527
14.1349266666667	650983.364593506
14.1793516666667	638091.402801514
14.22263	622171.794769287
14.2592316666667	649871.738189697
14.3040533333333	585127.514312744
14.3337116666667	599985.222076416
14.378525	556551.343322754
14.420555	722401.772125244
14.4624016666667	649433.17565918
14.4915766666667	670546.609771729
14.5323116666667	611399.312530518
14.5770983333333	657068.024536133
14.6108316666667	666904.095703125
14.6483116666667	800509.55166626
14.69208	691038.191680908
14.7362016666667	641094.958221436
14.78081	625179.379486084
14.8243016666667	607394.426239014
14.8679366666667	602955.736236572
14.9056033333333	617643.157104492
14.9497666666667	578986.378234863
14.99375	739154.475524902
15.0265366666667	548452.871520996
15.07025	651069.431488037
15.1068366666667	646720.613464355
15.1515183333333	625628.214080811
15.1955066666667	666358.004119873
15.2401983333333	744009.059173584
15.2847183333333	590005.337493896
15.32849	593084.747009277
15.3725016666667	627938.233306885
15.4175366666667	593913.449127197
15.4591533333333	736637.432098389
15.5017583333333	664154.683441162
15.5448316666667	776870.445739746
15.5861966666667	569048.092590332
15.6310316666667	598077.049285889
15.6675683333333	601242.067474365
15.6859483333333	661277.338409424
15.7157233333333	741849.854705811
15.7591066666667	597206.962493896
15.803315	566068.169555664
15.8473466666667	566839.318115234
15.8912466666667	675804.747131348
15.9285133333333	719009.531951904
15.9729583333333	659851.303985596
16.0168883333333	762247.31829834
16.060705	670477.910217285
16.1054166666667	671176.35760498
16.1496183333333	689193.130401611
16.1936366666667	782851.783447266
16.2365	702273.024169922
16.2813233333333	810435.48260498
16.3223883333333	648198.176483154
16.36559	667771.314056396
16.4111983333333	788050.245849609
16.4556116666667	635262.418670654
16.498	713173.459259033
16.54093	668750.181060791
16.582315	696961.807556152
16.611675	689222.104766846
16.6489883333333	709243.026489258
16.6905316666667	830007.958892822
16.7239166666667	688980.403747559
16.7673033333333	706228.690612793
16.8111666666667	593841.395294189
16.84739	686008.304931641
16.8924883333333	613622.941070557
16.9367983333333	712760.580963135
16.98121	741979.580322266
17.02539	671988.331878662
17.0705466666667	653209.030059814
17.1155083333333	659752.936950684
17.1594116666667	665644.385131836
17.203325	616020.774658203
17.24671	554467.532363892
17.2914516666667	713619.34161377
17.336185	712023.251800537
17.3792633333333	623868.483062744
17.4245066666667	678581.050811768
17.46949	627922.935791016
17.511565	670792.834106445
17.554565	661191.038513184
17.5922316666667	657785.340911865
17.6335683333333	603772.1378479
17.6785983333333	591788.564025879
17.7161533333333	665887.169555664
17.7611	620215.140167236
17.8038216666667	734758.422088623
17.84719	552491.193878174
17.8919816666667	613139.769882202
17.9338266666667	681452.904815674
17.9739116666667	642180.039154053
18.0182283333333	809585.71875
18.0613816666667	782938.559783936
18.1059833333333	564960.1769104
18.14748	716568.414031982
18.1765433333333	764094.620635986
18.2169783333333	683045.244476318
18.2608833333333	701579.938171387
18.30239	658166.664855957
18.3472683333333	564343.129440308
18.3903583333333	623796.477752686
18.4353833333333	706088.981994629
18.4802466666667	708100.85760498
18.52206	661777.146057129
18.5657583333333	631803.258270264
18.6099516666667	559520.112365723
18.64389	874971.750183105
18.688075	876244.343658447
18.7315466666667	646388.860656738
18.7765183333333	656535.167877197
18.819865	633856.569580078
18.8642366666667	618280.524414063
18.9090066666667	659623.677856445
18.94247	744191.539459229
18.9862833333333	689505.971374512
19.0304633333333	637857.891876221
19.0741583333333	676899.331604004
19.1178033333333	764161.613800049
19.1624516666667	718947.555541992
19.2062783333333	613259.280273438
19.249825	598065.858596802
19.29467	623846.101715088
19.33955	612739.258056641
19.3834883333333	777298.13394165
19.4269516666667	694161.258239746
19.4716766666667	780996.290313721
19.51593	660923.133056641
19.557965	740044.408233643
19.60056	626625.068725586
19.643265	631149.911773682
19.6883716666667	647996.206939697
19.7329116666667	715837.184875488
19.7773083333333	662557.351379395
19.8223733333333	702778.077056885
19.8672133333333	635997.744781494
19.9108083333333	632943.511871338
19.9518416666667	648019.312530518
19.9888733333333	635738.020172119
20.0331266666667	722280.782470703
20.0768516666667	803584.683074951
20.1197066666667	566128.420257568
20.1654716666667	632051.012878418
20.2101483333333	657082.189300537
20.2506366666667	701662.891021729
20.2944483333333	655989.196716309
20.3381733333333	835714.755737305
20.3817366666667	678490.005615234
20.4221083333333	674159.206451416
20.4658783333333	607949.687957764
20.5110933333333	650228.335876465
20.55541	645371.251831055
20.5970633333333	648594.849487305
20.640245	726780.270355225
20.6838566666667	652976.409637451
20.7277066666667	678353.499755859
20.7727833333333	728294.080780029
20.8159716666667	659098.866607666
20.8599633333333	688328.635070801
20.9043066666667	802352.592254639
20.9475116666667	722869.496948242
20.9922566666667	671660.044036865
21.0362833333333	652192.022277832
21.0810383333333	674302.934295654
21.1248633333333	578423.573867798
21.1687016666667	762436.939178467
21.2135433333333	743141.565917969
21.2581916666667	739867.672332764
21.3012033333333	641313.006561279
21.3455616666667	717246.481872559
21.39096	691903.381011963
21.4351016666667	749863.557891846
21.47905	676389.091094971
21.52167	934811.29864502
21.5626516666667	642228.730545044
21.6041983333333	603238.432098389
21.644055	666810.647460938
21.68907	641288.24911499
21.7330466666667	724787.898223877
21.7765483333333	690080.084991455
21.821245	648977.687286377
21.8645216666667	761185.620330811
21.907865	639824.136535645
21.952515	736715.680664063
21.9966616666667	744058.585479736
22.0407516666667	640283.10168457
22.08439	690845.406829834
22.12901	630332.025665283
22.17189	575421.651977539
22.2153633333333	645654.297637939
22.2605733333333	666433.879943848
22.3051766666667	707281.537414551
22.34968	693876.910400391
22.3930783333333	691415.411651611
22.43747	684068.61416626
22.4745816666667	686367.245880127
22.5188533333333	667007.345672607
22.563885	624407.927276611
22.60114	708382.894958496
22.6443633333333	748226.32434082
22.6871783333333	804962.352081299
22.7316483333333	678618.750396729
22.775145	795171.51574707
22.8191866666667	692533.179229736
22.864415	723713.094726563
22.9065433333333	693909.782440186
22.94912	706195.621917725
22.9943	696622.475860596
23.0383833333333	574010.086807251
23.081405	749148.207855225
23.12481	816919.603881836
23.1690583333333	728332.248321533
23.1955433333333	602239.617279053
23.238745	736915.411315918
23.282775	695873.632049561
23.3266283333333	718044.529266357
23.3702516666667	853152.643707275
23.4132766666667	683467.192565918
23.458625	672735.535949707
23.49975	832807.990203857
23.54409	813685.437530518
23.5887383333333	794609.449523926
23.6326633333333	728218.528869629
23.6752066666667	676637.042236328
23.7179866666667	685659.755615234
23.762485	721567.175567627
23.8063466666667	691899.618377686
23.8490733333333	716139.510498047
23.8940233333333	676974.844604492
23.937485	771456.68838501
23.98187	787083.23638916
24.0275166666667	926618.350219727
24.0706616666667	740459.269897461
24.1146716666667	674690.902679443
24.1587316666667	711984.715911865
24.2032683333333	623510.14654541
24.247525	664566.459136963
24.2911416666667	750954.540161133
24.3359583333333	698143.611968994
24.37966	672891.102081299
24.4213183333333	715156.108673096
24.4659066666667	614464.85458374
24.5108533333333	747372.107116699
24.554835	639165.901824951
24.5991483333333	683383.208831787
24.6421833333333	704728.547729492
24.684465	743345.149902344
24.7277466666667	860529.273468018
24.7727883333333	710150.224609375
24.8163733333333	757598.191253662
24.861045	634783.275878906
24.90458	708298.872344971
24.94813	699097.859100342
24.99288	682702.156829834
25.03831	753271.33416748
25.0672833333333	773433.690185547
25.11262	781535.060089111
25.1566966666667	744907.523101807
25.2008933333333	698376.37979126
25.2378133333333	701660.052764893
25.28154	710868.119781494
25.3269966666667	823167.47946167
25.3720833333333	683804.140716553
25.4168033333333	923799.796600342
25.4604316666667	638811.803924561
25.503345	677952.360626221
25.548535	706277.765289307
25.59228	711654.621704102
25.6373216666667	775325.540527344
25.6816866666667	711457.529510498
25.723055	674133.39541626
25.7668983333333	718224.820526123
25.8116483333333	864907.229766846
25.8550333333333	936331.481903076
25.896175	711255.969589233
25.94087	2149118.590271
25.9838633333333	987901.037200928
26.0272066666667	827947.761871338
26.072215	901209.492553711
26.1164016666667	919216.481384277
26.1498983333333	798973.655853271
26.1934566666667	873034.872436523
26.2372466666667	811228.002624512
26.28201	776666.685134888
26.327275	834630.063842773
26.3718416666667	879780.748077393
26.4148083333333	1024269.08569336
26.4584716666667	771739.146972656
26.5028483333333	836312.767242432
26.5475216666667	846591.847076416
26.5908133333333	806127.478607178
26.6282533333333	806829.998626709
26.6728966666667	803869.903594971
26.7169866666667	825090.387756348
26.7596016666667	881535.891204834
26.80351	707419.047058105
26.847115	689361.004852295
26.8912483333333	694582.942474365
26.93607	722984.74331665
26.97368	767638.102478027
27.0162383333333	725592.400909424
27.05974	832654.613189697
27.1039716666667	783492.948516846
27.1480133333333	798841.016418457
27.1926016666667	629627.405090332
27.2362	816959.155334473
27.280655	882590.006561279
27.325255	666620.962890625
27.3692416666667	747838.708679199
27.41304	764046.194244385
27.4576583333333	705931.065826416
27.50147	705888.380126953
27.5377916666667	861753.774719238
27.5820666666667	947759.129974365
27.626675	837279.793304443
27.6711633333333	793202.547302246
27.7160983333333	844686.914886475
27.7602466666667	765899.257965088
27.8038366666667	1044688.74053955
27.8435883333333	789235.150848389
27.8870283333333	751883.480010986
27.9313016666667	749266.589233398
27.9746483333333	820572.35256958
28.019475	719475.661437988
28.0639416666667	774559.892272949
28.108165	876308.314849854
28.1523	744703.012756348
28.1969483333333	795600.550842285
28.241035	775756.03137207
28.284015	764421.035766602
28.3283566666667	946645.848907471
28.3710966666667	789653.38873291
28.4162783333333	786758.760009766
28.4604916666667	812282.392059326
28.50467	701349.201019287
28.5486033333333	761947.011932373
28.59306	973771.384643555
28.6356083333333	805668.824523926
28.6801866666667	864369.323791504
28.7246233333333	785686.307250977
28.7685766666667	777097.1875
28.811405	864843.635406494
28.8540683333333	815976.742218018
28.8985583333333	755899.613555908
28.9425	824691.984039307
28.9870366666667	836311.885681152
29.0317466666667	767845.35760498
29.0752066666667	767931.107330322
29.1199816666667	1246344.4772644
29.164735	895707.806030273
29.2083983333333	777007.483032227
29.25289	1013293.98239136
29.295245	898105.274932861
29.338345	941612.533752441
29.38269	942821.631072998
29.426965	949959.743225098
29.470725	1051512.05462646
29.5148816666667	1092444.67858887
29.5590283333333	1016411.46612549
29.6021683333333	935601.050964355
29.6460133333333	1120876.61367798
29.69023	901108.758605957
29.7348083333333	916918.889282227
29.7781166666667	983897.299285889
29.8220016666667	1015729.47567749
29.8657566666667	848878.538146973
29.9086666666667	930587.215270996
29.9524383333333	860748.245819092
29.9973133333333	870843.10269165
30.0408133333333	1026114.41445923
30.0849766666667	1018625.56848145
30.128615	858736.208465576
30.172315	899386.397583008
30.2165533333333	993665.758392334
30.2596366666667	1022396.87490845
30.3024	841324.521362305
30.3461566666667	804270.169250488
30.389985	856762.54019165
30.4341766666667	858495.3409729
30.4776166666667	901098.035919189
30.5215466666667	808693.311401367
30.5652366666667	774406.538360596
30.6095683333333	843797.118713379
30.6546966666667	853206.202453613
30.6984933333333	840140.810516357
30.7428733333333	899423.001068115
30.7869616666667	1165346.8404541
30.82967	960533.242004395
30.87357	951037.36730957
30.9165033333333	840164.158660889
30.9607883333333	830470.876159668
31.00559	839866.896789551
31.0490183333333	934553.603881836
31.09301	871324.544921875
31.1368433333333	922655.927886963
31.1804416666667	958386.808197021
31.2231466666667	814793.605407715
31.2678583333333	872228.500152588
31.3124116666667	881467.826385498
31.3562566666667	1210004.92547607
31.3996816666667	809568.31552124
31.44367	910741.508850098
31.48792	803054.812530518
31.5314933333333	854909.379394531
31.5745683333333	827974.487091064
31.617955	824476.685455322
31.6620016666667	850329.703887939
31.7065933333333	866594.820526123
31.7515183333333	935046.83380127
31.795955	833369.436218262
31.83816	766682.233459473
31.8820216666667	824098.992675781
31.9252933333333	959552.277496338
31.9691033333333	1107117.02685547
32.0131683333333	717863.039978027
32.05737	937678.85546875
32.1020583333333	965248.372650146
32.146975	844130.462646484
32.19096	1062511.92410278
32.2342933333333	1000843.85910034
32.27968	1234480.8550415
32.3233866666667	1110434.71572876
32.3654033333333	1586177.25369263
32.408715	1064376.57836914
32.4523816666667	1102175.88781738
32.49667	1031253.35174561
32.541335	984409.943389893
32.5844666666667	913455.709777832
32.6283	912416.125488281
32.6728466666667	1019585.49835205
32.71765	899737.161987305
32.7630166666667	1011505.85458374
32.8073433333333	882312.491638184
32.85034	1088446.65307617
32.894625	762629.545837402
32.9390483333333	946356.089019775
32.9827616666667	898266.042205811
33.0274483333333	995108.761627197
33.071805	835539.178497314
33.1164716666667	946552.112548828
33.160255	1081135.82998657
33.2037966666667	1018638.11276245
33.2465766666667	923430.571105957
33.2917483333333	967968.979125977
33.336265	962480.02935791
33.378945	1064996.12188721
33.4218666666667	1005569.53118896
33.4659416666667	932882.064208984
33.5083116666667	1160683.0149231
33.5522083333333	910652.790802002
33.5948033333333	944437.720916748
33.6388066666667	1087816.37710571
33.68362	1021379.8555603
33.7266866666667	920166.66494751
33.7713366666667	1196596.92480469
33.815075	950719.094451904
33.8584683333333	815699.755584717
33.902315	959633.700561523
33.94624	945949.117645264
33.9894816666667	1156015.97802734
34.0337983333333	883652.860290527
34.0791633333333	1033954.7371521
34.123265	868750.267120361
34.1669466666667	951415.251556396
34.21122	936058.110565186
34.253915	914701.087890625
34.2980933333333	1040929.62060547
34.3421483333333	1053584.83676147
34.3857066666667	862585.597229004
34.4295583333333	974940.733703613
34.473845	747471.891082764
34.5161616666667	854904.019470215
34.561145	1099659.34375
34.6037983333333	976667.583404541
34.6471616666667	945610.676361084
34.6907733333333	1117323.60446167
34.734575	1117392.85473633
34.7791966666667	1279724.21072388
34.823085	1098013.67706299
34.8654716666667	1153363.25134277
34.9086766666667	1014940.00949097
34.952545	1052937.55331421
34.9970483333333	988947.880279541
35.041235	1095620.45834351
35.085795	1070385.97265625
35.1305516666667	1001788.48202515
35.1747933333333	859364.95892334
35.2196383333333	1070436.7359314
35.2625716666667	945831.23928833
35.3063833333333	1033854.49005127
35.3493533333333	1003017.46066284
35.39282	1165468.17315674
35.4367416666667	1318043.7348938
35.479555	1286966.38162231
35.5210533333333	1205271.00668335
35.566445	1063938.23852539
35.6102916666667	1059885.83673096
35.6554983333333	1039213.22668457
35.6988233333333	1089538.50057983
35.7433633333333	1102378.16137695
35.7879616666667	1086104.25738525
35.83297	1054740.75561523
35.875815	896910.0703125
35.91889	933732.907867432
35.9627316666667	1158255.69528198
36.0058016666667	900839.842590332
36.05015	899345.817596436
36.0939033333333	1125537.49084473
36.1390816666667	1018351.89727783
36.1839733333333	1058860.13394165
36.2285133333333	1014468.25140381
36.2713183333333	1026014.57647705
36.314905	1055519.00167847
36.3573066666667	1038100.39886475
36.401475	926994.095123291
36.4451783333333	1054743.32675171
36.4898733333333	1157849.65762329
36.5331183333333	1197389.20089722
36.57731	992705.040740967
36.6202616666667	1118961.79119873
36.66405	932946.658752441
36.707965	1145664.85656738
36.75216	998878.632110596
36.7965	1123194.13787842
36.84053	1180760.47756958
36.88253	1263810.4329834
36.92587	1049934.6151123
36.9688	998013.212615967
37.0124816666667	1183563.80010986
37.05682	1340152.63497925
37.1011883333333	1282935.12368774
37.1455166666667	1146476.19592285
37.1900983333333	1179345.3309021
37.23369	1483241.54196167
37.2780983333333	988658.708831787
37.322835	1093383.28347778
37.36596	1174002.43716431
37.410195	1152090.85949707
37.4535566666667	1018041.49475098
37.4985	1114165.93707275
37.54058	1172818.91537476
37.5852866666667	1144344.4369812
37.6282816666667	1277801.74569702
37.6709483333333	1237896.15383911
37.714735	1173180.89447021
37.75889	1230082.98828125
37.8032616666667	1408677.28948975
37.8475083333333	1415208.86416626
37.8904816666667	1125497.02667236
37.934235	1320735.9006958
37.9782783333333	1326620.275177
38.0210866666667	1446550.08959961
38.0649766666667	1290687.40966797
38.10942	1436208.25033569
38.1540133333333	1484239.056427
38.1984333333333	1362448.80108643
38.241775	1287078.97045898
38.2853116666667	1301314.02542114
38.3285566666667	1205852.21835327
38.372525	1491006.94863892
38.4169	1648333.20709229
38.4601983333333	1497163.66744995
38.50359	1358097.03775024
38.5462466666667	1582416.02008057
38.58984	1363006.65563965
38.63302	1365551.66467285
38.675865	1521628.2177124
38.7184416666667	1542301.81820679
38.76368	1375682.85095215
38.8076466666667	1579685.97741699
38.8475016666667	1652221.12591553
38.8914866666667	1623426.61087036
38.9339866666667	1618645.11074829
38.97721	1611043.92105103
39.0218883333333	1467771.93466187
39.0648683333333	1678280.13537598
39.109445	1417196.35018921
39.15335	1729314.37384033
39.19702	1287765.04940796
39.241105	1593083.43896484
39.2840483333333	1411418.79199219
39.3278316666667	1434607.8324585
39.3716183333333	1387403.11056519
39.4152716666667	1423281.83718872
39.458985	1565825.96124268
39.5026933333333	1316379.02670288
39.5464466666667	1409082.58187866
39.5892966666667	1580517.63964844
39.6327216666667	1560461.55377197
39.6745733333333	1465082.5864563
39.71789	1406639.74215698
39.762105	1544824.29833984
39.8065666666667	1555240.92260742
39.850435	1450209.55654907
39.8931983333333	1595278.27236938
39.937635	1773576.27850342
39.9808533333333	1744201.8848877
40.0246633333333	1673083.1076355
40.06904	1504260.04852295
40.1118066666667	1561878.69241333
40.1550566666667	1562153.45922852
40.19905	1842327.63946533
40.2424716666667	1317954.62454224
40.2873083333333	1561955.02224731
40.3318616666667	1624016.3079834
40.375575	1936863.96740723
40.4192216666667	1740503.82681274
40.46244	1501128.09255981
40.5066133333333	1546494.21505737
40.5498366666667	1661861.66461182
40.5946766666667	1722915.6229248
40.637185	1546662.60635376
40.6786283333333	1424211.36837769
40.7218833333333	1364505.12591553
40.7643866666667	1570599.64251709
40.806555	1556392.53094482
40.8498916666667	1317382.93606567
40.8942566666667	1474421.65646362
40.9360783333333	1785863.59594727
40.9804933333333	1568649.43447876
41.0232716666667	1857337.21405029
41.0666083333333	1452188.74084473
41.1106333333333	1463535.92828369
41.152635	1438718.36590576
41.196785	1516956.27578735
41.2407516666667	1375317.7645874
41.2848083333333	1327626.40362549
41.3293733333333	1410676.69754028
41.3728333333333	1535378.11785889
41.416355	1556660.43444824
41.45922	1388946.9989624
41.502735	1906050.18121338
41.5462766666667	1618327.52075195
41.5905383333333	1680759.49755859
41.634515	1547348.62548828
41.67661	1591859.1217041
41.7186233333333	1466737.33966064
41.7615633333333	1474000.69970703
41.8034583333333	1437018.20022583
41.8466233333333	1506687.57290649
41.8910283333333	1605554.74456787
41.9337233333333	1413021.26208496
41.9747816666667	1473243.57791138
42.0193416666667	1640739.22967529
42.06202	1426967.4152832
42.10587	1385636.80810547
42.150645	1614556.35717773
42.19468	1280384.6857605
42.2393466666667	1285347.34881592
42.2816833333333	1366815.15948486
42.3257683333333	1291522.57449341
42.36947	1673201.06872559
42.4137616666667	1901822.70068359
42.4565616666667	1386385.65234375
42.4997233333333	1589117.73141479
42.543465	1512982.2243042
42.587455	1495322.52020264
42.631275	1771523.82501221
42.6749616666667	1377887.83758545
42.7183783333333	1338754.77301025
42.7612383333333	1650324.50286865
42.8047083333333	1601154.77740479
42.8471216666667	1576643.53112793
42.8898466666667	1451773.53497314
42.9331883333333	1695303.23193359
42.976495	1748376.90283203
43.019065	1288038.30880737
43.0621966666667	1365672.49066162
43.1045616666667	1687469.11621094
43.1479666666667	1631362.46154785
43.1921333333333	1669592.684021
43.2357533333333	1453221.03167725
43.2796466666667	1695253.38275146
43.3218066666667	1369412.50531006
43.3652233333333	1553804.11633301
43.408685	1429063.8795166
43.4532016666667	1250910.61401367
43.49716	1396438.15203857
43.5390266666667	1239589.71304321
43.5827466666667	1362598.52203369
43.6274933333333	1456329.87689209
43.6709633333333	1683384.52215576
43.7139633333333	1659522.3192749
43.75627	1436779.3324585
43.7992533333333	1783476.52636719
43.8424716666667	1522472.32492065
43.8857083333333	1267695.17919922
43.9301183333333	1192924.19961548
43.974325	1404418.16958618
44.0171016666667	1385043.83572388
44.0612283333333	1469647.20492554
44.1052383333333	1436066.35470581
44.1479616666667	1560335.96679688
44.19139	1438420.61846924
44.2352166666667	1342196.64852905
44.2791716666667	1308767.03076172
44.32245	1332400.34695435
44.3667183333333	1298754.37173462
44.4114583333333	1548390.77764893
44.45485	1399210.34866333
44.4996733333333	1413819.91433716
44.5418883333333	1361887.53839111
44.5850166666667	1441353.13665771
44.627415	1386833.46725464
44.6719	1402269.12069702
44.7141516666667	1406402.80151367
44.75862	1574877.12683105
44.80159	1666720.71759033
44.8437683333333	1579563.67889404
44.8880533333333	1523410.28088379
44.93118	1258118.42028809
44.974715	1527593.67315674
45.0184483333333	1955300.67895508
45.0628466666667	1348921.93154907
45.106615	1532364.91256714
45.1504783333333	1338816.14041138
45.1938166666667	1397338.55731201
45.2371233333333	1411887.46984863
45.281155	1481642.26538086
45.3246566666667	1338015.80166626
45.3684883333333	1451839.49557495
45.41215	1386032.06546021
45.456105	1484697.71246338
45.49948	1501740.71118164
45.544265	1414175.66873169
45.5872933333333	1486896.75231934
45.6309683333333	1519479.42089844
45.67432	1492835.41040039
45.7178066666667	1997025.76831055
45.7617166666667	1645557.74169922
45.80465	1628074.56781006
45.8476433333333	1525232.51455688
45.8908516666667	1356662.75695801
45.9342583333333	1391747.7064209
45.9767633333333	1262530.75271606
46.0199283333333	1448189.12945557
46.0639766666667	1335739.67971802
46.1079633333333	2081997.39428711
46.1506416666667	1385614.98788452
46.1940966666667	1763840.79318237
46.2362516666667	1683839.79888916
46.2799433333333	2413338.78100586
46.323695	1405634.79385376
46.367335	1728087.24108887
46.4109316666667	1455561.96960449
46.4552933333333	1328984.04891968
46.498755	1409246.39627075
46.54243	1587357.24963379
46.5867466666667	2547806.87573242
46.6283416666667	1846080.71002197
46.671055	1445564.90197754
46.71417	1446516.79632568
46.7579783333333	1323178.6036377
46.8014416666667	1620662.26617432
46.8459716666667	1431984.95132446
46.88869	1626974.26104736
46.9316866666667	2285604.60717773
46.974935	1775353.1427002
47.01822	1294452.13259888
47.0611533333333	1442818.56033325
47.10561	1783895.26470947
47.1485616666667	1699486.29742432
47.1925683333333	1479139.6418457
47.2366616666667	1390574.78692627
47.2784616666667	1509731.34539795
47.3225733333333	1378473.03100586
47.36629	1370798.08047485
47.4092733333333	2227143.15185547
47.4535616666667	1516337.76147461
47.4970383333333	1439719.92852783
47.5406766666667	1433131.78201294
47.583685	1527533.44772339
47.628215	1604624.95629883
47.6705733333333	1200025.72680664
47.713	1386245.23629761
47.75657	1368636.18984985
47.8006283333333	1282593.60955811
47.84424	1381260.9972229
47.88856	1927570.57434082
47.9303933333333	2583211.36376953
47.9728083333333	1983928.17651367
48.0161916666667	1536839.55285645
48.059825	1540574.37713623
48.1038216666667	1326043.10617065
48.1467633333333	1425526.35693359
48.1904583333333	1634002.5513916
48.2341483333333	3153671.55822754
48.278	1684597.50421143
48.3205016666667	1756504.13128662
48.364415	2172690.57427979
48.4078883333333	1494318.07461548
48.45145	1281881.64605713
48.4947483333333	1597412.06964111
48.5386816666667	1496075.45492554
48.5819066666667	1321778.81494141
48.625635	1678585.30255127
48.668745	1553675.65112305
48.7113616666667	1818619.58312988
48.7534983333333	1742817.05621338
48.7965533333333	1528490.43829346
48.83981	1976074.28192139
48.8822816666667	1330958.03839111
48.92646	1372764.96865845
48.96986	1387389.16641235
49.0123416666667	1945643.32583618
49.0550366666667	1502790.99053955
49.0980966666667	1953819.76123047
49.13766	1802921.41784668
49.1811433333333	1462505.5435791
49.22528	2831948.84155273
49.2687083333333	3087617.36657715
49.310675	1613216.99914551
49.3542233333333	1594137.9458313
49.3984483333333	1409807.85809326
49.4421633333333	1411824.10299683
49.48709	1432178.35040283
49.5318166666667	1339857.78735352
49.5755266666667	1188422.21194458
49.6193466666667	1516365.66635132
49.6634533333333	1457541.5057373
49.70737	1406613.73687744
49.7498283333333	1281837.0586853
49.7926616666667	1398016.23370361
49.8351083333333	1577027.08026123
49.8785583333333	1306723.91165161
49.922395	1369591.88171387
49.9649966666667	1475470.74008179
50.007825	1768007.29464722
50.0503716666667	1471264.09802246
50.0930116666667	1588518.38134766
50.13743	1334361.86044312
50.1807483333333	1250238.9229126
50.2250416666667	1581167.90356445
50.269285	1286559.26303101
50.3133716666667	1475534.92623901
50.3568816666667	1528536.63641357
50.40148	1339795.51239014
50.4454116666667	1450417.04785156
50.4893533333333	1366222.19113159
50.53353	1374714.07019043
50.578145	1556747.16687012
50.6213383333333	1443437.32086182
50.6665983333333	1401725.70352173
50.7101666666667	1914220.74237061
50.7530616666667	1741068.91473389
50.7964516666667	1418698.27664185
50.83912	2500128.64038086
50.8819933333333	1484129.00946045
50.926515	1743270.12759399
50.9704816666667	1651808.38299561
51.01338	1352871.93014526
51.0568383333333	1512503.81747437
51.099845	1505440.20877075
51.1426933333333	1411765.29122925
51.1858	1417835.56219482
51.2298266666667	1948705.42071533
51.2732116666667	1379690.4805603
51.3169433333333	1413271.20065308
51.3614116666667	1299399.94671631
51.4046833333333	1581314.78445435
51.4484383333333	1320009.00091553
51.491655	1496575.41125488
51.5357333333333	1642118.73461914
51.5775716666667	1830700.60559082
51.6205333333333	1564082.67858887
51.6647133333333	1682469.3371582
51.708445	2251804.80065918
51.75106	1575465.31036377
51.7941433333333	1541684.40032959
51.8379133333333	1176146.40396118
51.8799916666667	1497318.8458252
51.922785	1519136.67169189
51.9670416666667	2214614.25506592
52.01108	3223234.08862305
52.0537766666667	1551741.74682617
52.09613	2128109.83703613
52.1394466666667	1843060.18145752
52.1824516666667	1380584.52972412
52.2266866666667	1435530.08383179
52.2707666666667	1768738.00640869
52.3151283333333	1592612.85241699
52.3598483333333	1442867.07958984
52.4032566666667	1556338.63027954
52.4456566666667	1543583.5335083
52.4894066666667	1638050.77722168
52.5330183333333	2388959.28948975
52.5767316666667	1773797.19897461
52.6192033333333	1423474.70883179
52.6623883333333	1594807.17443848
52.70664	1271158.82922363
52.7509183333333	1471949.30218506
52.79398	1492830.07266235
52.8370533333333	1570028.27038574
52.88006	1345716.58181763
52.9215833333333	1493325.04031372
52.9651916666667	1703200.06488037
53.0087183333333	1914055.29315186
53.052715	1474239.60183716
53.09723	1552219.73620605
53.13995	2010723.58599854
53.1838483333333	1528595.21871948
53.227965	1779486.60687256
53.2711666666667	2592072.70098877
53.3144533333333	1639279.64785767
53.3580516666667	1800688.02471924
53.4021266666667	1975742.59762573
53.445845	1554638.96508789
53.487825	2069860.69793701
53.5315683333333	1582160.06576538
53.5755	1852819.82522583
53.6192916666667	1625002.89263916
53.6634	2487776.72833252
53.7075283333333	1995610.14154053
53.7511233333333	2535656.60076904
53.7937283333333	1781526.04345703
53.8365183333333	1536919.09170532
53.8794366666667	1739774.8274231
53.92313	1624052.94802856
53.9650616666667	1807739.13815308
54.00885	1395236.82775879
54.052455	1550777.85348511
54.0961283333333	1614546.59802246
54.1404716666667	1581001.23931885
54.1829366666667	1962846.58511353
54.2258066666667	1437337.89770508
54.2698316666667	1591663.44854736
54.3129716666667	1687874.1751709
54.3567883333333	1519220.37469482
54.400775	1788912.63040161
54.44423	1553124.67202759
54.488195	1721555.18164063
54.5308783333333	1717674.31634521
54.5743383333333	1574000.80316162
54.6182666666667	1749810.79348755
54.66206	1758724.98748779
54.704555	1622476.35333252
54.74849	1657273.89559937
54.792995	1983691.91305542
54.8359983333333	1650855.34869385
54.8790166666667	1712596.39233398
54.9213866666667	1593858.81161499
54.9649183333333	1819682.7008667
55.006675	1856581.84262085
55.0495583333333	1682247.39834595
55.092455	1923513.63317871
55.135665	1741412.25250244
55.1793033333333	2246002.00048828
55.2206783333333	1570330.60708618
55.2655583333333	1697029.24026489
55.30912	1613144.07849121
55.3522616666667	1464221.77374268
55.3968416666667	1560016.88751221
55.441345	1860774.90478516
55.4856333333333	1732523.92340088
55.5294483333333	1861970.5145874
55.5726866666667	2014777.73846436
55.616105	1972830.50891113
55.6598416666667	1695709.34173584
55.7036866666667	2173814.4286499
55.7467866666667	2132993.43914795
55.7898883333333	1871536.31439209
55.8342116666667	2205793.55722046
55.878215	2673201.29492188
55.9226766666667	2292278.92132568
55.9651633333333	2580219.51678467
56.007015	2250612.62924194
56.0496333333333	2639899.08227539
56.09338	2811450.94195557
56.137545	3336604.88909912
56.18171	3576403.51513672
56.2253066666667	3573607.10351563
56.2680316666667	3404120.36468506
56.3124083333333	2788376.63226318
56.3556616666667	3356592.58508301
56.3987816666667	4245639.54473877
56.4431816666667	2840381.77380371
56.4861033333333	2368582.36535645
56.5305116666667	2360469.84289551
56.573655	2222781.93917847
56.6143466666667	2170050.21353149
56.658145	2353761.81860352
56.70212	2288958.22259521
56.74573	2217342.39562988
56.7900883333333	2284249.9262085
56.832375	2261505.14044189
56.876155	2035516.4263916
56.9198316666667	2577363.37133789
56.9626583333333	2306728.27093506
57.0049516666667	2191872.10650635
57.0468516666667	1828722.87362671
57.0889416666667	2436817.93774414
57.1311716666667	2323749.23254395
57.1750633333333	2238878.74664307
57.21926	2185708.22338867
57.2631633333333	2119459.88635254
57.3054566666667	2181480.7215271
57.3504083333333	1862380.08474731
57.3942016666667	2335756.76071167
57.4380366666667	2018930.51559448
57.4819	2043504.20874023
57.5257733333333	2170507.38790894
57.5693466666667	2521653.0793457
57.61298	2159294.38085938
57.6555216666667	1861841.93695068
57.698985	2161283.78253174
57.7424716666667	1809113.75991821
57.7854516666667	2007112.22967529
57.8286666666667	1939307.96325684
57.8717183333333	1999661.1081543
57.9157966666667	2062805.53961182
57.9597016666667	2160087.35925293
58.002575	1940222.17736816
58.046185	1757418.96435547
58.0888566666667	2025279.71740723
58.1298416666667	1584210.48880005
58.1731433333333	2493399.37310791
58.2165133333333	2203758.9375
58.260225	1592039.40512085
58.3046116666667	1638498.75540161
58.3480283333333	2132442.31066895
58.3914666666667	1905976.38879395
58.43432	2024958.26040649
58.4773366666667	2827513.5043335
58.5210983333333	1779046.48950195
58.5651016666667	1823451.89355469
58.609065	1731737.84527588
58.6530883333333	1762462.90817261
58.6958866666667	1687965.35897827
58.73966	1691731.1987915
58.78365	1600823.33847046
58.8270716666667	2009347.32568359
58.8711166666667	1655887.58016968
58.9144416666667	1768627.31912231
58.9584583333333	1925812.19317627
59.0010783333333	1948265.80548096
59.04455	2710558.17053223
59.0880766666667	2030853.64141846
59.131335	2026887.71136475
59.1741	2831815.13153076
59.2166933333333	1823233.78482056
59.2610366666667	1543275.81304932
59.30485	1955060.12506104
59.3481683333333	1700142.7901001
59.3905816666667	1587112.79495239
59.4349866666667	1981288.75765991
59.4789533333333	1802605.23840332
59.5232316666667	2063221.23739624
59.566795	1772741.89077759
59.610975	2095871.31335449
59.6550183333333	2112496.68222046
59.69881	2203348.92724609
59.7423383333333	2391883.44311523
59.7860283333333	1923244.41983032
59.82966	1920381.48217773
59.874125	1617635.81890869
59.9186483333333	1819581.72479248
59.9626433333333	1964503.54614258
60.0061983333333	1759127.60284424
60.0489633333333	2420187.04907227
60.09262	1766740.48718262
60.1359966666667	2015577.19165039
60.179725	2156725.0592041
60.2218183333333	1799274.20495605
60.26576	1779660.11160278
60.3099816666667	2146009.1817627
60.35379	1955614.45941162
60.39687	1953254.42523193
60.4404083333333	2005539.55090332
60.4841233333333	2126357.69647217
60.5274866666667	2155124.34124756
60.5718733333333	2259139.7052002
60.616095	1854915.89526367
60.6599766666667	2617664.38763428
60.70463	2049058.10565186
60.7474433333333	2042100.74835205
60.7915933333333	2135929.9781189
60.8347133333333	1509473.99749756
60.87861	1751271.00891113
60.9229583333333	1954168.39776611
60.9664933333333	1634862.34945679
61.0098466666667	2022643.89105225
61.0532983333333	2062596.24523926
61.0969616666667	1902671.49996948
61.1393666666667	1796063.89001465
61.18358	1848267.30587769
61.2253333333333	2208233.39044189
61.268145	2108130.63391113
61.3128416666667	1943973.02404785
61.355525	1973626.91522217
61.39942	2211599.51513672
61.4424533333333	2328102.99755859
61.4852716666667	1701663.59609985
61.52815	1510121.72299194
61.5724083333333	2480562.84924316
61.6158716666667	2334234.74041748
61.6601383333333	2068337.12561035
61.703555	1851422.69787598
61.7462616666667	1932209.04776001
61.789515	1887477.62039185
61.83261	1936926.18807983
61.8764516666667	1850505.05419922
61.92029	1831969.01879883
61.9637483333333	2187773.44073486
62.0080716666667	1872523.03787231
62.052015	2161326.23706055
62.0954633333333	2037273.75366211
62.1383966666667	2063175.30932617
62.1812616666667	1791836.7298584
62.2254816666667	1607382.8605957
62.26766	2185917.08178711
62.3108266666667	2147414.76654053
62.3542066666667	2312936.20617676
62.3983183333333	1856984.45321655
62.44265	2744556.7901001
62.4857216666667	2068301.09466553
62.53015	1819087.63433838
62.57418	2043666.0513916
62.6172566666667	2017637.48132324
62.6611383333333	2129991.84735107
62.70507	2272792.40533447
62.7487316666667	1895710.00701904
62.79107	1827675.19720459
62.83322	2039389.7588501
62.8761933333333	2400852.84912109
62.9185233333333	1798178.80258179
62.9624766666667	1522439.51306152
63.00576	2166701.61349487
63.04993	2474640.95147705
63.09424	2045337.46350098
63.137845	2027072.00860596
63.1812016666667	2058252.25817871
63.2245116666667	1868569.77035522
63.268525	2089927.87750244
63.3101883333333	2038783.87579346
63.352645	1841733.62521362
63.3956966666667	1890274.2722168
63.4394666666667	1878257.51574707
63.483055	2577046.43200684
63.5263233333333	2937355.5657959
63.5704016666667	2195859.94244385
63.614315	2011491.56274414
63.6569566666667	2024077.30352783
63.70133	2090171.45428467
63.7457666666667	1775796.62432861
63.7896316666667	2194081.34915161
63.8331033333333	2051580.15789795
63.8765133333333	1763844.42169189
63.9187316666667	1900507.16268921
63.961255	2087855.66906738
64.0047716666667	1904158.38775635
64.0472016666667	2244838.06817627
64.0912733333333	2017884.98272705
64.1352816666667	1944393.49743652
64.179775	1845977.72735596
64.2234916666667	2615229.0256958
64.26634	2079850.37750244
64.3100483333333	2751486.28533936
64.3531216666667	2234425.54937744
64.39631	2352951.43060303
64.4397116666667	1819287.60760498
64.48385	2092722.98376465
64.5281466666667	2003274.98577881
64.5709483333333	1944333.36383057
64.6132083333333	2304821.9140625
64.6566983333333	1993534.31643677
64.700915	3042461.55407715
64.7407883333333	2274260.81335449
64.78489	2462009.77703857
64.8286133333333	1758819.65609741
64.8719783333333	1780717.07458496
64.9151466666667	2393422.44204712
64.9586666666667	2274615.83795166
65.0014683333333	2305905.87225342
65.04511	2501397.21795654
65.0879383333333	2647678.01416016
65.1321233333333	2347213.56585693
65.175185	2457000.02697754
65.2196516666667	2338105.29370117
65.26386	2230811.40802002
65.3068633333333	1937033.06567383
65.3506883333333	2589830.95220947
65.3930966666667	1897713.2623291
65.4356666666667	1827184.90823364
65.4792816666667	1938738.52407837
65.521565	2277288.57434082
65.565205	2079581.52703857
65.6084583333333	2992619.60449219
65.6524116666667	1976967.25442505
65.6960483333333	2193312.27862549
65.7394416666667	2437935.28161621
65.7832583333333	2090489.14517212
65.82677	2521601.93719482
65.86942	3078092.93066406
65.912365	2079838.47674561
65.9554983333333	1968507.17907715
65.997665	1853747.09747314
66.0406966666667	2300532.00805664
66.084725	2374903.76190186
66.1289766666667	2080062.19232178
66.1725	2223626.21166992
66.21571	2205892.18572998
66.2595766666667	2022709.02816772
66.3032216666667	1969773.58563232
66.346615	2160519.55023193
66.3902766666667	2262525.21759033
66.431925	2325440.59515381
66.4750166666667	2217415.15130615
66.5181516666667	2256595.38153076
66.5615283333333	2642600.61590576
66.605195	2587364.02441406
66.6487033333333	2208537.47869873
66.6913883333333	2227530.9190979
66.7347283333333	2184135.02459717
66.7780183333333	2171936.89804077
66.8218666666667	2997465.11462402
66.8654616666667	2146466.1628418
66.910125	2597781.33178711
66.952685	2509177.96118164
66.9960816666667	3603628.20880127
67.0378266666667	2579226.06420898
67.0794116666667	2694398.06262207
67.12276	2674305.75814819
67.1669233333333	2358516.8137207
67.21042	3203241.57000732
67.2538033333333	2873926.35693359
67.2972816666667	3133125.45001221
67.3403916666667	3040600.43670654
67.3837183333333	3093536.29656982
67.4272783333333	2530472.52261353
67.4696383333333	2891346.96157837
67.5131283333333	2371884.32348633
67.5563683333333	2399320.19262695
67.59802	2450793.55996704
67.64184	2716334.32159424
67.6853666666667	2971944.14154053
67.7281866666667	3230496.76855469
67.77264	2516679.38293457
67.815305	4477799.54516602
67.8574783333333	3774141.94000244
67.90128	2730415.43023682
67.9456516666667	2543882.76623535
67.9886616666667	2595099.86700439
68.0319283333333	2387308.68444824
68.075255	2497968.87109375
68.1181566666667	2905434.18041992
68.161925	2854934.59143066
68.20503	1967800.78555298
68.24877	3076924.36209106
68.2919466666667	2377054.68865967
68.3361883333333	2519690.12994385
68.3800783333333	2345181.34875488
68.4234266666667	3315076.99981689
68.466845	2476841.86828613
68.50868	2113567.88494873
68.5518016666667	2324880.13201904
68.5960016666667	2342088.79266357
68.6395816666667	2464824.36218262
68.6831533333333	2264953.00628662
68.7258883333333	1954953.62615967
68.768585	2588752.83850098
68.8117716666667	3006138.86901855
68.8564233333333	2269788.84805298
68.90024	3088415.4710083
68.943305	2391278.43334961
68.98683	2467777.99804688
69.0312516666667	2231103.16320801
69.0741966666667	2474630.85192871
69.117475	2918829.69848633
69.1606616666667	2378515.34875488
69.2036666666667	2062621.31231689
69.2470666666667	3442676.93304443
69.29089	2679678.4864502
69.3351466666667	2395207.98937988
69.37908	2818101.57891846
69.4221433333333	2434915.13800049
69.4653716666667	2527488.54327393
69.5080916666667	2447995.16595459
69.5496816666667	2531252.54992676
69.59253	2277313.5088501
69.6366583333333	2656745.25640869
69.679735	2382064.08190918
69.723695	2621123.35864258
69.7664416666667	2989538.70465088
69.808585	2944252.24261475
69.8500533333333	2934676.90045166
69.8942233333333	2736239.80743408
69.9383266666667	2388156.43719482
69.9823833333333	2803407.85583496
70.0267183333333	2580096.58901978
70.0704933333333	2638722.10144043
70.1130666666667	3250637.68847656
70.1554016666667	2246686.2371521
70.19869	2831774.94537354
70.2421083333333	2558391.62121582
70.2846783333333	2394757.36486816
70.3286116666667	2545538.871521
70.3724483333333	2879199.12322998
70.416445	2668588.22418213
70.4601766666667	2386592.58044434
70.5034333333333	2824458.69897461
70.5472	2789238.26928711
70.5891183333333	3029539.51623535
70.6316116666667	2386432.59161377
70.6745766666667	2729476.96697998
70.7189666666667	2459178.84344482
70.76245	2053079.38708496
70.8055783333333	3346035.2769165
70.8448466666667	2035985.08081055
70.8873266666667	3022159.51245117
70.932075	1990867.12628174
70.9749116666667	1997301.46295166
71.0174283333333	3179777.84100342
71.0615233333333	2718118.06243896
71.1052666666667	2309130.39834595
71.148215	2399431.30853271
71.1910233333333	2373547.67504883
71.2338316666667	2413217.98687744
71.2770216666667	3150431.66546631
71.3206683333333	2267739.20343018
71.363475	2050393.64932251
71.407295	2473594.71392822
71.4511883333333	2645696.85144043
71.4944033333333	2723180.74383545
71.5376383333333	2387220.63446045
71.5804566666667	2234732.7543335
71.62163	2503117.71789551
71.6637433333333	2637214.26849365
71.70748	2431237.27026367
71.7510283333333	2790200.88452148
71.7930116666667	2536552.60009766
71.8362783333333	2709311.28704834
71.8792	2921040.60028076
71.9219433333333	2904979.59735107
71.9670733333333	2100687.27362061
72.0098833333333	2591765.14483643
72.0525933333333	3028262.76818848
72.0969266666667	2436112.76208496
72.139805	2727825.38067627
72.1822783333333	2311634.27844238
72.2254633333333	2125952.41534424
72.2690616666667	2867195.71569824
72.31232	2308750.57342529
72.355345	2615193.7678833
72.398805	2474935.04052734
72.44094	2412769.69488525
72.484035	2524783.25970459
72.5265366666667	2390057.49645996
72.5696333333333	2307094.46923828
72.6134766666667	4393440.83148193
72.6542783333333	2901691.80657959
72.6960166666667	2777907.79321289
72.7398933333333	2373530.56170654
72.783675	4057773.56225586
72.8253183333333	2958564.66442871
72.86846	2672823.16766357
72.9114816666667	2544325.23577881
72.9541116666667	4038662.89239502
72.9976716666667	2527331.70758057
73.0414216666667	2461101.87841797
73.085215	2541867.4175415
73.1292566666667	2168914.73565674
73.1735733333333	2259786.93096924
73.2164733333333	2483356.42218018
73.2594266666667	2726533.22387695
73.3026733333333	2733811.37548828
73.3465066666667	2604499.29150391
73.3894833333333	2542740.00616455
73.4330966666667	2525384.66052246
73.4762766666667	2060164.62301636
73.5199816666667	2712568.60144043
73.56447	3252356.8883667
73.6077833333333	2566020.23376465
73.65212	2944681.99084473
73.6953766666667	2182932.70056152
73.736755	2370880.93560791
73.780865	2309710.50738525
73.824855	2592231.41204834
73.8682133333333	2247799.01156616
73.9115433333333	2868933.56744385
73.9547683333333	3546501.6829834
73.9979733333333	2395272.34552002
74.041415	2641923.29736328
74.0852033333333	2941139.42926025
74.1287616666667	3062583.02008057
74.1730116666667	2813201.8885498
74.2164616666667	2846786.91644287
74.2601416666667	2640484.07989502
74.3033116666667	2554305.79803467
74.3466333333333	2407567.51184082
74.3904516666667	2571418.58978271
74.4327516666667	2671840.77911377
74.4762683333333	2331449.34558105
74.5191833333333	2730276.2177124
74.56329	3136031.39434814
74.6073166666667	2882228.70715332
74.6501833333333	2298518.3815918
74.6939283333333	2555459.79302979
74.7345716666667	2375478.14422607
74.77581	2968423.75775146
74.8200016666667	2510827.09228516
74.86409	3847344.07214355
74.9069833333333	2723859.21783447
74.9496783333333	2459272.18017578
74.9935216666667	2977510.63128662
75.0373366666667	2848000.46337891
75.080975	2270818.57305908
75.12502	2183829.33477783
75.1693183333333	2419118.68035889
75.2128816666667	2418209.55169678
75.257075	2060599.42266846
75.29979	2755494.89257813
75.342985	2357556.42242432
75.3857783333333	2347832.05874634
75.428895	2935197.01403809
75.4717016666667	3041078.80706787
75.515405	3075717.33099365
75.559695	3113893.5880127
75.6027633333333	3136098.59283447
75.6453683333333	2609193.85040283
75.68817	3090023.17565918
75.7318933333333	2735693.07116699
75.7733333333333	3054445.00268555
75.8140866666667	3216156.22540283
75.85799	2929917.70135498
75.9020266666667	2773068.08465576
75.945175	3101614.21832275
75.98864	2692317.50335693
76.031835	3425012.90313721
76.0754033333333	2683702.01519775
76.118275	2474565.90045166
76.1622366666667	3836632.89855957
76.2058183333333	3298833.02642822
76.2497883333333	3189717.81933594
76.2932633333333	2884479.95391846
76.336595	3252349.10644531
76.379725	2994501.9039917
76.4235116666667	3072291.68572998
76.4670583333333	3118748.41918945
76.51021	3632282.81884766
76.554675	2880243.18109131
76.598895	2560785.96612549
76.64215	3351601.87219238
76.6851816666667	3063087.16174316
76.7274166666667	3296670.03259277
76.769795	3351760.09417725
76.811215	3388874.2300415
76.8540916666667	2835559.34613037
76.8973733333333	2858374.88226318
76.9400083333333	3266379.06201172
76.9833533333333	3547139.97766113
77.0266466666667	3711181.30212402
77.0691633333333	3543299.68353271
77.1131233333333	2807719.04223633
77.1562066666667	3299547.61187744
77.1997966666667	2828204.85955811
77.2438183333333	2788659.62561035
77.2882033333333	2934819.20251465
77.331265	3489959.30615234
77.374305	3617664.45275879
77.4174483333333	3157067.65478516
77.4601783333333	3178233.0625
77.5041433333333	3121235.38024902
77.5483866666667	3300723.57519531
77.5915283333333	4340213.82891846
77.6353866666667	3375293.13665771
77.6790366666667	2700344.87145996
77.7228766666667	2919644.27838135
77.765685	3141206.58209229
77.8082533333333	3236936.19000244
77.849185	3849624.15765381
77.8921283333333	3120463.40252686
77.935705	2898726.8480835
77.9783683333333	3237679.6137085
78.022425	2923947.3425293
78.0660616666667	3351112.49389648
78.1095466666667	3232154.44775391
78.152685	3065951.09954834
78.1974033333333	3699063.80725098
78.2399033333333	3845097.93914795
78.282235	3455642.1895752
78.3258833333333	3033864.46124268
78.369315	3107638.17773438
78.4125383333333	4807345.80517578
78.4547516666667	5540243.39886475
78.49447	3485004.49084473
78.538	2807991.921875
78.58126	3206391.21655273
78.6247266666667	3078871.62109375
78.6693266666667	3694502.36737061
78.713095	3268044.65490723
78.7563383333333	3867804.47509766
78.7993133333333	3615785.65563965
78.8430433333333	3633919.19573975
78.8858216666667	3964143.99163818
78.9284216666667	3363119.14898682
78.971065	2973172.94567871
79.0143883333333	3227264.64642334
79.058085	3192010.35028076
79.1011233333333	3588875.23236084
79.1438983333333	4289561.65240479
79.18693	3729891.07958984
79.231325	4920860.29248047
79.2747066666667	4192203.31536865
79.3186616666667	4646228.40039063
79.361765	3395983.15356445
79.4050483333333	5263812.51263428
79.4479366666667	4010445.97296143
79.4910583333333	3307363.45532227
79.5337466666667	3861353.76831055
79.5774933333333	5814590.77880859
79.618945	5826594.4777832
79.6606683333333	4549679.98181152
79.70281	3355129.64770508
79.7464733333333	3331810.26196289
79.7900216666667	3834264.48980713
79.8335516666667	4524827.96411133
79.8768416666667	4891150.31481934
79.9186133333333	3776594.26617432
79.961005	4508218.24725342
80.0038716666667	5152781.79931641
80.04678	3852177.96984863
80.0908083333333	4775719.20440674
80.1337766666667	5279278.57177734
80.1759166666667	3963647.80072021
80.2203833333333	3720951.50579834
80.2642216666667	4582733.95947266
80.3077566666667	3690396.73913574
80.3515566666667	4079046.67230225
80.3956983333333	4753272.24584961
80.4392233333333	3878800.16552734
80.483605	5088689.3637085
80.5273683333333	4260265.14239502
80.5709733333333	4098519.51531982
80.6147466666667	3912356.8548584
80.659195	4426703.45471191
80.703155	8374957.56201172
80.746225	3631842.49493408
80.7900416666667	4821038.42034912
80.83234	4629598.39465332
80.8752466666667	5772689.72253418
80.917755	3645897.35870361
80.961305	4222437.1998291
81.003605	4530868.03033447
81.047585	4487689.1817627
81.0899716666667	4381796.26306152
81.1328483333333	4855136.48669434
81.1756833333333	4424220.38391113
81.2186116666667	4492782.72283936
81.2621533333333	3661818.8795166
81.3061616666667	4426554.33258057
81.3504216666667	4128102.83374023
81.39416	4244198.4152832
81.4388533333333	3763172.07781982
81.481815	3399408.68481445
81.5250583333333	4704335.97802734
81.56904	4899686.34155273
81.6119416666667	4560310.11773682
81.6552533333333	4054924.89111328
81.6996166666667	4619933.80584717
81.7433716666667	4809837.09039307
81.7870016666667	5101882.40325928
81.8301433333333	4133371.76885986
81.8738983333333	5496738.75280762
81.91728	4056541.47766113
81.9599333333333	4347484.09735107
82.0040883333333	5534375.11486816
82.04804	4814184.85803223
82.0918416666667	4764094.36236572
82.1357316666667	4274762.14959717
82.17704	5547365.862854
82.2187666666667	4826297.46276855
82.26243	4958968.71765137
82.30567	6497578.2076416
82.3483216666667	4608791.73999023
82.3916666666667	4604798.08483887
82.4356116666667	4401598.61651611
82.47889	5176327.30938721
82.5214666666667	5174187.47167969
82.565195	4741035.06652832
82.608485	5191274.11047363
82.6524766666667	5194678.65808105
82.694835	5167246.33569336
82.738635	5111516.86383057
82.781495	5225516.76037598
82.8238016666667	4999929.23986816
82.8679833333333	4710566.67602539
82.912155	5141857.19921875
82.9545133333333	4878497.29064941
82.9990733333333	5223755.90557861
83.0415616666667	5428571.21679688
83.0845216666667	5274774.20812988
83.1282783333333	5584593.73803711
83.1715616666667	4736099.35546875
83.2148233333333	5077966.03704834
83.2576366666667	5872364.77661133
83.3007133333333	5040347.26306152
83.344325	5558459.80773926
83.3885066666667	5643984.19049072
83.43239	6746861.66870117
83.475985	5730075.76220703
83.5185516666667	4272019.08276367
83.5606666666667	5484023.17956543
83.6032416666667	5578649.13684082
83.6456483333333	5970634.84387207
83.6870483333333	5868332.58410645
83.72976	4906728.19104004
83.7743333333333	6328182.13183594
83.8180366666667	5565569.38354492
83.8628216666667	5237197.52197266
83.9048716666667	4314947.02624512
83.9485416666667	5213824.65112305
83.99188	5325074.36938477
84.03615	6032340.87884521
84.07949	5614733.46600342
84.1241666666667	5243690.05187988
84.16815	5610074.41125488
84.2113733333333	5847027.1362915
84.2544483333333	7270217.52844238
84.2976533333333	6231377.140625
84.3403083333333	5576306.45690918
84.384	5796873.59973145
84.42761	6115598.80273438
84.4689483333333	6114918.51196289
84.51355	5673913.86547852
84.55546	6572093.84643555
84.5990033333333	6613010.32653809
84.6416816666667	5921446.52624512
84.6840316666667	6551433.79711914
84.7260716666667	6177582.05456543
84.7704466666667	6018510.15014648
84.8156383333333	6424446.6940918
84.8594	6727025.13623047
84.9031466666667	6240260.33959961
84.9454483333333	6382962.93835449
84.9875266666667	6638243.36486816
85.0302816666667	7011011.52026367
85.0751083333333	5771099.60412598
85.1185833333333	6353737.17651367
85.1616816666667	6330007.72509766
85.2022183333333	6179457.35827637
85.24741	6320078.73327637
85.2916333333333	6239486.87646484
85.3344466666667	6045241.14416504
85.377825	6505393.8338623
85.421945	6967707.5144043
85.4656183333333	6277642.75231934
85.508655	6545338.55371094
85.5529666666667	5437847.92333984
85.59564	7352458.6472168
85.6406116666667	6712848.8638916
85.6853016666667	6782737.82617188
85.7282533333333	6013574.81201172
85.7703816666667	6211039.83911133
85.813755	6490963.35205078
85.8574216666667	6044550.35620117
85.902035	6138902.20446777
85.946615	6113174.06506348
85.9898866666667	7386127.29797363
86.033235	5942898.26495361
86.0740666666667	7024518.15441895
86.1189516666667	6197358.9453125
86.1629866666667	7682601.24206543
86.206425	6710214.30493164
86.24805	7075793.80993652
86.2909016666667	8309343.38977051
86.3350133333333	6386116.87072754
86.3802966666667	8539500.7532959
86.4231266666667	7705194.18701172
86.4673133333333	6264496.17907715
86.5107283333333	8206234.86157227
86.5538566666667	6924402.79516602
86.5971183333333	7241107.76586914
86.6380666666667	6719543.13085938
86.68173	5518121.26171875
86.7252166666667	6529185.56591797
86.7680083333333	6697872.20751953
86.8102016666667	6330227.81005859
86.8529416666667	6345113.73925781
86.8982983333333	6081876.14709473
86.94342	6171678.9230957
86.9871516666667	7135410.17675781
87.0307733333333	6505286.0213623
87.0742966666667	6489753.05358887
87.1169866666667	6486050.52099609
87.162025	5944197.29248047
87.2050133333333	6958787.80114746
87.2485633333333	7137111.34106445
87.2905583333333	6961824.92346191
87.3352416666667	7511320.07543945
87.3790866666667	7284260.21691895
87.4234233333333	7588937.47558594
87.466685	6381092.55969238
87.5097766666667	8104610.97192383
87.5532283333333	6769622.40026855
87.5972983333333	7667040.453125
87.6395583333333	6981404.02685547
87.6821266666667	7940985.24853516
87.7260666666667	8320480.61352539
87.768925	7597157.82373047
87.811445	8964212.66320801
87.8501383333333	7230342.7800293
87.8930466666667	8185551.49182129
87.935795	8491698.37255859
87.9789766666667	7248014.15527344
88.02402	8317287.34436035
88.0672883333333	8171765.38586426
88.1113083333333	8261007.52612305
88.1530566666667	8402186.9543457
88.1981616666667	8001466.51611328
88.2413083333333	7272687.63769531
88.2852983333333	8033998.86474609
88.3274766666667	8486474.24865723
88.3731716666667	9348802.30664063
88.4177633333333	7308622.63317871
88.46363	8423945.79272461
88.5075083333333	8491666.53588867
88.551545	8316612.69665527
88.5948566666667	8877648.36352539
88.63721	8465202.0970459
88.6808416666667	7440396.81066895
88.722745	7894491.74316406
88.766385	10252153.519043
88.8083933333333	8909930.41772461
88.8501966666667	7636314.63513184
88.8925733333333	8992433.52697754
88.935645	9547466.93212891
88.97862	8305526.16687012
89.0231033333333	9652892.73449707
89.066625	8421219.87475586
89.1115766666667	8960425.14526367
89.1539033333333	10186202.8144531
89.1963283333333	10717184.0610352
89.2412033333333	7699926.79626465
89.28413	8734868.17736816
89.3249933333333	7354713.75170898
89.3675733333333	11247774.8619385
89.4117416666667	9137250.67126465
89.4559866666667	16382485.5670166
89.4999083333333	9886064.67480469
89.543445	7308625.75244141
89.5881166666667	9975350.0682373
89.630955	9474513.13818359
89.67545	7761072.73669434
89.71779	7678359.56616211
89.7612733333333	8944497.51550293
89.8044616666667	7912773.64562988
89.847615	7513208.92370605
89.8894633333333	7160585.58605957
89.932025	9446455.0255127
89.9750166666667	9117507.16003418
90.0196133333333	9371612.48413086
90.0632983333333	10405273.3265381
90.1074733333333	9882195.4967041
90.1514833333333	9209494.9967041
90.196645	9617064.52734375
90.24205	8306642.11181641
90.287505	13062404.6646729
90.3302183333333	9909583.84033203
90.3714033333333	7909363.46972656
90.412915	10191262.3729248
90.45694	11412417.4073486
90.5022133333333	7997167.83886719
90.546225	11357627.8845215
90.58955	7879249.48693848
90.6328533333333	7033667.29199219
90.6753266666667	9788332.95239258
90.7199783333333	7393359.37310791
90.7646533333333	8654362.72839355
90.8078783333333	11082906.34729
90.8522433333333	12511447.0692139
90.895635	11289562.9645996
90.931865	10253821.8461914
90.97656	11567467.5981445
91.01912	9948147.84912109
91.0616316666667	9131253.15234375
91.1053166666667	8078272.06384277
91.150745	11274363.5427246
91.196735	9358367.3782959
91.23893	9879074.48364258
91.2842066666667	11636642.6191406
91.3293766666667	11305869.4174805
91.3739966666667	12855739.5549316
91.4179616666667	12001747.9980469
91.4576583333333	9848474.3112793
91.49979	13033556.2021484
91.5445766666667	11483878.5511475
91.5876566666667	10270141.1276855
91.63066	9703756.96582031
91.6764016666667	10681821.0895996
91.71752	12845208.8847656
91.7612233333333	11186671.2059326
91.805235	11593239.7578125
91.8491066666667	8248972.2869873
91.8923716666667	10223232.5386963
91.9375566666667	11536842.9538574
91.9746716666667	12816472.7955322
92.0176233333333	12032190.7406006
92.06056	11343190.9544678
92.1027066666667	9636243.19470215
92.1457183333333	9606313.05969238
92.1899916666667	11104216.0438232
92.2360283333333	10969803.932373
92.27734	11225555.7004395
92.3228316666667	12256053.7441406
92.36907	11626985.581665
92.4127283333333	11023447.5980225
92.4560266666667	12969276.9331055
92.5000216666667	12029217.838623
92.5420916666667	14429250.5670166
92.58267	11742445.3800049
92.6270933333333	12441557.9555664
92.6688933333333	9760994.79589844
92.71497	10540216.5594482
92.757895	11017720.8699951
92.803845	11501590.1948242
92.8491383333333	10442672.71521
92.89387	10422192.5183105
92.938175	10499389.1341553
92.982715	11498964.0344238
93.020795	10688415.7572021
93.0657466666667	10249437.5405273
93.1078933333333	11500410.1791992
93.1509666666667	13511725.7608643
93.1950916666667	14215695.3299561
93.2404683333333	11306513.6049805
93.2865683333333	11748192.0422363
93.3311183333333	10459444.5272217
93.37711	12839007.2197266
93.419475	14096832.1799316
93.46202	12700651.5527344
93.5090833333333	11383184.9035645
93.5523116666667	11515505.4470215
93.5946883333333	11141055.8685303
93.640605	13674491.4022217
93.6799066666667	13786359.638916
93.722835	12490001.8485107
93.7643116666667	12745106.3555908
93.8105483333333	12396313.628418
93.852495	15387272.5791016
93.8997183333333	12897517.7808838
93.9435783333333	14095494.5981445
93.9856883333333	13906238.3050537
94.02702	16220954.9301758
94.0629833333333	14881019.2193604
94.10813	18415367.4255371
94.14915	17493428.6025391
94.1906216666667	17693290.1237793
94.2300583333333	19292108.6437988
94.2758233333333	16426809.614502
94.3193966666667	16867653.0495605
94.362565	17650827.8134766
94.4082933333333	15454156.6130371
94.4497066666667	20551571.5839844
94.4909216666667	17576356.1455078
94.5351166666667	19762603.0830078
94.57574	15707390.0734863
94.6170616666667	15032745.8762207
94.6613233333333	12710245.1600342
94.7027816666667	14973090.9125977
94.745735	13952401.9362793
94.788905	15929094.5742188
94.835735	12546238.713501
94.8792083333333	13994873.5258789
94.9205183333333	15186660.5484619
94.9647533333333	15990523.8286133
95.0088883333333	13149789.15271
95.0517166666667	16189318.7912598
95.09063	15690278.6240234
95.135475	14369851.6671143
95.1785416666667	12989174.5422363
95.220655	14355505.3270264
95.2628766666667	13596023.7319336
95.306215	14808855.2692871
95.3497416666667	17303801.4123535
95.3942983333333	12858691.9481201
95.4416766666667	14942327.6904297
95.4832283333333	13484067.7797852
95.5240716666667	15914319.2939453
95.5670683333333	13303023.6544189
95.6077916666667	14280954.4943848
95.6496733333333	16021499.3439941
95.69186	13877995.3422852
95.7327216666667	16263130.4130859
95.7760416666667	19026343.5891113
95.8185533333333	13416948.3616943
95.86476	14956678.4980469
95.905135	16379876.1271973
95.947105	14185631.7681885
95.9888066666667	15570549.2419434
96.0332466666667	19111624.6804199
96.0753016666667	13402106.7030029
96.1155183333333	13707149.9204102
96.1590583333333	13814004.3735352
96.202635	14149505.0015869
96.2453833333333	16185537.0109863
96.2862916666667	16560149.0588379
96.3329616666667	16795070.4609375
96.3744383333333	15020993.3395996
96.417975	18109506.0474854
96.4574666666667	25236746.8154297
96.4997416666667	15586702.2192383
96.540125	18033896.0092773
96.581505	13406646.53125
96.6248333333333	16606588.2224121
96.66624	15479685.9875488
96.7082316666667	19801092.0664063
96.7453633333333	16655880.4807129
96.7890283333333	18781130.6052246
96.83183	18927334.8269043
96.8739466666667	15637554.1101074
96.9134516666667	14836962.057373
96.9566716666667	19421660.6281738
96.9974483333333	19246837.8027344
97.0438116666667	22323515.0183105
97.0845966666667	27086508.5800781
97.125005	33404908.0856934
97.165635	28361537.1520996
97.2073533333333	32738477.78125
97.2533083333333	38239743.3532715
97.2892983333333	43772459.3630371
97.3316466666667	36920526.6884766
97.3721666666667	48468731.3972168
97.4145633333333	45169740.3144531
97.45573	38702587.1103516
97.4953333333333	37427698.8708496
97.538225	46854795.2756348
97.5791383333333	39267589.4174805
97.6173583333333	32547513.3774414
97.65842	45332932.230957
97.6960016666667	41744360.6916504
97.737535	43803206.5307617
97.7739733333333	31203393.2648926
97.8184483333333	43051067.6108398
97.85465	35334520.8303223
97.8967233333333	36723532.8864746
97.931635	38546940.2509766
97.9733433333333	33743136.8735352
98.0103383333333	42790856.7177734
98.0523966666667	33429738.0532227
98.0917566666667	34368864.9094238
98.12947	32518662.3496094
98.17633	33135075.6213379
98.2127466666667	34362616.8464355
98.26024	29870304.5002441
98.2994883333333	27906732.0185547
98.342225	27291290.6086426
98.3829283333333	35011373.3115234
98.4223033333333	25400193.8256836
98.4618233333333	28644179.9423828
98.5086183333333	27067597.4304199
98.5438466666667	29915565.4492188
98.5902816666667	25924812.0991211
98.6286516666667	43001945.3735352
98.6678366666667	27910670.3339844
98.7046066666667	29310287.9631348
98.742405	27790708.0097656
98.789455	19667783.2902832
98.830755	16773574.2501221
98.8688033333333	26329043.5722656
98.9120333333333	15790841.0936279
98.952805	22220011.7878418
98.99346	17897003.8088379
