RetentionTime	Intensity
0.00503	414400.240608215
0.05051	443121.006324768
0.098315	470872.575592041
0.146808333333333	497852.378997803
0.196215	576086.037181854
0.244275	459647.989879608
0.29547	462137.262874603
0.343391666666667	562684.759185791
0.376495	465246.459201813
0.406461666666667	447373.646663666
0.443423333333333	399319.321094513
0.465846666666667	506106.241291046
0.495808333333333	551884.475551605
0.536678333333333	408017.021572113
0.555456666666667	422608.153556824
0.57742	400723.910728455
0.599843333333333	439438.031738281
0.62204	430129.453308105
0.647776666666667	482114.631717682
0.673923333333333	464413.956222534
0.689051666666667	437776.523414612
0.722198333333333	432930.437374115
0.737333333333333	424973.027317047
0.763663333333333	427171.366519928
0.78167	409874.576061249
0.80371	398917.707649231
0.826116666666667	412769.041675568
0.851846666666667	399614.458019257
0.874166666666667	413484.537567139
0.89647	420338.419834137
0.91454	400383.698760986
0.940436666666667	421509.360370636
0.966318333333333	432329.870681763
0.981411666666667	543230.360977173
1.03900666666667	535919.446533203
1.08542166666667	473093.259346008
1.13463333333333	460051.346729279
1.18492666666667	454573.983039856
1.22000166666667	469692.404537201
1.25525333333333	437038.402416229
1.306005	462043.487167358
1.34882333333333	393503.416305542
1.385795	405528.544281006
1.415325	422942.965877533
1.44403166666667	421897.562187195
1.47052666666667	429637.1693573
1.502965	433938.609165192
1.53279666666667	450573.778739929
1.56229166666667	475691.925128937
1.61394	435249.829128265
1.66620166666667	423894.922416687
1.71724666666667	433100.982467651
1.76146166666667	392554.315174103
1.80281166666667	388794.18655014
1.84370166666667	483151.656639099
1.89648833333333	465464.115287781
1.926405	427749.492218018
1.96376	485540.413475037
2.014645	491653.109161377
2.06653333333333	703400.040119171
2.11282333333333	539591.56836319
2.163085	460001.451461792
2.21296333333333	456707.595302582
2.26349666666667	602804.484279633
2.31435	822389.714424133
2.36512833333333	660292.92716217
2.41555	602576.073753357
2.46617666666667	622075.130992889
2.51502333333333	623694.401012421
2.566385	666786.506721497
2.61853	550002.856216431
2.66991666666667	499462.734004974
2.72142	454617.204704285
2.77350166666667	560792.115386963
2.82508833333333	532634.572105408
2.87655666666667	459601.195083618
2.9282	490641.979640961
2.97838666666667	462007.682128906
3.03033	491797.151927948
3.08202833333333	484203.974918365
3.12881666666667	361164.920757294
3.18068166666667	380979.227603912
3.23227833333333	385864.860263824
3.273345	411999.247509003
3.30299833333333	433819.608779907
3.32913	428741.60326004
3.36178166666667	493914.488731384
3.40253333333333	425649.555130005
3.45146333333333	406986.640743256
3.49994833333333	483979.705665588
3.55104333333333	529928.089889526
3.60345666666667	560229.542636871
3.65554333333333	614640.318279266
3.70765333333333	637607.04183197
3.75960666666667	670663.154361725
3.81105833333333	866038.159965515
3.861165	604713.282413483
3.912335	595714.340702057
3.964665	773167.854568481
4.01706833333333	821911.005615234
4.068485	967856.226608276
4.11776333333333	791435.754512787
4.16544	781939.781181335
4.217785	822171.100822449
4.26850166666667	1219039.34716034
4.31878	1515310.16356659
4.36774	1160089.1499939
4.41631166666667	1609421.50450897
4.46544	1418253.94791794
4.51707	2609631.23995209
4.56529	3548027.35273743
4.61316833333333	5350180.08654785
4.65882	2126518.74604034
4.71019666666667	4539821.06538391
4.758675	1495531.24948883
4.81034	2636526.32511139
4.85830666666667	2599016.5958252
4.905935	3496695.80436707
4.953245	3725827.84136963
5.00057666666667	4828516.24121094
5.04786333333333	2120035.62459183
5.09816666666667	12545084.5283508
5.14296166666667	2061853.50827789
5.19501166666667	4080679.99423218
5.24215333333333	1439287.83881378
5.2956	5493300.4425354
5.34167	5110386.94032288
5.38789833333333	2508557.3010025
5.43636166666667	10627340.4363098
5.48111	8010801.37991333
5.52665833333333	19183841.5085449
5.57312166666667	10876680.7035828
5.61748	16395516.6055603
5.66367166666667	2087573.68684769
5.715615	27099661.6016846
5.76187666666667	3392393.68606567
5.80970166666667	19725191.9475098
5.85561333333333	12847823.2982483
5.90208333333333	13113173.7223206
5.94917833333333	28427542.6207275
5.99020833333333	13483351.1849976
6.033585	41835839.4250488
6.07290666666667	23881434.0183716
6.11176333333333	39301924.3381348
6.15200833333333	35449244.8365479
6.19595833333333	50471506.0093994
6.23676833333333	5737274.83650208
6.28363666666667	76573374.1157227
6.32041666666667	110838219.210693
6.35177833333333	81174973.2844238
6.38916	120369897.29834
6.43111166666667	94284598.9467773
6.466875	162703626.359375
6.50035833333333	125795834.472168
6.53839666666667	207561320.021973
6.57559	158770270.451904
6.61868333333333	240984773.372559
6.65880833333333	114746046.769287
6.696865	133896732.006348
6.73362333333333	265985365.808594
6.76820166666667	172123545.113281
6.80674166666667	221287292.80957
6.83999333333333	142372613.235107
6.876295	240197381.836426
6.91366833333333	157786976.578369
6.94877833333333	169835127.98291
6.98985333333333	219525136.573242
7.02083333333333	153513291.179199
7.05500166666667	403482211.321289
7.08557166666667	251766725.135254
7.11987666666667	408782984.125977
7.15062	345246865.302246
7.18617	406019460.879395
7.21959833333333	527126191.359375
7.25452333333333	295113841.337402
7.288735	359725832.902832
7.331275	210929477.834473
7.36237666666667	293488491.634277
7.393215	255655146.491699
7.428605	334457212.276367
7.46188166666667	204925029.205566
7.49636	295716072.743164
7.52733166666667	247390596.353516
7.56000333333333	272807983.191406
7.590655	243457315.184082
7.62273166666667	372053736.646484
7.65846666666667	203945894.226074
7.69583	432788002.375977
7.72815833333333	245178863.426758
7.76468666666667	368331004.393555
7.79581833333333	322362090.785156
7.83262666666667	348446529.049316
7.86534833333333	424437610.369141
7.89714333333333	380143416.363281
7.93071666666667	356526643.42334
7.96346666666667	353507854.113281
7.99874166666667	288141209.458496
8.03145833333333	363850012.25293
8.06399	456588473.355469
8.09599666666667	268721807.814941
8.12884333333333	448602455.65918
8.15867	474138364.879883
8.19005	576376529.505859
8.22170666666667	571253460.688477
8.25155666666667	634332822.138672
8.28237666666667	633543975.140625
8.31368666666667	753133732.853516
8.34401833333333	915294389.90625
8.37185833333333	706965031.470703
8.40157	939717729.761719
8.43045833333333	1046412224.46484
8.460105	901679342.648438
8.48860333333333	927299947.792969
8.517445	875368300.871094
8.54544666666667	664857782.964844
8.57425	832928666.345703
8.60432166666667	818393080.396484
8.63399166666667	959703329.642578
8.66534333333333	994712005.677734
8.69810333333333	949433281.824219
8.72993333333333	1091431353.42773
8.76396166666667	1013660863.24805
8.79711166666667	1080579900.19727
8.830605	928527320.623047
8.864595	1060460654.96094
8.895585	837475290.017578
8.92693333333333	946401729.53125
8.95968833333333	1104221589.77734
8.99177666666667	815552832.068359
9.02528166666667	995513679.167969
9.05748833333333	1251761907.03906
9.08882	1085012288.75977
9.11983666666667	1267053337.90234
9.15025666666667	1307828786.98242
9.18197666666667	1293334744.57813
9.21519333333333	1085271446.88281
9.24839333333333	1207859494.77344
9.28170166666667	1090374146.89648
9.31474333333333	1031140921.29688
9.34630833333333	915348178.257813
9.38062833333333	900898169.199219
9.409525	797677031.024414
9.44159166666667	955218154.574219
9.47285666666667	896422753.330078
9.50187666666667	837482862.796875
9.53230833333333	714692196.048828
9.56137	819133030.003906
9.58992666666667	886660521.144531
9.61678833333333	771039611.541016
9.64617166666667	1087556834.33984
9.67432833333333	956896095.210938
9.70368	913842862.304688
9.73419666666667	903443283.363281
9.763625	971616487.126953
9.79337833333333	1008684245.23633
9.82099	772035758.832031
9.85048	947555547.78125
9.88297333333333	773697472.742188
9.91405	953626316.472656
9.94703333333333	964474590.986328
9.979955	972306823.105469
10.0106016666667	1023613954.83594
10.03988	922195785.142578
10.07204	955055598.207031
10.101165	1185987316.00195
10.12995	992243565.304688
10.1590983333333	1030949623.0918
10.1883283333333	995297967.398438
10.2202483333333	1076450640.74609
10.2501433333333	1152757100.20898
10.2822733333333	1023208679.30664
10.3136216666667	962406459.693359
10.34576	929407395.576172
10.3767183333333	930066078.96875
10.409025	875710829.259766
10.4384066666667	942417464.392578
10.467965	921755929.429688
10.4990883333333	1033425081.05859
10.52906	957399324.136719
10.55827	1174520611.03711
10.588685	1119544646.55078
10.6179783333333	1152346631.0625
10.6474616666667	1216401096.58008
10.6781583333333	1103725862.81641
10.7086033333333	1089687282.2207
10.7411433333333	1019952375.8418
10.7727916666667	1131849573.33008
10.801435	1141719595.39063
10.831615	1089259834.85938
10.86411	1078819370.03125
10.8936266666667	809099150.607422
10.927525	816820747.998047
10.958775	909688996.042969
10.9908666666667	805492763.994141
11.026405	886408774.361328
11.05905	887897110.78125
11.0907183333333	778805451.136719
11.1212483333333	830555514.421875
11.15267	928663721.199219
11.1834583333333	820340868.025391
11.21505	825221178.886719
11.2482133333333	931769609.591797
11.2812933333333	960210044.669922
11.3137433333333	791247474.222656
11.344385	842107797.929688
11.374045	891018834.363281
11.403645	979634892.707031
11.43372	887504616.513672
11.4643533333333	861352823.445313
11.4945633333333	930910560.082031
11.5254466666667	973039641.339844
11.55467	911866972.326172
11.58548	907441309.396484
11.6159433333333	990454399.029297
11.646795	1026773356.96875
11.6778983333333	986363180.166016
11.7096016666667	945288116.324219
11.7399033333333	1075107971.42383
11.7695283333333	1048373711.0332
11.8002933333333	970904707.603516
11.83062	1015432361.50781
11.8603583333333	1067587967.59375
11.8908366666667	740547430.376953
11.921285	878177526.625
11.951	846407860.097656
11.98034	418675462.179688
12.013215	64985508.1168213
12.0546883333333	115028140.986572
12.0932766666667	5484.78003692627
12.1071783333333	6314.84239196777
12.1292716666667	7704.54679107666
12.1551316666667	7198.01219940186
12.173585	6610.28732299805
12.1959	5851.93818283081
12.2179133333333	5968.31331253052
12.240115	6510.83213806152
12.2624183333333	7756.62141036987
12.2844183333333	6447.4186668396
12.3065333333333	7222.41167831421
12.3287233333333	6057.27039337158
12.3508116666667	5862.74174118042
12.3731216666667	7214.85040664673
12.3951283333333	8058.51037597656
12.4173233333333	5885.99739837646
12.4394416666667	6055.94450759888
12.4616266666667	7518.25066375732
12.483735	5363.40608596802
12.5059616666667	5501.12940979004
12.52807	356280.559318542
12.58329	6648.21141433716
12.59729	6262.19356536865
12.6193616666667	6366.02799224854
12.64156	6278.49056243896
12.6672683333333	161030.29152298
12.7217516666667	9407.88723754883
12.739255	15084.0196914673
12.7578616666667	7958.7388420105
12.77999	7100.62129211426
12.8022066666667	6745.53049468994
12.82428	8105.05835342407
12.8465033333333	5909.69620513916
12.868615	7100.51182556152
12.890905	5891.92297363281
12.9128983333333	6003.20206069946
12.9351066666667	5819.20730209351
12.9572116666667	5719.85665130615
12.9794066666667	5825.49475479126
13.00152	5738.33972930908
13.023725	6631.68342590332
13.0458216666667	6694.48612976074
13.0681383333333	4559.44987106323
13.09015	4991.79621887207
13.1123333333333	6756.66394805908
13.13445	6157.62369918823
13.1566483333333	6463.73248291016
13.1787483333333	5591.8955078125
13.2009583333333	7123.83187484741
13.2267116666667	7344.39992523193
13.2453883333333	6161.2960395813
13.26739	7112.34552383423
13.2895866666667	7221.82021331787
13.311675	6890.58930206299
13.3338916666667	6562.14357376099
13.35963	4386.5233039856
13.3781833333333	7086.80264663696
13.4003066666667	6719.53750610352
13.422605	63832952.8665771
13.45569	36480695.6705322
13.4857533333333	96653147.5942383
13.5124883333333	89450712.2573242
13.5416633333333	107567536.027344
13.569875	237182994.908691
13.5961766666667	65182490.6013184
13.6298283333333	517142258.87793
13.65632	196469344.305664
13.6851383333333	838964247.064453
13.711155	405218205.137695
13.7387983333333	825835410.835938
13.7658583333333	642952299.15918
13.7924083333333	700569260.248047
13.8215183333333	771171253.828125
13.84882	761169835.205078
13.8757966666667	821408091.167969
13.9060033333333	826604355.054688
13.9356416666667	832412588.195313
13.96333	885191768.927734
13.9928266666667	945718050.630859
14.02218	962166212.564453
14.0513616666667	1046613587.35742
14.0823166666667	970507215.273438
14.11331	1014855278.49805
14.1455466666667	1061799509.74609
14.1779366666667	949975059.576172
14.2109433333333	985959309.105469
14.24632	1073020630.42188
14.282715	985504271.222656
14.321455	961827078.162109
14.3606033333333	932279035.738281
14.4021733333333	896421459.896484
14.4493183333333	461918119.283203
14.4829583333333	925623765.498047
14.5182383333333	841405477.958008
14.5468366666667	762875295.927734
14.5740083333333	444714730.009766
14.609935	676366595.786133
14.639475	674572157.806641
14.6690016666667	590835566.495117
14.70413	768571476.476563
14.7325516666667	782716561.933594
14.7653916666667	695308092.638672
14.7969616666667	756794835.802734
14.8276183333333	697275000.375977
14.854355	725317670.84082
14.88413	698925471.492188
14.913005	670438329.202148
14.9436683333333	723162138.927734
14.9730466666667	799162850.712891
15.0032833333333	782900580.589844
15.0335866666667	782107927.195313
15.0625166666667	807772352.089844
15.09192	697119794.130859
15.1213633333333	764377131.380859
15.1507483333333	815478419.222656
15.182	758951234.59375
15.2121183333333	906223943.816406
15.2432916666667	707051693.998047
15.2749766666667	899904071.761719
15.3060066666667	793464546.613281
15.33853	851942804.064453
15.36939	804926676.84375
15.4038516666667	776297625.128906
15.43827	807692911.429688
15.4732666666667	842106565.263672
15.50641	879468337.957031
15.5401566666667	897807541.574219
15.57245	884727033.548828
15.6021233333333	787216826.355469
15.63331	978268856.607422
15.6651433333333	975577975.480469
15.69538	918830767.257813
15.7251133333333	1012485056.39844
15.7540383333333	919239629.736328
15.7838566666667	1017593025.87109
15.8132783333333	918330956.398438
15.8439566666667	890360395.226563
15.8748133333333	862280765.75
15.9060466666667	1032282950.29883
15.9367483333333	852644095.009766
15.96906	1017542173.59766
15.998275	1031959642.91992
16.0286316666667	1075410487.81836
16.0571	996902792.412109
16.0879233333333	1126675047.02344
16.1178483333333	1099215421.05664
16.1476316666667	1110675552.2168
16.1781666666667	1074445378.46484
16.20903	1116857081.88867
16.2388433333333	1034825053.55078
16.2690366666667	1096204124.11719
16.2985883333333	1057543369.32031
16.3284533333333	1060318325.94922
16.3577933333333	1042457781.63672
16.3881283333333	1071764004.1543
16.4198816666667	992653173.626953
16.4517233333333	959122848.371094
16.4848583333333	1040924011.58984
16.5148716666667	977600355.808594
16.5478483333333	835780234.765625
16.5786983333333	1094746847.70898
16.6090533333333	1051970069.02148
16.63919	1098131596.4707
16.6701416666667	1140300036.82422
16.7019133333333	1121768769.83594
16.7306283333333	1017470919.08984
16.7617216666667	1117609418.52539
16.7926966666667	1095379483.67188
16.823125	1017224166.97852
16.85277	969414863.634766
16.8821616666667	1063473354.27148
16.9128633333333	864788348.646484
16.9427533333333	998018629.498047
16.9733383333333	994433207.345703
17.0057516666667	1038334943.70508
17.0370133333333	1169207951.14648
17.0657016666667	1076466831.07227
17.0943216666667	1051353836.56445
17.125605	1104956494.62695
17.1554983333333	1105221225.74023
17.1819666666667	1079083375.42383
17.213335	1117529679.66406
17.24352	1120213599.26563
17.2756116666667	1117516405.35742
17.3063483333333	1087201130.9668
17.3354483333333	1053005418.06445
17.3689283333333	1028708030.08789
17.4001966666667	1049376189.48047
17.4290833333333	1126448956.22461
17.458485	1056727106.97461
17.4908933333333	1029668693.67578
17.5208916666667	990448309.257813
17.551875	1000974148.49609
17.58442	1086715824.05273
17.61717	998971133.138672
17.64673	1037838419.66211
17.6786216666667	991827049.234375
17.7088016666667	964737276.222656
17.7411283333333	965338634.208984
17.76871	903479468.025391
17.8013516666667	1042658067.21289
17.8295283333333	949686041.490234
17.8588	964593453.238281
17.8889933333333	916230699.507813
17.9192483333333	989520155.095703
17.94849	1065103035.73438
17.978215	1008201288.11719
18.00759	1120332806.53906
18.0389266666667	1132552230.26563
18.0694566666667	1093291634.85352
18.0991066666667	1123782679.34375
18.1319916666667	1124834218.34766
18.1652666666667	1114866301.35156
18.1922766666667	1134913909.35156
18.22288	1109928738.72266
18.252295	1120679726.00781
18.284185	1098297705.84766
18.31599	1147137108.94922
18.3464333333333	1114810602.19336
18.3775716666667	1150011359.06055
18.4107266666667	1050083820.53516
18.4386033333333	1083975336.42383
18.4691233333333	1144810296.3457
18.4997316666667	1198811727.26367
18.5313833333333	1122128031.45703
18.561495	1464806912.71875
18.5935316666667	1272943237.14258
18.6252583333333	1282263370.75977
18.6531933333333	1287199195.47656
18.6845	1261578305.51172
18.7152966666667	1359600093.39063
18.7451166666667	1394722374.67969
18.7738216666667	1321022457.8125
18.80238	1568817242.74609
18.83363	1375565158.02734
18.86231	1390802291.96484
18.891605	1476601950.94531
18.9216916666667	1467748205.45703
18.9509716666667	1591892035.49609
18.9818666666667	1642175220.11328
19.011595	1478067573.875
19.0420683333333	1497961124.72656
19.0728616666667	1563580072.42969
19.101535	1472454456.39844
19.1328583333333	1601579218.16797
19.162785	1690368984.36719
19.1935066666667	1480587147.72266
19.22302	1514428089.1875
19.252645	1510713448.75
19.2813383333333	1453037536.70703
19.3097016666667	1378325498.54297
19.3380466666667	1521181975.25
19.3672566666667	1148660684.375
19.397235	1162556764.81445
19.42591	1352019764.69922
19.455565	1268001525.46484
19.4847916666667	1482821672.71094
19.5148133333333	1327556394.81055
19.544685	1376033521.91406
19.5744083333333	1348020717.02734
19.6049366666667	1376488231.35547
19.6345233333333	1359452309.90234
19.66368	1224059570.14258
19.6954783333333	1233401805.4375
19.7265666666667	1242486468.54102
19.756785	1312225414.38281
19.7890033333333	1300082374.23242
19.8199883333333	1300532465.50781
19.85182	1249779463.47266
19.8823716666667	1267810072.04102
19.9132466666667	1287170927.33984
19.9460533333333	1326273849.64453
19.978855	1338792258.98438
20.0116066666667	1273621520.24609
20.0438433333333	1261280519.125
20.0746783333333	1255616230.50391
20.10563	1213155300.77734
20.1362266666667	1213652700.95117
20.16906	1301413329.57617
20.1991466666667	1324405568.72852
20.2311166666667	1320311695.31836
20.2603633333333	1394003802.91797
20.2931066666667	1410101597.97266
20.3194983333333	1442608235.29688
20.3480416666667	1491907084.79688
20.3770716666667	1520641048.19922
20.4053266666667	1425585374.08398
20.4356116666667	1367292206.35352
20.4650466666667	1492036320.48438
20.4933483333333	1455494918.97656
20.522765	1389278357.62109
20.552925	1454650779.53906
20.5834133333333	1361172086.96875
20.6112283333333	1415210587.42969
20.6422883333333	1436829421.23438
20.6719833333333	1498611077.73828
20.6998866666667	1436876834.91797
20.7280033333333	1570260555.86719
20.7568883333333	1487576222.0625
20.786035	1566960130.26172
20.8143466666667	1687626600.99609
20.8466316666667	1526221514.58203
20.8765	1563416195.74219
20.9078166666667	1542113910.94141
20.9395216666667	1495566012.25391
20.96936	1523840658.65625
20.9990783333333	1463800136.58984
21.0287733333333	1593635646.48047
21.05777	1403680601.32422
21.087565	1443727351.90625
21.1185433333333	1293329289.79492
21.14994	1417344968.625
21.1805666666667	1335660357.70703
21.2100683333333	1289780820.32813
21.2400066666667	1319635460.35938
21.2702316666667	1312853634.19531
21.2995866666667	1367950537.00391
21.3290883333333	1485836893.55469
21.3577066666667	1375630984.65625
21.3867566666667	1439762428.75391
21.4153816666667	1568229868.10156
21.443615	1689883432.78516
21.4719383333333	1725698351.75
21.4999033333333	1704468283.14844
21.5300183333333	1762323640.32422
21.56003	1617378142.05859
21.589265	1664988138.81641
21.6185816666667	1814833602.14844
21.648405	1699798500.47266
21.67986	1662877004.32031
21.70878	1519274175.70313
21.7382116666667	1536945708.05078
21.7690216666667	1347374659.65625
21.7984933333333	1377166325.65039
21.8288066666667	1370772287.51953
21.8595666666667	1329360727.67188
21.8887966666667	1313442799.69141
21.91921	1387608761.02344
21.9495316666667	1439546574.57422
21.97961	1427622922.03906
22.0089683333333	1591164216.53516
22.0379383333333	1416423015.9375
22.067805	1367087643.72266
22.0976316666667	1360553940.59375
22.1271116666667	1406500287.58203
22.158115	1435128275.21875
22.1889633333333	1380660785.92188
22.216225	1414666120.90234
22.246725	1492684919.76563
22.2783116666667	1324280135.41016
22.30783	1399315704.82422
22.337135	1418508685.01953
22.367155	1315564236.28516
22.3982866666667	1401085643.14063
22.4278916666667	1468544628
22.4591083333333	1549771886.59766
22.4886266666667	1418087215.91406
22.5187533333333	1505696376.84375
22.5475433333333	1627318908.03516
22.5773066666667	1605467624.74219
22.6068116666667	1772899023.10156
22.6370716666667	1728774082.80078
22.6662533333333	1658209331.61719
22.6952016666667	1829146429.83203
22.7248216666667	1801732145.29688
22.7542466666667	1776311166.48047
22.7857916666667	1646616098.14844
22.8168366666667	1851426737.47656
22.848285	1774408989.76953
22.879885	1698799042.42969
22.9103783333333	1662373451.64453
22.9408	1668272499.59766
22.9720983333333	1705065125.73828
23.0020333333333	1693731921.58984
23.0341016666667	1663933717.29688
23.0652583333333	1610384217.5
23.0962466666667	1680186165.57031
23.1261116666667	1651271310.80078
23.156155	1523221768.81641
23.18589	1364077754.05859
23.21527	1541710783.60547
23.2448833333333	1561810935.76953
23.274535	1572945427.28516
23.30445	1426246867.27734
23.3337433333333	1466091428.26563
23.3623033333333	1534596261.05078
23.390985	1437502704.62891
23.41886	1480925486.35547
23.44679	1596451075.625
23.475065	1650182014.19531
23.5047383333333	1764919139.05859
23.5337266666667	1720523688.32031
23.5638966666667	1803775760.33984
23.5950566666667	1696537914.41016
23.6243583333333	1892152799.73828
23.6545433333333	1834980354.64453
23.6827866666667	1894908666.76953
23.7131516666667	1954439257.61328
23.743	1849272291.64063
23.7712616666667	2047725452.97656
23.8008883333333	2014316191.81641
23.830445	2318616506.98828
23.8599766666667	2268826639.0625
23.888885	2097914505.45703
23.9197266666667	2266164566.66016
23.9505116666667	2413858251.01563
23.9805733333333	2353009522.87891
24.0096383333333	2290370746.03516
24.0429166666667	2446669085.125
24.0731733333333	2477205417.125
24.1045	2607546268.06641
24.1341433333333	2271000215.84766
24.1646433333333	2340093497.60938
24.1962466666667	2385441710.74609
24.2270083333333	2418648245.54297
24.2574666666667	2267972455.29297
24.2888233333333	2271028690.80078
24.3199483333333	2115158854.78516
24.3503316666667	2118873144.46484
24.3812483333333	1937960121.75391
24.4134716666667	1816758354.875
24.4441716666667	1795964239.10938
24.4770583333333	1773519511.19141
24.5102366666667	1624875117.22656
24.5408916666667	1495446792.66406
24.5718366666667	1542646294.47656
24.6038583333333	1349423073.91211
24.634075	1424437614.03516
24.6655666666667	1522571404.53516
24.69554	1596362526.42969
24.726255	1549140740.07031
24.75747	1544556291.07813
24.7889433333333	1649092927.25
24.8180683333333	1680872946.14844
24.8485516666667	1822865650.01953
24.87914	1669904245.94922
24.90933	1807134187.19531
24.937595	1690097335.4375
24.9676216666667	1938741011.34766
24.9994716666667	1998282495.66406
25.0317966666667	1924189418.58594
25.0629666666667	2118733144.59766
25.0948166666667	2127780662.35547
25.12659	2025515395.33594
25.157375	2133576799.91797
25.1876583333333	2029351644.24609
25.2185783333333	2017254556.28125
25.249645	1853820825.58203
25.2803833333333	1863309489.74219
25.3118466666667	1888216852.08984
25.3431266666667	1709290620.63281
25.3748	1831835242.71484
25.40723	1847797279.46875
25.4381	1606376050.13281
25.46992	1632199617.28516
25.49934	1600002536.8125
25.529755	1391010764.95313
25.56047	1481568458.83594
25.589755	1685412683.21484
25.62163	1770381681.02344
25.65156	1652365256.875
25.68184	1595029174.44141
25.7114883333333	1436617765.46094
25.7412233333333	1882974586.10547
25.7722183333333	1838292368.32031
25.80262	1834413524.55859
25.833235	1924020102.16406
25.8632583333333	1945335452.43359
25.8949533333333	2123355215.33203
25.9246283333333	2069810443.96484
25.95426	2107515605
25.9849416666667	1717689448.84375
26.0153933333333	2087012391.69141
26.046065	1370232011.42578
26.0761983333333	1796492943.27344
26.1058666666667	1803826067.55859
26.13561	2043004127.11328
26.1656266666667	1748218802.33203
26.19683	2002961572.31641
26.2261383333333	1864234130.07422
26.25717	2050443336.92578
26.2885033333333	2050215231.81641
26.3175066666667	1879871719.375
26.3482716666667	1913788389.76563
26.3786566666667	1938472006.60156
26.4072466666667	1933665726.15234
26.4371516666667	1751141893.72656
26.4685466666667	1674803658.25781
26.500205	1752284118.30859
26.53219	1967059799.00781
26.562575	2133073708.39453
26.5935866666667	2018181942.53906
26.6241916666667	2236285816.26172
26.65462	2262411101.47656
26.6835216666667	2376982290.99609
26.7129366666667	2417305555.00391
26.7420816666667	2056622024.5
26.770885	1820914523.16406
26.7996266666667	1817410117.625
26.8287683333333	1855686518.60547
26.8589216666667	2002753620.05078
26.887695	1947499459.07422
26.9167033333333	1925893546.26953
26.9466583333333	2174095822.90625
26.9759266666667	2074781044.48828
27.00558	1887761299.03516
27.03634	1960240547.59375
27.0659083333333	1950032840.90234
27.0963083333333	1762672340.96094
27.1262083333333	1873090458.43359
27.155425	1875298300.76953
27.18508	1641066618.3125
27.21374	1745396413.33203
27.24301	1631033876.38281
27.27176	1695535978.05078
27.3004433333333	1778149673.50781
27.3282383333333	1973572242.33594
27.3567816666667	1934496097.28125
27.3866033333333	2120981822.10547
27.415775	2040140210.39063
27.4459683333333	2262351494.79688
27.474455	2094191719.4375
27.5042466666667	2087188985.28516
27.5343116666667	2116297450.73438
27.5649683333333	2271744644.62109
27.5961466666667	2072899383.50781
27.6260916666667	1931446104.69531
27.6565266666667	1907240952.02734
27.6859633333333	1907318848.43359
27.7161666666667	1848529417.98047
27.7465916666667	1898403589.99219
27.7762233333333	1802498752.30078
27.8067233333333	1907568653.45703
27.83759	1811705469.48047
27.8671533333333	1742050075.42578
27.895765	1839762191.59766
27.9249833333333	1905748671.64063
27.9520833333333	2138618110.82813
27.9819316666667	1801786070.67188
28.0117	1938185939.35938
28.04242	1982547363.96094
28.0733033333333	1844588906.71484
28.1029316666667	2048104143.03906
28.1322966666667	2055455331.22656
28.1624766666667	1917182300.21094
28.1911116666667	1778912796.75391
28.2197816666667	1914941223.4375
28.2491833333333	1985051939.60938
28.2774316666667	2018768460.91797
28.3068883333333	2065167255.76563
28.33622	1858828473.17578
28.3659533333333	1813666384.55469
28.396145	1838507829.62109
28.4248366666667	1737190997.08594
28.4531766666667	1712187905.72656
28.4829316666667	1651994573.82031
28.5130033333333	1758531534.03516
28.542985	1766121208.68359
28.573875	1981583444.60547
28.60424	2016699786.78906
28.6347066666667	1997996278.02344
28.66513	1866080229.50391
28.694905	2032656195.49609
28.7251566666667	2008946237.90234
28.7556566666667	1829719066.54688
28.786615	1638386698.05859
28.8163816666667	1551939067.44922
28.8474433333333	1647704318.74219
28.8766516666667	1676777102.81641
28.906485	1352580932.71875
28.9368233333333	1227593794.70313
28.965125	2752995.18135071
29.0122416666667	61942151.1992188
29.0415083333333	38644963.4100342
29.0802716666667	12994851.449707
29.1212766666667	116729384.057129
29.1510716666667	263860472.006836
29.1798983333333	235972056.413086
29.2089966666667	374677342.412109
29.2385683333333	328570352.018555
29.2690366666667	542251561.865234
29.2986933333333	257699779.457031
29.3295016666667	696229600.574219
29.3583733333333	323184373.24707
29.38926	341372301.716797
29.4212233333333	295817402.175781
29.4538083333333	310102516.213867
29.4849533333333	264572736.398438
29.5187366666667	179942438.526367
29.5516416666667	270982107.680664
29.5807083333333	112562135.964844
29.6180416666667	94237583.5566406
29.65256	78863953.9282227
29.6880033333333	120134850.421875
29.7223383333333	68034882.1760254
29.7640133333333	53896132.3757324
29.80107	30480674.7232666
29.8469633333333	53364204.7102051
29.8880583333333	29012521.713501
29.930545	25420316.791748
29.9755783333333	6881822.16827393
30.02244	23581866.0196533
30.0685616666667	8091192.09356689
30.1163683333333	30299244.2855225
30.1632966666667	1394557.12880325
30.2170966666667	23869927.1804199
30.26033	7620798.53485107
30.3064333333333	6606161.63098145
30.3538633333333	15709447.7011719
30.3977316666667	1917677.67900848
30.4495683333333	8417115.25128174
30.497365	3893698.80690002
30.54522	4544434.00057983
30.5924916666667	4371402.2605896
30.6396716666667	6673660.86166382
30.6857666666667	2348338.84320068
30.7349083333333	7147383.32424927
30.7790933333333	3267332.12124634
30.8274916666667	4341678.90122986
30.8744716666667	1308818.23888016
30.9274733333333	4218733.8986969
30.97536	4623133.20115662
31.0216716666667	1285241.66342926
31.0734	1264761.04983139
31.1265833333333	6811032.27087402
31.173065	1951113.99853516
31.2227983333333	5853523.75958252
31.26962	3053863.76255798
31.3178	1247584.49721527
31.372325	4680846.68058777
31.419015	1264615.56251907
31.4723233333333	1289108.85883713
31.52631	5873043.83581543
31.5726716666667	1280426.5349617
31.625505	1291839.29373932
31.6785883333333	1900350.02975464
31.7300333333333	1271894.46609879
31.78347	3934667.41784668
31.8290333333333	3813667.32096863
31.876975	1226207.69800186
31.9310216666667	1274149.16623688
31.983735	6071956.81884766
32.02997	3092788.88180542
32.0777116666667	1263838.23365784
32.1307883333333	1344226.68036652
32.1834983333333	1290444.44986725
32.2354433333333	1258556.46570587
32.28878	1262693.15823746
32.340775	2989129.87174988
32.3890216666667	5015114.15466309
32.4355666666667	3991985.06027222
32.4831366666667	1243824.1877327
32.5355433333333	1240828.9084053
32.58978	2729215.15237427
32.6378833333333	1248332.48112488
32.6919433333333	1272826.77848816
32.7458016666667	1271473.00787735
32.7989216666667	1259293.9511261
32.85137	1719236.38426971
32.9012016666667	1233137.51200104
32.9533183333333	1254004.17086029
33.00617	4144526.02563477
33.0534733333333	5399709.87664795
33.0992816666667	1230665.73118591
33.1525066666667	2427712.81014252
33.2011833333333	1216982.20195007
33.253605	1237353.58046722
33.3069583333333	1241466.5461731
33.3604833333333	1360155.0343132
33.4124316666667	5146190.78106689
33.4588966666667	1236925.73504639
33.5126316666667	1239331.98249817
33.5649783333333	1242791.34407425
33.6182033333333	1251822.98283768
33.6716566666667	2410412.72229767
33.721075	1224662.82219315
33.7752666666667	3033047.77740479
33.8221266666667	1219998.69348526
33.874255	3328343.07191467
33.92214	2251657.55335236
33.9699866666667	1215444.64753723
34.02262	1222230.34171295
34.0749933333333	2774620.7046051
34.1236	3256732.02957153
34.1715916666667	1235474.92503357
34.22477	1275745.73521805
34.27811	1289370.94124222
34.332065	1278813.30808258
34.3853116666667	2620900.28208923
34.4348233333333	1270456.30392838
34.48816	4064872.01528931
34.5348233333333	5350709.5038147
34.5812866666667	1247428.76369476
34.635935	1267674.85550308
34.6898166666667	1250176.71743393
34.7428533333333	1228747.88817596
34.797355	1220125.78538895
34.8505133333333	3690970.48927307
34.8984216666667	1188409.98271561
34.9520783333333	1905364.14527893
35.00095	1159930.69511795
35.0534683333333	3891796.46418762
35.1003316666667	1172767.23991776
35.1534733333333	2579108.58724976
35.2013033333333	1165840.09043121
35.25485	1215056.79542542
35.3072916666667	1207549.53898621
35.36005	1184018.33013535
35.4115983333333	1199325.48784637
35.4642916666667	1465639.05252075
35.5161683333333	1176135.58188629
35.56931	1210509.49145126
35.6219883333333	2572913.87739563
35.670925	3223030.59286499
35.7175133333333	2258920.76778412
35.766955	1164944.48502731
35.8209316666667	1173109.16805267
35.8739383333333	1172784.89078903
35.9267116666667	1189002.49319839
35.9795366666667	1187705.27102661
36.03191	1166789.8408699
36.084795	1166437.13409424
36.1365833333333	1182112.90890121
36.1895466666667	1172945.23572159
36.2415583333333	1188384.56865692
36.2945333333333	1225444.43214798
36.347955	1219405.3390007
36.400155	4043642.40061951
36.4459816666667	1173348.63615036
36.4995466666667	1211892.29539871
36.5526566666667	1170296.41309738
36.6050833333333	6005796.49005127
36.649955	1158209.57960892
36.701825	1181079.07046509
36.7544333333333	1208659.25940704
36.8069633333333	2184139.75023651
36.8556416666667	1468875.86961365
36.90693	3460248.75135803
36.9536166666667	2501067.41394806
37.00195	1173367.79450226
37.053825	1223542.16948318
37.1071533333333	3864849.87284851
37.1536966666667	1198172.21435928
37.2053516666667	1145734.89665604
37.2579083333333	2192159.76146698
37.3073316666667	1194455.24080276
37.3598	1234036.4961586
37.412325	1233141.55438995
37.46484	2666278.91207886
37.5122416666667	1969487.47065735
37.5619766666667	1192016.81945419
37.6136233333333	1191178.04891586
37.6657883333333	1208222.62768555
37.7192133333333	1229818.80246735
37.7715433333333	2068681.99739075
37.819225	1187840.51102829
37.8727966666667	1217952.32103729
37.924325	1211694.18587875
37.9767466666667	1260349.31142044
38.0302066666667	2293359.79877472
38.0771866666667	1251926.81383133
38.1307166666667	2709143.86865234
38.1783766666667	4511727.10325623
38.2240433333333	1167295.25111389
38.2769516666667	3626623.00642395
38.3244383333333	1235413.89554596
38.37765	4585218.16590881
38.4242233333333	1911903.16228485
38.4734833333333	2185252.44508362
38.52208	5234846.81054688
38.56901	1219026.46764374
38.6217583333333	1258928.31737137
38.67404	1231227.2407074
38.72675	1239311.91206741
38.7802516666667	1246090.28342056
38.8333	1216997.66269684
38.8865766666667	1906953.990242
38.9367266666667	1241960.08844757
38.9899833333333	1207859.66532898
39.0430733333333	2486142.16016388
39.0908683333333	1253601.83211136
39.1435416666667	1172182.85637283
39.196335	1235080.27723312
39.2483116666667	2605556.67063141
39.296845	1200127.05448532
39.3496333333333	1898477.78340912
39.3988416666667	1883260.57801819
39.4485716666667	1197356.53137207
39.500965	1241315.72809601
39.5537933333333	1283475.22861481
39.608145	2513475.38777161
39.65664	1207031.5965004
39.7084283333333	1236401.05377197
39.7608716666667	1233344.24157715
39.8137916666667	1256094.44327927
39.8664666666667	2342099.26264954
39.914925	1223756.64321899
39.96807	3254356.664505
40.0137766666667	1281014.45734406
40.0667866666667	1221713.98206711
40.119935	2812888.26283264
40.1667966666667	1220598.13304138
40.2187466666667	1975958.52555084
40.2681916666667	1345141.6000061
40.3210533333333	1260805.81747818
40.3749316666667	2205767.13557434
40.4234866666667	1258176.13494873
40.476435	1229977.1587944
40.5301666666667	1254938.92040253
40.5829316666667	3480180.00138855
40.6309033333333	1208541.43318176
40.6838116666667	1222345.00080109
40.7368616666667	1238331.57523727
40.7894133333333	1219222.03976059
40.8417883333333	1256810.5131073
40.8938883333333	1216578.25894928
40.9458683333333	1211049.80780792
40.9985633333333	1228833.51226044
41.0500716666667	1234323.52778625
41.1032266666667	3186958.25161743
41.1492616666667	1212843.53771973
41.2023933333333	1234653.50487518
41.255235	1243862.28872681
41.3069933333333	1222560.07315063
41.360845	1258329.77230835
41.4147283333333	1248992.92253113
41.4678433333333	1232335.18341827
41.52144	1274422.35139084
41.5747816666667	1619144.61790466
41.6257883333333	1251982.38283157
41.6787916666667	1605370.51217651
41.73116	1237950.30451965
41.78375	1236061.26973343
41.8358066666667	2675315.78683472
41.883765	1485322.85771942
41.934935	1280394.4020462
41.98745	1222457.56077957
42.0402283333333	1215054.02004623
42.092675	1228969.96250153
42.1457383333333	2520864.45007324
42.1934866666667	3597752.515625
42.2403466666667	1216180.69777298
42.2926583333333	3105924.10415649
42.3397033333333	1701592.73062897
42.3898016666667	1167424.74274445
42.4425766666667	1216569.16458893
42.49572	3323410.03152466
42.5411516666667	1183122.70065308
42.594425	1193361.56932449
42.64771	1173770.2705574
42.6997983333333	1184513.45328522
42.75261	1176193.01976776
42.8055416666667	1193338.21139908
42.8581833333333	2813259.9105835
42.9050433333333	1165887.32135391
42.9568783333333	1785225.28573608
43.0053466666667	1166958.99696732
43.0574616666667	1238171.03055954
43.1075183333333	1182691.31618118
43.1610166666667	1172720.65222549
43.2135216666667	1194189.13412094
43.2660116666667	1180487.57804871
43.317945	1140324.76171494
43.3713216666667	1168308.64541626
43.42325	1164988.85671616
43.4752766666667	1176558.66901016
43.52835	1184661.31808853
43.5804616666667	1152519.22496414
43.6333283333333	2089074.44999695
43.6823083333333	1171742.08986664
43.7350283333333	1175118.16407013
43.7876916666667	1153455.4668541
43.8393316666667	1158131.45572662
43.891545	2134895.99851227
43.9401283333333	1170085.10011292
43.9915233333333	1136872.55168915
44.0434516666667	1175631.08980942
44.09606	1155973.07516098
44.14666	1155446.66104126
44.1989133333333	1127640.75624847
44.2510166666667	1150875.85863495
44.3034716666667	1151297.99902725
44.3555466666667	1159043.57518387
44.4079916666667	1159426.69568634
44.46057	1177323.3956871
44.5121666666667	1169608.41424179
44.5642866666667	1100851.7278595
44.61674	2507987.85671997
44.664075	2017945.42471313
44.713215	1130434.29211807
44.7668866666667	1557597.62461853
44.81726	1142912.96084595
44.8693366666667	1136666.97857666
44.9211116666667	1145968.41099548
44.9739066666667	1158993.62902451
45.02573	1134704.09007645
45.07764	1100192.33843231
45.1294533333333	1131388.77216721
45.1814683333333	1131957.99080658
45.2335416666667	2308160.16351318
45.2806433333333	1105511.64412689
45.332035	1098196.07345581
45.3835283333333	1117948.79163361
45.43636	1121720.69612885
45.4878483333333	1114340.8180542
45.53913	1101815.67776108
45.591855	1148076.58207321
45.6442616666667	1114307.95872879
45.6959	1123691.01599121
45.7486733333333	1140173.74078751
45.8016066666667	1095099.75445557
45.8543783333333	1157798.31595612
45.9051066666667	1059456.39229584
45.9565583333333	1181648.996315
46.009215	1140282.15418625
46.06093	1109154.44011688
46.1124116666667	1328733.51394653
46.1627683333333	1081905.91640472
46.214145	1526511.86077881
46.263955	1112610.74533463
46.3162983333333	1158261.54933548
46.3678566666667	1132004.49908829
46.4194833333333	1147714.45320129
46.4712333333333	1120103.96457291
46.5220466666667	1106178.19945145
46.574815	1139186.63751221
46.6264533333333	1093123.3901329
46.6786316666667	1155405.52970123
46.731285	1156471.24661636
46.7838366666667	1118685.93227768
46.8362983333333	1111693.07765961
46.88927	1133919.6335907
46.9393366666667	1098180.52755737
46.9905916666667	1117132.68323135
47.0436916666667	1146411.96166992
47.0954633333333	1137715.07259369
47.146115	1186209.05539703
47.1975083333333	1251365.22425079
47.2483516666667	1147859.8833313
47.3016016666667	1153704.25126648
47.3545616666667	1141712.97967911
47.40745	1166371.44088364
47.460125	1137119.26390457
47.5131733333333	1156044.39249802
47.563025	1167045.42783737
47.6153933333333	1156540.88389969
47.6679816666667	1179487.83745956
47.7210383333333	1153650.66675186
47.7731983333333	1153514.25937271
47.8268716666667	1214797.6465416
47.8803266666667	1205239.28689957
47.9329283333333	2056120.9809494
47.9806483333333	1193097.76457596
48.0315616666667	1180234.40957642
48.0833433333333	1212309.242733
48.1339416666667	1184139.28947067
48.185955	1225875.9520874
48.23719	1161144.519104
48.288675	1179561.04308319
48.3421116666667	1177374.78985977
48.3954533333333	1172080.11679077
48.44797	1156026.62330627
48.5000216666667	1166038.83710861
48.5531433333333	1163819.21793747
48.60396	1139829.86683655
48.6570066666667	1136796.48082733
48.7095816666667	1827018.17997742
48.757665	1138738.34944916
48.8098466666667	1161368.82377243
48.86375	2314384.49913025
48.9121466666667	1174785.47312927
48.96538	1148337.65553284
49.016535	1133591.054142
49.0682066666667	1131084.49703598
49.1196833333333	1098434.54645538
49.17203	1145759.47792053
49.2245983333333	1121194.75931549
49.2761633333333	1121127.29457092
49.3284216666667	1476028.86803436
49.3791333333333	1122281.49677658
49.4316083333333	1119085.36968231
49.483295	1269383.47399902
49.534665	1140691.55138779
49.5878116666667	1148272.37804413
49.6384966666667	1130362.48707199
49.6907816666667	1107580.86521149
49.7433333333333	1128010.06664276
49.796005	1295730.60285187
49.8469666666667	1136076.18721008
49.8995233333333	1146339.43785477
49.9518216666667	1129344.37725067
50.0041666666667	2033038.64202881
50.0512916666667	1141570.56456375
50.10375	1134554.43465805
50.1547916666667	1318637.78672791
50.2036233333333	1124350.99420547
50.2557183333333	1157459.59893799
50.3079483333333	1132509.90096283
50.360095	1127165.58602142
50.41355	1146513.10973358
50.4650816666667	1527317.71157074
50.5141683333333	1129416.24634552
50.5665716666667	1134566.15363693
50.6199533333333	1119681.78113937
50.67178	2164350.79281616
50.7186633333333	1115553.56780624
50.769995	1100964.57940292
50.8219	2041990.99638367
50.869515	1116245.59659958
50.9224966666667	1160635.08181381
50.9749466666667	1714366.41548157
51.0231533333333	1135181.63547516
51.07499	1132163.80763626
51.127205	1089207.46429825
51.1778733333333	1128068.64602661
51.229785	1119062.64830017
51.28302	1113827.20407867
51.3358	1122765.88545609
51.387975	1167784.99918365
51.4406433333333	1114511.8875351
51.4922733333333	1225217.23648834
51.5436233333333	1161286.07469559
51.5962166666667	1118753.21682358
51.6486733333333	1134242.1035881
51.7001616666667	1128470.12265396
51.75289	1113880.76486969
51.8053116666667	1142222.15977859
51.85761	2306206.96315002
51.904055	1142449.88587952
51.9569283333333	1111091.38695526
52.0087283333333	1112646.5193634
52.06155	1130117.4478569
52.1141866666667	1138502.69800186
52.1657816666667	1155772.04066467
52.2174566666667	1164691.4718895
52.2686166666667	1377003.31261444
52.3186916666667	1112609.21128464
52.3704283333333	1140313.52680206
52.4214116666667	1147871.79960632
52.4728216666667	1132160.24279785
52.5238083333333	1121103.11834335
52.5747	1130477.42370605
52.62676	1134054.05089569
52.6782833333333	1142871.57786942
52.730095	1157918.93601227
52.7822366666667	1768060.34535217
52.83023	1164086.40815735
52.8816766666667	1141525.86521149
52.9346166666667	1658594.16005707
52.9851366666667	1149410.64506912
53.037855	1159356.73564529
53.090485	1167878.5402832
53.1423283333333	1162117.55573273
53.1943116666667	1686232.16960907
53.24238	1135469.65847015
53.2947833333333	1161463.68918991
53.3453466666667	1144455.07526398
53.3970566666667	1426583.59894562
53.447825	1139825.49680328
53.49982	1139841.99995804
53.5521233333333	1204795.7440033
53.603745	1260438.86799622
53.65414	1176408.17031097
53.7061516666667	1174970.53199005
53.7566183333333	1302355.32614899
53.8072383333333	1185683.39347458
53.8579466666667	2225306.31253052
53.9050716666667	1170884.27083588
53.9575333333333	1183440.7566185
54.00964	1175706.96952057
54.0624233333333	1202670.81320953
54.1142166666667	1170334.6727562
54.1655833333333	1218859.70311356
54.217045	1227008.13518906
54.2680166666667	1211106.14758301
54.3193066666667	1175704.34654617
54.371105	1231937.78395081
54.4222866666667	1234299.92921829
54.4746583333333	1241969.64723206
54.5266666666667	1228625.31595993
54.57797	1228798.8662262
54.6286566666667	1205240.53843307
54.6803833333333	2215610.7618866
54.7275933333333	1179934.58025742
54.776335	1210933.10577011
54.829335	1215937.5463829
54.8807616666667	1216836.4936409
54.9322616666667	1157498.10168839
54.984195	1205071.75723267
55.0361066666667	1158954.33215332
55.0885083333333	1183781.55648041
55.1399266666667	1138629.21354675
55.19134	1177847.14125061
55.2432566666667	1841903.37162781
55.29261	1156249.56794357
55.3434883333333	1146693.4398613
55.3961833333333	2027351.30220032
55.4435066666667	1188184.35125732
55.4956583333333	1166136.04068756
55.5475766666667	1191918.32401276
55.5995016666667	1293929.49669647
55.64982	1163289.73719025
55.7010116666667	1135046.65075684
55.7526716666667	1150266.63999557
55.8033183333333	1130002.62810516
55.85511	1156784.75643158
55.9063033333333	1156924.28533554
55.9577833333333	1155075.74917603
56.0095133333333	1129991.23135757
56.0631983333333	1158233.19240189
56.1157483333333	1162120.17205811
56.1679216666667	1163053.88685226
56.2199683333333	1122280.71466064
56.2708333333333	1126814.14135361
56.3232966666667	1294459.50374603
56.37372	1146764.28064728
56.4250983333333	1115773.16420364
56.4776716666667	1156069.81108475
56.5299833333333	1132442.68560791
56.5819866666667	1129912.93321609
56.6338116666667	1105374.56981659
56.685375	1103078.08770752
56.7360716666667	1123762.19019318
56.7870083333333	1137532.07175827
56.8372016666667	1803949.64442444
56.885555	1118595.06177139
56.9375866666667	1097171.19569397
56.9894933333333	1114597.6030426
57.040955	1109014.67218781
57.0929083333333	1135803.02155304
57.145515	1131941.62101364
57.1974933333333	1122309.78809738
57.2493166666667	1100452.81600189
57.2994633333333	1113224.29610062
57.3522566666667	1114482.12669754
57.40205	1174296.19104004
57.4531	1148323.85998917
57.5040833333333	1110006.42274094
57.5555183333333	1230599.55734634
57.6066083333333	1137472.12597656
57.6579783333333	1205547.34355164
57.70983	1195747.89886475
57.76255	1198899.60862732
57.8133916666667	1197597.35676956
57.8633916666667	1209969.87778091
57.91477	1191874.67866516
57.9675433333333	1173248.32806778
58.0189483333333	1177461.46593094
58.0705316666667	1135350.11462784
58.1222033333333	1170287.30237961
58.17435	1147301.32991409
58.2258466666667	1164144.61231995
58.278115	1153271.66921234
58.3294	1888445.60416412
58.3781633333333	1142321.21157837
58.4292066666667	1127562.50814438
58.4816933333333	1152213.38163757
58.5341216666667	1133484.42384338
58.586455	1860440.7589798
58.6336466666667	1097520.8695755
58.6837933333333	1052048.98854446
58.735405	1103006.85369492
58.7870566666667	1125001.86737442
58.8390883333333	1190401.33488083
58.8896816666667	1103026.53810883
58.9412933333333	1112794.9400444
58.9938	1144387.23170471
59.04489	1095563.21932602
59.0964716666667	1118456.89258957
59.149495	1155867.28831482
59.2011716666667	1154337.46588898
59.252935	1092230.85231781
59.3054616666667	1086480.45359039
59.3566516666667	1095132.78175735
59.409185	1096510.37667847
59.4611	1068160.09020233
59.5129366666667	1101440.27151871
59.5643533333333	1051669.60089111
59.6168633333333	1894257.90490723
59.6649783333333	1080239.73134232
59.7153633333333	1046968.53450775
59.7668933333333	1111420.06219101
59.8183733333333	1083854.0370636
59.8700066666667	1119636.33000183
59.9204383333333	1086590.12941742
59.9726216666667	1138972.74468231
60.02397	1108454.31171036
60.0754916666667	1126490.39004135
60.1270983333333	1102475.47369766
60.1788733333333	1725015.88175964
60.2276566666667	1087503.39098358
60.2790883333333	1076217.93975067
60.330995	1116663.35219193
60.38144	1085305.72552872
60.4339033333333	1072352.38562393
60.4846933333333	1074912.30432892
60.536445	1086513.29584122
60.58853	1080546.16749954
60.64168	1070624.91898346
60.693895	1088484.46707535
60.74414	1078276.24082184
60.7960766666667	1047000.94765472
60.84852	1093507.03873062
60.8994533333333	1060668.63407135
60.9508133333333	1111405.7780304
61.0021516666667	1065844.15762329
61.0535783333333	1090840.85144043
61.10572	1070271.33321381
61.1575133333333	1080336.63790512
61.2101083333333	1072122.96444702
61.2624516666667	1087901.57820892
61.3146383333333	1063463.74155807
61.3682033333333	1028350.08236694
61.4201166666667	1086980.83301163
61.4714966666667	1257659.74155426
61.5209116666667	1053150.27185059
61.572155	1044308.6657753
61.623965	1038759.4253273
61.6771083333333	1911952.57807922
61.7239483333333	1075874.78066254
61.7755083333333	1113571.7002182
61.825945	1070771.39850616
61.877325	1015540.06581879
61.9295716666667	1914413.59376526
61.9751966666667	1050085.35083008
62.0272633333333	1044938.3643837
62.078475	1049259.21532059
62.1312516666667	1081881.87599945
62.1822583333333	1038613.12975693
62.23453	1167206.51655579
62.2857016666667	1074924.36579132
62.3365266666667	1895533.70121765
62.38449	1091608.64820862
62.4361483333333	1061445.88378906
62.48776	1081523.49074936
62.5387383333333	1091370.05266571
62.5907983333333	1106287.02459335
62.6428566666667	1110666.82455063
62.6945516666667	1075641.60064316
62.7458583333333	1096613.27512741
62.7974383333333	1500992.44776917
62.84646	1050295.68143082
62.89839	1090289.62096786
62.9497816666667	1101158.43051147
63.0006033333333	1096122.17284012
63.0524583333333	1071314.51279449
63.10253	1076262.02711868
63.1544166666667	1088213.38809204
63.2054116666667	1095817.75665665
63.257675	1114373.16684341
63.3103583333333	1096457.52921677
63.3614116666667	1101849.27365494
63.4145383333333	1116296.74278259
63.4660283333333	1740082.90287018
63.5137433333333	1816038.46440887
63.5612533333333	1103846.4921608
63.611855	1111567.30670929
63.663775	1100142.55058289
63.71581	1123220.64820099
63.767795	1102854.45130157
63.8194066666667	1105296.67382431
63.8704016666667	1103261.37324142
63.9221616666667	1713389.35808563
63.9681866666667	1106987.37034225
64.0190616666667	1121104.20246887
64.0705333333333	1104693.52711868
64.1203883333333	1069863.17281723
64.1724633333333	1062186.24868393
64.2241083333333	1107354.07408524
64.2761116666667	1073127.28933716
64.3271366666667	1090989.25429153
64.3788933333333	1102797.40482712
64.431055	1082001.75228882
64.4831033333333	1111258.51477814
64.534425	1084047.06276703
