RetentionTime	Intensity
0.005175	935424.452636719
0.0486166666666667	687078.891326904
0.0933983333333333	832342.941192627
0.137961666666667	799382.367507935
0.182625	630017.938476563
0.227585	814217.898880005
0.272595	887862.093994141
0.317386666666667	928380.561904907
0.361805	616292.935386658
0.40745	737719.868865967
0.452933333333333	957125.035491943
0.497293333333333	719276.486907959
0.54283	806377.796478271
0.587301666666667	687920.513618469
0.632761666666667	880160.652572632
0.677615	696007.539535522
0.722808333333333	830483.124160767
0.767215	698246.288589478
0.812541666666667	772869.378616333
0.85752	627866.402107239
0.9028	723339.843505859
0.948448333333333	758720.988449097
0.993405	747651.374282837
1.03806333333333	611279.713867188
1.08007	746078.58114624
1.12518833333333	789733.008743286
1.16932166666667	695713.611656189
1.21362166666667	727282.359222412
1.25863833333333	662333.541992188
1.30367333333333	700417.025497437
1.34819833333333	615230.562828064
1.39329833333333	567712.720809937
1.43947	623014.696090698
1.48444166666667	703267.877929688
1.529655	722963.414611816
1.574265	714862.897796631
1.61889333333333	633024.42137146
1.66394	647289.441421509
1.70947666666667	665108.535972595
1.75477	768789.097610474
1.79966666666667	686303.579872131
1.84499333333333	803345.468917847
1.88974166666667	714528.753479004
1.93453333333333	922461.097869873
1.97863666666667	820418.611724854
2.02290666666667	742384.482666016
2.06804666666667	753521.03137207
2.10995	742811.367034912
2.15454166666667	1074786.59130859
2.19895166666667	1662318.89729309
2.24375666666667	2288726.56813049
2.28704	2327576.76733398
2.33199666666667	2253986.28526306
2.376945	1959777.64952087
2.42082	1829552.23275757
2.46494	1630629.65385437
2.50887666666667	1476691.75198364
2.55327333333333	1465288.45715332
2.597665	1347599.40802002
2.64181666666667	1433509.93841553
2.68584	1457998.561203
2.72998	1096958.96989441
2.77449666666667	1325221.57235718
2.81924333333333	1302670.17823792
2.86410666666667	1559737.41583252
2.90901333333333	1647870.10618591
2.95365833333333	1735031.63954163
2.99783166666667	1950052.027771
3.04225	1795446.13816833
3.08682833333333	1696011.65525818
3.12921166666667	1484079.32264709
3.17259166666667	1359189.37068176
3.21718833333333	1414280.45976257
3.26218833333333	1696509.65309143
3.306525	2120977.52145386
3.351385	2464831.91448975
3.39664833333333	3359338.72099304
3.44193833333333	3050134.88404846
3.48648666666667	2421026.39848328
3.5317	2028119.48776245
3.57662833333333	1713426.60523987
3.62052666666667	1454264.55337524
3.66530166666667	1448637.58232117
3.70992833333333	1276850.31906128
3.754785	1277181.1794281
3.799575	1233835.12738037
3.84452166666667	1483624.6247406
3.88927833333333	1378222.5723877
3.934115	1367647.87123108
3.97849	1385075.26298523
4.022765	1290603.3364563
4.06719	1143323.37939453
4.11168166666667	1366859.03623962
4.153335	1226502.82653809
4.19729166666667	1221793.92207336
4.24201	1263895.58934021
4.28641	1453654.00128174
4.33026833333333	1656409.34024048
4.37496	2202474.05332947
4.41965666666667	2805402.55111694
4.464045	2744241.79672241
4.50753666666667	2398913.87493896
4.55211166666667	1926810.12043762
4.59659	1695964.27798462
4.64052666666667	1513414.43838501
4.68500666666667	1427477.9002533
4.72998666666667	1507629.35021973
4.77430166666667	1418572.44900513
4.819905	1629034.46299744
4.86475666666667	1495473.2681427
4.90920166666667	1253058.13972473
4.95439333333333	1434090.03804016
4.99925666666667	1700701.548172
5.04427333333333	1574987.55612183
5.08976666666667	1572704.52957153
5.13428333333333	1656075.83345032
5.17785166666667	1981420.7461853
5.22220166666667	2072017.82752991
5.26684666666667	2203694.93067932
5.31112833333333	2382266.88423157
5.35553166666667	2435464.72076416
5.39948333333333	2391222.41410828
5.44462333333333	2980793.00836182
5.48973166666667	3504020.93708801
5.53436333333333	3703227.67881775
5.579695	3805951.01766968
5.62492833333333	3561961.37963867
5.67098833333333	3144834.98442078
5.71581333333333	2630472.00756836
5.76023333333333	2121514.99407959
5.80538166666667	2014280.71759033
5.85018833333333	1704702.20048523
5.89511333333333	1742774.07527161
5.94016666666667	1694016.66110229
5.98454333333333	2078588.23910522
6.02955333333333	1946986.98136902
6.073665	2571276.97476196
6.11852666666667	2181151.08282471
6.16305333333333	2362354.8309021
6.20716166666667	2133106.53520203
6.25194	1921121.73512268
6.29614666666667	1736368.56497192
6.34075333333333	1726443.13780212
6.38477833333333	1721403.20063782
6.4298	1773514.42256165
6.472875	1841118.10472107
6.51785333333333	1980309.30552673
6.562605	2365927.43487549
6.60699333333333	2248553.23806763
6.65165166666667	2506258.83351135
6.69630333333333	2293730.1686554
6.73998	2129875.1388092
6.78412333333333	1814000.11315918
6.82885	1611393.735672
6.87362	1639926.98057556
6.91828666666667	1445671.21685791
6.96224166666667	1817844.81565857
7.00673333333333	1619249.34606934
7.05169666666667	1898672.96365356
7.09686166666667	1768538.44857788
7.14106166666667	1557931.39715576
7.18597833333333	1854189.01712036
7.23120833333333	1974598.11618042
7.275685	2465479.18084717
7.32025333333333	3180870.56632996
7.36579	3771678.48858643
7.41058333333333	3740363.86575317
7.454515	3347730.58044434
7.49938166666667	2778069.84646606
7.54479333333333	2447163.04989624
7.58933	2436660.7633667
7.633965	2907262.71083069
7.678395	3189773.67068481
7.72263833333333	3059179.76193237
7.76718666666667	2960148.17019653
7.81081333333333	3639695.95410156
7.85596333333333	4294859.42694092
7.90050833333333	5719604.86807251
7.94598166666667	7955393.41439819
7.98865833333333	5667191.24383545
8.03307166666667	4792998.39086914
8.07695666666667	3837350.08581543
8.12084166666667	4123758.17651367
8.16482166666667	4118259.79071045
8.20622166666667	4749064.57150269
8.25161333333333	5478046.5390625
8.29644666666667	7020472.8921814
8.33739333333333	7418051.83721924
8.380695	7511945.19378662
8.42417333333333	8115706.48760986
8.46766333333333	9346598.14044189
8.51243833333333	12028549.6331787
8.552995	13313806.4298706
8.597935	8910684.34313965
8.64291666666667	8751743.0657959
8.688485	10142840.8346558
8.73266833333333	8205054.53741455
8.77908166666667	6457070.79559326
8.82491	8332906.10644531
8.86982166666667	10129212.4819946
8.91488666666667	9782816.82641602
8.95832333333333	10557811.2119751
9.00046166666667	10189181.5488281
9.047475	11113516.0480347
9.09339833333333	10827168.7346802
9.13908833333333	15198098.7940674
9.182235	20972343.6401978
9.2221	22992671.1660156
9.26504666666667	26009605.2601318
9.30931	23800888.1252441
9.35256166666667	16298862.2454834
9.39705333333333	22235256.2557373
9.438565	28641053.3693848
9.47739	28180389.8948975
9.519645	33722535.7270508
9.55811833333333	33253083.7202148
9.60026833333333	28132873.6483154
9.64025833333333	31474557.5616455
9.68208	26729708.3101807
9.72713166666667	20911298.4763184
9.77015333333333	17514697.9235229
9.81457833333333	20189302.6375122
9.85630166666667	19197249.1322632
9.89842666666667	20549686.9959717
9.94162833333333	23086464.0189209
9.98287833333333	23679635.9345703
10.023625	17421143.2764893
10.0671216666667	17623079.2283936
10.11032	22332062.8476563
10.1517133333333	18514468.3997192
10.196825	21617758.677124
10.2418683333333	20957780.4961548
10.2825366666667	23717008.4711914
10.3251216666667	21947366.7218628
10.36962	22211631.7674561
10.4111933333333	23766417.5114746
10.4507633333333	26381000.1448975
10.4895233333333	29071642.0454102
10.529295	42526317.9241943
10.5696383333333	65734150.0407715
10.6094233333333	72587470.0915527
10.6482083333333	65811348.8950195
10.6855583333333	60957372.3615723
10.7271566666667	48430500.7641602
10.7668283333333	41994333.098999
10.8071116666667	51811141.4891357
10.8437116666667	47739493.4615479
10.8874516666667	51867954.128418
10.9253183333333	52480223.727417
10.965415	54550708.486084
11.00336	64354142.7468262
11.0446066666667	73715388.8708496
11.0834333333333	99111645.1755371
11.1201383333333	97645593.0534668
11.1574033333333	93075199.6894531
11.1983633333333	111649688.172852
11.2392566666667	90909320.395752
11.2813916666667	100463007.190674
11.3174916666667	90625898.5632324
11.3535666666667	97741565.5031738
11.3894983333333	101929386.717041
11.42617	117947480.945313
11.46223	96769009.3613281
11.5007383333333	98570977.953125
11.5347266666667	100794904.954102
11.5756633333333	112695773.989746
11.61207	114114836.255615
11.6505416666667	146493929.720459
11.6854183333333	171424753.783203
11.7219366666667	196703974.144531
11.75783	190509224.420898
11.7944866666667	167878451.666504
11.8303666666667	162004118.588379
11.8664366666667	143213145.368164
11.905175	147977162.617188
11.9430933333333	138405299.467285
11.97724	136279479.418457
12.00922	148087154.945801
12.0519433333333	177299718.205078
12.084645	206008760.248535
12.1205166666667	188478916.792969
12.1566833333333	203747763.432129
12.1931383333333	168725318.770508
12.229735	152263546.558594
12.2710966666667	183899335.64502
12.30769	198893105.129883
12.34784	247084606.540039
12.3867033333333	304129157.15332
12.4203416666667	339055188.777344
12.4579016666667	323626608.736328
12.49658	286202839.541016
12.5303883333333	301508806.55957
12.566685	282783910.349121
12.60271	278999283.854492
12.63739	291643880.576172
12.6734766666667	220573179.37207
12.7057766666667	188422883.499023
12.74402	191766115.685547
12.780145	175229086.333984
12.8147616666667	169156666.991211
12.8456616666667	185872122.987793
12.8813033333333	171849119.947754
12.9146883333333	148278234.299805
12.9475	159123607.404785
12.9857383333333	154818047.810547
13.0200283333333	163454513.328125
13.0566066666667	182912518.330078
13.096455	184352883.559082
13.1286183333333	154065853.574707
13.1604533333333	162074966
13.1982916666667	193683946.219727
13.2335783333333	171796952.677734
13.2692083333333	203527187.119141
13.3046566666667	190329518.10498
13.3388766666667	250174080.757813
13.3736366666667	293917015.888672
13.4159066666667	361452734.279297
13.4504283333333	375664943.859375
13.4889716666667	327981727.00293
13.5254266666667	317575378.818359
13.5614233333333	306060384.954102
13.5974183333333	301963923.583008
13.6308383333333	319487222.835938
13.66784	311859956.522461
13.70334	369576326.207031
13.736835	342706335.155273
13.772255	329980494.850586
13.8081133333333	300177899.530273
13.8452966666667	271351801.201172
13.8768866666667	282735530.092773
13.9118116666667	251583962.19043
13.9420033333333	259644481.776367
13.9743233333333	260967521.069336
14.0129366666667	257811011.816406
14.04507	242730293.476563
14.0794733333333	204589593.981934
14.1134166666667	203050042.817383
14.145935	204371591.622559
14.1787983333333	202366094.238281
14.21061	212886000.364258
14.2427433333333	237001427.427734
14.2749266666667	246068485.779297
14.31083	285878743.118164
14.345385	330266336.78418
14.37891	410761644.120117
14.4102683333333	395812115.833984
14.4477433333333	416544454.416016
14.4827116666667	363291797.273438
14.5157366666667	341283335.980469
14.550015	298557703.3125
14.5861216666667	297486604.446289
14.6199616666667	316238495.113281
14.6518816666667	344304609.787109
14.68582	456815111.109375
14.7192516666667	379561352.605469
14.7509516666667	374687199.301758
14.7862633333333	385063839.316406
14.81924	419686072.348633
14.8502783333333	397092163.073242
14.8884166666667	419267245.286133
14.9169666666667	380603814.763672
14.9533183333333	383393075.637695
14.984405	431926703.09375
15.0148883333333	423589513.030273
15.0523016666667	450793537.24707
15.0851783333333	494940676.586914
15.118415	586751068.736328
15.1527316666667	594584992.581055
15.1873616666667	660773976.761719
15.2159633333333	671254255.574219
15.2492483333333	662544214.542969
15.2808316666667	660459448.396484
15.31621	644617756.248047
15.3528416666667	631060003.975586
15.388995	670529007.808594
15.42267	651061702.27832
15.457295	638761753.21875
15.4912366666667	630810982.407227
15.52526	624818175.986328
15.5609016666667	636867837.891602
15.5954083333333	676653558.892578
15.6282433333333	602132422.006836
15.6629416666667	629208581.212891
15.6964366666667	535474084.179688
15.7329783333333	572974349.0625
15.7657966666667	528341494.518555
15.7996483333333	453058742.242188
15.8328516666667	466376817.088867
15.8659633333333	491715130.405273
15.9007916666667	454221660.970703
15.9331716666667	489192874.477539
15.9662916666667	439596020.359375
15.9984783333333	407382639.577148
16.0310566666667	357890793.849609
16.067	361050711.710938
16.0998433333333	314385081.270508
16.1358016666667	347089715.46875
16.16809	338626418.009766
16.202125	369922557.796875
16.234075	377344428.439453
16.2674266666667	393293064.15625
16.3003166666667	346847374.25
16.3345	402833272.384766
16.3652516666667	348751068.787109
16.400115	376452893.174805
16.43014	396705823.075195
16.4628866666667	409349033.072266
16.5029083333333	440517201.134766
16.5331416666667	406813057.536133
16.5709733333333	449898837.508789
16.6052066666667	433866201.510742
16.6361033333333	424767156.49707
16.6677283333333	404979439.626953
16.703605	349372049.293945
16.736515	420511180.892578
16.76976	441545510.786133
16.80188	561757782.953125
16.8353883333333	564402225.40918
16.871475	587738794.329102
16.9047166666667	650746245.411133
16.9405566666667	634268039.711914
16.9761583333333	614820889.842773
17.0058566666667	543452166.180664
17.0431983333333	623969967.964844
17.0768083333333	678924782.288086
17.11056	599686577.899414
17.14157	578447977.431641
17.1790033333333	565483901.067383
17.211675	555323136.533203
17.2432466666667	579969338.186523
17.2746666666667	560490184.646484
17.31073	554885499.558594
17.3449316666667	480512336.395508
17.3794983333333	447705006.239258
17.41321	419968084.853516
17.4456666666667	403539246.319336
17.4795716666667	379518337.774414
17.5143716666667	318524906.310547
17.5464	333399324.87207
17.5801633333333	357086752.393555
17.6157366666667	306531683.279297
17.6490183333333	290227168.051758
17.68099	273602771.238281
17.7138816666667	340339972.329102
17.7451466666667	340799618.946289
17.77659	383520803.307617
17.813415	331421164.139648
17.846715	371845218.547852
17.8820533333333	404618796.944336
17.9135833333333	430470502.141602
17.9474283333333	462582632.791992
17.98718	468283645.595703
18.0178233333333	468536534.80957
18.0506116666667	416566523.336914
18.085445	538234092.396484
18.1195566666667	488135990.548828
18.1495233333333	495663463.362305
18.1808966666667	457386746.514648
18.2135933333333	462875438.556641
18.2464183333333	485046006.40625
18.2780183333333	499547406.301758
18.3085533333333	489058870.564453
18.3412533333333	482837972.629883
18.3733216666667	580499813.978516
18.40464	519256848.003906
18.4369133333333	548718337.097656
18.4684	583961021.131836
18.5024133333333	594434214.908203
18.5389116666667	579024425.456055
18.57299	612167375.729492
18.6063783333333	714857307.292969
18.6399	692015220.248047
18.6760116666667	598568535.092773
18.709425	596398234.952148
18.7428583333333	657998773.886719
18.7762283333333	567434533.493164
18.8116583333333	515972881.828125
18.8499	479733894.693359
18.88104	550920763.691406
18.9124466666667	469951613.789063
18.9491716666667	488691595.393555
18.9808883333333	447184379.538086
19.012655	476535726.412109
19.04462	417976764.02832
19.0773166666667	405692380.113281
19.110045	376142363.77832
19.145565	403136049.820313
19.1792533333333	412679295.395508
19.21205	387128271.073242
19.243665	399630780.492188
19.2737733333333	410261742.167969
19.30339	386800520.765625
19.3344783333333	408666403.447266
19.363795	412918655.481445
19.3933983333333	391373842.78125
19.423665	381779423.59082
19.45508	383122483.073242
19.4862883333333	353490445.259766
19.51863	375493106.945313
19.5529483333333	355239627.712891
19.5863466666667	425648056.168945
19.6159966666667	368700186.317383
19.6499766666667	424355567.010742
19.6818183333333	401370057.373047
19.7179466666667	454574673.3125
19.747625	472567540.064453
19.7811866666667	444832345.140625
19.81315	357109098.689453
19.8446766666667	375756329.578125
19.8791333333333	378123538.827148
19.9107566666667	399430588.227539
19.9431533333333	409049692.991211
19.9745	401935553.584961
20.009115	538298808.851563
20.0402066666667	520574399.990234
20.0704666666667	485680339.068359
20.1059316666667	478494716.47168
20.1399566666667	507931842.349609
20.1736233333333	518386900.664063
20.2052216666667	453999471.421875
20.2364966666667	458902130.095703
20.267965	402637334.242188
20.2976366666667	360449453.974609
20.3290533333333	398169900.015625
20.3614016666667	358451314.335938
20.394675	429194937.120117
20.4277016666667	399547160.485352
20.4630183333333	499101127.53418
20.48991	483040253.717773
20.5265816666667	499472640.00293
20.5588816666667	447419999.082031
20.5985583333333	488212561.427734
20.6299	467718230.236328
20.6612083333333	465179721.916992
20.6968433333333	535877180.207031
20.7311383333333	570438550.201172
20.7618083333333	545093246.657227
20.79472	560949618.035156
20.8291933333333	534477822.855469
20.8605183333333	599087019.253906
20.894445	628355715.03125
20.92825	673893942.447266
20.960565	618000278.806641
20.9979433333333	638285810.796875
21.034985	612689966.235352
21.0713533333333	582846004.177734
21.1066383333333	637916853.466797
21.1416233333333	662115656.175781
21.1752566666667	539171979.09082
21.2132183333333	567581381.474609
21.241085	560530154.210938
21.2721016666667	580902193.003906
21.3043816666667	543356555.460938
21.3341083333333	574367420.535156
21.3650966666667	556870758.347656
21.3978433333333	509590036.460938
21.4306416666667	493387465.34375
21.4651666666667	521734339.34375
21.4978783333333	478580652.225586
21.530095	512043567.505859
21.5623833333333	504806906.888672
21.59524	486484458.521484
21.6279516666667	485368770.78125
21.6612516666667	477954798.472656
21.693375	443089329.226563
21.7260766666667	398084842.386719
21.75985	389675306.558594
21.792935	428536096.740234
21.8249916666667	416709894.1875
21.85787	415825345.335938
21.8908383333333	461775418.007813
21.922	412112905.564453
21.9552666666667	417023247.970703
21.9889966666667	445625393.518555
22.0219733333333	465993865.148438
22.0553516666667	425362905.702148
22.0896316666667	429044134.34375
22.1210133333333	438722835.455078
22.153095	451945026.047852
22.1864566666667	449280041.581055
22.2189966666667	463253761.532227
22.2549233333333	413296755.130859
22.286675	406626213.827148
22.3185016666667	440439031.319336
22.3477383333333	469653868.969727
22.377925	506208529.208984
22.4085683333333	539750182.949219
22.43672	592574060.238281
22.4685533333333	563486994.984375
22.5015166666667	602417867.837891
22.5329	598653646.556641
22.5658633333333	633525337.523438
22.599765	610077077.259766
22.6333083333333	635860780.259766
22.66708	632167249.849609
22.7048166666667	729449092.613281
22.736055	756178755.095703
22.76725	649990749.726563
22.8009383333333	699335628.886719
22.8317916666667	543909487.398438
22.8666266666667	570854201.8125
22.8965416666667	540892030.919922
22.92794	509899469.544922
22.9605166666667	489875747.146484
22.9933833333333	512440016.841797
23.0243683333333	537052905.746094
23.0551866666667	553461291.84375
23.087325	467881624.368164
23.12074	514313022.019531
23.153015	507983715.133789
23.1863683333333	524566147.260742
23.2186666666667	660932905.791016
23.2527633333333	629283050.492188
23.2848833333333	625780169.558594
23.3196333333333	607013072.525391
23.355805	592261722.839844
23.38599	547535667.929688
23.4170183333333	552456066.865234
23.4483333333333	486388459.517578
23.480115	479999254.064453
23.5099533333333	485972285.041016
23.5425783333333	459471536.242188
23.5760983333333	461812970.673828
23.607505	491038130.927734
23.6432516666667	427256138.12207
23.6741516666667	473705545.634766
23.7065666666667	522242514.248047
23.7400633333333	474651519.46875
23.7703966666667	497739334.267578
23.800975	458654835.202148
23.8353416666667	497313491.431641
23.8697383333333	556252230.150391
23.90282	497366729.302734
23.9354583333333	448135844.410156
23.9683033333333	368204826.951172
24.0049883333333	429369664.71875
24.0334433333333	431561390.515625
24.0661566666667	416939996.604492
24.0978116666667	411513561.665039
24.1299433333333	495442238.083984
24.1584183333333	501083195.865234
24.19085	460931415.007813
24.22226	438899434.167969
24.2548616666667	521649344.046875
24.2892866666667	527659344.589844
24.32545	621318298.130859
24.3564933333333	638246712.683594
24.39044	599117494.078125
24.42353	576046875.34082
24.4555616666667	638689751.964844
24.4915866666667	670916973.080078
24.5217616666667	665923235.546875
24.558865	577964398.447266
24.593035	638132619.095703
24.6263333333333	543205194.253906
24.6604866666667	559277567.776367
24.6921866666667	691081299.628906
24.7253	600986743.398438
24.756965	613523203.181641
24.7892016666667	651490518.505859
24.8248066666667	676961002.630859
24.856775	608743020.136719
24.8918883333333	682219001.634766
24.9228266666667	571618853.333008
24.95595	571069815.109375
24.99158	605686044.177734
25.0229983333333	673557575.013672
25.0542733333333	614421080.619141
25.0841833333333	575550743.90625
25.11618	541957870.847656
25.1489583333333	523624439.738281
25.17928	535652243.220703
25.2110316666667	545852913.117188
25.2426116666667	519218861.123047
25.2743066666667	587173671.873047
25.3038683333333	567617206.796875
25.3373466666667	627285886.796875
25.3693866666667	563248239.361328
25.4029483333333	623920835.132813
25.4326266666667	629292135.755859
25.46622	531383036.4375
25.4985766666667	571268476.78125
25.53521	578851644.101563
25.5651316666667	574629766.943359
25.59867	650161133.515625
25.6292	568096100.814453
25.6608066666667	570090055.162109
25.6948866666667	588864072.886719
25.7272366666667	582278446.923828
25.7587516666667	563010948.302734
25.7911633333333	544757551.279297
25.82165	503743937.333984
25.8561666666667	524586762.427734
25.8879283333333	581108473.759766
25.9204116666667	524415386.433594
25.9534316666667	549547783.886719
25.9852383333333	464186227.386719
26.0191883333333	474454962.460938
26.0513916666667	524275222.861328
26.0812033333333	559222406.173828
26.110295	477424273.09375
26.1395433333333	482733191.763672
26.16981	545243053.474609
26.1996033333333	503150182.111328
26.2297383333333	494970359.332031
26.2608866666667	522232791.035156
26.2909516666667	525032068.060547
26.3236266666667	487106987.083984
26.35367	566183453.792969
26.3843716666667	550708871.220703
26.4150833333333	542772145.404297
26.4457866666667	529817050.599609
26.4787483333333	580879157.705078
26.5113233333333	587049463.271484
26.542145	622057661.933594
26.5775616666667	602603579.900391
26.6078733333333	650245457.800781
26.6419466666667	653108289.742188
26.6759416666667	721179315.878906
26.707855	620383202.021484
26.743375	784762865.070313
26.7746683333333	729134421.542969
26.806635	755546619.605469
26.8395116666667	734105851.953125
26.8732016666667	740378293.226563
26.9055016666667	713936999.457031
26.9402216666667	757112068.398438
26.9714783333333	652680150.732422
27.004665	619079457.667969
27.0376983333333	586032197.951172
27.06877	598412548.171875
27.1023816666667	634130394.011719
27.1327116666667	674968599.451172
27.1644466666667	652246692.857422
27.1973083333333	685236117.867188
27.2261533333333	665506030.25
27.25707	691691585.820313
27.2897283333333	603617127.535156
27.32289	654257699.011719
27.355415	646448926.890625
27.387915	666204809.5625
27.4183966666667	592167819.259766
27.4504233333333	590543695.470703
27.4839816666667	576284107.392578
27.51542	759058461.341797
27.5467766666667	653936567.632813
27.57927	614806723.542969
27.61284	652577136.863281
27.6440666666667	725202792.023438
27.6762866666667	702080236.251953
27.706855	674882927.533203
27.7365416666667	652824499.578125
27.7673116666667	782938583.070313
27.7988383333333	785236382.398438
27.8313783333333	755945408.150391
27.8633583333333	731574487.117188
27.89556	749668177.548828
27.9260666666667	704679973.470703
27.9571116666667	720954506.544922
27.99044	692946005.482422
28.02176	702759305.384766
28.0526583333333	728513267.267578
28.082615	841341985.837891
28.1139983333333	755304385.505859
28.145665	739961484.787109
28.1771516666667	720121381.029297
28.2081183333333	684440684.470703
28.2398116666667	687693411.814453
28.2709233333333	608674912.46875
28.3014566666667	536984205.710938
28.334045	542589239.548828
28.3659433333333	542931925.292969
28.3970383333333	516372335.830078
28.427965	495234259.564453
28.4586366666667	561738095.214844
28.4907616666667	593689770.923828
28.525355	607443736.476563
28.5544283333333	644147607.203125
28.5855083333333	677344744.277344
28.61694	690194911.054688
28.6480666666667	754490322.839844
28.6792583333333	717212499.673828
28.7115916666667	808973037.712891
28.7401716666667	825976681.029297
28.7698116666667	746769421.013672
28.8010183333333	726857909.800781
28.8336683333333	794613259.839844
28.863525	786185943.105469
28.8950316666667	787867242.958984
28.92626	800223904.033203
28.9571466666667	707371221.294922
28.990005	726215715.5
29.0200216666667	724571892.177734
29.05092	790974194.628906
29.082905	735850768.009766
29.1125833333333	756130875.035156
29.1429233333333	758874099.351563
29.1740333333333	693449314.716797
29.2055233333333	670497803.806641
29.2365633333333	702198484.978516
29.26942	775766118.285156
29.2985183333333	760366828.121094
29.3285433333333	722326752.521484
29.35847	675251466.273438
29.3904283333333	712948675.871094
29.42182	728994632.429688
29.451485	702895470.742188
29.4833783333333	689685210.71875
29.51743	745582314.400391
29.5505883333333	741558698.402344
29.5834583333333	791841492.0625
29.6173166666667	783525767.003906
29.6486066666667	819633035.390625
29.68041	757682086.972656
29.7111566666667	740649704.291016
29.7422733333333	693146336.570313
29.7753033333333	720970720.476563
29.806925	754174578.080078
29.8386366666667	727867907.425781
29.8708716666667	659713875.082031
29.901585	719222614.648438
29.9331416666667	717995270.568359
29.96438	725638218.767578
29.994975	704613957.398438
30.0241916666667	668600873.445313
30.054105	784524078.621094
30.0849366666667	794388082.064453
30.1151566666667	771065182.880859
30.1462333333333	802387603.388672
30.1769033333333	786383480.824219
30.2072716666667	784495620.980469
30.238635	742377218.488281
30.2713266666667	717639795.173828
30.30152	658675756.486328
30.3326	617875415.849609
30.3651266666667	626301543.982422
30.396055	775150306.091797
30.4264533333333	656319473.583984
30.4568966666667	720663857.392578
30.4866216666667	726178982.798828
30.5167	688863603.080078
30.546275	684454117.441406
30.57778	718293226.671875
30.6081366666667	700189610.970703
30.63925	689143204.023438
30.668395	763988523.720703
30.6993166666667	774628214.482422
30.73136	763041196.078125
30.7615116666667	815045911.933594
30.7902683333333	857518271.935547
30.8194733333333	882165326.419922
30.8491516666667	1027653913.40234
30.8786416666667	1060341635.04688
30.907095	869386302.935547
30.9375883333333	943951930.335938
30.9696366666667	897794698.660156
31.00016	955775765.375
31.0311016666667	880475175.910156
31.0615883333333	978632569.492188
31.0916083333333	1019325525.07813
31.12265	1157900250.77148
31.15468	1323843728.375
31.1852033333333	1245396355.88672
31.2160016666667	1375426271.22656
31.2472833333333	1227428466.57813
31.278655	1101684923.08203
31.311785	1088396472.39063
31.3432133333333	1166980824.37891
31.3766966666667	977522696.244141
31.41028	1018781709.5332
31.4418533333333	956101298.623047
31.4751866666667	967617215.0625
31.507265	965453375.367188
31.5395916666667	842771238.320313
31.5729	927923590.541016
31.60433	909408700.09375
31.6346283333333	891474777.580078
31.6669416666667	807954757.181641
31.6987683333333	807997138.244141
31.7303883333333	835195844.265625
31.7616633333333	826081915.53125
31.79104	808709243.787109
31.8215583333333	804958025.494141
31.85282	782201490.455078
31.88327	754180177.003906
31.9130383333333	834844741.716797
31.943895	843135779.470703
31.97407	911299078.792969
32.004635	848744707.337891
32.0345816666667	900217955.337891
32.06604	940479479.001953
32.0956883333333	1002927739.04102
32.125985	841977237.607422
32.1568016666667	888525825.970703
32.1884366666667	867614607.921875
32.2188483333333	768562677.314453
32.2494466666667	799541853.970703
32.2826	885517584.84375
32.315675	939837866.076172
32.3474733333333	971820469.949219
32.3792483333333	906614577.673828
32.4088566666667	896063408.865234
32.4387483333333	964734054.238281
32.46874	880198222.003906
32.4996	926831830.863281
32.53083	954153303.189453
32.5628966666667	970766679.068359
32.5950933333333	995259643.75
32.62535	941860390.490234
32.6565866666667	911069009.613281
32.6874183333333	903947045.896484
32.7178316666667	923984735.001953
32.7478466666667	914510132.521484
32.777775	961235102.753906
32.8069733333333	1102550462.64063
32.835635	1193623032.29688
32.8655033333333	1059886840.18164
32.8961766666667	1024421717.32617
32.926425	1154775880.50195
32.95844	1254521617.86328
32.9882233333333	1197679642.50391
33.0175433333333	1154134636.48438
33.04892	1230095751.92578
33.079165	1491991275.28906
33.1099883333333	1248172681.99609
33.1410616666667	1364132190.52734
33.171485	1441759022.76953
33.2015383333333	1320428068.08984
33.232305	1503470208.39844
33.2639516666667	1199101379.58789
33.29619	1271926539.08008
33.3282416666667	1244757713.66406
33.35999	1218241669.01367
33.3917066666667	1253303570.30469
33.4247866666667	1077697633.99414
33.455775	1231991638.72461
33.4869766666667	1260696501.94727
33.5187433333333	1197860283.5332
33.5511583333333	1285633973.88867
33.5834633333333	1145679165.64258
33.6166933333333	1131024339.05273
33.6487816666667	1120673469.90625
33.6814783333333	1021724782.58594
33.7133233333333	1112918659.67773
33.7451866666667	1019849646.63281
33.7751	1202613962.00977
33.8056433333333	1234120469.99609
33.8375983333333	1209967986.35352
33.86604	1250465861.44531
33.896105	1220904359.75
33.9257166666667	1271407035.90039
33.9578016666667	1147179840.5
33.9907783333333	1274254072.59766
34.0224033333333	1171912688.78516
34.0533666666667	1279673826.85742
34.0839616666667	1134575525.55078
34.1147733333333	1072678863.14648
34.1459283333333	1118683057.72852
34.1764916666667	951773290.869141
34.2077533333333	900689689.736328
34.2398616666667	851439658.439453
34.2717716666667	879938360.572266
34.3029283333333	880363390.333984
34.3357833333333	993596419.939453
34.3652683333333	895989173.515625
34.3959633333333	1027502463.72461
34.42676	965925806.027344
34.4583516666667	1103201520.20508
34.4885566666667	1060704745.43359
34.51958	1141788953.40234
34.5495666666667	1261666978.22266
34.5814116666667	1216814459.80859
34.6126016666667	1217755929.42969
34.6433883333333	1301307421.43359
34.6753833333333	1342510550.69922
34.705375	1256423837.80469
34.7355283333333	1111585694.77344
34.768105	1187381823.19141
34.8011016666667	1042280207.13477
34.8317	1017767534.58984
34.86436	820868450.53125
34.89441	931371434.1875
34.92351	969777180.474609
34.9525416666667	875462712.878906
34.983655	956458675.462891
35.0142283333333	1055357119.46094
35.0436833333333	1163550081.5
35.0748433333333	1073219672.08008
35.105055	1143740796.08789
35.136	1147163111.27539
35.165575	1150207049.82422
35.1981683333333	1169314993.68359
35.2301333333333	1065122399.16992
35.261105	1104030864.86719
35.2901583333333	960330648.863281
35.3201066666667	899063381.923828
35.3509866666667	919017186.933594
35.3810183333333	970104364.902344
35.4104683333333	1046715006.94141
35.4412083333333	1020465051.08594
35.472215	971959095.867188
35.5024833333333	943996415.523438
35.5328433333333	905166592.837891
35.5630416666667	1064791546.76563
35.5946316666667	964657470.289063
35.6260916666667	915544657.9375
35.654665	874318276.630859
35.683935	921687747.373047
35.715165	917795405.234375
35.745385	900511726.785156
35.776675	877936154.787109
35.808475	914056435.814453
35.8406816666667	948348215.257813
35.8707383333333	1059951616.41016
35.9015533333333	1013410534.80859
35.929255	1073115146.88281
35.9603016666667	996176572.064453
35.991745	1053151086.92578
36.0223183333333	1066267477.66016
36.0529516666667	1071947017.25586
36.0837433333333	992997732.710938
36.114525	989223998.330078
36.1444	962289328.03125
36.1742016666667	1120268577.16406
36.2039283333333	1124155473.26172
36.23501	1087152206.87109
36.26443	1217410059.25781
36.2946516666667	1044104254.82813
36.3254566666667	1135187520.26367
36.3565316666667	1160030447.04492
36.3890033333333	1191293887.19141
36.4191116666667	1082863183.01172
36.450855	1244113858.56641
36.48041	1186028139.55664
36.5125833333333	1182170815.5625
36.5435266666667	1110920724.71094
36.5749916666667	1054143390.88672
36.6067316666667	1096031200.23438
36.6385133333333	1100852834.30469
36.6693266666667	1063058259.51172
36.6993933333333	1011183168.24219
36.7299066666667	1029830112.70117
36.7615883333333	1117746241.89453
36.7918533333333	1103504969.82031
36.8217866666667	1198192164.47656
36.8514433333333	1109076034.98438
36.8810333333333	1157291799.41406
36.91078	1099220056.10938
36.9406916666667	1089310620.33008
36.9713433333333	1099208098.25
37.0020566666667	1038375271.44336
37.0334833333333	1139597295.21094
37.0641916666667	1036093548.63672
37.0961916666667	959388754.386719
37.1269266666667	1125970859.07227
37.1583866666667	1038826036.58398
37.1882833333333	968363564.234375
37.2206316666667	1111265944.89453
37.250975	989607192.583984
37.282695	1013628850.44531
37.3123233333333	1246451311.04297
37.3406683333333	1175081606.94141
37.37061	1264946029.85938
37.4004683333333	1329787157.78906
37.431465	1243606900.05859
37.4623966666667	1253580705.51953
37.4922816666667	1235566928.22656
37.5223983333333	1336835318.29688
37.5526016666667	1224154868.66016
37.5837616666667	1169622985.23047
37.6134733333333	1239525034.96094
37.644885	1257177535.53125
37.674475	1150617905.03906
37.704135	1096166018.93164
37.735265	1020757800.84961
37.7654816666667	981330044.076172
37.79625	1039724155.94531
37.82771	858507849.732422
37.8602233333333	867507228.146484
37.888355	833794688.669922
37.9187883333333	921841679.632813
37.94943	850945101.730469
37.97779	926840478.283203
38.0085883333333	983540573.925781
38.0382816666667	967027591.748047
38.0688566666667	946587306.986328
38.100265	1027025663.64844
38.1319433333333	1055814759.01563
38.16183	1038887275.32813
38.19254	1096543866.77344
38.2224233333333	1219122756.22266
38.2513916666667	1222689250.06641
38.2825666666667	1267123837.16797
38.3124983333333	1308993030.73828
38.3423433333333	1176353640.13672
38.3735066666667	1228320257.20703
38.4048583333333	1125275874.16016
38.43601	1108831904.58984
38.467225	1094860105.01172
38.5020283333333	1122216010.09961
38.5335933333333	1109189590.21094
38.565225	911706485.716797
38.59623	935086335.810547
38.6271016666667	919015491.15625
38.6589683333333	1104946356.85938
38.6888916666667	940347651.0625
38.7186883333333	1019511003.08984
38.7485516666667	1052320050.84961
38.7788766666667	1009745379.08203
38.8088916666667	929136956.835938
38.8402316666667	919452812.896484
38.8718983333333	889127193.234375
38.90287	884649203.904297
38.9334733333333	865149623.037109
38.9633766666667	948235286.726563
38.9921166666667	880776640.753906
39.0227966666667	879189909.222656
39.0531783333333	829016645.177734
39.0826983333333	958764874.460938
39.11285	900885882.205078
39.142885	1074582271.51563
39.1719816666667	1005021235.50781
39.20328	1000348182.41992
39.2327233333333	918115445.646484
39.2637983333333	931881289.210938
39.295445	985971304.150391
39.3258183333333	1022536796.05859
39.35634	1010817564.79688
39.38608	976740177.808594
39.4162033333333	1164366398.72266
39.4453816666667	1101178538.875
39.4757266666667	1165131919.46484
39.5073066666667	1070348235.3125
39.538855	1149749311.81836
39.5701433333333	1214490788.23438
39.6012283333333	1256766953.59766
39.6325716666667	1032512982.16797
39.6649616666667	1087622078.43359
39.6965816666667	1021795283.97656
39.726355	1039094585.58203
39.7572933333333	1093307612.94922
39.7858533333333	1106284134.34375
39.81668	1088846402.48438
39.8463933333333	1076782459.29297
39.8773766666667	1101453100.22656
39.9076833333333	1037403171.53906
39.9396616666667	979496562.609375
39.9689783333333	1058304847.83594
40.00045	897921607.591797
40.030895	944821537.234375
40.0617766666667	907564892.851563
40.0920816666667	1071574914.24609
40.12271	1017871632.01367
40.1530833333333	1009391641.31836
40.1834983333333	1014752646.45313
40.2138083333333	1034263598.21094
40.2439883333333	1090252921.03125
40.2765816666667	1046706197.57422
40.3078233333333	1013503473.48047
40.3378583333333	1110599749.14453
40.3677883333333	990613510.984375
40.3967833333333	1170288290.30469
40.4262	1106484856.59375
40.4569666666667	940140266.884766
40.4873433333333	905587783.179688
40.5188333333333	847487928.480469
40.549955	986475745.761719
40.579145	954335040
40.60886	944529462.382813
40.6395933333333	973108024.074219
40.6693216666667	1002375709.11719
40.70009	1003265267.19531
40.7299266666667	988468402.730469
40.760465	990925709.53125
40.7900983333333	1028546925.36133
40.8209516666667	1202984044.8125
40.851645	1267594489.31641
40.8820933333333	1161683756.89063
40.9130233333333	1149861128.28906
40.94417	1077195931.82617
40.9739183333333	983869108.984375
41.0032683333333	1100397917.07031
41.03362	970940446.759766
41.06477	939125028.753906
41.09609	969695009.945313
41.1264233333333	969234104.021484
41.1555633333333	919807214.089844
41.1864483333333	1064757263.58203
41.216185	1039521387.69141
41.2462316666667	1040307971.4375
41.27616	1118324645.5625
41.3070766666667	1285681621.23828
41.3383266666667	1163944596.09375
41.3699933333333	1163900137.05078
41.4013666666667	1215405033.11328
41.4323166666667	1113865772.90234
41.4614866666667	1112004706.14453
41.4923033333333	1096899139.30859
41.5232383333333	1007241178
41.5543483333333	1023153311.57422
41.5859916666667	1133341600.48047
41.6174666666667	1209280349.70313
41.648555	1088581525.05078
41.6774733333333	1211288765.23438
41.7071066666667	1115185364.24219
41.7391133333333	1081225969.92969
41.7692883333333	1015997873.72656
41.7999033333333	1045788598.59766
41.8292466666667	1136212802.48828
41.8584716666667	1244308144.68359
41.888635	1073448956.13281
41.9178316666667	1135103056.78906
41.9475783333333	1187450863.05859
41.9794533333333	1070615232.71484
42.0091383333333	1162930078.36328
42.0394166666667	942218211.03125
42.0708983333333	996097863.816406
42.100915	1025107230.85938
42.1325666666667	1105247808.57031
42.16382	932838934.109375
42.19546	999791603.417969
42.22662	1013712834.47266
42.255875	918726685.560547
42.2867666666667	955384393.396484
42.31678	891092361.507813
42.348965	1044828518.19922
42.38022	1056435367.83594
42.4105	1090301638.62891
42.4406083333333	1086092019.375
42.4707983333333	1142819664.47266
42.5005933333333	1165819091.87109
42.5298833333333	1024973164.3457
42.56112	1062066407.73047
42.5925	1038588341.37109
42.6217166666667	1020808731.5293
42.6531166666667	986619651.380859
42.68298	1004332971.83594
42.71222	985431955.142578
42.7429166666667	1023116773.31445
42.7756883333333	1031525495.48047
42.8072516666667	1121853792.51953
42.8376416666667	1205309745.05859
42.86802	1129705358.39844
42.8980766666667	1188507034.63281
42.93002	1103489086.24219
42.9607766666667	1028861468.18359
42.991585	1064975866.5957
43.0210016666667	1013941662.65625
43.0509733333333	1117360399.92578
43.0815616666667	1170282093.45313
43.11271	1192413018.05859
43.1441516666667	1358801225.32031
43.1744516666667	1294474698.30469
43.2054016666667	1373503227.15625
43.2359283333333	1129924077.37109
43.2684316666667	1206246661.8125
43.2992233333333	1104323873.25781
43.3313116666667	1271498066.41406
43.36218	999846142.804688
43.3937133333333	973171508.839844
43.4241666666667	1110726470.80078
43.45457	1103171487.58984
43.4850083333333	1091035088.04688
43.517065	982112241.558594
43.54961	931412966.136719
43.5809733333333	959482740.371094
43.61178	950454814.478516
43.643395	976232022.916016
43.6752616666667	916849385.992188
43.7057383333333	1113606877.44922
43.73621	1019081458.21484
43.7667916666667	1037908303.21094
43.7984733333333	1202935190.36328
43.830625	1044448275.62891
43.8610566666667	1005290340.74805
43.8914766666667	1164332135.05469
43.9207366666667	1175018688.13281
43.9500566666667	1153720713.77734
43.9805066666667	1199012275.48828
44.01129	1011760535.90625
44.0414683333333	1046434025.3125
44.0706766666667	1134597824.26563
44.1006633333333	896263473.144531
44.1321366666667	907439820.539063
44.1624583333333	885277944.542969
44.1905566666667	1025443940.8125
44.2207583333333	1031211227.10156
44.251505	935600281.433594
44.28215	928199102.632813
44.3117683333333	1031953399.82031
44.3415733333333	1007742987.07422
44.3714283333333	1053793378.40234
44.40105	1015892031.25
44.43209	955909008.560547
44.461955	939922863.267578
44.4927266666667	1075090563.76172
44.5225016666667	1010337695.26563
44.552495	933638231.923828
44.5825316666667	1027887014.98828
44.6133183333333	1025596448.07422
44.64168	1052755975.28516
44.670745	1177624660.50781
44.70043	1163341193.44531
44.7308516666667	1135237516.42969
44.7618566666667	1080097771.38281
44.7924483333333	1134068948.67969
44.8232933333333	1025436278.0293
44.8534616666667	1159271424.3125
44.884835	1112689436.55078
44.9146866666667	1173839308.19922
44.9459016666667	1032312020.79688
44.9770583333333	980436891.941406
45.0087966666667	930470493
45.0394033333333	921725646.648438
45.0697466666667	1058577912.89844
45.0997783333333	1036782331.76563
45.1310566666667	1076816416.76172
45.1602433333333	969909466.318359
45.1916216666667	1108944961.94922
45.22196	1077028093.92969
45.253395	1060675083.47656
45.283945	999631451
45.3158916666667	1109049772.62109
45.3456183333333	1113592232.87891
45.37697	1161146139.97266
45.4077933333333	1125287123.18359
45.4379466666667	1099949807.95898
45.4676966666667	1082520499.07031
45.4975783333333	1162653945.29102
45.52764	1302597500.41797
45.5562733333333	1089988971.01563
45.5870783333333	1194658679.98047
45.6165416666667	1203639339.57813
45.6467016666667	1182496553.9375
45.67761	1272677813.35938
45.7078166666667	958296024.939453
45.7384516666667	1024507327.54688
45.768365	914505924.841797
45.7998883333333	1051114618.69141
45.8294083333333	1106791592.96875
45.8603983333333	1056124224.44141
45.890885	990485058.457031
45.9198466666667	978173539.164063
45.95101	1094334595.85156
45.9814616666667	1132053190.53125
46.0124866666667	1193851993.79688
46.043245	1049472925.37891
46.0732716666667	1053216961.55469
46.1045566666667	1018536103.25
46.13393	1000933980.40625
46.1647383333333	973821377.855469
46.1945966666667	876010221.072266
46.2267583333333	1044331972.09766
46.2571783333333	994496272.355469
46.2880966666667	1154035580.10938
46.3177833333333	1145813584.88281
46.3490166666667	1129127647.96094
46.3802783333333	1201643061.98047
46.4114783333333	1168528794.99219
46.4423033333333	1053402620.01172
46.4721133333333	1042732695.32813
46.502895	1221314051.38672
46.5322733333333	1211408199.40234
46.5625416666667	1096596997.97266
46.5929283333333	1206905395.69922
46.6231833333333	1233891350.08203
46.653255	1092391938.78906
46.68378	1126259888.88672
46.71422	1386732268.70313
46.7438366666667	1307225962.07813
46.7748366666667	1431148567.01563
46.8051	1233943383.90234
46.8350033333333	1343881325.79688
46.8652916666667	1213524850.42578
46.8961266666667	1226878909.73438
46.9261916666667	1217011235.55469
46.9562483333333	1416977867.89063
46.98465	1662278237.79688
47.0138516666667	1445014035.86719
47.0439216666667	1475424825.88281
47.0740416666667	1404558431.96484
47.103805	1388791698.56641
47.1342183333333	1446388195.69922
47.1639383333333	1373508428.18359
47.1953083333333	1369564057.78906
47.2254733333333	1314454155.36328
47.2556833333333	1299763324.8125
47.2863266666667	1251048309.91016
47.3175	1231936792.47266
47.3484166666667	1224891234.33984
47.3793016666667	1280107829.78125
47.40913	1160691363.30078
47.4399633333333	1228554017.5
47.4693766666667	1158592535.42969
47.49946	1222442045.38281
47.5306466666667	1222589002.16016
47.5603066666667	1521361185.45313
47.591645	1266076602.23828
47.6227283333333	1239562369.92188
47.6536233333333	1421871975.19922
47.6841433333333	1521119826.04688
47.7148433333333	1315016003.39063
47.7458916666667	1396217535.79688
47.7768216666667	1355462784.83203
47.8076083333333	1377568893.41406
47.8379666666667	1324100146.44531
47.8682166666667	1406662682.03125
47.898535	1388889839.83984
47.9280883333333	1367598314.60156
47.9575233333333	1407815605.53516
47.9869533333333	1435793036.92188
48.0160666666667	1519482376.71875
48.0470683333333	1327543391.57031
48.0788733333333	1298480569.97656
48.108805	1480173328.14063
48.13911	1345006212.18359
48.1689066666667	1384190207.13672
48.1989566666667	1325208257.20703
48.229905	1355086878.03906
48.2591633333333	1284722717.10156
48.2902316666667	1415391753.53125
48.3199466666667	1218825638.64844
48.350645	1187879407.41797
48.3820216666667	1357725032.17578
48.4131216666667	1287710805.07031
48.4435933333333	1394471434.75391
48.4750333333333	1382129236.93359
48.5056933333333	1379061301.57813
48.5363516666667	1315121695.55078
48.5664116666667	1254093305.01563
48.5970416666667	1226646466.42188
48.6265683333333	1232410789.52344
48.6559783333333	1331576972.1875
48.6867666666667	1175630658.21094
48.7172166666667	1060196244.22266
48.7489083333333	1231565469.71094
48.7793866666667	1242538621.07422
48.8099616666667	1083343581.21484
48.84073	1263665827.0625
48.8706	1238549678.02344
48.9014916666667	1135714655.18359
48.9319183333333	1192771155.26563
48.96345	1158643286.18359
48.9942166666667	1056771631.74609
49.0247983333333	1075117456.08594
49.0545316666667	1087540218.77734
49.0833266666667	1143628725.69922
49.1135866666667	1111294499.96484
49.14393	1011489423.67188
49.1737983333333	1008813172.23047
49.2037783333333	1062331799.30078
49.2350733333333	1199112786.12891
49.2665983333333	1291798635.23438
49.2964766666667	1179180800.49609
49.3276866666667	1241315899.71094
49.3571183333333	1410157882.70703
49.387245	1436352790.23047
49.4177416666667	1307913141.22266
49.44795	1228904065.67188
49.4783866666667	1251696022.09766
49.5071466666667	1247421644.64063
49.5373183333333	1302276893.37891
49.5667633333333	1305580244.34766
49.597685	1150140205.92188
49.6283316666667	1274215504.8125
49.6589683333333	1157607788.70313
49.6891133333333	1302907656.04297
49.71992	1189042256.97656
49.74982	1090042046.32031
49.780035	1158312084.23047
49.8113	1101072020.85938
49.8433783333333	1044298638.32422
49.8752333333333	1124371607.78516
49.9070233333333	1074119548.42188
49.9377616666667	1118473736.76172
49.9670733333333	1187210760.1875
49.9971816666667	1223823679.83594
50.0283933333333	1086504490.25
50.05775	1183768589.00781
50.0884133333333	1155983901.41797
50.1177133333333	1251800124.1875
50.148285	1176111551.32422
50.1774383333333	1174238971.33594
50.2078283333333	1129821156.125
50.2374583333333	1252179417.01953
50.268105	1251872489.71094
50.2978183333333	1205245246.46094
50.32685	1263141317.65234
50.35729	1355750960.48047
50.3863866666667	1403564548.88672
50.4164716666667	1513521482.67969
50.447045	1531379526.76563
50.4778216666667	1338844881.02734
50.5087533333333	1589790524.71875
50.5403383333333	1364253512.71875
50.5732383333333	1389239213.05469
50.60542	1610149386.33594
50.6363483333333	1469216807.55469
50.667705	1833209379.60156
50.6985483333333	1665774935.50781
50.7285266666667	1374586318.05469
50.7569033333333	1485479660.46094
50.787805	1388880586.07813
50.81783	1427741825.91797
50.84841	1527550370.46094
50.8780133333333	1529293698.6875
50.9087433333333	1489305321.82031
50.9402916666667	1266818670.73828
50.9723533333333	1481037281.79688
51.0040516666667	1453910576.86328
51.0346316666667	1445669773.81641
51.0655016666667	1458556369.76172
51.0975666666667	1290368761.85938
51.1292116666667	1317346509.87891
51.1599783333333	1190383927.0625
51.190125	1523273675.81641
51.2211266666667	1284486960.75391
51.2508416666667	1207237977.82422
51.28152	1361891665.45313
51.31208	1388711578.26563
51.3418983333333	1273267228.89063
51.3712783333333	1197156459.44141
51.4013033333333	1324235252.38672
51.4320966666667	1341789535.07422
51.463065	1425140902.17188
51.4946216666667	1329591919.49219
51.5259316666667	1293436756.42578
51.5568533333333	1461492561.06641
51.5865566666667	1299460153.99219
51.6155883333333	1177505720.69141
51.6453	1259906373.82031
51.6748566666667	1306230575.66016
51.7058233333333	1153626777.48438
51.735	1212905380.26172
51.765015	1199206458.53516
51.7962416666667	1161955314.31641
51.8280933333333	1271311445.51953
51.8577933333333	1324119675.83984
51.887865	1269358260.375
51.9192783333333	1131848238.12891
51.9500316666667	1405231710.71094
51.97958	1346315836.30078
52.0105066666667	1331208998.25781
52.0408983333333	1291886538.09766
52.0706566666667	1304964907.23047
52.102225	1401570149.50781
52.1344316666667	1387688049.49219
52.166715	1348931316.98828
52.1982883333333	1262080088.71094
52.2299683333333	1432965684.84766
52.260985	1568028240.5625
52.292485	1500995979.40625
52.3247733333333	1411273052.87891
52.356595	1550510007.53516
52.3880516666667	1407253959.30078
52.4195783333333	1342936218.98828
52.45099	1419010979.48047
52.4813866666667	1353030406.95703
52.512305	1300076982.92578
52.5441283333333	1403526408.44141
52.57548	1569112163.15625
52.6060516666667	1499737709.61719
52.637365	1631231662.84375
52.668215	1595899683.70313
52.6989033333333	1870161666.51563
52.7298066666667	1617406933.82422
52.7607533333333	1626413231.17969
52.79208	1588510552.38281
52.8229133333333	1527325416.32813
52.8529316666667	1379991250.37109
52.8833416666667	1506555864.82031
52.914475	1707608306.19922
52.94609	1401835941.97266
52.9767	1341739978.26953
53.007825	1546058395.08203
53.03918	1597370543.46094
53.070125	1548264328.15234
53.101135	1481127128.41016
53.1314516666667	1426103101.18359
53.162945	1324244754.13281
53.1952983333333	1446554395.47266
53.2267133333333	1408076609.87891
53.25788	1303394268.4375
53.2888933333333	1340036485.49609
53.3184066666667	1225363009.45703
53.3486433333333	1428721077.58984
53.3788383333333	1418011185.83203
53.4088333333333	1441809544.51563
53.4384066666667	1611060966.64063
53.4678933333333	1632547583.72266
53.4979483333333	1401842413.67969
53.5284	1618046236.74219
53.5592616666667	1513990107.85547
53.5907116666667	1370764667.34766
53.62175	1324770709.54297
53.654455	1373499423.91016
53.68495	1339817109.94922
53.714975	1248416726.80859
53.7453316666667	1245998607.65625
53.77648	1359202747.33594
53.8075766666667	1490648653.25
53.8390733333333	1283144985.77734
53.8704433333333	1706124304.85547
53.9020333333333	1566891434.92969
53.9329666666667	1592375547.58203
53.964845	1438798574.40234
53.9963033333333	1426159406.94141
54.02688	1453254797.64453
54.0570683333333	1423400568.03516
54.0870816666667	1235034241.48438
54.1179783333333	1457849420.08984
54.1492016666667	1369463101.14063
54.17942	1434314432.32031
54.209715	1323429665.22656
54.24054	1253232241.84766
54.2713	1091787763.69922
54.2999766666667	975030270.648438
54.3303033333333	964216431.779297
54.3594983333333	1024824284.87109
54.38911	1021607882.01953
54.41963	997268607.863281
54.4506316666667	942223739.609375
54.4809083333333	944156068.023438
54.5121116666667	890549089.585938
54.543305	942502961.597656
54.5744266666667	1005347622.16406
54.605075	911994733.933594
54.6354116666667	899023952.738281
54.666315	1005649188.39453
54.6967066666667	992689327.474609
54.7278566666667	1138080043.66016
54.758295	992033762.585938
54.7899033333333	1167345581.51953
54.8212233333333	1126807160.6875
54.8520466666667	1153488749.28516
54.8826466666667	1104259428.40625
54.9132133333333	1245582392.54688
54.9436316666667	1166308442.89063
54.9739916666667	1099559465.8125
55.0053983333333	1444115121.04688
55.0341283333333	1367143603.08984
55.0660583333333	1308876764.24219
55.0981633333333	1253686278.38672
55.128295	1310499175.17578
55.1605833333333	1088141639.98438
55.1926283333333	1232633972.80078
55.22391	1205659404.35156
55.255815	1235784187.00781
55.2875866666667	1163241030.05859
55.319655	1056095320.15234
55.3521566666667	1041301509.47266
55.38223	972212795.964844
55.4132833333333	1112939404.94531
55.4433883333333	1230328672.26172
55.4728833333333	1144354866.0625
55.5036433333333	1153021828.08594
55.5343916666667	1125751291.98047
55.5643766666667	1204637803.83984
55.5944266666667	1214550289.87891
55.62412	1281510833.64063
55.65513	1162872676.91797
55.685645	1236697680.37891
55.71626	1143238903.73828
55.7471966666667	1287234302.73828
55.7783516666667	1228134100.29297
55.808455	1241029443.13281
55.8376633333333	1373453637.95313
55.8667166666667	1331512807.9375
55.89718	1197042923.37891
55.9281966666667	1218304390.10938
55.9591966666667	1308085001.68359
55.987925	1282720473.88281
56.017845	1276019325.72656
56.0473383333333	1376931872.53125
56.0775366666667	1301735845.17578
56.1088983333333	1160507677.10156
56.1412666666667	1077349220.14453
56.1721066666667	1099041415.98047
56.2037216666667	1075045945.67969
56.2358633333333	1053495441.12891
56.2676516666667	1082469378.48828
56.2996566666667	992137498.869141
56.33029	1055983554.17578
56.3614683333333	1206795947.01172
56.39244	1173804159.48047
56.4227933333333	1137490188.625
56.4535133333333	1090729916.66016
56.4855583333333	1234809350.84375
56.5169583333333	1304679289.73828
56.5477583333333	1239250198.64063
56.5790866666667	1213331043.77344
56.61084	1136297985.94141
56.6433566666667	1147031723.36328
56.6739083333333	1035675207.83398
56.705255	1229265365.11328
56.7354766666667	1255974762.125
56.7663716666667	1126932626.24219
56.79766	1194090781.27344
56.8294883333333	1384775336.71875
56.8613583333333	1249178844.78906
56.892945	1386999055.31641
56.9237883333333	1169992776.67188
56.953595	1221817698.80469
56.9855516666667	1129431236.18359
57.0179466666667	1173255953.24609
57.0504983333333	1152172705.77734
57.081805	996094238.230469
57.11252	1131360446.00781
57.14253	1135526628.91797
57.1728666666667	1004720393.58203
57.2028666666667	943796824.003906
57.233285	984938460.34375
57.26414	999219542.894531
57.2957483333333	982053385.730469
57.3268466666667	979597072.082031
57.35787	990286148.417969
57.3887866666667	991967603.539063
57.41939	1125313007.70703
57.4507333333333	1150851568.99609
57.48074	1188712668.16406
57.5110566666667	1172675001.91016
57.5409633333333	1111447517.64844
57.5706216666667	1084874008.02734
57.6015583333333	1263786750.76172
57.6322333333333	1078685622.14453
57.6632716666667	1185053677.53516
57.6936233333333	1141641339.27734
57.7242333333333	1187887601.03516
57.7543166666667	1032182008.55078
57.7855616666667	1051783673.05469
57.81724	1187596039.08203
57.8484233333333	1097371739.80469
57.8797	1040472104.01563
57.9094816666667	1230651932.375
57.94009	1142924594.44922
57.9709183333333	1294089838.41797
58.0009383333333	1339661536.625
58.031985	1223949461.23828
58.0633383333333	1170105970.68359
58.093605	1376609104.06641
58.1235933333333	1134312664.10938
58.1535583333333	1239035182.44141
58.1831516666667	1148895801.93359
58.213095	1173079203.59766
58.2424083333333	1323497625.57031
58.272915	1224571072.02344
58.30265	1258094812.76953
58.3344366666667	1098057433.53516
58.36457	987185443.242188
58.3961483333333	885428808.699219
58.4264166666667	1064283771.57813
58.457565	993600472.085938
58.4884333333333	1020552555.76172
58.5181333333333	1015097797.46094
58.54928	969983061.457031
58.5798983333333	894137483.214844
58.6120966666667	1008214649.32813
58.64343	919110570.320313
58.6737616666667	961814320.277344
58.7042866666667	1086220308.59375
58.7358566666667	1047770837.58984
58.767465	1094545456.58203
58.7973666666667	1063282771.67188
58.82822	945619535.253906
58.85899	1061204929.55859
58.88965	1163990141.33594
58.9198083333333	1281461791.46484
58.9493916666667	1244847508.39844
58.980005	1450529398.0625
59.0100466666667	1287210975.88281
59.0401633333333	1462369148.22266
59.0699683333333	1369818702.1875
59.1002416666667	1303891476.28906
59.1314283333333	1133539571.78516
59.163185	1292329117.40234
59.1927533333333	1479905902.53516
59.223595	1348221795.22266
59.2547733333333	1209324870.54297
59.2860016666667	1284650694.87891
59.3183733333333	1129392560.03906
59.350795	1217529760.95313
59.3847583333333	1309985402.21094
59.4172883333333	1191652930.38672
59.4487366666667	1019775641.82422
59.4800583333333	1147585264.19336
59.5104466666667	1079456426.70703
59.5409816666667	1135528285.08984
59.57277	1225809620.21875
59.6034366666667	1227680174.53516
59.6337466666667	1339904900.6875
59.6644583333333	1420607580.15234
59.6950233333333	1270346181.57031
59.726445	1224893019.55078
59.7565116666667	1030158022.61523
59.7880316666667	1259796313.49219
59.81969	1188698188.47656
59.8502483333333	1119116839.9375
59.88073	970787197.824219
59.9112833333333	1076379850.625
59.941045	956229117.900391
59.97133	1041196299.84375
60.0018716666667	944273047.052734
60.0314683333333	1061965098.26172
60.060485	1117038552.46484
60.09109	1049355116.80078
60.12192	1084568728.79688
60.1529883333333	907164787.132813
60.18406	907406892.285156
60.2162266666667	963694590.90625
60.247635	999913701.308594
60.2779133333333	1121999538.84766
60.3077116666667	1122388454.53906
60.3381816666667	826348032.591797
60.36727	909212572.527344
60.3978316666667	1010420481.91406
60.4284516666667	955599318.171875
60.4583683333333	943655643
60.489275	1025319543.62891
60.5194066666667	1050846725
60.5497683333333	1066215217.27734
60.580045	1101558549.30469
60.6108433333333	984931545.636719
60.6413583333333	1180782642.33594
60.6715183333333	1122827729.03125
60.7026433333333	1191839300.15234
60.7326316666667	1281644789.35938
60.7644383333333	1519616953.85547
60.7950083333333	1393083692.10938
60.82556	1454053725.14844
60.8559283333333	1275723148.83203
60.8863	1148113590.57422
60.9170983333333	1308783955.19531
60.947775	1178146952.98438
60.9784916666667	1202535016.81641
61.009895	1072560434.08984
61.0409983333333	1050971091.53711
61.0713466666667	1022487865.55859
61.102315	1011786714.42188
61.1330483333333	1015690432.49609
61.1650516666667	1049847831.36133
61.1984716666667	1259686645.25
61.23095	1476502404.15234
61.263105	1397936366.4375
61.2938783333333	1091256264.33984
61.32415	1258307939.00781
61.3544883333333	1368362867.67969
61.3856783333333	1304722227.50781
61.4165183333333	1348289842.74609
61.4468633333333	1166062399.01953
61.4777366666667	1141352602.46094
61.5077183333333	1548684406.19531
61.53814	1296738686.48047
61.569625	1343150558.78906
61.6008366666667	1384863650.11328
61.632455	1346366957.32031
61.66318	1164772148.125
61.6944316666667	1113915231.57227
61.7257966666667	1277622280.94141
61.7564683333333	1369416760.26563
61.7876283333333	1383722887.3125
61.8184066666667	1365010612.30078
61.8495083333333	1361648052.6875
61.8818583333333	1143349711.93555
61.913955	1365008942.28516
61.9459216666667	1240468827.58594
61.976375	1203608732.63672
62.0069283333333	1218285683.125
62.0378033333333	1406185787.45703
62.06861	1455034352.08594
62.0987883333333	1236200003.13281
62.1302266666667	1146138994.60938
62.1616	1062144507.31641
62.1924083333333	1193097654.46094
62.2226483333333	1134569713.73438
62.2540666666667	1192135638.07813
62.28567	1036193257.47852
62.316905	1264949100.55859
62.347955	1184790759.19141
62.3793066666667	1046358734.5918
62.4103933333333	935145875.386719
62.4407683333333	1194131083.36328
62.4719283333333	1017770814.49219
62.5023433333333	1053869500.44141
62.5323283333333	1157586850.73438
62.5638233333333	890094432.955078
62.5938833333333	997325753.648438
62.6252566666667	1080977009.73438
62.656685	1093966740.48438
62.6881883333333	1194335363.94922
62.7195966666667	1160449463.73828
62.7497633333333	1164849340.02344
62.7807083333333	1146200214.71484
62.8116333333333	1278589645.11719
62.8425116666667	1281404143.48047
62.8744166666667	1325671292.84375
62.9052233333333	1305251650.32422
62.9362066666667	1259112826.16406
62.9667066666667	1334627832.95313
62.997295	1138297782.19141
63.0289333333333	1041292971.50391
63.0612016666667	1090122679.62305
63.0920466666667	1339226266.84766
63.1224016666667	973571435.929688
63.15379	1143030432.57031
63.1840483333333	1052700305.08984
63.2143683333333	1044124912.13281
63.24488	1157001839.17578
63.274755	1136965614.75781
63.3051333333333	1207122334.37891
63.335425	1278027387.68359
63.3656016666667	1285312979.34766
63.3965483333333	1421962884.02344
63.426805	1450916870.4375
63.4564283333333	1422893638.44141
63.4854116666667	1241708328.1875
63.5146	1240659602.78516
63.54325	1160876803.48438
63.5749116666667	1194091003.25391
63.6055533333333	1196973560.24609
63.6361083333333	1255831022.70703
63.66689	1248656068.34766
63.6981033333333	1299752001.67188
63.72915	1245704029.07422
63.7607966666667	1249935031.07813
63.7917383333333	1037377542.07813
63.8236616666667	1081484469.43359
63.8545483333333	1089116491.00781
63.88471	1104092112.375
63.9151983333333	1016294315.84375
63.9445966666667	1074961929.91797
63.9737716666667	1119092061.80469
64.00411	1045783493.0625
64.0339933333333	971076006.582031
64.0638333333333	945690451.296875
64.0942316666667	880926472.683594
64.1249	1006263581.75391
64.1555366666667	1066810124.35156
64.185975	1085564962.00781
64.2172483333333	1282747420.31641
64.2479266666667	852128242.767578
64.2771066666667	951874666.199219
64.30741	1036415545.01172
64.3382766666667	943542626.871094
64.36948	851325372.875
64.4008966666667	815866915.410156
64.4317416666667	872291884.740234
64.4628333333333	758627408.777344
64.4934	1005838621.91016
64.5245333333333	887201732.328125
64.5555816666667	930687138.392578
64.5858133333333	936643939.736328
64.6166883333333	994390463.763672
64.646275	958942543.994141
64.675905	897979917.380859
64.7063183333333	1112131705.89063
64.73662	1143221285.72266
64.767745	1188892595.02344
64.7992166666667	1220134997.90625
64.83053	1109803849.12891
64.8627	1144954900.92188
64.8950933333333	1077968816.57031
64.9265366666667	1073813075.87109
64.9567716666667	1254381986.49219
64.98835	1005589799.17188
65.02076	1298290403.42188
65.0523183333333	1261129409.69141
65.08377	1251018191.19922
65.1152416666667	1080750972.91406
65.146545	1287260217.17188
65.1775083333333	1098529012.17578
65.208345	1182156900.78125
65.240315	1176985389.9375
65.2705683333333	1243194674.95703
65.30159	1165715883.83008
65.331845	1057178363.21094
65.364265	1038660133.54883
65.3965133333333	958122144.5625
65.4281733333333	974640830.042969
65.4601183333333	1147418839.08594
65.4916666666667	1069708599.03516
65.5226216666667	963777316.673828
65.5532466666667	898909571.771484
65.5850433333333	1077105954.15625
65.6169616666667	894125300.410156
65.6485716666667	814313093.855469
65.6792566666667	820673224.574219
65.71058	967220843.65625
65.7413916666667	922759368.951172
65.7730716666667	987613948.230469
65.8045533333333	1090466300.13672
65.83532	1231920672.83984
65.865595	1065404331.30469
65.896565	1198520910.27734
65.92691	1124772306.16406
65.9585783333333	1173915605.85547
65.9893583333333	1031546011.25
66.0202066666667	1156185975.75
66.0504233333333	1062596548.0957
66.0811033333333	958498645.851563
66.11191	1036313306.76563
66.141975	1080448321.92578
66.172005	996846160.322266
66.202585	1037615647.34375
66.2325333333333	1117476401.30469
66.2635783333333	995078707.492188
66.2944933333333	829229907.609375
66.325165	926733271.46875
66.355875	857446925.785156
66.385575	930953853.419922
66.4153716666667	927334243.583984
66.4454233333333	902011282.894531
66.475095	1215319690.64453
66.5046433333333	1069927613.97266
66.5344083333333	1179753078.53516
66.5639183333333	1056787645.86719
66.5949933333333	1212813259.67969
66.625915	1461080970.22656
66.6567166666667	1338445644.98438
66.6882483333333	1379587395.75781
66.7201033333333	1195758728.83594
66.7517433333333	1130146366.25
66.7845916666667	1116626792.32813
66.81688	1125643826.80273
66.8481633333333	982638832.673828
66.8790816666667	860312441.216797
66.9108216666667	937434754.490234
66.9415	890634102.771484
66.9719733333333	911694184.308594
67.0043683333333	933516255.544922
67.0359366666667	930745629.541016
67.0669	895581709.126953
67.0972316666667	1016737756.09375
67.1280216666667	1000933360.00391
67.158545	1154522481.74219
67.1883616666667	980265892.572266
67.219845	1135462812.18945
67.250935	1085790120.3418
67.2815216666667	1227192989.97656
67.3127	1200742172.47461
67.3434383333333	1325857148.81641
67.3751933333333	1289130057.28906
67.406955	1194558448.34766
67.43824	1246977812.37891
67.4684316666667	1308438094.94141
67.4989166666667	1222288153.45313
67.5281616666667	1152415564.02344
67.5593733333333	1047318652.52344
67.5891933333333	1090270699.14648
67.6199216666667	1012157651.83594
67.6512483333333	1092254114.34766
67.6832733333333	991005816.923828
67.7147433333333	824390705.804688
67.7456966666667	864668855.199219
67.7758633333333	888442185.710938
67.805245	841406734.371094
67.8348766666667	735574731.072266
67.8652233333333	816770029.138672
67.8960066666667	740088721.386719
67.92696	855736699.71875
67.9579733333333	813502765.271484
67.9892816666667	1013172991.63281
68.0197566666667	975226413.558594
68.0500233333333	927782016.892578
68.080435	962683606.777344
68.1110916666667	991095863.292969
68.1415916666667	1171245576.40234
68.1722366666667	1188409279.55469
68.20339	1109469487.4375
68.23366	1095823924.68164
68.2648866666667	1359321767.02734
68.2958433333333	1189201889.97461
68.32651	1030809733.21484
68.35793	1029384535.1582
68.38989	1037158773.54688
68.4219133333333	1033120878.77148
68.453185	1060492862.61328
68.48558	964722640.558594
68.5169716666667	1156219298.09766
68.548125	1064211969.02344
68.5782733333333	1094900359.28125
68.6084566666667	1091189111.45703
68.63876	859480261.273438
68.6700883333333	978633891.519531
68.7018266666667	963808597.878906
68.7327883333333	953074582.115234
68.7638516666667	965702957.894531
68.7959033333333	968295868.208984
68.8281883333333	773705758.984375
68.860215	992870274.494141
68.8924916666667	898239111.398438
68.92411	818988802.572266
68.9551516666667	898875335.070313
68.986165	1042430024.16211
69.0177083333333	810611177.638672
69.0488983333333	892771496.666016
69.08092	667736125.460938
69.1128583333333	840750555.207031
69.144045	887386643.535156
69.1745233333333	899457076.619141
69.20561	837009067.755859
69.2373	794473061.964844
69.2685966666667	1132476602.8125
69.2986566666667	906607650.076172
69.3287	909481315.484375
69.359895	972059734.238281
69.3895816666667	993175779.400391
69.4197783333333	991982967.507813
69.451295	1127953951.67578
69.4821066666667	1247305584.62891
69.5133583333333	1000758691.83203
69.54308	921692736.257813
69.5746283333333	1048375117.92773
69.605365	1255970370.57422
69.6365916666667	1078028803.26563
69.6674616666667	1024520304.72656
69.6983366666667	1165446122.94531
69.72842	1030755059.78516
69.7594166666667	1040946895.58594
69.7907116666667	858998235.945313
69.8217733333333	991030433.496094
69.85208	853764067.056641
69.88268	885877238.052734
69.914125	795902093.802734
69.94501	998039250.169922
69.9756133333333	971776414.535156
70.0062816666667	1004626185.75977
70.037275	1125051446.97266
70.0679083333333	1162146024.76563
70.0991083333333	1118278115.24609
70.1310416666667	1084177091.11719
70.1623066666667	959035166.574219
70.1939033333333	1257839931.73047
70.2257233333333	1108120239.39453
70.258075	1220253289.08789
70.2896916666667	1247879862.69141
70.321765	1238920416.86328
70.3531616666667	1077028441.82227
70.3849783333333	1142972946.34766
70.4163016666667	1104365768.58398
70.44679	1050516500.35547
70.477435	1066191199.17578
70.5090833333333	1109079334.43164
70.54029	1135003524.24414
70.5712716666667	966463649.888672
70.602395	1192045826.71875
70.6335216666667	1080220671.75977
70.6636016666667	935754866.378906
70.6944383333333	839123761.962891
70.7256283333333	826090190.453125
70.7570616666667	1067258488.29688
70.7879716666667	802545086.552734
70.8198583333333	806381634.851563
70.8507516666667	893322427.277344
70.88281	956543562.589844
70.9133266666667	878702310.603516
70.944825	857718239.691406
70.9754016666667	863657677.623047
71.0077333333333	862703410.425781
71.0387833333333	1039381193.30078
71.0696733333333	993178618.261719
71.1010366666667	1002624295.49805
71.1322566666667	1131545171.60156
71.16408	1049242855.76172
71.1961416666667	870281785.966797
71.22738	1071224766.23828
71.259145	1013730800.17773
71.2903283333333	882758712.683594
71.32104	952329702.517578
71.3518916666667	832663478.121094
71.3837466666667	908796305.998047
71.4154666666667	1019932426.71484
71.446185	933618210.123047
71.4769533333333	1093919704.27539
71.5082166666667	926142307.707031
71.5385466666667	1152327646.30664
71.5683216666667	961891200.466797
71.5984383333333	1013309229.08984
71.629235	1137059451.30664
71.6602966666667	909437273.820313
71.6918616666667	1026605896.62891
71.7228316666667	940904291.857422
71.7551666666667	1091325768.67969
71.7868233333333	809856949.037109
71.81848	816038141.726563
71.8509183333333	883172733.958984
71.88275	872794198.701172
71.9142833333333	923659419.8125
71.94512	1032532807.41211
71.975905	1043673249.95117
72.0067433333333	1154746609.83594
72.03932	1087936897.39453
72.0700183333333	1081922973.3457
72.101325	1132728213.28125
72.1318716666667	1082644752.14844
72.1609483333333	1168205175.77148
72.1908883333333	1337014044.22266
72.2220466666667	1116560066.33984
72.2526783333333	1286130435.33594
72.2831466666667	1434536067.99609
72.3140066666667	1084654457.62109
72.3440466666667	1049112067.53711
72.37491	1237713911.01172
72.4040383333333	1084403641.01563
72.434115	906147975.021484
72.4652	1198222205.27734
72.4968866666667	1132278596.38086
72.5286216666667	1202215728.30273
72.55915	1090020532.91211
72.5899766666667	1134798228.41797
72.62013	1143707957.26953
72.651925	1011167565.61133
72.682645	1075960668.61523
72.7148	1061263487.47461
72.7454766666667	1202108738.0918
72.77711	1211208607.07813
72.8091666666667	916658005.320313
72.8396366666667	899423105.759766
72.8701483333333	831812509.246094
72.9005333333333	921022460.998047
72.9317466666667	1001457742.64844
72.961925	872459146.548828
72.992205	975522417.955078
73.022565	988197194.232422
73.05368	887109328.662109
73.0841783333333	998009687.933594
73.1139083333333	1135623018.40234
73.144565	1089770108.17969
73.1746	1081228864.54883
73.2053866666667	1056616505.37891
73.2349283333333	1102935783.17969
73.26568	877253824.558594
73.297205	906220982.851563
73.328535	930402437.966797
73.3596366666667	1129442000.39258
73.391965	1121386638.15039
73.4233316666667	959512264.880859
73.4550533333333	928647178.421875
73.4856816666667	1179848693.11133
73.51664	1092196187.60352
73.5494316666667	925076726.316406
73.58174	1043912421.88281
73.6120883333333	1085997426.38281
73.64529	864746219.800781
73.6774766666667	928725141.839844
73.7089383333333	1009718070.6543
73.740215	935549580.072266
73.7713133333333	879912920.185547
73.8014466666667	801370882.103516
73.83236	792845277.498047
73.8642316666667	919410928.962891
73.896615	859368999.5
73.928645	961878480.912109
73.9604033333333	955015163.353516
73.9921716666667	982613388.9375
74.0243566666667	1007877648.9668
74.0564216666667	827266872.345703
74.0893016666667	962731777.880859
74.1198616666667	1066502776.59375
74.151005	827778147.638672
74.1824583333333	922302175.724609
74.2123416666667	905435059.90625
74.2436166666667	1108772334.92578
74.274685	925237532.15625
74.3062	963644712.839844
74.3385216666667	958059782.384766
74.3706516666667	770053973.089844
74.4022166666667	866078149.785156
74.433515	839601852.451172
74.46567	1016450167.82813
74.4968866666667	812466182.197266
74.5290983333333	787765576.916016
74.5600416666667	741006964.623047
74.5914283333333	867242612.720703
74.6224483333333	833058989.90625
74.653705	767456718.40625
74.684485	861960472.947266
74.7147083333333	841237819.578125
74.7457333333333	859727620.583984
74.7761983333333	800267112.033203
74.8074666666667	876651722.369141
74.8389066666667	754601148.519531
74.8703766666667	683837497.386719
74.9026133333333	754050060.462891
74.9344566666667	874746325.439453
74.9659316666667	1162458661.00391
74.9971316666667	1071032689.86133
75.0274066666667	1067768820.15625
75.0591083333333	948907004.410156
75.090085	816449886.244141
75.1222933333333	859544050.787109
75.1529866666667	909007197.056641
75.184005	664309512.609375
75.2151383333333	749177973.574219
75.2463083333333	664566004.957031
75.2778116666667	830251054.367188
75.3083366666667	1034835713.33594
75.338745	857618457.443359
75.37002	737492284.832031
75.400995	861371577.3125
75.4307416666667	920343498.332031
75.461185	951450074.291016
75.491615	799308333.240234
75.5223416666667	1153816201.7793
75.5542683333333	977834782.886719
75.585535	1202899427.56836
75.616315	1020591492.22266
75.6470366666667	1042975845.91797
75.6788883333333	938409713.322266
75.7104516666667	1129791138.23633
75.7426033333333	1190331742.35547
75.7753266666667	969112173.398438
75.807995	1066787869.48828
75.8390683333333	1010350151.6543
75.8702216666667	1019220436.08398
75.90147	806572062.707031
75.9324366666667	760854452.939453
75.9640983333333	794577451.822266
75.9955183333333	901305752.076172
76.02603	855158402.746094
76.057465	949399513.003906
76.0909216666667	840827984.675781
76.1232383333333	778809729.373047
76.1554466666667	771670866.695313
76.1870483333333	647019144.919922
76.218405	879485241.076172
76.2504816666667	742035424.919922
76.28202	720138972.992188
76.313345	797747259.673828
76.34543	913274568.638672
76.37612	856262408.074219
76.40719	765729212.453125
76.4383616666667	783030816.722656
76.468945	871807801.720703
76.4994366666667	858630184.439453
76.5316316666667	864755720.128906
76.5632216666667	923827992.287109
76.5945816666667	823636259.855469
76.6253983333333	860310333.878906
76.6572216666667	956514950.628906
76.6880066666667	797962625.732422
76.7191616666667	821693507.865234
76.7508283333333	1036287502.62109
76.7811883333333	1218224399.50391
76.8136	1165920394.84766
76.8439133333333	1210024871.70313
76.8743183333333	1157724188.01953
76.9052283333333	1209673224.02148
76.93532	1384330841.27734
76.9654	1412574545.35547
76.9972616666667	1341094576.69531
77.0284866666667	1180830274.56641
77.06035	1249223605.40625
77.0917183333333	1220082605.16406
77.1234816666667	1186925261.53906
77.1554583333333	1247302461.03711
77.187495	1106957290.39063
77.2199	1251763550.75586
77.2521083333333	1323629180.50391
77.28368	1217173823.24805
77.3153633333333	1222754775.94531
77.346695	1148354275.67969
77.3786333333333	908646252.226563
77.40995	985963512.552734
77.4416266666667	882242421.761719
77.4723966666667	926101818.318359
77.5035933333333	831557824.285156
77.5347233333333	987950461.779297
77.56643	1054821334.78906
77.5981116666667	1110273919.20117
77.6299633333333	993627350.298828
77.6608666666667	995027317.017578
77.6925733333333	779880928.085938
77.7244583333333	847059839.169922
77.75618	936788970.775391
77.7881816666667	1074412256.05469
77.8197966666667	850516429.546875
77.8511033333333	941301672.779297
77.8825483333333	843391859.640625
77.9145066666667	738226312.996094
77.9460666666667	923525860.716797
77.97794	701730675.617188
78.011045	719165837.201172
78.0426833333333	774697629.119141
78.07463	625811525.464844
78.1072733333333	537911592.125
78.140375	584993308.15625
78.1721733333333	725203788.974609
78.20255	743177662.541016
78.233565	709754864.179688
78.2658816666667	768673491.662109
78.2975183333333	777487405.101563
78.3298866666667	691273447.964844
78.36259	977913439.863281
78.3936833333333	807654481.101563
78.4252566666667	775439372.746094
78.455145	999010803.039063
78.4857433333333	804760452.826172
78.517795	903388298.162109
78.5485566666667	822071206.527344
78.579965	989305066.404297
78.6122416666667	983964947.548828
78.6438633333333	1096669548.52734
78.6756183333333	1135141230.36523
78.7076333333333	1135592874.10742
78.7389566666667	971567647.326172
78.7715716666667	954575990.482422
78.8029233333333	1008439592.38672
78.83515	1077182992.15039
78.8672666666667	1057362779.64453
78.8998766666667	1215684173.51758
78.9314516666667	1100764948.81836
78.962695	941129855.697266
78.994755	1177742660.30469
79.02724	1090121167.56641
79.0583783333333	988024262.292969
79.089715	1108706761.20898
79.1214666666667	1122763785.64453
79.1533783333333	1045663859.17383
79.1842933333333	919122307.521484
79.21636	1024937453.63281
79.2481766666667	1172623905.4043
79.280575	1162338893.50586
79.3117983333333	936693379.882813
79.34291	925299643.904297
79.3748083333333	781585748.492188
79.4062316666667	717364258.636719
79.4389683333333	761320874.851563
79.4690383333333	813923377.380859
79.4998633333333	787625241.689453
79.5326433333333	772448779.025391
79.5657433333333	714884721.570313
79.5984516666667	526269027.546875
79.630885	568169991.65625
79.6631883333333	559632063.265625
79.69517	529438332.351563
79.7274716666667	487159008.851563
79.7593983333333	418261353.209961
79.7916866666667	544039064.019531
79.8230166666667	648988336.511719
79.8538716666667	506027120.814453
79.8843266666667	532579458.689453
79.915865	565477984.220703
79.9468066666667	495044884.427734
79.97819	598154552.619141
80.00985	662944462.914063
80.041695	606379543.744141
80.07382	609783780.654297
80.104965	715870714.021484
80.137065	673552556.421875
80.1682633333333	645621637.017578
80.1993733333333	506780713.951172
80.23087	540208278.558594
80.2622116666667	542275931.783203
80.2932616666667	527969162.412109
80.3241616666667	541419654.736328
80.3558216666667	536852709.189453
80.387795	588982095.291016
80.419405	636874114.353516
80.4512466666667	597882500.539063
80.484285	597903645.742188
80.51657	539712298.767578
80.547715	583418389.679688
80.5786066666667	607794977.783203
80.608695	586184634.660156
80.6411183333333	587583942.488281
80.674215	597637225.388672
80.70516	536182143.039063
80.7368933333333	613437596.283203
80.7698683333333	732276384.390625
80.8009716666667	775620588.638672
80.8321383333333	805579895.226563
80.8638016666667	784594943.619141
80.8939366666667	748625261.796875
80.9241416666667	750423273.511719
80.9547383333333	858068538.951172
80.9852716666667	914726872.416016
81.0177266666667	882851194.992188
81.0487966666667	875022989.660156
81.0800516666667	849844992.533203
81.1107066666667	665205198.683594
81.1416333333333	842411021.443359
81.1725383333333	857975574.376953
81.2028133333333	739031236.251953
81.2335716666667	721739224.251953
81.26482	709861290.320313
81.296635	607825450.462891
81.3305666666667	631878244.466797
81.3627983333333	549658166.212891
81.3937966666667	536892137.390625
81.425935	499222205.095703
81.4582466666667	623690979.220703
81.489575	610896468.154297
81.5212183333333	630210726.009766
81.5518883333333	757650611.876953
81.5822416666667	743675983.625
81.6127233333333	831625477.298828
81.6438166666667	776248450.425781
81.6754316666667	644233965.261719
81.7060966666667	628957256.642578
81.738585	776488193.474609
81.7696083333333	780426432.955078
81.800415	793051333.628906
81.8311266666667	849649875.263672
81.8629783333333	815476296.201172
81.894065	734368714.638672
81.9238933333333	784279548.013672
81.9545416666667	762883374.673828
81.9858333333333	736616913.007813
82.0176683333333	784239195.314453
82.04904	869676413.677734
82.0805566666667	761759968.037109
82.1117866666667	974389363.337891
82.143485	784242094.390625
82.1754133333333	856839699.326172
82.2062583333333	694286593.498047
82.239005	679381357.433594
82.2709066666667	599774288.203125
82.3017416666667	816846690.226563
82.3320383333333	721551854.449219
82.363525	686207916.214844
82.394485	799129470.109375
82.4256116666667	799270580.740234
82.4568166666667	638931931.833984
82.4897	892095915.894531
82.5212466666667	697195135.847656
82.552795	974440089.826172
82.582885	1028119773.77734
82.6143416666667	915124987.548828
82.64603	939390990.867188
82.6772716666667	930464939.962891
82.7085383333333	862642198.548828
82.7384933333333	690590299.197266
82.7688066666667	782357081.296875
82.7995583333333	867619282.8125
82.8304866666667	1020272042.88867
82.8608316666667	1020770644.93945
82.8918966666667	979518968.808594
82.9225683333333	911645941.503906
82.953035	862964069.167969
82.9835083333333	995769246.222656
83.014	893859637.707031
83.045665	892417650.710938
83.0780433333333	1020075176.83203
83.1095283333333	871849499.802734
83.1413116666667	823183002.761719
83.1732666666667	695671374.390625
83.204225	637548225.982422
83.2338033333333	700214755.902344
83.264235	723254126.369141
83.2949433333333	753944307.498047
83.3256933333333	715571422.953125
83.3566966666667	891477608.660156
83.3880883333333	947525181.464844
83.4199566666667	942402103.185547
83.4506916666667	1028539584.33594
83.4815516666667	934681604.685547
83.5131316666667	933165451.804688
83.5435533333333	836831155.533203
83.5747316666667	729581141.042969
83.604515	902670384.738281
83.6344566666667	677643173.830078
83.6657966666667	863729037.962891
83.6968666666667	831017802.021484
83.7273466666667	963602798.970703
83.7570916666667	749784123.556641
83.7874083333333	788108345.890625
83.818035	650347748.492188
83.848275	824522803.089844
83.8792866666667	804360357.326172
83.9110383333333	830816463.730469
83.9425966666667	714849378.234375
83.9732583333333	692625263.939453
84.00478	813687624.529297
84.0353083333333	580425047.732422
84.0661966666667	524293808.138672
84.097665	876455215.890625
84.12827	693332336.189453
84.15874	573817372.862305
84.1907016666667	763201376.980469
84.2208566666667	908547910.570313
84.2514	734233644.671875
84.2825916666667	552336910.415039
84.3139283333333	560392291.123047
84.3443883333333	579058436.814453
84.3745716666667	588667928.220703
84.4039316666667	597061846.699219
84.4342183333333	746815188.619141
84.4637766666667	731813826.101563
84.4940966666667	753763095.980469
84.5255616666667	919399771.853516
84.5564133333333	723476782.390625
84.5874316666667	904179882.5
84.6192516666667	722426667.011719
84.6512583333333	878909027.720703
84.68372	770692577.203125
84.714555	789715374.558594
84.74568	787002612.046875
84.776665	751301080.728516
84.8075383333333	684064756.791016
84.839425	805180184.962891
84.8706016666667	865480621.484375
84.9022033333333	831471213.947266
84.9335083333333	995649249.818359
84.9643583333333	999156524.652344
84.99481	841211505.902344
85.0261266666667	971595319.533203
85.058	870652951.703125
85.0908466666667	899838003.123047
85.1213316666667	608481302.498047
85.15382	557721768.962891
85.1861033333333	611674879.160156
85.2183933333333	512164757.126953
85.2498	440215171.953125
85.282065	485914866.301758
85.313995	565246075.257813
85.3454133333333	426441983.040039
85.3765866666667	527257617.275391
85.4075883333333	504128322.182617
85.4381233333333	503921297.612305
85.468605	713166771.953125
85.5003283333333	779306611.896484
85.5322716666667	794825442.457031
85.5629	858040667.351563
85.5952533333333	1112968854.79297
85.6263133333333	721201898.5625
85.6582083333333	829424704.800781
85.6905983333333	808715816.208984
85.7215166666667	775452529.410156
85.7533016666667	834315105.140625
85.784165	786919635.40625
85.815245	602469636.53418
85.84662	610350708.723633
85.8781566666667	571734042.808594
85.9088	558776312.505859
85.94214	566856451.533203
85.9714566666667	425998990.265625
86.0031483333333	454032294.740234
86.0356666666667	577609732.665039
86.0670216666667	570505365.081055
86.0981883333333	640804118.632813
86.12962	621439440.380859
86.160395	600096418.802734
86.1928766666667	757708480.009766
86.22567	659627880.548828
86.25736	796955421.5625
86.2896583333333	694267951.8125
86.3225716666667	793326493.466797
86.3552283333333	850308515.527344
86.38648	691954324.017578
86.4178083333333	738702876.894531
86.4516633333333	677602310.306641
86.484265	724442819.371094
86.51657	608205690.02832
86.5487083333333	502787843.149414
86.5813366666667	639433191.910156
86.6126	611221995.521484
86.6444116666667	585465387.191406
86.67691	531698161.946289
86.7104833333333	520585547.180664
86.7437766666667	529181601.961914
86.7759683333333	426216267.749023
86.8095833333333	395422402.204102
86.8415733333333	291390984.011719
86.873915	282925368.592773
86.90777	318512706.651367
86.93929	373565221.289063
86.970905	416075755.208008
87.004075	419870810.651367
87.0362233333333	424797179.360352
87.0697533333333	361579085.667969
87.1021483333333	383664720.373047
87.1335766666667	475810359.024414
87.1666983333333	511290529.927734
87.19983	494816563.360352
87.2331566666667	430548277.40918
87.2667666666667	423276394.96875
87.299165	355198776.572266
87.331965	324167587.808594
87.3641816666667	294945515.966797
87.395475	312175665.692383
87.426805	397073846.837891
87.4579133333333	529996262.210938
87.490655	573830191.764648
87.5217266666667	525336316.200195
87.5527416666667	373234506.916016
87.5862216666667	439544540.268555
87.618935	400086736.011719
87.6516883333333	438560096.756836
87.6824116666667	330892786.200195
87.71481	359561237.191406
87.7467166666667	381063991.007813
87.7789916666667	367816147.682617
87.8109716666667	481594059.581055
87.8446366666667	427586742.733398
87.87696	425865698.458008
87.91068	368320013.522461
87.9440566666667	363643557.614258
87.9759883333333	364696818.001953
88.0089933333333	274687796.951172
88.041395	359022406.826172
88.07355	237375849.172852
88.10882	243887877.569824
88.14322	258545304.78125
88.1753133333333	259020521.594727
88.20946	249094627.815918
88.243235	253297397.602051
88.2756966666667	227351986.518066
88.3109083333333	221963152.436523
88.3462816666667	213181250.25293
88.3806816666667	242283423.057129
88.4125816666667	220037354.092773
88.446435	168156941.030762
88.4850616666667	172717622.435547
88.5212716666667	115127683.355957
88.5619366666667	121946075.858887
88.5976466666667	156670456.553711
88.6316666666667	140761659.585449
88.6663283333333	135361727.509766
88.7020233333333	132546839.291504
88.7383766666667	185839655.784668
88.775535	157621801.282227
88.8099166666667	183648914.709473
88.846725	289635247.694336
88.8794883333333	184049774.969238
88.91488	136213431.572754
88.95334	164473277.990234
88.9905683333333	196387810.529297
89.0268416666667	139363808.274414
89.0634233333333	173166115.763184
89.0976416666667	135340088.021484
89.137115	196877412.132813
89.1716133333333	204869615.301758
89.206045	156531098.676758
89.24389	171400765.239258
89.279525	165718124.812988
89.3141333333333	156008462.232422
89.3497166666667	181204976.366699
89.3840966666667	190844721.455078
89.4248033333333	124434136.360596
89.4601583333333	122933511.954102
89.4950766666667	112478664.330078
89.53105	144526087.698242
89.5670966666667	105943345.24292
89.604275	86818139.0266113
89.6439783333333	90859733.6018066
89.6778383333333	120179654.66748
89.7115583333333	124431014.31958
89.75072	152525718.49292
89.783495	181206124.90918
89.81872	185903165.015625
89.853775	134725892.038818
89.8938783333333	189666080.556152
89.9280466666667	146319396.889404
89.9666883333333	161929618.870605
90.0036083333333	180223421.285645
90.0419166666667	199002749.02002
90.0780933333333	135133164.205566
90.116145	109974459.455566
90.1543466666667	99911643.546875
90.194865	82185163.3266602
90.2339216666667	69344880.4528809
90.27322	51313639.9133301
90.31381	79880095.8203125
90.3551566666667	106602784.046631
90.39548	98284719.8623047
90.431655	100748603.823486
90.4698733333333	110340827.632568
90.5118933333333	101581955.267822
90.5515233333333	94651214.1083984
90.5928383333333	95013521.3198242
90.62991	82653131.0930176
90.6709666666667	83857667.2617188
90.7118616666667	70958908.0380859
90.7513883333333	76835190.8498535
90.7894833333333	68952348.1569824
90.8293833333333	70691067.1103516
90.8707233333333	75846258.6337891
90.9112733333333	85559389.9260254
90.9479416666667	84712187.7207031
90.98611	79798758.081543
91.026815	67889956.3342285
91.0671016666667	57864016.0993652
91.1105383333333	44811849.4298096
91.15317	55546573.9475098
91.19619	52878522.4926758
91.2377883333333	36185203.2559814
91.281985	61765229.1213379
91.322555	75464019.0966797
91.3638816666667	96232174.5861816
91.4053583333333	70913306.4414063
91.4457916666667	78508663.126709
91.48727	76411623.0253906
91.5260016666667	93215356.6601563
91.564195	94627237.7697754
91.6039616666667	79929655.9104004
91.6406683333333	109834959.083496
91.677555	112547690.742676
91.7179233333333	135106098.36084
91.7574083333333	157413495.685547
91.7957616666667	140332007.001953
91.83132	134189136.364258
91.87127	130545979.223389
91.9096716666667	113264023.344971
91.950745	122377703.90918
91.9894133333333	84793678.4680176
92.0310133333333	86860711.2460938
92.07223	64894273.1486816
92.1127616666667	73528280.489502
92.1528433333333	71332349.3710938
92.1939783333333	102491985.509033
92.2286166666667	92963500.5976563
92.2650633333333	117567615.173584
92.3040483333333	90169659.1013184
92.3477433333333	92809825.8469238
92.3901116666667	76162177.8537598
92.4341366666667	63253035.0305176
92.47582	53087391.9638672
92.5191733333333	60352490.8532715
92.5618183333333	71457927.6777344
92.6028516666667	52856297.4423828
92.6452583333333	46266204.2315674
92.690045	62573271.1306152
92.7298566666667	67295225.2055664
92.77456	56575309.5859375
92.8180216666667	75645452.1347656
92.85978	77702514.9282227
92.9007366666667	63092103.2609863
92.9411683333333	56120994.7783203
92.9823883333333	51044801.223999
93.0258316666667	58790454.8222656
93.0691316666667	46998157.1256104
93.11201	55395512.6210938
93.1562333333333	68616468.5991211
93.1992233333333	50578000.5526123
93.2420733333333	52689013.3044434
93.2828066666667	47393239.0462646
93.32458	53572411.8638916
93.3662916666667	67427766.050293
93.40712	65562954.5239258
93.4500483333333	68328075.395752
93.49379	41638814.3415527
93.5384183333333	46616941.2036133
93.5822633333333	46685926.5593262
93.6273183333333	59932448.28125
93.6698666666667	63787964.1340332
93.7136566666667	55007052.6721191
93.7561033333333	53498778.2915039
93.8005733333333	46128950.8043213
93.8443133333333	40993578.1019287
93.8883816666667	34999380.8557129
93.9329183333333	27728411.4643555
93.97912	26474469.953125
94.0255683333333	45161569.4255371
94.0680616666667	36700122.34375
94.11429	30940363.796875
94.1585733333333	29910112.0786133
94.2011516666667	28315568.8881836
94.2455966666667	26377587.4492798
94.2915566666667	34785285.6242676
94.334205	30387841.1655273
94.37905	26057513.5646973
94.4222316666667	32137021.2069092
94.4688466666667	24832000.3876953
94.514435	23340296.9033203
94.5598533333333	32799946.5905762
94.60542	21726857.3702393
94.6511466666667	20322904.5608521
94.6969416666667	28260556.4395752
94.7424	19707408.9606934
94.7890733333333	18059933.522644
94.8347216666667	23677390.4787598
94.8807266666667	35929497.5220947
94.924845	33264764.2579346
94.96793	28487838.7706299
95.0137266666667	30144776.6296387
95.05848	26173941.7572021
95.1021816666667	23792496.3070679
95.1486933333333	19671930.7140503
95.1937866666667	22736496.0759888
95.23898	23670903.5544434
95.284025	24378026.6254272
95.33025	25962100.6557617
95.37318	25046959.6271362
95.4199383333333	25137446.4281616
95.4641166666667	22843017.0595703
95.51061	29194348.4660645
95.5541933333333	26733837.6071777
95.5996333333333	24293442.68396
95.646075	28169311.6517334
95.6925666666667	18492453.4925537
95.7379433333333	23025839.3668213
95.7829383333333	40246588.5170898
95.8286033333333	30643881.4949951
95.8739033333333	32607608.8571777
95.91845	27113314.4693604
95.9640383333333	37805216.8320313
96.003975	20529042.2102051
96.049735	19975997.4362183
96.09452	17932450.3344116
96.1399633333333	26675370.1948242
96.18606	27386250.9599609
96.23177	25359666.9599609
96.2778066666667	19671723.041748
96.3227166666667	30477656.1070557
96.3685583333333	36499620.223999
96.41157	26658274.8668213
96.4579983333333	33887514.0137939
96.5014683333333	21367050.2728271
96.5458266666667	18678065.8934326
96.59158	31761406.0335693
96.6369733333333	37393825.1815186
96.6824816666667	19880300.5914917
96.72737	24372823.5028076
96.7737783333333	30001665.2125244
96.8180833333333	33023167.302002
96.86363	31256668.1134033
96.9084116666667	19731002.121582
96.95458	26760742.0401611
97.0001733333333	18283668.4750977
97.0433883333333	16972648.855835
97.08891	19913230.6920776
97.134455	14207029.7824707
97.181135	14901949.0674438
97.2267233333333	24788034.9232178
97.271295	24580767.9754639
97.3150033333333	19072794.2890015
97.3600916666667	19598314.5827637
97.4071016666667	27638884.0862427
97.4498233333333	29124410.7332764
97.4964883333333	19440677.3223877
97.5417933333333	36292619.7915039
97.5859933333333	32695606.8862305
97.6317716666667	28241892.6046143
97.6755616666667	21058502.4598389
97.7219516666667	19341481.0198364
97.768455	29614318.9698486
97.812455	24774886.630249
97.85864	29926093.7891846
97.904445	13706577.8967285
97.9513916666667	17705852.4286499
97.9982516666667	16079134.454895
98.0450833333333	20832075.4302979
98.08744	20620036.2487793
98.1333783333333	15226323.4448242
98.17975	16327538.4387817
98.2261016666667	15159595.5818481
98.273095	20119676.5455933
98.3180183333333	15801608.4981079
98.364245	16184637.2623291
98.4096516666667	17670822.2131958
98.4552016666667	19779626.8336182
98.5004416666667	14099967.4674683
98.5462816666667	24693703.3485107
98.59089	19179184.4880981
98.6360416666667	29709471.2076416
98.6800966666667	15879628.105957
98.7262216666667	15961291.3630981
98.7729066666667	17076000.6987305
98.8187066666667	20541385.166626
98.8611816666667	14720661.6531982
98.907875	20900529.0255737
98.9529733333333	17112074.3036499
98.9989116666667	18793126.928894
