RetentionTime	Intensity
0.00526166666666667	185754.215671539
0.0503383333333333	178764.762336731
0.0935483333333333	174331.691673279
0.11789	195714.349338531
0.160201666666667	273635.271453857
0.207043333333333	182805.080715179
0.224485	228991.806671143
0.247185	199464.420528412
0.269768333333333	170030.523353577
0.291678333333333	226874.516868591
0.311333333333333	277486.686149597
0.360021666666667	230584.371459961
0.382031666666667	227447.908260345
0.40731	231103.17988205
0.421733333333333	210053.765483856
0.45435	233197.812099457
0.472763333333333	232837.951587677
0.494545	227830.258144379
0.513213333333333	226513.451915741
0.542878333333333	199335.673130035
0.557371666666667	216728.446949005
0.579505	219246.006587982
0.608981666666667	221876.562255859
0.634568333333333	255695.070823669
0.666788333333333	207312.86932373
0.685005	304040.075996399
0.713053333333333	268101.574562073
0.73487	376743.282562256
0.78108	400824.052757263
0.82715	488793.209960938
0.873173333333333	521174.960205078
0.918431666666667	475328.397377014
0.964408333333333	394841.003364563
1.01142666666667	575647.897155762
1.05708333333333	450061.722236633
1.09834666666667	532484.207130432
1.14199333333333	384727.865333557
1.18702	445349.608306885
1.232995	327723.694602966
1.27841333333333	336745.038398743
1.32466	391601.924728394
1.371195	315013.337310791
1.41848666666667	367165.617729187
1.46563666666667	290922.28868866
1.48704833333333	369906.353378296
1.53396166666667	321280.297561646
1.57677833333333	292576.947883606
1.612985	481250.397720337
1.65873666666667	313168.349769592
1.69496	339094.975845337
1.74051	323157.200637817
1.77649833333333	293414.204193115
1.81284666666667	330076.568618774
1.85999166666667	289060.246887207
1.87449333333333	310568.216072083
1.89857333333333	319955.953681946
1.94277	284677.123771667
1.99066833333333	308122.35244751
2.01899333333333	348632.503036499
2.05906166666667	271664.617195129
2.08119333333333	373402.637908936
2.12205666666667	318749.734016418
2.16679166666667	633978.651992798
2.21227666666667	522108.96862793
2.25720166666667	340033.23790741
2.30210666666667	520673.431785583
2.34784166666667	494547.885971069
2.393765	373400.418228149
2.43944833333333	306960.17099762
2.4759	325269.544006348
2.52191166666667	322855.234291077
2.56856833333333	476888.630455017
2.61452333333333	352103.390724182
2.66145833333333	370655.208618164
2.70487833333333	518600.268638611
2.75061333333333	519589.79851532
2.79662666666667	504986.999809265
2.84284	494995.13860321
2.88862666666667	506227.482208252
2.93442833333333	434133.438964844
2.98112333333333	520050.978927612
3.02685833333333	476649.240097046
3.07303	475365.457176208
3.119695	530244.517196655
3.16034833333333	566355.205978394
3.20433333333333	442588.879180908
3.25095333333333	435206.806106567
3.29668	452201.980522156
3.34168	416321.591873169
3.38807833333333	463455.126525879
3.43427166666667	467297.547897339
3.47985166666667	433891.981330872
3.52502	491247.792060852
3.57108	469795.955467224
3.61691333333333	489640.016220093
3.66218333333333	372442.94380188
3.70852166666667	478088.504638672
3.75486333333333	465549.427284241
3.80053833333333	479490.382575989
3.84624	485785.007537842
3.89215833333333	509378.884597778
3.93775	290451.2029953
3.96264666666667	441949.355316162
4.00903333333333	362598.267356873
4.04901833333333	482383.547859192
4.09541333333333	541410.649757385
4.14105666666667	467841.302467346
4.181165	481181.729820251
4.22484	439719.738327026
4.27098	370762.621894836
4.31754333333333	468859.342758179
4.36336333333333	387329.729400635
4.410205	470275.920768738
4.45475833333333	501442.23235321
4.50094333333333	251052.597251892
4.52599166666667	275440.880767822
4.555175	252713.179042816
4.57409	280289.521400452
4.60662166666667	302010.431045532
4.627735	283148.636047363
4.67457333333333	464689.412918091
4.72054333333333	443023.016197205
4.767155	459179.436958313
4.81307666666667	410474.076721191
4.85967166666667	436056.57913208
4.90495333333333	473138.485580444
4.9511	471716.220939636
4.99704833333333	502512.749740601
5.04294166666667	422582.841468811
5.08910833333333	452172.914962769
5.13558833333333	462748.332481384
5.18212333333333	388341.014419556
5.22338666666667	494424.066696167
5.26774166666667	443826.572647095
5.313715	258055.094902039
5.32376	278646.880386353
5.37084166666667	428265.93863678
5.41752	463697.772720337
5.46101333333333	469157.391067505
5.50724333333333	463048.693199158
5.55200666666667	499343.156410217
5.59799666666667	459979.115913391
5.64457166666667	439405.532096863
5.69087666666667	474746.475669861
5.73719	439858.813056946
5.78307833333333	482184.200492859
5.82937166666667	480744.34690094
5.87554666666667	403306.761962891
5.92260833333333	449347.698112488
5.969345	452113.543411255
6.01572	462020.567626953
6.06297333333333	376104.054992676
6.11001333333333	412424.670478821
6.15583666666667	341858.855072021
6.1921	442446.795410156
6.23303	445884.526603699
6.277805	433836.187088013
6.32331666666667	495695.692115784
6.36942333333333	462260.579292297
6.41507666666667	440984.079277039
6.45976333333333	448230.32988739
6.50538666666667	427160.910125732
6.55076333333333	444162.09198761
6.59564333333333	442790.966644287
6.64238666666667	438807.055259705
6.68915166666667	396094.644432068
6.73607833333333	543043.987609863
6.78215666666667	447408.242156982
6.82812	467313.697143555
6.873255	473683.494369507
6.91922833333333	383809.955856323
6.96519	459772.390968323
7.01128	499928.737220764
7.05617666666667	492885.220794678
7.10229666666667	455063.167442322
7.148575	459884.463394165
7.19479833333333	1171686.97987366
7.240135	338785.549602509
7.28226666666667	456658.44329071
7.32705	531349.139602661
7.37350166666667	625125.272514343
7.419655	717960.590698242
7.46606666666667	1425477.9745636
7.51033166666667	1423757.03978729
7.55477166666667	1201959.38019562
7.59954	1062002.22484589
7.645455	1676007.10447693
7.690045	2068652.84231567
7.73562	2797844.44238281
7.78133666666667	3178649.18095398
7.82724833333333	5341218.56442261
7.873865	7231566.25790405
7.92037333333333	9881171.17337036
7.96571833333333	9731990.77139282
8.01142333333333	12336720.2729492
8.05623833333333	15262899.0373535
8.09956	16497210.3114014
8.14432166666667	19973951.8505249
8.18836666666667	31302981.8883667
8.23014333333333	53578401.7103271
8.26777333333333	66987309.8862305
8.30793666666667	63111156.3371582
8.34937	52190730.3847656
8.38724666666667	53040960.5301514
8.43010833333333	43736864.1030273
8.47365333333333	35549224.9528809
8.51967833333333	37068450.7194824
8.563435	32718621.3005371
8.60651	39151441.2783203
8.64913333333333	38150982.9569092
8.6926	36783237.2415771
8.73767166666667	37023855.2462158
8.78297	32768910.5568848
8.82818	34746292.9625244
8.872325	32657414.9832764
8.91167666666667	35560370.1287842
8.95105666666667	30657454.3374023
8.99306333333333	27923402.4597168
9.03538666666667	24556700.2509766
9.07559666666667	20599620.1280518
9.12072666666667	30123336.4572754
9.16131333333333	28661931.8580322
9.20407666666667	38831066.7973633
9.24441	58336067.8293457
9.280635	63736283.3181152
9.32209166666667	54273020.9299316
9.36287666666667	37654622.9676514
9.40277833333333	30476314.1040039
9.443515	32466766.126709
9.48694666666667	29405908.2406006
9.52874	31264970.8535156
9.569225	36857445.3635254
9.613205	30698741.1203613
9.65387666666667	31203592.2364502
9.69614666666667	30428049.9157715
9.73598166666667	27114585.434082
9.77723333333333	26022715.295166
9.81849	24020551.4797363
9.85682833333333	25279875.8775635
9.89666	25255657.6243896
9.94190166666667	25475612.4946289
9.98583833333333	25052800.454834
10.0263866666667	25272870.2889404
10.0682566666667	27098193.3634033
10.1076066666667	28490299.0637207
10.145515	36903025.7746582
10.1877566666667	32545831.1159668
10.2292133333333	37177088.5401611
10.267765	35253120.5294189
10.30871	30982061.9866943
10.3490783333333	34497972.1239014
10.38973	45531316.7702637
10.4281783333333	79001524.1557617
10.4633833333333	97823613.9733887
10.4976933333333	85585773.3510742
10.534835	53920865.9123535
10.57672	77189933.2785645
10.61384	77554881.9768066
10.654805	78346341.5107422
10.69339	105770542.609619
10.728425	90738432.7280273
10.7672533333333	98412262.2084961
10.8075333333333	118868335.447754
10.8438966666667	117642311.497803
10.880335	92484778.7661133
10.916295	106197511.13623
10.9502683333333	117716716.377686
10.98659	88606589.8342285
11.0289783333333	102508048.093262
11.0659716666667	83703783.6977539
11.103175	132765040.049561
11.136705	120359714.390137
11.1727116666667	140375626.03418
11.2102366666667	158483734.65918
11.2489666666667	185930705.893555
11.2851683333333	160700466.637207
11.3255766666667	165068087.242676
11.3585366666667	177353525.901855
11.3935016666667	125662425.654053
11.4312483333333	151387234.669922
11.468695	195484491.346191
11.500385	200468147.333984
11.534075	225213233.174805
11.565885	216743173.01416
11.599595	181125400.252197
11.6346066666667	164327507.884277
11.672755	165149534.809082
11.7042916666667	133974841.032715
11.7447766666667	177051382.986816
11.7799666666667	194274192.283203
11.8129233333333	222242256.003906
11.85032	245280121.949219
11.8816716666667	271014065.862793
11.914805	356302567.306641
11.9464283333333	350023353.826172
11.9765483333333	334261524.491211
12.0177783333333	404608247.79541
12.0482866666667	536018339.726563
12.0782483333333	435042779.329102
12.1134233333333	398088685.641602
12.14789	320314604.599609
12.1784166666667	350617389.649414
12.21282	331366275.996094
12.2426416666667	292075665.585449
12.274015	195543971.584473
12.3060833333333	174915597.379883
12.339285	177249306.151367
12.3723416666667	194658450.322266
12.4048016666667	198691512.143555
12.4438333333333	184431191.409668
12.4750983333333	148923818.458008
12.5072533333333	165431945.974609
12.543525	187454483.404785
12.573945	171386686.712402
12.6091383333333	218490378.087891
12.6420683333333	239181109.31543
12.676815	266371796.763672
12.712085	277067204.583008
12.7421733333333	314577482.960938
12.7769083333333	269375978.448242
12.8131766666667	243102437.368164
12.8468983333333	310428431.412109
12.88566	353007791.425781
12.9205666666667	323859574.641602
12.9550533333333	314931426.275879
12.9854283333333	306372599.70752
13.02092	236651147.779297
13.0564783333333	282159461.617188
13.0866383333333	304851405.990234
13.119575	338155726.412109
13.15758	369521473.746094
13.1878616666667	355453759.962402
13.2218966666667	343973409.431641
13.255135	301862679.717773
13.2886116666667	343924704.876953
13.3198216666667	340750800.873047
13.350075	266002203.481934
13.38063	284600134.146484
13.41074	323378718.160156
13.4434083333333	469498213.297852
13.4744766666667	456262353.182617
13.5050466666667	352692202.211914
13.5346916666667	407400367.90625
13.5696566666667	377567114.68457
13.6021733333333	371857588.170898
13.6338466666667	441968742.266602
13.6645966666667	366169071.629883
13.699005	363670618.664063
13.72881	394116495.192383
13.7609716666667	453938122.714844
13.7923	463715023.849609
13.82509	750087548.857422
13.8553116666667	562452129.321289
13.8878183333333	582481923.982422
13.92318	785769474.581055
13.954495	465194982.768555
13.986985	562594499.158203
14.0179783333333	692714433.046875
14.0505233333333	632341044.131836
14.082615	749352298.46875
14.1133666666667	673164685.570313
14.149875	657940226.44043
14.1859983333333	639951586.847656
14.2204566666667	571108111.907227
14.2590233333333	617168438.40625
14.290245	659535888.105469
14.3203583333333	639875433.798828
14.3513083333333	763007538.236328
14.381375	631272314.921875
14.4147133333333	600347534.5
14.4465116666667	699225243.323242
14.4756533333333	535592086.614258
14.507985	500020930.634766
14.5376816666667	634524362.394531
14.5665833333333	519854473.391602
14.5984966666667	463255894.18457
14.6298483333333	428200666.039063
14.6622366666667	403795222.488281
14.6955216666667	436075238.829102
14.7272966666667	421370681.667969
14.75585	396094541.296875
14.784645	383813168.295898
14.8142566666667	418697778.589844
14.8463	488520203.30957
14.8799533333333	568631902.113281
14.9100083333333	445532909.402344
14.9445016666667	418220814.121094
14.975945	389939539.44043
15.0086216666667	442775428.088867
15.0390816666667	452426945.393555
15.071665	442797418.510742
15.107095	543526760.21582
15.1378383333333	407815835.037109
15.1682816666667	486192842.621094
15.1987966666667	402539443.458984
15.2322483333333	573253711.010742
15.264365	527865750.988281
15.29886	461511159.329102
15.32668	473280024.55957
15.3605683333333	459047229.987305
15.3912866666667	663741216.910156
15.42003	473813444.165039
15.4581816666667	458269268.224609
15.48961	768363742.332031
15.5208133333333	555007836.071289
15.552185	623769836.166016
15.5837016666667	559478797.339844
15.61659	746849076.038086
15.6455016666667	705968512.974609
15.67659	806466997.336914
15.7072266666667	842459620.179688
15.7372333333333	792795018.427734
15.7700666666667	809756928.449219
15.8014616666667	591211174.111328
15.8373516666667	490404924.1875
15.87455	519356615.553711
15.9106	593370749.772461
15.9445733333333	453849469.282227
15.9764216666667	390853035.764648
16.0078983333333	337262839.578125
16.0405183333333	322938746.708984
16.0742183333333	483512183.994141
16.1060666666667	622423025.167969
16.137155	450807893.09375
16.1719766666667	480768899.194336
16.202145	479145859.583008
16.2353783333333	547965418.833008
16.266655	358982221.553711
16.3014333333333	548300127.646484
16.33357	507651639.706055
16.3645483333333	544007820.948242
16.3960633333333	477046292.049805
16.4295216666667	487082807.767578
16.4598383333333	462157526.682617
16.4943416666667	481306869.942383
16.5257866666667	506060131.819336
16.5577966666667	437666535.353516
16.5891283333333	415636397.144531
16.6208266666667	380474544.585938
16.655405	485294167.670898
16.6864783333333	459081710.360352
16.7188516666667	492513598.978516
16.7486916666667	480312638.945313
16.7804866666667	599111467.922852
16.8136116666667	577468027.819336
16.8466783333333	483494069.015625
16.8798033333333	505513704.866211
16.91594	561102357.78125
16.9484283333333	545960796.753906
16.982145	646899398.197266
17.0133316666667	661757262.113281
17.04313	697609019.527344
17.0754616666667	787359845.144531
17.1058883333333	828321956.6875
17.1369916666667	681875859.567383
17.1674766666667	821362522.466797
17.199005	723088455.485352
17.231295	978784058.957031
17.26226	750103106.138672
17.296325	827513526.962891
17.3319216666667	722800873.017578
17.36741	646781723.453125
17.397995	568287872.754883
17.429775	592052385.460938
17.4613533333333	625393622.957031
17.4934966666667	483644346.279297
17.5249866666667	480984911.736328
17.5567166666667	567227827.571289
17.5884233333333	490958412.162109
17.6190266666667	547439295.454102
17.650195	482252001.803711
17.68208	574489124.791016
17.71114	526903459.466797
17.7417	532869719.813477
17.771585	439597712.341797
17.8024316666667	442133303.891602
17.8330116666667	488468025.536133
17.8638733333333	537580671.606445
17.89165	566809951.697266
17.922265	537506313.956055
17.9521616666667	515844714.329102
17.98405	501436778.020508
18.0150166666667	421189813.866211
18.0462433333333	403288264.373047
18.077455	487751411.115234
18.10894	394752415.211914
18.1418733333333	314427141.167969
18.17468	423294693.132813
18.209215	430154927.182617
18.2385583333333	483961970.883789
18.2696766666667	633198508.146484
18.30385	611715120.876953
18.3361983333333	632468157.75
18.3665016666667	583190264.371094
18.397295	535407376.205078
18.4289716666667	573709256.74707
18.45759	469169604.106445
18.48944	469237657.522461
18.5217933333333	472801605.887695
18.5521566666667	577896264.205078
18.5840383333333	454188508.016602
18.6171683333333	588237993.681641
18.6490166666667	511491520.054688
18.6831833333333	562088098.326172
18.71812	540550756.552734
18.748065	517403044.335938
18.778075	627503233.523438
18.81075	627727887.304688
18.8382683333333	514319763.986328
18.8729033333333	589902982.305664
18.9048883333333	722535565.970703
18.9375233333333	590740995.276367
18.9714016666667	501526763.783203
19.00277	542382541.174805
19.0340783333333	551805607.915039
19.066865	590617520.09668
19.0979466666667	642324690.984375
19.127205	562070268.890625
19.1580033333333	720631190.78125
19.1901433333333	675515750.474609
19.2203366666667	809879433.306641
19.25028	791172149.777344
19.2812666666667	790957669.908203
19.3132716666667	676526759.813477
19.34364	725839950.625
19.378755	584967198.013672
19.41052	744177345.859375
19.4398	572488139.144531
19.4704	559689450.634766
19.499695	585875355.410156
19.5322033333333	704279356.867188
19.56565	659108961.611328
19.5974383333333	700574593.037109
19.6312783333333	632931616.728516
19.6644666666667	416936589.610352
19.6978333333333	457566848.601563
19.7290283333333	589495387.332031
19.760645	420761488.485352
19.7939016666667	477271615.771484
19.8232516666667	399747147.662109
19.85449	414767652.452148
19.887295	406900463.913086
19.9187766666667	437428394.789063
19.9508216666667	360177681.661133
19.98178	448833524.148438
20.013785	381740142.022461
20.0475383333333	532090442.816406
20.0776133333333	516819561.623047
20.1069516666667	499066996.006836
20.1359566666667	440495602.427734
20.1677116666667	354395580.492188
20.1989983333333	390821761.22168
20.233725	513250256.196289
20.2657866666667	631982304.181641
20.296925	533757705.163086
20.3280933333333	513958110.52832
20.3603583333333	730036087.916016
20.3928216666667	661941240.962891
20.4266833333333	642201895.645508
20.4572	564776528.931641
20.4886633333333	495786480.692383
20.52189	727558943.101563
20.55323	609641167.137695
20.58491	593873271.095703
20.618995	516627070.538086
20.6544366666667	643971831.636719
20.6881866666667	542757383.857422
20.7218083333333	605993472.626953
20.7533866666667	624428112.048828
20.785865	555285366.734375
20.8173433333333	556756100.974609
20.8486083333333	486438896.00293
20.880105	466960708.830078
20.911105	480580668.467773
20.942365	537478816.46875
20.9735733333333	462810355.332031
21.0064366666667	471865327.375977
21.0372266666667	564094039.453125
21.06601	557371378.773438
21.09627	473449299.738281
21.1291633333333	488151745.631836
21.1608733333333	608480157.322266
21.1932816666667	468805229.597656
21.2251366666667	608912569.263672
21.2563	582847517.927734
21.2859966666667	523888044.489258
21.3163316666667	499175849.888672
21.3487516666667	614501273.298828
21.3772016666667	668246949.961914
21.4079816666667	608883931.00293
21.4380783333333	586819480.911133
21.4685716666667	607120230.544922
21.5036816666667	653022188.204102
21.536015	550928318.116211
21.571115	664799053.458984
21.60103	704121135.791016
21.63428	516984346.807617
21.6656516666667	658126837.572266
21.694485	549826403.299805
21.72836	630536964.589844
21.7609416666667	575496929.079102
21.7917633333333	633111870.654297
21.8227583333333	667732972.199219
21.85393	584633096.839844
21.884715	641904608.03125
21.91509	530930886.432617
21.9476416666667	548743154.884766
21.978895	541749264.080078
22.0100483333333	511141353.179688
22.0435933333333	595091622.445313
22.07622	503670834.848633
22.10914	583921709.349609
22.1408833333333	618162000.875
22.1736366666667	549630557.661133
22.2061916666667	538625703.967773
22.2371633333333	550505910.154297
22.2683916666667	561608235.614258
22.3012583333333	682037720.800781
22.3331616666667	672682134.804688
22.3646733333333	640923319.098633
22.3969566666667	625321350.830078
22.43086	741624148.412109
22.4641566666667	579588712.128906
22.4979433333333	629032716.697266
22.529905	586768682.388672
22.560725	696755780.916016
22.592145	681800854.210938
22.6239283333333	646102616
22.6549166666667	581437369.763672
22.685565	619205511.681641
22.7157	489140332.553711
22.7474366666667	598086563.222656
22.7800166666667	494477056.53125
22.8152466666667	539878934.178711
22.84642	519066898.821289
22.87624	617645601.625
22.9044616666667	584478831.324219
22.9340516666667	607145329.958984
22.9652733333333	557932123.875977
22.9954466666667	585436477.136719
23.0256416666667	655913999.191406
23.05699	593164356.880859
23.089445	594145584.572266
23.1222933333333	626674927.916016
23.1532683333333	548342728.023438
23.1849483333333	471050622.863281
23.21598	489116103.358398
23.24443	498657346.933594
23.2759766666667	574160968.283203
23.3066683333333	534991993.845703
23.3350483333333	477973612.894531
23.3656583333333	542060926.167969
23.397075	533057902.875
23.4279216666667	565937813.335938
23.4602683333333	630589393.628906
23.4927066666667	779082424.027344
23.5237416666667	588696075.483398
23.5538533333333	768225637.708984
23.5841666666667	724096889.649414
23.6152416666667	763236893.800781
23.645335	701545476.804688
23.6750333333333	724503728.248047
23.7066216666667	706904196.306641
23.73885	731737637.580078
23.7701733333333	596415575.623047
23.8002216666667	735669165.46875
23.82903	627304610.125977
23.8603233333333	580494000.447266
23.89208	603081983.849609
23.922505	489078783.368164
23.9536833333333	480608499.31543
23.9879383333333	606535785.414063
24.0176266666667	548832266.685547
24.0478416666667	671022440.757813
24.07676	703744164.855469
24.1080116666667	731563328.396484
24.1406433333333	817497460.166016
24.1723916666667	821230419.949219
24.2029566666667	875812413.371094
24.2346416666667	871491031.496094
24.267005	866296046.636719
24.299595	882332491.134766
24.3307333333333	875523963.464844
24.364775	824561655.859375
24.4001183333333	810472105.857422
24.4351833333333	842912066.759766
24.4677933333333	840019776.396484
24.4996883333333	732483046.182617
24.5301083333333	572968918.78125
24.5630333333333	641722664.857422
24.591895	628901890.732422
24.62189	654040756.355469
24.6554466666667	614996401.663086
24.6839233333333	582466216.643555
24.7139016666667	602034868.574219
24.7463533333333	708254369.125
24.7759816666667	699578980.898438
24.8071583333333	732904334.111328
24.836	733409753.421875
24.8666933333333	544624010.555664
24.8964116666667	643617542.910156
24.92727	577275110.736328
24.9570783333333	610792901.474609
24.9889833333333	648380758.527344
25.0223666666667	785215552.414063
25.0533716666667	662789774.824219
25.08475	634348837.841797
25.1147733333333	794095956.03125
25.1474966666667	855441831.197266
25.17738	709186674.421875
25.2063616666667	759771443.458984
25.2372316666667	751752394.787109
25.2673116666667	679444680.679688
25.29732	702132151.568359
25.3266633333333	718908422.691406
25.3565433333333	766292421.023438
25.3869183333333	732515715.851563
25.4161383333333	754589193.277344
25.4478833333333	632331098.109375
25.4784066666667	642287048.476563
25.509625	753188875.216797
25.5406033333333	709829196.837891
25.573535	645619807.818359
25.605905	691930414.851563
25.637875	595655999.874023
25.6712716666667	696703250.177734
25.7036683333333	734042426.050781
25.73732	661758816.115234
25.7716233333333	622997643.125
25.804305	731619338.941406
25.8342966666667	611280551.617188
25.8654533333333	557018946.430664
25.8967166666667	568877010.786133
25.9282083333333	548978864.195313
25.9593566666667	592231199.292969
25.98973	659105690.306641
26.0207183333333	610162302.988281
26.0527116666667	678253766.541016
26.08276	612342846.427734
26.1137783333333	648024482.699219
26.1444383333333	567390382.056641
26.1767983333333	578691716.254883
26.207055	718573797.375
26.2373316666667	618684652.722656
26.269865	626698493.526367
26.2997716666667	618081364.207031
26.3304283333333	709201834.660156
26.36033	799862364.552734
26.39087	727412366.775391
26.420635	597697274.683594
26.45153	569890769.78125
26.4834283333333	667244366.474609
26.5157633333333	620843685.646484
26.54702	545613767.098633
26.5774916666667	662687283.238281
26.6093833333333	710836235.478516
26.6384266666667	586656215.953125
26.670765	655856327.603516
26.7008216666667	647364594.445313
26.73206	724701694.900391
26.7626666666667	618173425.22168
26.7928866666667	795346227.861328
26.8238733333333	737435679.808594
26.856565	739135699.625
26.88696	713233739.900391
26.920235	825636854.892578
26.9494433333333	651699071.767578
26.9796383333333	755137023.949219
27.008405	801230414.378906
27.0377633333333	820956387.244141
27.06637	786653920.708984
27.09835	900093004.154297
27.1299933333333	777295876.789063
27.1634966666667	770581410.887695
27.1952533333333	664327336.927734
27.2276716666667	837610110.574219
27.258935	613744383.623047
27.2887716666667	616000902.379883
27.3180283333333	605388650.072266
27.3485733333333	594268590.979492
27.3782983333333	624930148.318359
27.4085616666667	568431497.443359
27.437785	610675862.25
27.4686016666667	512478802.097656
27.5002783333333	543879545.673828
27.530185	674174613.388672
27.5605	678022806.101563
27.5917933333333	577187868.707031
27.621535	555427527.029297
27.651485	617895591.994141
27.68169	671432251.240234
27.711575	694841884.431641
27.7416283333333	756217013.921875
27.771925	727149952.636719
27.80241	745156530.501953
27.8329366666667	791937183.123047
27.8641516666667	704992466.826172
27.8943816666667	735787284.648438
27.9260766666667	893026148.09375
27.9559433333333	686791726.330078
27.987755	731058966.953125
28.0193083333333	689835198.130859
28.049855	719591102.929688
28.080165	770406377.757813
28.110945	752030514.808594
28.1425916666667	722525445.945313
28.1738033333333	621293306.511719
28.203355	582681523.763672
28.233895	706755813.480469
28.2649	737135489.25
28.2950166666667	642285128.976563
28.3256533333333	751905731.314453
28.3545733333333	739957768.289063
28.3854566666667	690289469.984375
28.4139866666667	689745390.953125
28.4460433333333	887901512.296875
28.4758366666667	883977857.875
28.505985	797082062.763672
28.537095	984596561.943359
28.5671733333333	1110225686.91602
28.59741	958897294.582031
28.6280266666667	983044452.283203
28.65849	1174279225.95117
28.6876916666667	975662056.892578
28.7209666666667	1138728640.65625
28.7512266666667	1110105762.87891
28.7814033333333	1127022266.37695
28.8109883333333	1224744157.38867
28.8423033333333	1154618470.86719
28.8767033333333	1415519347.03711
28.90878	1255968592.82031
28.9415233333333	1116714819.58594
28.97207	1144100992.35742
29.0044366666667	1008215839.59766
29.0348583333333	1001294131.93359
29.0690416666667	973235278.710938
29.1001816666667	922209379.455078
29.1327266666667	951731599.863281
29.16362	900856774.865234
29.19515	738878328.478516
29.2271716666667	770979758.664063
29.2591733333333	852049035.072266
29.2925566666667	810934090.638672
29.324805	771568851.166016
29.3556666666667	781109190.099609
29.3850516666667	725876907.324219
29.416395	741853141.78125
29.44626	792045912.443359
29.47652	735637402.623047
29.5069766666667	704008223.496094
29.5387266666667	826358842.025391
29.56842	928805785.599609
29.6004283333333	952329376.988281
29.6306116666667	940336943.595703
29.66194	793976140.253906
29.6930566666667	1004686849.56055
29.7229016666667	889590579.832031
29.75371	887144399.035156
29.7852916666667	847068529.931641
29.8170433333333	850343081.171875
29.8479383333333	921087763.371094
29.8794283333333	919758423.296875
29.9101383333333	798960838.738281
29.940875	935269236.130859
29.9706266666667	917329804.150391
30.0009016666667	938502718.03125
30.031605	816273004.259766
30.0622633333333	800937039.310547
30.0920416666667	978878812.564453
30.1220983333333	877883554.417969
30.15221	891325454.101563
30.1827766666667	1085564317.23047
30.2117866666667	1146212111.18555
30.2411833333333	1005851405.87109
30.2710483333333	798078471.632813
30.3000883333333	1017926853.21484
30.330975	1083271755.64258
30.3628816666667	963791681.365234
30.3943616666667	959788192.253906
30.4246533333333	1129234447.40039
30.4529733333333	1217594481.72852
30.482395	1220620234.10938
30.5120233333333	1226998329.81445
30.5422366666667	1380134960.5293
30.5732166666667	1189027339.58398
30.6034933333333	1154219295.43555
30.6329916666667	1167624847.32031
30.6640283333333	1266334493.23047
30.6952033333333	1236846127.9668
30.7264216666667	1450811689.08594
30.757225	1230170203.55664
30.789295	1197291287.83203
30.8206483333333	1403580621.78711
30.8524216666667	1246446233.78711
30.8836333333333	1198157656.62109
30.9159883333333	1228962534.35156
30.9456716666667	1264056837.23242
30.9789633333333	1225675515.37695
31.0081133333333	1141681957.74805
31.0409616666667	1324253921.39063
31.07178	1275309826.5293
31.1027533333333	1235718194.84961
31.1334633333333	1272994569.74805
31.1635016666667	1105764335.91211
31.194205	1066616437.20117
31.22527	1160319524.4707
31.2559766666667	987429286.041016
31.289665	997040492.804688
31.322075	1136766713.5625
31.3530666666667	1111902114.72266
31.3853133333333	1210605967.16406
31.4162683333333	1026605809.75
31.4467316666667	1142822664.74023
31.4758016666667	951213828.009766
31.50648	980250850.291016
31.5379	1019159964.14063
31.5690516666667	1143113684.45703
31.5996633333333	1098672725.37695
31.62923	1032434590.04102
31.6593816666667	1113494463.64063
31.689895	1047908625.89453
31.7207433333333	1098059015.23242
31.7507533333333	1074220739.91602
31.7805033333333	1150543613.09375
31.8098566666667	1111434677.78711
31.839425	1181459123.41406
31.8689033333333	1195868334.07813
31.8993783333333	1051604299.20703
31.9293616666667	1029817757.00977
31.9605516666667	1208176656.40625
31.98969	1192492693.33984
32.01689	1046392988.42188
32.0482216666667	1177491038.6543
32.08108	960546683.365234
32.111755	1004501813.75586
32.1438166666667	1010322289.87109
32.1747483333333	968013050.109375
32.205605	989792272.994141
32.2365083333333	905045799.035156
32.2662933333333	1037834855.66797
32.29662	836512605.472656
32.3278066666667	875162643.431641
32.3590233333333	1063730874.38281
32.3919566666667	871932610.101563
32.4224066666667	1153665437.78711
32.4535816666667	1175659434.3457
32.48454	1177760647.15039
32.5167133333333	1157029542.86133
32.5484666666667	1082730154.18555
32.5804866666667	937544825.554688
32.6106016666667	929328609.591797
32.6432633333333	1025236216.6875
32.67574	1063152631.58203
32.7072966666667	936506735.628906
32.73797	992288420.914063
32.76832	820232032.275391
32.8007066666667	964781772.736328
32.832135	1005032603.68555
32.86308	854122763.714844
32.894605	940692792.384766
32.92584	850136594.623047
32.956135	914590977.539063
32.9876966666667	961793127.761719
33.01909	938484034.349609
33.05004	905259943.074219
33.0819266666667	884698437.78125
33.1142516666667	792208045.603516
33.14606	779705970.355469
33.1778333333333	830489287.205078
33.207715	999952203.59375
33.2390533333333	928215838.984375
33.2696883333333	987635967.251953
33.30002	959578926.392578
33.3288133333333	1023106769.98633
33.3574816666667	1059762882.35938
33.38736	1005058552.45898
33.418415	1061463075.90234
33.4493833333333	1088592956.87305
33.4814616666667	962329687.908203
33.5120933333333	885207653.072266
33.5442766666667	1043680882.46875
33.5756283333333	938957142.380859
33.605705	1018618887.42578
33.63606	894942609.652344
33.666465	957609789.033203
33.6967833333333	947085267.320313
33.72768	1060388556.45313
33.7572583333333	1107587432.99219
33.7876933333333	909908801.837891
33.8195466666667	945544490.857422
33.8493133333333	1134430709.04297
33.87889	949049286.066406
33.90945	1048067509.23633
33.939575	863034286.953125
33.970545	850161874.736328
34.0021816666667	830877712.304688
34.0327166666667	961449259.580078
34.0638916666667	856052880.011719
34.09532	819555953.851563
34.12598	955319876.777344
34.15826	895778225.052734
34.1883416666667	1069873731.7207
34.21917	941271978.556641
34.2497333333333	928289256.669922
34.28034	1074344096.60742
34.3113866666667	1162973629.63086
34.3411816666667	992344215.144531
34.37216	1100700177.7832
34.4007866666667	1233584554.06641
34.4300616666667	1228708597.74609
34.4592483333333	943840291.521484
34.4903333333333	1053920768.27344
34.51999	987292473.992188
34.5501683333333	1034666446.85938
34.58193	1057504763.33789
34.6123983333333	944410977.128906
34.6432333333333	1047651954.4043
34.672705	1024608156.3457
34.7037	928382772.277344
34.7338083333333	995074708.730469
34.7641733333333	1001993043.0332
34.7946183333333	937024298.125
34.8263433333333	1011884769.19727
34.8559	926987271.095703
34.885485	950348610.087891
34.91712	994823436.679688
34.9480083333333	988424878.380859
34.97914	1143122497.00195
35.0100783333333	1122314301.93555
35.041475	1177466859.4043
35.0748516666667	1183913168.80859
35.1048633333333	1043918794.28711
35.1381266666667	1157849814.87109
35.1684616666667	1255328908.69141
35.19789	1054301791.73438
35.2269116666667	1039894853.14258
35.2571033333333	1191981764.95117
35.2858	1151438559.05664
35.3170016666667	1086684965.66602
35.3478133333333	1119028301.1543
35.3779083333333	1252716509.13672
35.41064	1083180537.69922
35.439375	1089322265.86719
35.46991	1081755978.54883
35.501355	1139584661.18555
35.5309516666667	1040171787.89258
35.5613433333333	1002601881.92188
35.5913883333333	1095281532.21875
35.6217616666667	1189202669.24219
35.65344	1053880070.74219
35.6845416666667	935529891.703125
35.71574	1048502445.73633
35.7452433333333	866153277.605469
35.7735866666667	939705486.707031
35.8036833333333	1002900856.04492
35.8338083333333	1050942538.76563
35.8635833333333	1098886317.30078
35.8943166666667	1095843742.67969
35.9250066666667	955307750.146484
35.9553866666667	1051924993.83203
35.9850916666667	1074484270.18359
36.0147183333333	1236841765.01758
36.043435	1226440072.26367
36.0734666666667	1149521241.1543
36.1029233333333	1198277911.30273
36.1331766666667	1165566574.88086
36.1630416666667	976699648.140625
36.1930333333333	1143722061.9668
36.2243683333333	1166989502.43555
36.2556583333333	1119688636.57422
36.2861183333333	986071216.113281
36.318095	1019620907.76758
36.3482783333333	770576643.824219
36.37867	899419221.689453
36.4098416666667	961792572.353516
36.44055	840975451.5625
36.4709883333333	923986461.130859
36.501795	953065976.595703
36.5314833333333	857299445.162109
36.56096	854356856.976563
36.5910533333333	975953620.990234
36.6222583333333	1024706796.00586
36.65365	970919678.664063
36.6856316666667	1054263916.55273
36.7165266666667	932246710.275391
36.747685	939581740.246094
36.7779316666667	1043022143.9707
36.80917	1040372986.05078
36.840005	1085839095.39063
36.8693	1090364784.62109
36.898515	1308296994.41602
36.9291783333333	1298298507.41406
36.959005	1168711740.97461
36.9895983333333	1123408936.96875
37.019625	1054944046.5332
37.049665	1191617506.24023
37.0802333333333	1166076015.92188
37.1096383333333	1185485449.83594
37.139295	972036480.771484
37.1699416666667	1088397843.22461
37.2017516666667	960333538.695313
37.2315183333333	803906816.160156
37.2613766666667	1002446479.7832
37.2913783333333	1057160996.07617
37.3228133333333	974393509.298828
37.354825	859603409.755859
37.384725	935476282.589844
37.4147583333333	814684388.042969
37.4455183333333	880801524.716797
37.4756516666667	741584892.660156
37.505615	845641979.714844
37.534555	921655004.470703
37.5657833333333	884623131.167969
37.5981433333333	1089961992.18164
37.6283816666667	907497333.726563
37.659	1089193984.64063
37.6896966666667	1073906849.02344
37.7204016666667	1069654175.92773
37.7507483333333	1154821894.74023
37.7804366666667	1087665323.88086
37.8110033333333	1087023871.70508
37.8423366666667	1062844423.15039
37.8709616666667	1105070605.05273
37.90141	1213413737.2832
37.9297183333333	1001531277.41016
37.9603083333333	999894439.513672
37.992575	985515766.462891
38.02377	926471775.583984
38.0540733333333	956193872.181641
38.0847233333333	892698097.683594
38.116525	954840765.320313
38.1481816666667	783445446.013672
38.1784516666667	808483617.746094
38.2090183333333	843804044.736328
38.23844	793699848.716797
38.2687466666667	874166964.480469
38.2976733333333	911210633.855469
38.3265383333333	882387513.328125
38.3556066666667	1038781614.77344
38.3850833333333	1020423004.35547
38.4131833333333	961773689.089844
38.4423416666667	921680175.195313
38.472385	910216817.515625
38.5020733333333	1016795465.09766
38.5316566666667	1015004632.92188
38.5625466666667	1015162838.5332
38.5931016666667	967356848.554688
38.6229466666667	962233044.824219
38.653905	1074044519.16992
38.6851766666667	1122911308.10352
38.7163666666667	1003379897.73438
38.746945	1054288069.89453
38.778595	1130999723.18555
38.808885	1097176813.36914
38.8404583333333	1090727885.04688
38.870965	1060019222.23047
38.9006416666667	981654948.117188
38.9306833333333	953093102.988281
38.9622466666667	1074373980.79492
38.99254	1085467936.64063
39.022405	960220821.982422
39.0522583333333	1030960304.60547
39.082795	1063545182.42969
39.1138133333333	1002248463.82031
39.1440366666667	1071596139.19336
39.1771016666667	975015226.447266
39.2068783333333	1143577329.24414
39.236215	988140033.029297
39.2667466666667	1133681854.08789
39.29616	1071421315.27734
39.3270133333333	1107522907.13281
39.35879	1037502353.99023
39.3908333333333	1110640007.03906
39.420605	1028103837.17969
39.45022	1069448084.44727
39.4796416666667	1088051204.17578
39.51124	1181926073.66016
39.542275	1004091522.96484
39.5723133333333	1008472713.20703
39.6022016666667	1157144731.04688
39.6320383333333	1148613969.50586
39.6615983333333	1156805852.08789
39.6926033333333	1046658035.90625
39.724515	1090874318.47461
39.7539883333333	1153493213.41797
39.7863933333333	1205835237.42383
39.8162566666667	1190132809.5918
39.8464233333333	1007269506.86914
39.8765733333333	1179895472.14063
39.907135	1070783541.01758
39.936995	994983561.148438
39.967415	971556246.871094
39.99812	976212624.660156
40.0282683333333	930636219.349609
40.0583883333333	1020369048.13672
40.0875416666667	948438399.916016
40.1187316666667	909605995.833984
40.149055	894307553.007813
40.17904	943849522.238281
40.2085633333333	1056319219.08398
40.2387583333333	1027862020.80664
40.2684416666667	1121895596.14063
40.2971666666667	1141995522.66016
40.3272033333333	1120568217.98047
40.358455	1113255262.70703
40.3886916666667	1118777378.10547
40.4185416666667	1118366943.18945
40.4491083333333	1177189977.69141
40.4802266666667	1137982958.16797
40.511085	1098758478.36328
40.5419666666667	1228560972.70703
40.5732383333333	1109789669.13867
40.6045083333333	1107827975.92383
40.6343516666667	1218369716.73047
40.6643366666667	1046195063.05859
40.6954566666667	1112240996.8125
40.7262	1179542911.30859
40.7543266666667	1179921281.83789
40.78286	1124333549.7793
40.8145216666667	1100452703.49219
40.84499	1221282500.96289
40.8764433333333	1145377918.22461
40.9087366666667	1135491907.90234
40.9400783333333	1097923901.69727
40.9717633333333	1070652318.2793
41.0041416666667	1009969533.63867
41.0346133333333	1083826561.82813
41.0647533333333	1101414110.21484
41.0942983333333	1062305025.48047
41.1264116666667	1003124559.91602
41.1572283333333	1002909566.83984
41.1882116666667	938709471.691406
41.2188216666667	949859431.125
41.2501283333333	918425923.960938
41.28064	928141390
41.30918	963501240.222656
41.339125	971360075.46875
41.3691966666667	955569869.714844
41.3983116666667	992623316.296875
41.4278483333333	962178426.982422
41.45652	1058554129.69727
41.4858916666667	1045267744.94336
41.5172816666667	1069967226.5625
41.54821	954131314.875
41.5793983333333	1029894344.05664
41.6080533333333	1071057220.34766
41.6384733333333	1092901074.38281
41.6695333333333	1074692816.71484
41.7000933333333	1111106033.12109
41.7308283333333	1006042672.13477
41.7614116666667	1024963333.50977
41.7928533333333	1101626229.57422
41.8229666666667	1034434726.71484
41.8533083333333	1035844118.00781
41.8837366666667	970415294.6875
41.9145766666667	898198409.056641
41.9441216666667	902768432.308594
41.97573	835465440.699219
42.0061233333333	848686275.800781
42.0371633333333	851565987.015625
42.06717	886040906.466797
42.0984	914687467.056641
42.1281366666667	959037950.892578
42.1586633333333	1027744695.96484
42.189015	985519030.09375
42.218335	988350688.246094
42.248985	945429722.949219
42.2787516666667	940285325.695313
42.3082033333333	995519797.136719
42.3380733333333	949344450.271484
42.3683183333333	945312466.660156
42.398295	933138191.316406
42.42767	1066011986.96875
42.457575	1126944501.87109
42.486245	1126568368.95508
42.5147383333333	1100940577.57617
42.54445	1081422994.77539
42.5744466666667	1173505177.375
42.6055616666667	1159458197.32813
42.6357316666667	1170607953.16797
42.6658333333333	1121783461.24414
42.6955883333333	1204188708.17578
42.72589	1187671687.0293
42.7561	1142700236.36914
42.78708	1201719434.15234
42.817445	1359686904.86328
42.8480166666667	1167338521.68945
42.8775433333333	1164892622.6582
42.90766	1336635153.44141
42.938085	1376674568.97266
42.9682133333333	1353861801.26953
42.997005	1266414161.89453
43.0270383333333	1246660690.17969
43.0575616666667	1260609405.56641
43.0885983333333	1219548291.89453
43.118895	1166974977.52734
43.1500983333333	1120271394.24023
43.1809916666667	1127304367.20898
43.2135733333333	916722747.277344
43.2442816666667	949766948.560547
43.274775	966810448.566406
43.30473	1016745661.52344
43.33518	897066277.109375
43.36562	973710847.351563
43.3970983333333	959932208.550781
43.4268816666667	950094651.058594
43.4571233333333	991733230.994141
43.4870466666667	896403350.810547
43.5161383333333	1136495849.18164
43.5454283333333	1104752156.27734
43.5750483333333	1117990252.78516
43.6053783333333	1175511589.85742
43.63523	1175986707.82031
43.6651916666667	1206962386.77148
43.6955333333333	1120707883.72656
43.72589	1172890526.8457
43.75606	1064046820.45898
43.787255	981622010.224609
43.81734	978591754.333984
43.8471216666667	970357625.925781
43.877735	1047188912.00195
43.9081916666667	1067163983.49805
43.9379833333333	1096562818.31836
43.9667966666667	1104930547.03516
43.9955266666667	1068327206.42188
44.0245733333333	1133098610.22266
44.0547683333333	1081083895.51758
44.084655	1084911915.69531
44.115825	1006019754.12891
44.1467766666667	1067338666.88086
44.1781333333333	1137035096.10742
44.208715	1103806128.62109
44.2398733333333	1168482480.51563
44.2721666666667	1209291689.42188
44.304435	1122173409.27539
44.33612	1200507458.24414
44.3663966666667	1211004090.98047
44.397695	1164100265.70508
44.4272583333333	1068944198.35742
44.4576266666667	1175047287.79492
44.487265	1252052318.00195
44.517535	1242170902.98438
44.5484766666667	1200288219.61523
44.5784233333333	1297592302.14453
44.6090883333333	1276376864.23828
44.6407766666667	1125762240.10156
44.669985	1230189743.45313
44.6993916666667	1216214568.71875
44.7302866666667	1227107194.73047
44.7615316666667	1168186439.72461
44.7904733333333	1123991516.38672
44.821415	1116995192.69922
44.8528483333333	1115596133.99805
44.882415	1106257884.30273
44.91269	1166181539.34375
44.9423133333333	1247127863.36133
44.97148	1307794389.32813
44.999665	1338622875.43164
45.0289483333333	1391516576.69922
45.0579266666667	1424543625.26953
45.0881083333333	1505094399.42969
45.1170383333333	1537387627.97656
45.1465333333333	1533974400.96484
45.177055	1570047389.78906
45.2078533333333	1638321744.20313
45.2389366666667	1462152638.62891
45.26939	1519120801.56445
45.29927	1449480073.6582
45.3292516666667	1376824031.15625
45.3600683333333	1273200476.52148
45.3901416666667	1228885647.26367
45.421485	1290094324.28125
45.4517183333333	1173042363.5625
45.4831616666667	1090663709.37695
45.5148166666667	1143669764.21484
45.54512	1174386492.94922
45.5749916666667	1104556187.31641
45.6059216666667	1026073876.72461
45.6348816666667	1093280107.15039
45.6650333333333	1090418589.37109
45.6955966666667	1100451022.20898
45.7254083333333	1068592848.88477
45.7547466666667	1124756849.49219
45.7859533333333	1177980109.6582
45.816105	1099558447.85742
45.845485	1151849252.78711
45.8755216666667	1153745225.53516
45.905445	1219833003.17578
45.9348166666667	1282524894.26953
45.9653366666667	1332713931.94531
45.9952533333333	1362050690.64453
46.02671	1327938591.04688
46.0576983333333	1396869230.28516
46.0887583333333	1308948024.29688
46.12004	1225399928.95313
46.15177	1210986537.14453
46.1826433333333	1148601930.01758
46.2129233333333	1055776480.59766
46.24328	1069185629.62305
46.2732616666667	1050555630.33398
46.3032383333333	1027387003.5918
46.332935	1157293611.76172
46.3621683333333	1214124202.22461
46.391145	1226760773.28711
46.4213983333333	1277586001.92969
46.4513333333333	1227906877.44727
46.4810266666667	1265201461.42969
46.51102	1303990064.51172
46.540255	1128106746.69531
46.5696583333333	1214823422.05859
46.5982383333333	1082341142.23828
46.630225	1135256238.75977
46.6615383333333	1129990622.51563
46.6928083333333	1124066468.83789
46.7240283333333	1037751457.39453
46.7540583333333	1191080489.50195
46.7838416666667	1225146894.20703
46.8153283333333	1163569423.6543
46.8455466666667	1206516626.25977
46.8744116666667	1185142606.74023
46.9038883333333	1227717145.34961
46.93285	1197826736.76172
46.9640716666667	1272226136.27539
46.99527	1254501839.44531
47.0254716666667	1272396218.88867
47.056155	1230269354.22656
47.0867583333333	1220568813.73633
47.1176833333333	1252034061.73047
47.147905	1203642630.0957
47.1785366666667	1133894710.92188
47.2090066666667	1134022526.97266
47.23825	1067426594.07422
47.2684533333333	1104320534.43555
47.2976333333333	1097458783.95508
47.3268466666667	1125541310.73828
47.3568433333333	1196242444.63281
47.3873533333333	1132522469.81445
47.4181483333333	1125216912.99023
47.447715	1121991862.4082
47.4783866666667	1095732842.32031
47.5093883333333	1043429941.95898
47.54028	946075228.970703
47.5715416666667	1031748840.61133
47.60234	1011074840.12891
47.6326333333333	1041682987.98438
47.6627316666667	1150467167.82422
47.6943066666667	1215216860.79297
47.7269983333333	1321262184.5625
47.75886	1277895772.25391
47.7904683333333	1358651994.82227
47.82107	1461130119.67578
47.8517416666667	1358499576.61328
47.8816033333333	1392868151.42773
47.9116616666667	1337892184.29492
47.9414916666667	1329810092.2207
47.9719216666667	1345298332.68164
48.0020316666667	1313562383.10938
48.0343783333333	1290504788.72266
48.0652716666667	1391590221.46875
48.096095	1352095487.33203
48.1268333333333	1266853689.79688
48.1588333333333	1297916238.17188
48.1897816666667	1241313855.01172
48.2207566666667	1201684214.63672
48.2509916666667	1173549793.6875
48.2808383333333	1193613215.24609
48.3095533333333	1169513780.80078
48.3396366666667	1155145786.7168
48.3704716666667	1127481019.14648
48.401055	1155101806.34961
48.4316383333333	1299801058.54297
48.4626433333333	1204247709.91016
48.492175	1289913238.01563
48.5241883333333	1234263602.85742
48.5544083333333	1343302734.50781
48.58363	1176197135.86523
48.6144666666667	1214489507.17383
48.644665	1195696618.05469
48.67518	1253882110.19531
48.7076883333333	1158851815.32031
48.7392683333333	1170963449.30273
48.7692716666667	1191915568.19922
48.8008316666667	1199017445.96875
48.8320433333333	1178222812.49219
48.8639083333333	1275437600.29883
48.894785	1243324250.82031
48.926305	1203806908.51563
48.9565933333333	1150632765.38281
48.9883766666667	1043003510.71875
49.019645	1096782652.6582
49.05082	977868073.599609
49.0816583333333	932781167.412109
49.112205	1039126627.51953
49.1436266666667	1113637308.97852
49.1736716666667	1113966146.80078
49.2041016666667	1124040044.76953
49.232685	1223813539.60938
49.2620866666667	1276603791.13867
49.29167	1271053615.84766
49.3224033333333	1280580523.36523
49.35311	1383615275.84375
49.3829366666667	1462352634.68555
49.4126283333333	1527391345.87109
49.4435033333333	1435954875.22266
49.4742083333333	1441084957.14844
49.5058683333333	1359278538.66211
49.5366283333333	1421510904.91797
49.56657	1414467518.08984
49.5966583333333	1390592405.88281
49.6279283333333	1343945997.76172
49.659295	1326112049.05078
49.6900033333333	1291271802.40234
49.7211233333333	1287660473.04297
49.7524533333333	1174271538.16797
49.78238	1295784658.91016
49.813725	1350812770.51563
49.84562	1424113543.95703
49.8772866666667	1466802070.83984
49.9080766666667	1482759851.48828
49.93864	1509955784.80859
49.9701333333333	1599148806.875
50.0018133333333	1554054916.95117
50.0318683333333	1520923224.9043
50.0634283333333	1493652672.82813
50.094665	1629870603.05859
50.12676	1520478506.38477
50.1598766666667	1534398843.31055
50.1926066666667	1489787234.84766
50.2242616666667	1361304642.32031
50.255055	1519777266.96875
50.2866416666667	1659910611.54297
50.3188683333333	1299445509.07227
50.3505533333333	1238004744.29883
50.3823683333333	1311654100.42188
50.41322	1158734319.29688
50.4447683333333	1108964431.70703
50.4771683333333	1146248624.75391
50.5084166666667	1248698573.67383
50.5395266666667	1058263638.49219
50.569995	1247243852.94922
50.6017133333333	1015259014.31445
50.63202	1168624092.99414
50.6633683333333	1110129868.94141
50.6940716666667	1156876850.75195
50.7247383333333	1218282365.19336
50.7550633333333	1294087886.78906
50.785795	1234819424.31641
50.817145	1166980622.13086
50.847625	1136361339.75977
50.8794233333333	1183386353.55273
50.91081	1178627465.33984
50.9410583333333	1217631032.91797
50.9713483333333	1235367726.59961
51.0011883333333	1257328770.67188
51.0318733333333	1175646919.09961
51.06126	1181701092.24219
51.0915683333333	1260271844.57031
51.1214616666667	1273772765.60156
51.149955	1228190169.01758
51.1808483333333	1322853342.50391
51.2118283333333	1187496378.43359
51.2428466666667	1188359429.87305
51.27354	1201859377.85742
51.3045216666667	1189010986.98828
51.3342016666667	1176482605.90625
51.3648616666667	1166407767.48828
51.395655	1074283470.98633
51.4268466666667	1184755712.20117
51.4582866666667	1227366838.93359
51.488595	1279455187.58203
51.5186783333333	1216531667.57813
51.5499516666667	1321329783.2832
51.5816133333333	1324703474.84766
51.6124366666667	1350229965.35938
51.643995	1295473670.24023
51.6759683333333	1241912697.12305
51.7075116666667	1234998648.58203
51.7379083333333	1297471466.60156
51.7693283333333	1320190963.26953
51.8006833333333	1385068266.13086
51.8308433333333	1265257384.91016
51.8616083333333	1341661509.10547
51.8938433333333	1293701800.16797
51.9258983333333	1089379623.30859
51.958205	1212472105.05859
51.9889283333333	1225181013.3418
52.0204066666667	1012630646.81055
52.0514083333333	969344933.78125
52.0821333333333	990944750.113281
52.112435	922710187.203125
52.14301	932651292.445313
52.1741483333333	905655472.021484
52.2049183333333	940880256.669922
52.2356316666667	1042377751.09766
52.26597	1045927719.41797
52.296385	955629708.578125
52.3272183333333	997381760.410156
52.3574716666667	979701763.726563
52.3857216666667	1008360835.80664
52.4145266666667	1060804482.87695
52.4447533333333	1083883213.35352
52.474565	1061306198.1543
52.5048216666667	1083762905.90625
52.535	1098831717.62109
52.5666216666667	1229088444.56836
52.5977883333333	1321313493.08203
52.62693	1171767699.68555
52.6565316666667	1203554241.92969
52.68674	1159024410.67969
52.7156666666667	1195978921.96484
52.7462266666667	1112770242.52148
52.7773533333333	1315247969.08008
52.8071916666667	1318287106.53125
52.838005	1301834827.37891
52.8678483333333	1348032365.02734
52.8976133333333	1344647257.66016
52.9284066666667	1306136185.63672
52.959435	1413038677.19727
52.9911766666667	1308116322.28711
53.0254983333333	1397539522.80078
53.0572166666667	1342165287.34375
53.0887016666667	1221509500.44531
53.1211816666667	1111163232.73828
53.1526316666667	1205404981.04688
53.1831566666667	1177295432.25977
53.2149016666667	1101918943.66797
53.245485	1128248711.04297
53.2766633333333	1038887262.55078
53.3076016666667	1051402653.73828
53.3390283333333	984553959.757813
53.368915	984401491.724609
53.3986933333333	978852195.166016
53.4286483333333	1003561006.4082
53.4587583333333	1022354058.09961
53.489075	981969930.453125
53.519435	930054385.201172
53.5506016666667	975432067.150391
53.5805533333333	957582353.287109
53.6115683333333	1026529199.23828
53.642745	965855394.679688
53.6736416666667	1022270387.03125
53.70482	950242552.457031
53.7353633333333	1066356102.74609
53.7656833333333	1068913712.35938
53.7968133333333	1052192844.98047
53.8277083333333	1096156022.93555
53.8584783333333	1121445801.20508
53.8887333333333	1197825858.76563
53.9190133333333	1198929630.03711
53.9488183333333	1069933176.9668
53.9778466666667	1200680360.30273
54.0080716666667	1091375929.68359
54.0387133333333	1182664793.96484
54.069785	1205212579.86914
54.1007083333333	1209125157.62695
54.1308416666667	1293288035.08594
54.161295	1145844818.17188
54.1929566666667	1039875819.5
54.224045	1115249855.11328
54.254805	1054909534.75586
54.2846616666667	1132203681.61328
54.3160433333333	1022119069.5293
54.3482233333333	1000836308.38672
54.37945	1048537232.77344
54.4086366666667	992486367.677734
54.4389666666667	1119369355.65234
54.4696666666667	1086440133.66602
54.4990916666667	1066238627.80859
54.529775	964397294.539063
54.5615933333333	1107455368.04297
54.59279	1078994181.23828
54.6234033333333	1083212724.25586
54.653795	1048921792.30078
54.6849916666667	993230473.582031
54.7168366666667	999459198.207031
54.74749	994379109.623047
54.778175	914134884.720703
54.808215	929970622.300781
54.838005	949892890.818359
54.8682616666667	936876653.419922
54.8988183333333	944545401.242188
54.930455	1003845530.0918
54.9615783333333	1039182533.80469
54.9926866666667	1062314778.62891
55.02198	984227787.478516
55.0523116666667	1009993700.67969
55.0831466666667	998885068.951172
55.1139583333333	1091376455.49219
55.144715	1010236248.07813
55.174015	1012128115.22656
55.2050283333333	1142626334.39844
55.2353166666667	1144137034.52344
55.2659133333333	1135610504.42969
55.296065	1050243378.73438
55.32611	1104095043.0332
55.3566916666667	926585945.222656
55.3867516666667	1110486244.67383
55.4178783333333	1026086765.95313
55.4490983333333	1127298022.93164
55.479595	1099735043.73047
55.5097166666667	1246207689.86914
55.5409216666667	1259787724.28516
55.57204	1276514718.5918
55.6033516666667	1314621112.97266
55.6344883333333	1327099547.00391
55.66498	1238070709.38086
55.6956416666667	1312535980.39453
55.7266983333333	1237649101.09961
55.7571883333333	1238138687.16602
55.7880783333333	1134352250.80273
55.8182933333333	1132416529.95117
55.8490183333333	1135645466.84961
55.8780166666667	1103788223.42383
55.9085983333333	1054650106.69922
55.9392716666667	1144598053.66406
55.9701966666667	1112688639.02539
56.0014033333333	1125068868.97656
56.032275	1210009746.51172
56.063735	1113525600.93164
56.0952566666667	1147507898.27148
56.1272483333333	1068339233.16602
56.15755	1089687069.98828
56.188055	1067580343.25391
56.2190933333333	1005382485.58398
56.2494316666667	998252426.748047
56.28108	1104133494.24219
56.3122783333333	1117106857.37695
56.3427316666667	1036258525.14648
56.374275	1019128120.30664
56.405605	1092814875.27344
56.4361233333333	1096422405.2168
56.467795	1136247563.91797
56.4990983333333	1110073064.99219
56.5296483333333	1054350183.4043
56.5607316666667	1046801477.65234
56.5928233333333	993236264.169922
56.6244316666667	1046980348.65625
56.6547933333333	1098024559.29102
56.68518	1041873551.3457
56.7160366666667	1173568833.18555
56.7462933333333	1174444415.26172
56.77697	1095003114.41406
56.8074116666667	1104215869.98633
56.8377316666667	1118568999.35547
56.8676216666667	1200578147.34961
56.897765	1215161622.53125
56.9285233333333	1324818692.51367
56.9594416666667	1292092546.95898
56.9884183333333	1261234236.8125
57.0197283333333	1218641927.25391
57.0510366666667	1221912663.12891
57.082505	1310040564.04688
57.1144783333333	1306805856.79688
57.1455533333333	1263103425.47852
57.1759716666667	1189714971.49023
57.2067483333333	1259503261.20898
57.2380316666667	1265421955.89453
57.2687166666667	1170339672.5293
57.3002133333333	1106509882.10156
57.3308983333333	1082597674.27148
57.36215	1113442158.01172
57.3938483333333	1061028720.76367
57.4261733333333	992798462.183594
57.4585166666667	978565973.691406
57.4901116666667	943624043.181641
57.520695	928591045.005859
57.5526333333333	905898778.583984
57.5841183333333	827636754.240234
57.6144583333333	895612968.548828
57.64502	882926955.771484
57.6753683333333	920224390.738281
57.7052483333333	889927080.115234
57.7365583333333	997983828.5
57.767935	918798418.695313
57.7986033333333	887807099.023438
57.82967	982341118.919922
57.86107	979466869.519531
57.89206	945158401.353516
57.923375	986246605.275391
57.9546516666667	1093518667.42773
57.986155	1147138117.07031
58.01657	1102300503.91211
58.0479266666667	1141139489.03125
58.0789833333333	1156885175.21289
58.11001	1193579561.35938
58.1414016666667	1188463209.625
58.17161	1130449827.4668
58.201995	1076086845.54883
58.23261	1062944334.55273
58.26334	1042261888.18555
58.294665	1029833335.44922
58.3258333333333	1030789355.13086
58.3578633333333	1146077961.62305
58.38764	1168061301.04492
58.41812	1173092133.82617
58.44788	1134266023.08203
58.4788416666667	1227217975.46094
58.5096283333333	1284041916.46289
58.5401866666667	1327196425.50977
58.5700183333333	1361328864.75
58.600875	1448630303.42188
58.6315933333333	1460676066.04102
58.6633666666667	1453947022.28906
58.695265	1539607079.9375
58.7280766666667	1397504967.81445
58.7600016666667	1513207147.99805
58.7926	1482832135.64844
58.8246616666667	1544408838.10742
58.85593	1548921676.94922
58.88679	1462448458.82031
58.9165733333333	1400157574.04688
58.947605	1240546161.52148
58.9796883333333	1134331705.55469
59.0113366666667	1141431750.70703
59.0409183333333	1087149727.26367
59.07198	1044950516.13281
59.104025	979728871.03125
59.1350883333333	956651147.720703
59.1665683333333	965074928.529297
59.19761	881262848.447266
59.229805	882495487.408203
59.2619433333333	868884221.990234
59.2924216666667	923844229.912109
59.3220883333333	928758031.419922
59.3534366666667	936901743.335938
59.3847866666667	1005653028.31445
59.4154316666667	911837467.621094
59.4470233333333	940463390.503906
59.4775066666667	904135307.990234
59.50882	952188676.289063
59.5405433333333	904576179.304688
59.57136	947921972.476563
59.6022316666667	909162029.841797
59.6334916666667	951856792.779297
59.6641716666667	1016025860.64648
59.6946083333333	953420432.964844
59.7259733333333	1022357447.23242
59.7578033333333	1014311904.13477
59.7877666666667	967691495.722656
59.8178183333333	952992292.597656
59.84808	1047206434.12891
59.8779983333333	959647911.691406
59.908945	880703444.783203
59.9401116666667	977124244.486328
59.970215	925480324.765625
60.00088	921171027.939453
60.0307316666667	1092698143.37891
60.06095	1085242696.01758
60.0921733333333	998093343.232422
60.12393	1030062810.99023
60.1547266666667	962467216.875
60.1856766666667	1243572362.30078
60.21785	1113690966.38477
60.2500166666667	1260966917.08594
60.2818433333333	1093867488.70313
60.3138466666667	1132293933.74414
60.344185	1149054237.64453
60.3748016666667	952535500.935547
60.40645	1053808479.20898
60.4376083333333	994671066.083984
60.4691766666667	888974022.6875
60.5001383333333	928588063.53125
60.5312633333333	1038683165.66992
60.5628466666667	876727494.71875
60.5943216666667	877267002.216797
60.6262233333333	889882751.195313
60.65766	859335836.595703
60.6881933333333	853619238.009766
60.7179666666667	786874758.181641
60.748295	956785008.021484
60.7784516666667	941598889.748047
60.80963	928306442.279297
60.8405216666667	997158138.269531
60.8709816666667	1145400029.20313
60.9021283333333	1089353861.64844
60.934035	1009713158.7832
60.9644883333333	1158040385.47461
60.9951283333333	1274543832.32031
61.0274233333333	1129197130.22656
61.059355	1120139368.86719
61.0901316666667	1078992287.13672
61.121505	914072882.089844
61.154005	887418781.154297
61.1854483333333	993078073.410156
61.216625	927292027.189453
61.2478233333333	915303761.154297
61.2793016666667	855039036.304688
61.3104816666667	900849453.126953
61.3418666666667	843753828.109375
61.372775	852135038.306641
61.4038666666667	825474867.029297
61.4351716666667	707327604.917969
61.4652233333333	824329455.964844
61.4943433333333	881285089.341797
61.5242333333333	797382195.347656
61.5540533333333	788352303.603516
61.5840816666667	808413394.818359
61.6158766666667	940248825.660156
61.6466783333333	853839854.251953
61.6777083333333	914611697.070313
61.7073466666667	986756453.75
61.737575	871650579.746094
61.7679383333333	908619406.458984
61.7983383333333	791996961.263672
61.8288116666667	984588348.794922
61.8596783333333	1019937621.90039
61.8902316666667	992423207.210938
61.920975	901681420.777344
61.9518783333333	980916604.689453
61.9833233333333	917402691.126953
62.0141316666667	901746729.435547
62.045655	857459677.210938
62.07734	903373484.923828
62.1097766666667	1009021519.59375
62.1406483333333	1012514782.28125
62.1717916666667	1031254046.82422
62.2042383333333	950730773.263672
62.2351033333333	1000881688.84375
62.26622	952607246.769531
62.2976966666667	1178873524.94336
62.328865	1095593521.83984
62.3593916666667	1122753461.32227
62.3896666666667	1064735185.60938
62.4202133333333	984410588.257813
62.450225	1142753442.89063
62.4816883333333	1094432400.48633
62.5123833333333	1200267063.53516
62.5428633333333	998880275.175781
62.5729566666667	1079169817.6875
62.60333	844720317.773438
62.63478	971897336.90625
62.66605	1033663482.06445
62.697295	1042934990.08789
62.7288916666667	1088532349.44922
62.76063	1027112804.53906
62.79183	1128128087.42969
62.82217	945440634.302734
62.853575	1199924763.32617
62.8845133333333	1041271860.6875
62.915545	962993145.117188
62.9478583333333	966159088.417969
62.9784833333333	922807052.441406
63.0092883333333	891704130.136719
63.040205	856922793.892578
63.0709833333333	897447617.820313
63.1018516666667	805371234.570313
63.1328833333333	728639674.095703
63.1645483333333	845088357.025391
63.1951833333333	798249622.455078
63.22661	833748415.808594
63.2579883333333	878449003.400391
63.2896733333333	814137293.568359
63.3209183333333	952638362.246094
63.352005	1024018826.54883
63.383515	1091407946.32422
63.4143633333333	1023804739.23633
63.4454983333333	973530378.833984
63.4768266666667	1018348266.56641
63.507185	1045580367.30469
63.5373083333333	909262513.005859
63.568735	1004950586.60352
63.59993	972494693.785156
63.6309566666667	1089334310.17383
63.6607233333333	1071909397.06445
63.6919066666667	1077352523.78711
63.7231266666667	1099173213.37305
63.7534383333333	1016460261.58203
63.7844216666667	1128203862.16211
63.8155933333333	1032542290.14648
63.847625	1202981200.35938
63.8788366666667	1269479355.4707
63.9097516666667	1241097636.89258
63.94109	1232108599.3125
63.97225	1197387957.61719
64.0021983333333	1032275479.6875
64.032255	1042165384.23828
64.0625116666667	1099637605.71289
64.09442	1080091363.43555
64.12512	1075380174.73047
64.1569833333333	1031601439.73828
64.1871733333333	1056891792.30273
64.2180716666667	1020199226.17383
64.2495733333333	944908357.287109
64.281935	1000900699.96289
64.3128266666667	858798806.105469
64.34539	872193618.904297
64.37676	860022719.298828
64.408405	849922047.115234
64.4399833333333	878686438.759766
64.4712716666667	878551190.042969
64.5025683333333	865752733.304688
64.5334383333333	876274477.761719
64.56475	824620875.525391
64.5955983333333	864798365.554688
64.6275183333333	816533680.222656
64.6589333333333	749467357.597656
64.689795	686573944.228516
64.7212266666667	736170781.269531
64.7518266666667	651342479.035156
64.7836966666667	763545716.550781
64.8154616666667	707434049.939453
64.8479383333333	753992620.966797
64.8788766666667	831284335.830078
64.9095083333333	760178356.935547
64.94124	753496632.775391
64.97221	971572214.638672
65.00238	992715470.470703
65.0330066666667	942741444.871094
65.0644266666667	1175788618.91797
65.09517	1238751830.17969
65.1261133333333	1161731370.35156
65.15825	1224855331.07227
65.189585	1157893704.14453
65.22161	1176364923.10742
65.254065	1150490679.63477
65.2866766666667	1110897956.68945
65.3187216666667	1084211133.80078
65.34945	1074494889.36914
65.381115	1085170056.41211
65.4121	1108862044.71875
65.4427466666667	1095935543.57227
65.4724966666667	968185722.634766
65.5033533333333	997486607.457031
65.5342433333333	956926741.027344
65.5638916666667	798671099.880859
65.5945116666667	824872781.164063
65.6260066666667	887732792.029297
65.656805	934470232.222656
65.6886316666667	945927786.011719
65.7196016666667	867524702.773438
65.7514333333333	938435480.804688
65.783425	927165314.201172
65.8151266666667	963571392.503906
65.8465983333333	975000248.984375
65.8776116666667	958172756.449219
65.9079816666667	869983827.333984
65.9379683333333	886024303.439453
65.968945	843735075.769531
66.0004533333333	940178335.523438
66.0320683333333	910107028.804688
66.0634483333333	895855629.101563
66.09529	893424849.613281
66.12713	985592022.181641
66.1595733333333	863561337.154297
66.19071	891348125.521484
66.2222533333333	799138780.046875
66.2540733333333	974372884.193359
66.2843083333333	933037773.404297
66.3163866666667	1037327937.23828
66.346485	1040931005.89844
66.3778466666667	1162670284.80078
66.40985	1142927105.19531
66.442085	1217296021.78516
66.4735683333333	1159697737.35547
66.5053383333333	1066229735.85547
66.5376983333333	1023554550.49805
66.5684716666667	1070943409.23438
66.5995733333333	1045433635.95508
66.6307533333333	931514181.25
66.6616916666667	1066149572.56445
66.6930283333333	956120615.679688
66.7248883333333	1061157759.21875
66.7556883333333	874635239.150391
66.7871816666667	832821881.548828
66.818305	999604777.066406
66.84902	913990116.759766
66.8799133333333	979402570.419922
66.910505	1085601620.66992
66.941365	1101455392.51953
66.9722433333333	877578989.240234
67.0031766666667	787540000.048828
67.0342	1040188107.3418
67.0652583333333	879933299.060547
67.0960766666667	993288396.46875
67.1278	839957599.871094
67.1595883333333	905189357.816406
67.1905883333333	759393188.345703
67.2216633333333	938672371.693359
67.2531666666667	891866709.595703
67.2850416666667	933581016.601563
67.316515	849966050.976563
67.34806	850961931.824219
67.379525	830548360.761719
67.4110766666667	844405225.345703
67.4415566666667	794233780.607422
67.4727616666667	759016339.257813
67.50377	796973876.132813
67.5345516666667	951179294.794922
67.56529	910543563.367188
67.5953916666667	885574004.169922
67.62734	967071210.671875
67.6591683333333	911370313.070313
67.6907016666667	1140160233.62891
67.721585	946722883.193359
67.753055	867411406.203125
67.7846083333333	871232454.205078
67.816335	872605219.71875
67.84613	784865719.425781
67.87793	875928768.947266
67.9093433333333	822978118.763672
67.9395383333333	796385285.904297
67.97023	755289409.888672
68.0009983333333	719993164.019531
68.032555	940573963.949219
68.063705	971286820.744141
68.0944033333333	944015787.042969
68.126075	873518148.779297
68.15776	933504948.412109
68.1894966666667	949852269.746094
68.221935	916101992.748047
68.2522683333333	929459099.300781
68.2834833333333	896324733.220703
68.3148516666667	1026810337.375
68.3469016666667	987290420.990234
68.378455	1011210787.03906
68.409925	1122208077.74609
68.4426966666667	816789474.345703
68.4737533333333	886180046.751953
68.5057166666667	1060309005.9668
68.5381783333333	1099092876.33008
68.5700066666667	793675308.177734
68.6032083333333	789197488.960938
68.6341116666667	740198904.361328
68.66583	922670491.28125
68.6976633333333	770622803.777344
68.727855	933034395.005859
68.7598866666667	892727798.972656
68.7915666666667	875338855.171875
68.8237583333333	776066669.427734
68.8543933333333	876071967.859375
68.8855466666667	763056675.757813
68.9170266666667	769970734.492188
68.9483666666667	702806453.259766
68.9793033333333	872856748.476563
69.010755	809172664.900391
69.042025	790467263.695313
69.0731733333333	692896791.583984
69.1054216666667	838479413.117188
69.13701	1065775192.99023
69.1673666666667	1000645788.30859
69.1983466666667	1026137666.43164
69.2295583333333	951700060.560547
69.26166	1145675329.52539
69.2929083333333	985165280.658203
69.3246283333333	920268987.251953
69.3560933333333	976685084.785156
69.386635	896382461.316406
69.4169466666667	849378308.337891
69.4486283333333	864325580.550781
69.4800866666667	871050008.28125
69.510795	883466116.78125
69.5429233333333	855566741.546875
69.5738	1037024598.76367
69.6049133333333	1202330423.35938
69.63565	1057709098.33594
69.66547	1333884034.47266
69.6952116666667	1218514154.36328
69.7251033333333	1379640301.375
69.7544683333333	1429680215.1543
69.784905	1194733149.28906
69.815835	1344051737.6875
69.8456	1314152730.17578
69.8752333333333	1403862283.41016
69.9063283333333	1210304672.80469
69.9373983333333	1243172817.09766
69.9691933333333	1232598769.52734
70.0013933333333	1075816179.05273
70.0325333333333	1042814618.68164
70.062655	1030732021.82617
70.0944916666667	972095919.107422
70.127	1105144227.20313
70.1587283333333	843000275.464844
70.190925	955713699.142578
70.2224383333333	1012030414.90625
70.2540666666667	998526555.707031
70.2851866666667	942512118.824219
70.3166866666667	961912138.890625
70.3479533333333	852176119.623047
70.3799766666667	820263890.716797
70.4125016666667	976640503.759766
70.4451516666667	849651764.255859
70.4765016666667	959139903.125
70.508205	729014192.607422
70.5404883333333	705019623.488281
70.5739183333333	776252346.820313
70.6056183333333	717827496.617188
70.6378783333333	766401777.150391
70.6693266666667	755925578.767578
70.69991	730367005.480469
70.731985	747522735.574219
70.7627916666667	853180977.425781
70.79475	1005613177.50781
70.82628	876553729.123047
70.8575816666667	851979589.636719
70.8885433333333	934765294.796875
70.9204416666667	874818282.962891
70.9525216666667	955660572.433594
70.985365	876428996.083984
71.0180616666667	919633344.814453
71.051105	1083541141.41406
71.0830966666667	950566280.150391
71.114915	913026547.613281
71.1469383333333	883586876.8125
71.1781216666667	944194766.679688
71.2100716666667	885588342.402344
71.241645	783651942.982422
71.2727583333333	789669089.232422
71.304585	854559103.169922
71.3358183333333	735371159.509766
71.3678283333333	705700861.253906
71.399405	657981339.867188
71.431045	676808482.318359
71.4629483333333	704900826.945313
71.49473	779089297.716797
71.5274133333333	836685045.892578
71.5591366666667	819624167.5
71.58989	886378104.419922
71.6202883333333	703798146.175781
71.6523233333333	717030588.419922
71.6834283333333	731501830.890625
71.71465	625162996.800781
71.7466633333333	654042820.722656
71.7782333333333	721482058.363281
71.8093633333333	644332291.253906
71.841025	663989537.917969
71.87044	667365919.574219
71.8998116666667	713901546.785156
71.92946	733471169.472656
71.9607366666667	767085919.716797
71.9922483333333	820898336.572266
72.0228616666667	833153181.339844
72.0533883333333	872114230.607422
72.084345	821205020.667969
72.1156333333333	836616725.220703
72.1467866666667	912805268.150391
72.1768866666667	927077562.595703
72.20832	827215011.662109
72.240025	1074465338.95703
72.271805	916735761.978516
72.3043283333333	1026263790.78711
72.3353416666667	927121435.699219
72.3678516666667	910531763.646484
72.3993	920754941.15625
72.4307616666667	807344848.408203
72.4623466666667	922298494.419922
72.495165	745743036.371094
72.526485	861773568.236328
72.5579	916676520.351563
72.5894983333333	874420590.068359
72.6205616666667	740349919.212891
72.6523583333333	797913447.880859
72.6839716666667	809833369.248047
72.7142916666667	811431631.191406
72.7455383333333	793554668.134766
72.7774266666667	834493618.982422
72.80826	736614594.646484
72.83837	796731198.183594
72.8695083333333	815243184.615234
72.9004283333333	873015024.523438
72.9312733333333	1071377330.12305
72.962715	1090657219.61719
72.9942283333333	1250115056.72461
73.0261866666667	1263607075.08203
73.0580233333333	1335692380.07422
73.0900366666667	1129281432.52148
73.12236	1203476054.48633
73.1537966666667	973277933.953125
73.185135	1110290272.12891
73.2162816666667	967537227.310547
73.2476616666667	905498480.716797
73.27777	850554192.142578
73.3099233333333	822804433.988281
73.3430816666667	794975639.345703
73.37366	714921615.125
73.4057266666667	731404831.359375
73.4378033333333	782302063.783203
73.4689266666667	776925922.976563
73.500315	726113394.138672
73.5327133333333	701241090.878906
73.5646133333333	798262175.441406
73.5961183333333	872109363.462891
73.6281066666667	941834644.115234
73.6598133333333	1143195206.06641
73.6927716666667	1226262285.44336
73.72366	1034899952.84375
73.7542416666667	1243871924.52734
73.7847083333333	987621279.984375
73.8157883333333	1216195142.86133
73.8455683333333	1037618189.36719
73.8760166666667	946117005.455078
73.9066483333333	901769455.615234
73.936345	1059900570.17578
73.9678466666667	946519258.962891
74.0001133333333	979951127.439453
74.0314966666667	1140837540.43359
74.0628383333333	927247061.796875
74.09478	1105490543.27344
74.126455	989817901.230469
74.16015	977905407.996094
74.1929983333333	986659412.683594
74.2244083333333	924909422.818359
74.25617	814797038.099609
74.2880033333333	783333703.529297
74.3185883333333	628192276.595703
74.3501866666667	612770211.898438
74.3817866666667	647588253.490234
74.413345	645444866.6875
74.4443266666667	624667557.128906
74.4756233333333	670944461.289063
74.507185	714549757.175781
74.5371933333333	838284237.154297
74.568505	720032600.863281
74.5997433333333	841538354.820313
74.6315	908618788.449219
74.6625566666667	892289596.78125
74.6951233333333	1084706864.86914
74.7258433333333	953569527.662109
74.757305	1108537647.99609
74.7876783333333	1063373479.86523
74.8185833333333	968518517.027344
74.8506933333333	1158488445.54688
74.8822	1049802229.70117
74.9135383333333	909037335.130859
74.9440283333333	1005160494.31836
74.975755	1065542907.74414
75.0070116666667	991877014.501953
75.0388266666667	1047694236.28125
75.0699433333333	932597180.339844
75.102955	995360337.5
75.1338866666667	977355953.904297
75.1658716666667	1051077992.44922
75.19769	1052618545.55664
75.22894	1059228301.89453
75.2615733333333	888707104.371094
75.2934816666667	860602384.509766
75.3253266666667	891179990.982422
75.35751	852059474.357422
75.3887583333333	728877378.552734
75.4207166666667	818699992.070313
75.4523533333333	802531648.705078
75.4847283333333	648480445.704102
75.5170283333333	748493441.101563
75.5483333333333	676115434.367188
75.5798816666667	863332919.396484
75.6112033333333	725952468.210938
75.6438383333333	747022555.507813
75.6753216666667	682119598.355469
75.7063483333333	640095332.009766
75.7373883333333	598730054.050781
75.7700583333333	617757376.091797
75.8013483333333	437116696.307617
75.8341716666667	402186126.482422
75.86814	444794972.629883
75.9007483333333	413739073.438477
75.9326233333333	461469421.675781
75.9630933333333	498096357.012695
75.9947433333333	565242701.564453
76.0258133333333	636014636.859375
76.0563416666667	557717104.056641
76.088475	577393583.533203
76.1208966666667	603823186.472656
76.15332	634788987.701172
76.18467	580931043.707031
76.2161216666667	520813872.060547
76.2482683333333	577363973.996094
76.2804733333333	518581408.789063
76.312315	530870076.980469
76.3461483333333	510561750.519531
76.3790316666667	534347833.390625
76.41134	566885726.994141
76.4445966666667	527778193.875
76.476665	437404290.050781
76.509315	482794996.027344
76.54186	470038097.624023
76.5742383333333	472702883.482422
76.607535	467030796.918945
76.6399633333333	499619074.240234
76.6712533333333	454078036.413086
76.7041733333333	456646403.396484
76.736015	605020987.397461
76.7674116666667	565681777.761719
76.7996616666667	582801430.070313
76.830835	554759291.874023
76.862565	627389117.707031
76.89417	662088505.332031
76.9257283333333	703495556.800781
76.9568166666667	589883004.863281
76.988155	582622157.391602
77.0201416666667	621478798.941406
77.051855	603297469.396484
77.08367	573741324.705078
77.1152216666667	589728205.234375
77.146525	613416288.388672
77.1770083333333	551551409.164063
77.2084433333333	538928009.907227
77.239575	574221160.251953
77.2706583333333	577498705.457031
77.3010816666667	626100928.732422
77.3313883333333	679834333.708984
77.3630366666667	702104328.347656
77.3958916666667	660431415.367188
77.42767	685142533.087891
77.4595283333333	668857936.271484
77.4910466666667	682414733.818359
77.5225066666667	615693629.001953
77.5548483333333	626419448.085938
77.586415	595342978.707031
77.61878	638548736.341797
77.6493616666667	654361901.142578
77.6804333333333	631144117.169922
77.7115016666667	589671912.052734
77.7445216666667	583581719.228516
77.7781116666667	560645693.992188
77.8116616666667	613724562.230469
77.84442	677286508.978516
77.8750366666667	681361260.615234
77.9075283333333	725389351.158203
77.9398033333333	725660029.982422
77.9728516666667	753821663.818359
78.0052366666667	725927530.144531
78.0364316666667	687409535
78.067275	750390924.910156
78.0985833333333	702187867.443359
78.13049	666908262.832031
78.1623716666667	643897360.15625
78.196735	624887565.047852
78.22978	668503196.119141
78.2621466666667	672502235.003906
78.2937383333333	681918380.259766
78.3245916666667	643611920.740234
78.357065	664860951.765625
78.388135	693203811.591797
78.4195783333333	607182755.960938
78.45123	693794619.171875
78.4834483333333	805226851.380859
78.51555	658666721.555664
78.54816	623526348.922852
78.5806933333333	633390384.371094
78.61335	663318063.580078
78.645695	624362193.802734
78.6782866666667	626356641.294922
78.7107666666667	542640503.478516
78.7428783333333	519113541.22168
78.7751733333333	536511753.530273
78.8082116666667	575125907.484375
78.84125	568439979.588867
78.8744633333333	565917121.924805
78.9074033333333	625863844.986328
78.9383166666667	578904366.945313
78.9696366666667	588866749.392578
79.0020566666667	530910092.008789
79.0338266666667	573637900.568359
79.0646633333333	612396999.628906
79.097125	547040799.951172
79.1301716666667	589129925.118164
79.16253	537315462.0625
79.1947666666667	544525727.84375
79.22766	517799108.001953
79.2612516666667	523006601.045898
79.2942316666667	545700375.676758
79.3270583333333	578536721.060547
79.360555	563394225.878906
79.3951	619688815.296875
79.42842	632013017.683594
79.46059	540800917.507813
79.4937416666667	578639794.845703
79.5282516666667	553805878.268555
79.562085	563513178.678711
79.5950183333333	580661001.896484
79.6284416666667	588023977.135742
79.6603933333333	626749963.009766
79.694085	646214643.689453
79.7275883333333	698279844.482422
79.7601083333333	699100310.994141
79.79339	651881513.135742
79.8253116666667	650942580.056641
79.85671	633839205.742188
79.889365	578838545.4375
79.9210733333333	554303754.423828
79.9531366666667	572978341.822266
79.9847533333333	546307712.423828
80.0159533333333	491098979.787109
80.0475283333333	485293755.854492
80.078925	478098594.600586
80.1096783333333	467159230.339844
80.1418033333333	533512543.633789
80.17422	560434386.115234
80.2057066666667	639870404.701172
80.237935	613212056.972656
80.26976	689188213.076172
80.3005666666667	632125152.314453
80.3323383333333	601551719.160156
80.3634833333333	691560138.769531
80.3947766666667	627850715.234375
80.4265416666667	621962893.675781
80.4601033333333	645251871.138672
80.4918233333333	655859029.955078
80.5239533333333	601259390.515625
80.55611	613035591.361328
80.5878616666667	603847188.164063
80.6188783333333	664578816.339844
80.6511416666667	627017079.480469
80.6832266666667	669213637.972656
80.7136366666667	678399847.384766
80.7450133333333	634270892.398438
80.7774233333333	693576562.113281
80.8082083333333	654072600.197266
80.8394566666667	638704174.367188
80.870035	578050801.821289
80.9014866666667	641430569.859375
80.9326383333333	690770262.115234
80.96409	577914671.780273
80.99655	654344423.521484
81.0287716666667	576867558.091797
81.0608616666667	643847924.800781
81.09181	700744413.054688
81.1226333333333	683748683.322266
81.1536283333333	673086483.744141
81.1842983333333	730805600.003906
81.21507	652746472.740234
81.2455416666667	666380677.138672
81.2765633333333	625626835.3125
81.3078466666667	557934171.865234
81.3392633333333	526492372.876953
81.3719466666667	521010100.816406
81.4035933333333	479252532.427734
81.4364183333333	532016737.8125
81.46937	553303556.277344
81.49996	574565847.029297
81.5298766666667	583822055.257813
81.5622683333333	595514410.820313
81.5925883333333	539858691.130859
81.6247133333333	613815676.195313
81.6556	698757109.375
81.687595	803872825.806641
81.7186	951610802.484375
81.7492316666667	846707528.166016
81.7806816666667	841261984.117188
81.8134083333333	887105554.273438
81.8456883333333	944569137.445313
81.8759183333333	990344410.505859
81.90626	852484490.939453
81.937645	857577899.642578
81.968875	768049661.722656
82.0010883333333	658061532.039063
82.0321216666667	721247754.630859
82.0630416666667	667649171.806641
82.0941816666667	717344779.962891
82.1247833333333	791032763.103516
82.155845	839456023
82.1865533333333	719579776.078125
82.2174166666667	702949185.746094
82.2483066666667	676688097.777344
82.2788833333333	683745311.859375
82.31085	642667106.992188
82.3426933333333	685928309.892578
82.37418	718163847.017578
82.40512	705752064.001953
82.43657	866481670.517578
82.4674633333333	839544810.318359
82.4985366666667	796382963.345703
82.5287133333333	700943860.363281
82.55977	714055462.205078
82.5922183333333	695518846.123047
82.62332	595143647.612305
82.65424	632548276.974609
82.6854566666667	626922820.259766
82.71596	665447914.501953
82.7474816666667	769385203.255859
82.7795516666667	885031005.130859
82.811375	987767307.253906
82.8432333333333	1082434422.97656
82.8749116666667	1084941760.93945
82.90648	990148026.419922
82.9378733333333	924353226.421875
82.9701016666667	808410346.458984
83.0025816666667	685253803.600586
83.0353683333333	694585503.103516
83.0682683333333	692403039.814453
83.099955	794214893.908203
83.131405	834782085.609375
83.1613383333333	853680457.828125
83.1931416666667	881199032.984375
83.22586	837613735.986328
83.2584283333333	842257876.580078
83.2908816666667	824124379.728516
83.3219583333333	807508264.771484
83.3549383333333	782798220.371094
83.3870733333333	669106531.398438
83.4191466666667	620506681.023438
83.4522966666667	549862133.425781
83.4855183333333	574869987.370117
83.51699	539338406.484375
83.5480816666667	558046732.866211
83.5799166666667	503802946.064453
83.6107583333333	519727213.167969
83.6416783333333	459881196.988281
83.6745466666667	462679453.832031
83.7059633333333	422905550.328125
83.73785	454607960.46875
83.769085	472551079.710938
83.8010166666667	496855640.955078
83.8330316666667	536560722.021484
83.8632933333333	548115161.484375
83.8946066666667	483389147.620117
83.926765	551870687.230469
83.9585833333333	528419232.362305
83.9895366666667	558792698.253906
84.0207616666667	571322794.589844
84.0514816666667	588929768.097656
84.0821766666667	561687724.297852
84.1161983333333	588704341.116211
84.1480866666667	583701970.496094
84.1789583333333	558098585.427734
84.2098583333333	547065154.708984
84.2418283333333	508504491.397461
84.2752933333333	570925654.537109
84.3076833333333	549420428.56543
84.3385933333333	508531768.351563
84.3700933333333	475692630.390625
84.4024366666667	499967129.478516
84.4342983333333	438436252.396484
84.4662483333333	406401864.047852
84.4985866666667	399760570.788086
84.5315333333333	380524776.484375
84.5629583333333	392410669.369141
84.5941916666667	431066455.165039
84.626065	484558935.056641
84.6576266666667	456820084.658203
84.68897	464937035.091797
84.720505	399124769.676758
84.7525216666667	499387048.246094
84.7843283333333	484095523.97168
84.815325	488788479.914063
84.8475766666667	597248467.886719
84.8780383333333	604228712.851563
84.90917	563435617.607422
84.940835	638921670.369141
84.9730983333333	631823254.801758
85.00528	632137325.242188
85.0357066666667	610466424.824219
85.067085	564060364.599609
85.09846	561940046.236328
85.1298016666667	514931569.756836
85.1624466666667	448203328.983398
85.195795	437135567.601563
85.2293583333333	415637224.410156
85.2614133333333	436100459.199219
85.293505	424001484.598633
85.3260533333333	413530873.730469
85.3578233333333	433227268.980469
85.3903466666667	462101526.978516
85.42136	465832107.892578
85.4547566666667	429255653.883789
85.4859483333333	457125492.892578
85.5173666666667	380431073.297852
85.5486666666667	365996007.371094
85.5810133333333	356181876.397461
85.6135066666667	357123341.735352
85.64641	343372646.354492
85.6791566666667	336025095.381836
85.71271	305774488.725586
85.74621	358886341.814453
85.7808166666667	372857545.150391
85.814315	355083411.742188
85.8468883333333	363373791.710938
85.8793216666667	355444661.097656
85.91103	332650231.255859
85.9437416666667	298808820.104492
85.9767266666667	296424401.893555
86.0089183333333	289067772.829102
86.0408216666667	285682846.478516
86.0729233333333	309972464.527344
86.104685	294787848.519531
86.1370033333333	292988990.950195
86.1707333333333	302429455.204102
86.2046866666667	292479066.841797
86.23718	306297449.456055
86.269045	277481493.591797
86.3009633333333	285324574.205078
86.3327666666667	312760198.104492
86.3681283333333	300303114.792969
86.40101	333774310.87207
86.4339533333333	303084684.076172
86.4661166666667	288857702.892578
86.4986383333333	289289108.456055
86.52996	268135029.141602
86.5619066666667	271344632.446289
86.5945066666667	245505928.161133
86.6274466666667	263438693.489258
86.6595533333333	264991499.714844
86.69132	240606419.645996
86.7252816666667	269706590.842773
86.760875	271751222.472656
86.79377	259884536.588867
86.8290866666667	253300365.170898
86.8619933333333	243816283.857422
86.89728	261295414.53418
86.9324866666667	229602783.8125
86.96513	255408812.268555
86.996705	280544018.301758
87.0320783333333	314017038.717773
87.0669466666667	308317642.988281
87.0997366666667	241942939.256348
87.1332166666667	240041518.882813
87.1670316666667	230085516.463867
87.1998383333333	226192211.995605
87.2351783333333	224753559.921875
87.271275	232589391.545898
87.3060366666667	227850760.733398
87.339095	206745497.208496
87.3738733333333	216451365.696289
87.4090283333333	213881336.439453
87.4396533333333	239545840.113281
87.4727833333333	228993914.252441
87.5049566666667	251092938.313477
87.5391366666667	244160407.439453
87.5733483333333	213969459.220703
87.6095333333333	214924267.729004
87.6430766666667	207501311.175781
87.67851	184433377.334961
87.71347	190798665.621094
87.7484883333333	181614922.48291
87.781985	188962653.675293
87.8147966666667	156884782.403809
87.8498933333333	179031004.751953
87.8851883333333	203206728.75
87.9191966666667	202681784.890137
87.955275	198810320.099121
87.9894866666667	175016929.717285
88.025845	201666822.044434
88.061575	167340313.158203
88.097925	193359531.48291
88.1317716666667	194766309.494141
88.1677383333333	223320251.15625
88.201085	215358802.029785
88.23665	212362540.660645
88.269835	244849911.478516
88.3051833333333	226499651.474609
88.3404916666667	224345845.52002
88.3739366666667	219892363.230469
88.409425	231120029.27002
88.4439833333333	222683533.305664
88.4757233333333	210043349.32666
88.5099266666667	182247008.627441
88.5449066666667	194760488.765137
88.5809066666667	202224302.34375
88.6137216666667	192646673.887695
88.6519016666667	168809957.569336
88.685865	171162777.619141
88.7184033333333	167075293.677246
88.755905	167418563.484375
88.7909116666667	154013154.85498
88.8228433333333	182864621.787598
88.8590933333333	179547000.447754
88.89367	181744379.753906
88.92821	178107446.007324
88.9670066666667	177802929.238281
89.002075	160078959.895996
89.0396683333333	173498883.181641
89.0757516666667	178685759.26123
89.1103683333333	175753457.305664
89.1442966666667	187106367.279785
89.1787016666667	178180246.533203
89.2127516666667	192266234.267578
89.2484366666667	197857684.637695
89.2823566666667	196423469.415039
89.316955	166494228.504395
89.353315	181505143.034668
89.3902166666667	181807274.488281
89.4275983333333	176048111.549316
89.4634083333333	161105263.236816
89.4963416666667	150697785.459473
89.53452	159208123.483887
89.56997	162103043.992188
89.6073783333333	147750861.828125
89.6422266666667	126119993.844238
89.6792433333333	168635637.103027
89.71444	161051716.149414
89.7486083333333	158985002.244629
89.78463	151118118.287598
89.8189416666667	160070237.350586
89.8546816666667	163181706.71875
89.8921983333333	167252766.413574
89.92626	171089691.739746
89.96192	154286071.650879
89.9985083333333	163182713.833496
90.032625	155439109.752441
90.0691916666667	161932260.421387
90.104075	155478565.929688
90.1425483333333	144063552.737793
90.1809266666667	149238237.592773
90.2169866666667	131783738.046387
90.2554616666667	156768592.531738
90.2910983333333	140608156.92334
90.3273766666667	142698769.040527
90.36387	137222400.490723
90.40232	153768960.437988
90.43972	161364903.98291
90.47595	141202417.851074
90.5092366666667	144104707.4375
90.5480833333333	148341650.549805
90.5836616666667	135188412.355957
90.6209466666667	137740184.322754
90.6567016666667	145502063.157715
90.6932733333333	138220906.311035
90.7297566666667	153366199.960449
90.76513	142424042.939941
90.8040783333333	149841491.816406
90.8383666666667	149687638.433594
90.8735183333333	147614806.90625
90.9066583333333	136532806.44873
90.9432683333333	141859360.225586
90.9813066666667	140879443.298828
91.01805	146132864.455566
91.0536383333333	145960815.897949
91.09091	123937716.117188
91.1282516666667	139155536.156738
91.165965	122730939.242676
91.2045716666667	125313302.695801
91.24159	137618345.136719
91.279315	137958924.353027
91.3160633333333	142211293.568848
91.3536583333333	142873137.004395
91.3884333333333	145858508.069824
91.4255883333333	137620324.700195
91.4625733333333	160191607.086914
91.497825	140503165.933594
91.5355333333333	168852256.95459
91.5699966666667	148434702.254395
91.6063616666667	143163409.302246
91.6474133333333	136180521.303223
91.6836616666667	134578139.214355
91.7199883333333	120854092.490234
91.7599133333333	117326781.230469
91.7978066666667	126514838.893066
91.8353283333333	122148519.67627
91.8743083333333	120830207.918457
91.91137	122565536.371094
91.9471116666667	122451155.729492
91.98488	133177109.833984
92.0195916666667	125423200.25293
92.05763	127837697.644531
92.0944533333333	128079175.614746
92.1364816666667	131223163.80957
92.17436	120600586.442871
92.2128883333333	106952459.268799
92.2509166666667	106820190.455566
92.2906016666667	104948101.247803
92.3280683333333	111649746.545898
92.364125	138805977.509277
92.4012083333333	147711407.537598
92.4397316666667	131272373.591309
92.4768016666667	109538024.468262
92.5148233333333	123423705.22168
92.5501783333333	99676124.6491699
92.58932	112421067.578613
92.6266216666667	111271691.914063
92.664195	110902545.493164
92.70229	115411455.358887
92.7372	127160338.55957
92.7765416666667	119904611.672852
92.8128066666667	121911242.450684
92.8494083333333	125504261.722168
92.8874483333333	113668590.972168
92.9235866666667	108447692.390137
92.9599716666667	119335031.763184
92.9968316666667	118543555.585938
93.0372366666667	108870326.447754
93.073855	118771872.54834
93.1110166666667	121954691.744141
93.1481183333333	121904152.795898
93.1860833333333	112687802.871094
93.2245016666667	112627411.61084
93.2625583333333	119322779.362305
93.2996916666667	114424026.470215
93.3413833333333	120128387.687012
93.3782233333333	110249744.224121
93.4160533333333	125944846.702637
93.45182	125762999.474121
93.4913866666667	121905991.526855
93.5316416666667	129645830.894043
93.5685016666667	116186406.182129
93.6068433333333	120097929.147461
93.6432	121475622.460449
93.6800083333333	117195661.672852
93.7188516666667	114360409.152832
93.7540433333333	99665158.0336914
93.793585	115383008.955078
93.830755	104846087.219727
93.8676816666667	116588078.812012
93.9079416666667	111321324.595703
93.944895	119741443.453125
93.98465	109262034.114258
94.0246666666667	104016941.355957
94.0640416666667	102446364.439453
94.10193	92296659.9924316
94.1402033333333	87819992.0583496
94.17883	112257224.614258
94.21925	89984266.7590332
94.26137	86595947.1633301
94.3017516666667	98123883.7814941
94.3391016666667	99427699.7810059
94.3790766666667	96209090.7910156
94.415185	96702578.8269043
94.4518383333333	110765648.367188
94.4914583333333	96830448.701416
94.5308833333333	91212122.2241211
94.5738416666667	96290905.2080078
94.6136533333333	109460476.168945
94.6468216666667	95162581.2277832
94.6885116666667	90833878.0368652
94.727875	101336574.565918
94.7647116666667	114657346.133301
94.8046883333333	104811285.829346
94.8430216666667	98256138.2346191
94.8829133333333	99042023.0878906
94.9226716666667	109896669.294434
94.9619866666667	97265773.315918
95.0016416666667	88522385.2631836
95.0429666666667	88525069.8845215
95.0821216666667	94396223.0964355
95.1239766666667	81923761.0371094
95.163635	90460666.4816895
95.2029	95642697.7373047
95.2416616666667	92204127.373291
95.28499	91916506.5231934
95.3267583333333	83530863.2719727
95.3693333333333	94913645.9362793
95.4092416666667	103856738.608887
95.4485016666667	90048194.7617188
95.48875	90840592.2265625
95.529005	92289367.4052734
95.568095	90561293.8457031
95.6070416666667	78022691.2363281
95.64692	89266311.1765137
95.68549	93957479.7983398
95.7253816666667	79628832.8034668
95.7653216666667	80021600.0012207
95.8051	92357078.5393066
95.8440383333333	89735929.5480957
95.8815316666667	85058162.6352539
95.9206383333333	90722488.5681152
95.9589616666667	89727735.3459473
95.9998633333333	82323658.265625
96.0411916666667	92354628.572998
96.0816366666667	83450697.1948242
96.1238483333333	83282485.4770508
96.165215	84546045.5524902
96.2051866666667	85905751.8254395
96.2453766666667	80490713.5744629
96.2849	76847864.2807617
96.3284916666667	79412940.8986816
96.36816	79165128.1938477
96.4111916666667	81297055.8400879
96.4543433333333	87211523.0678711
96.49341	82035983
96.5384683333333	91528859.6369629
96.57352	89628280.5974121
96.6153433333333	82796803.6508789
96.6527316666667	80574017.3188477
96.6940466666667	75468271.1518555
96.7348666666667	81801365.770752
96.7721233333333	85267363.8173828
96.8110666666667	86618028.5129395
96.8511816666667	86110963
96.8884466666667	84304239.5913086
96.92852	82983480.942627
96.967575	72197799.0639648
97.0108533333333	77364501.8967285
97.0533383333333	77677802.8203125
97.0919133333333	79935928.9841309
97.1339616666667	72525202.2590332
97.1741366666667	70829319.1877441
97.2123666666667	75328690.2229004
97.2544966666667	70159221.0700684
97.294875	71273571.8452148
97.338165	67163840.1789551
97.3777266666667	70496569.2768555
97.4196766666667	73212916.7880859
97.4612216666667	80077826.1894531
97.50085	69373561.1047363
97.54404	78143156.8779297
97.58317	80709711.6025391
97.624595	71949932.8728027
97.6677633333333	76654978.6843262
97.7107216666667	73454604.8969727
97.7518266666667	69531568.2709961
97.7917833333333	72742442.3798828
97.8322	71374258.9558105
97.87603	84494055.7915039
97.9146016666667	71861040.2836914
97.9547533333333	73894725.7114258
97.994645	70884348.9782715
98.03665	73306073.7338867
98.0783716666667	67882980.0932617
98.11887	71123861.0136719
98.161235	66440955.1757813
98.2023216666667	66616739.6958008
98.2457833333333	64498673.9587402
98.2876333333333	68282683.5708008
98.328455	72877228.369873
98.3706566666667	67901192.9660645
98.410755	69060973.1804199
98.4534533333333	66764662.1950684
98.4966466666667	62375362.737793
98.5366666666667	67213585.5358887
98.576635	67990582.9387207
98.615425	63466738.9414063
98.658015	58884691.4494629
98.7019516666667	54830681.315918
98.7462083333333	62315349.677002
98.7893	57318752.5388184
98.8317166666667	58144523.8383789
98.87271	57725233.7180176
98.9158566666667	60213827.7966309
98.9565316666667	63506966.0090332
98.9980933333333	52488859.076416
99.0389066666667	55948362.6074219
99.0780433333333	51039047.3442383
99.1201783333333	51121580.1618652
99.1628816666667	58993617.0397949
99.2058683333333	51547755.5395508
99.2483083333333	56764364.1889648
99.290065	57600383.9631348
99.3328183333333	58049626.2663574
99.3743416666667	57885857.6762695
99.4170133333333	60736374.2495117
99.4559883333333	65273111.4909668
99.4991783333333	61836341.192627
