RetentionTime	Intensity
0.005455	374526.937505722
0.05412	350586.821247101
0.102908333333333	494382.170188904
0.152576666666667	540673.359653473
0.202406666666667	358796.679603577
0.251998333333333	367113.856769562
0.281171666666667	400428.825841904
0.296026666666667	379643.637161255
0.321615	377236.168849945
0.343876666666667	387587.011453629
0.384035	363698.124130249
0.402341666666667	371219.475574493
0.4244	366862.442987442
0.443136666666667	358983.626522064
0.465248333333333	404392.937778473
0.523678333333333	443227.237768173
0.54561	372157.067188263
0.560741666666667	364692.585014343
0.586588333333333	363938.650535583
0.604955	395656.552623749
0.627141666666667	493489.637718201
0.66262	343482.024827957
0.702431666666667	375183.27391243
0.753791666666667	425304.026657104
0.774506666666667	343840.052755356
0.79326	407192.38539505
0.811963333333333	350112.987325668
0.834001666666667	372580.792232513
0.856318333333333	564330.16778183
0.909501666666667	385432.967094421
0.924718333333333	414661.978160858
0.954078333333333	379227.855138779
0.97298	460854.119930267
0.992031666666667	396489.048650742
1.01050666666667	391082.097141266
1.06494333333333	522786.789108276
1.11187666666667	320819.673475266
1.15488166666667	421857.986572266
1.17554666666667	356171.468471527
1.21066	375804.831537247
1.25759	373167.581920624
1.275935	355768.454835892
1.29732166666667	531598.163295746
1.33875333333333	656774.669216156
1.35833333333333	529952.333118439
1.393065	356110.116313934
1.40810666666667	323179.454721451
1.43700166666667	326671.141151428
1.45134333333333	365333.229343414
1.4729	382537.993515015
1.528505	451844.268119812
1.551	361406.306663513
1.565975	433613.465648651
1.58948666666667	401975.0129776
1.616335	302537.84815979
1.63127833333333	427005.489067078
1.65505166666667	375390.650489807
1.67310833333333	477753.250061035
1.69732166666667	438786.179124832
1.71551	443884.006191254
1.74634166666667	434231.043540955
1.758955	515581.279304504
1.79230333333333	553958.04499054
1.80837	385303.156839371
1.82656	371143.704875946
1.85423	374565.133834839
1.86788666666667	417949.537666321
1.891745	327593.868104935
1.90962833333333	534369.673603058
1.93897333333333	372810.778038025
1.953715	607954.129039764
1.99395666666667	464350.239751816
2.01594333333333	352990.449893951
2.03106333333333	474562.654880524
2.085925	388099.071105957
2.13330833333333	394259.274536133
2.180105	398839.159988403
2.21596166666667	341345.111715317
2.25942666666667	430899.659931183
2.27894166666667	450814.239187241
2.300735	339330.855211258
2.315805	423887.931789398
2.33975833333333	324554.506135941
2.35839166666667	370408.638130188
2.39251666666667	332513.716285706
2.41007166666667	299810.524940491
2.42818166666667	391927.519512177
2.45926	361961.573562622
2.47723166666667	537812.756027222
2.50443833333333	355295.714323044
2.53368166666667	424091.870822906
2.56207333333333	479184.678897858
2.57606833333333	591130.151538849
2.60863833333333	502901.212223053
2.63931333333333	425490.096725464
2.65328833333333	605948.634815216
2.67566	404000.183082581
2.69264	630188.23405838
2.722715	363279.565498352
2.73688	457391.117004395
2.76831	478351.227081299
2.78206166666667	463390.387989044
2.80178333333333	545445.566677094
2.82506333333333	384429.298362732
2.84306	493028.592971802
2.86357333333333	483781.090671539
2.88322833333333	415365.337902069
2.90378	426426.568000793
2.92353833333333	474683.883041382
2.95193333333333	323016.255924225
2.96606	303478.21717453
2.98815833333333	344388.56344223
3.00831666666667	490058.102455139
3.03559166666667	338252.577629089
3.05006	359172.268554688
3.103625	356274.771272659
3.15275833333333	342239.218391418
3.19422166666667	434886.388145447
3.23233833333333	462900.517227173
3.27422333333333	476329.022287369
3.29591166666667	462931.485816956
3.32085166666667	306993.215984344
3.33546	355421.965644836
3.36438333333333	372321.598861694
3.37843666666667	491996.981052399
3.41655833333333	467478.63640213
3.43311833333333	304739.520715714
3.46575833333333	296864.663957596
3.47987666666667	305311.63832283
3.50171833333333	318862.040630341
3.52734	315904.414535522
3.54978	471469.940525055
3.60229333333333	517910.787879944
3.62584	462697.012382507
3.63947666666667	485874.473190308
3.66344833333333	396461.43963623
3.68542166666667	339829.600072861
3.704125	370838.280040741
3.72894166666667	305444.794303894
3.74774333333333	393434.18939209
3.7787	455267.577886581
3.79718	389369.124168396
3.815715	515637.029060364
3.84024833333333	453491.879714966
3.85800166666667	487509.523647308
3.87758666666667	335806.087759018
3.899545	525364.438087463
3.91997	384747.961803436
3.94094166666667	462418.696575165
3.96834166666667	358010.308362961
3.983155	347747.031600952
4.00428166666667	371600.599758148
4.02438833333333	352834.981311798
4.04688166666667	394030.476036072
4.07171166666667	374619.129480362
4.12450666666667	335238.319925308
4.17383166666667	326513.167312622
4.22382	316105.384742737
4.25536833333333	309833.810216904
4.29781833333333	335772.618347168
4.31227	295745.591947556
4.33779833333333	459851.475536346
4.37627333333333	313062.485191345
4.39099666666667	340266.173482895
4.41346166666667	479397.397663116
4.43718333333333	393932.631530762
4.46522	312406.928117752
4.48032333333333	375639.728912354
4.50668333333333	307661.977916718
4.52068333333333	324222.795288086
4.54963833333333	385061.501605988
4.563675	339279.187452316
4.58508833333333	311219.392332077
4.607295	326727.4037323
4.62952333333333	376019.376556396
4.65634833333333	286515.013633728
4.67140333333333	317716.982385635
4.697155	329225.48828125
4.71808166666667	308113.752510071
4.73602833333333	312642.212213516
4.76542333333333	304676.052913666
4.78752333333333	407076.889381409
4.801125	440579.960861206
4.83242333333333	418667.502155304
4.84978	348804.001441956
4.87518166666667	423559.912494659
4.88882	519944.125995636
4.94555333333333	334090.910762787
4.96031333333333	402979.206600189
4.984595	354905.591444016
5.006855	370441.089981079
5.02423666666667	269212.293712616
5.04661333333333	362445.853069305
5.06648333333333	298938.523500443
5.08843833333333	321169.547203064
5.14414166666667	307121.107309341
5.19332	358780.241703033
5.23147666666667	305420.063383102
5.26382166666667	329576.949302673
5.306165	282238.838371277
5.324365	317179.332847595
5.34691666666667	368369.001070023
5.37600333333333	310439.720855713
5.39067833333333	354297.840549469
5.41330833333333	302935.305116653
5.43500833333333	326202.64302063
5.45607333333333	315313.799636841
5.48090166666667	298350.600656509
5.49953	367709.660995483
5.52704333333333	325742.796430588
5.54591	304738.274703979
5.56381	295238.376760483
5.58595666666667	397322.705688477
5.61708166666667	348217.06810379
5.63185	447134.38602066
5.66943666666667	428107.881164551
5.68909666666667	324734.406551361
5.70385333333333	492131.155544281
5.732815	350578.657173157
5.747485	344487.830963135
5.78613333333333	413589.962991714
5.80796333333333	428502.881893158
5.83006	502211.338424683
5.84645833333333	335308.353075027
5.86507333333333	389469.428024292
5.88552833333333	540147.774719238
5.91192166666667	402529.803686142
5.926745	582215.587944031
5.96457166666667	417775.859481812
5.98667666666667	333580.545875549
6.00143333333333	434134.784503937
6.020805	600413.234382629
6.04314666666667	507555.462055206
6.06418833333333	420856.471981049
6.082585	511998.263999939
6.10258833333333	466849.664928436
6.15707833333333	335080.486888885
6.20676666666667	380382.503017426
6.243535	352158.000778198
6.27564833333333	332325.075933456
6.32565166666667	344361.017206192
6.36120666666667	297680.802248001
6.38315833333333	332182.189025879
6.400265	302120.421224594
6.42259	336133.478544235
6.44478666666667	329229.15911293
6.49211	294444.544408798
6.50678333333333	395209.838722229
6.53380666666667	304154.313688278
6.54898333333333	360603.283870697
6.56997666666667	304307.218784332
6.59196666666667	321535.706012726
6.61787	310688.493358612
6.63506166666667	390644.585765839
6.66136166666667	330974.479759216
6.68898833333333	330984.8621521
6.702435	355433.986660004
6.72739666666667	321963.53011322
6.74724333333333	294777.418697357
6.76574	454307.645957947
6.821865	351447.318264008
6.83617666666667	323573.329244614
6.86833166666667	310415.493783951
6.88308166666667	369002.430397034
6.91124666666667	351222.978538513
6.92822333333333	300996.026424408
6.95063166666667	367064.791599274
6.97248666666667	375161.397838593
6.99114166666667	531060.055488586
7.02050333333333	353582.698604584
7.03525	445985.875005722
7.06462833333333	435322.028787613
7.09108333333333	345964.014562607
7.109165	377012.101305008
7.16217333333333	440942.555683136
7.21071333333333	322465.823783875
7.24274166666667	368098.332118988
7.25934	298276.981594086
7.29867666666667	496661.724433899
7.32525333333333	391328.023429871
7.339095	432863.344219208
7.37985	402830.042293549
7.40134333333333	397525.308710098
7.41655666666667	425304.450000763
7.46235666666667	509680.936164856
7.47973666666667	450025.427570343
7.501805	513903.435230255
7.521565	559905.154556274
7.54884666666667	449874.778812408
7.56181833333333	501191.10572052
7.58204333333333	498403.184967041
7.60362666666667	394104.630729675
7.62543833333333	492969.29524231
7.64658166666667	520337.449562073
7.68338833333333	428135.077060699
7.69683333333333	485076.252380371
7.72507833333333	333227.648975372
7.739795	327607.272266388
7.76546333333333	380983.777137756
7.78334333333333	345013.227556229
7.80887333333333	391019.040233612
7.83397	370858.693141937
7.84896666666667	453033.121154785
7.87549166666667	397075.818336487
7.893715	502058.808300018
7.92108333333333	324377.819664001
7.939315	400961.317562103
7.97035833333333	363875.654449463
7.98855666666667	462235.073572159
8.01101666666667	390820.882316589
8.02844833333333	356810.671669006
8.04991	423484.029045105
8.07630333333333	451624.376197815
8.09941333333333	363441.952461243
8.11800833333333	334024.660005569
8.17084166666667	324794.068416595
8.21946833333333	317544.558204651
8.25436833333333	339104.133779526
8.271795	307655.782011032
8.30799	362329.48925972
8.33970166666667	400116.733421326
8.357615	412354.794748306
8.39366833333333	413316.516134262
8.41507333333333	380427.883550644
8.430255	400373.877326965
8.45519666666667	324637.119844437
8.473675	793097.614498138
8.52188166666667	362716.146305084
8.53674166666667	381802.669002533
8.560345	325340.15063858
8.57904333333333	503352.264686584
8.60992333333333	395724.19805336
8.62450333333333	388819.543048859
8.64543333333333	383320.939865112
8.673345	305716.128261566
8.69146333333333	335501.097915649
8.710275	546647.79725647
8.73282833333333	311393.760814667
8.75058333333333	309480.192497253
8.77213166666667	355474.031381607
8.79436666666667	332053.258533478
8.83346666666667	322903.171703339
8.86352	452439.891021729
8.907	487842.543106079
8.95423166666667	515867.091346741
9.00517333333333	835747.581245422
9.056125	875788.656177521
9.10515333333333	1713461.42330933
9.15579166666667	2262209.05274963
9.20098333333333	2293654.74220276
9.24762	4027448.762146
9.29377666666667	5476664.72039795
9.339935	2651872.29129791
9.38655166666667	5413450.81704712
9.43255833333333	4232941.33500671
9.47886333333333	4575632.31871033
9.525605	6108881.70932007
9.57040666666667	10591249.2717896
9.61401666666667	8152529.84475708
9.66114333333333	10147247.1424561
9.70703166666667	7506265.67306519
9.75453833333333	9804233.2116394
9.80125833333333	10286575.9914856
9.84794333333333	12137921.8856506
9.89577666666667	8699140.25756836
9.94317	14837104.8424072
9.98731	13541882.1142883
10.028845	22979191.7178955
10.0722816666667	21955491.9153442
10.1131116666667	14614024.4645081
10.159845	12109421.4508057
10.20397	10165367.8428955
10.249585	9461126.84695435
10.2948583333333	13421328.2541504
10.339245	17953453.1829224
10.383025	19739935.9168701
10.42958	17607826.4494629
10.473295	23800653.9923706
10.5197016666667	21065046.9733887
10.5625966666667	22964329.0155029
10.6067333333333	25258459.4213257
10.6464166666667	22094938.7888794
10.6865433333333	12711941.8767395
10.7302883333333	19613443.3800049
10.7709416666667	18553804.428833
10.8133866666667	21482853.5721436
10.8578183333333	25995634.8925171
10.9014616666667	30929535.7565918
10.9468233333333	24945100.5541992
10.9922366666667	35737483.699585
11.0360033333333	30888068.2549438
11.0772716666667	33651081.6307373
11.1229816666667	25851798.1037598
11.1656533333333	22694531.3745728
11.21162	30558371.2921143
11.2521133333333	25344091.6688232
11.2943833333333	42115583.7050781
11.3339466666667	34850688.2702637
11.3763866666667	55300663.5925293
11.4170366666667	40246382.6847534
11.4609966666667	55721515.8756104
11.5045666666667	43105907.1417236
11.5474583333333	60931278.3955078
11.5858983333333	37010765.8526001
11.62805	52531522.6671143
11.66625	46122261.5826416
11.707795	63676209.7275391
11.7455083333333	49891972.7589111
11.7862416666667	80622390.060791
11.8229433333333	52478264.9302979
11.8650583333333	75207987.112793
11.906575	42990423.8779297
11.9513566666667	62366504.8183594
11.9934866666667	77617306.4611816
12.0314433333333	51466905.4494629
12.0713433333333	72080161.9892578
12.110385	84729832.3071289
12.1525833333333	80519401.697998
12.1935	83686555.4760742
12.2375816666667	83383092.3527832
12.2762766666667	73167403.3983154
12.3153866666667	62900095.9487305
12.3517083333333	62140651.979126
12.3940116666667	69164962.3560791
12.4331066666667	63367737.3461914
12.4709233333333	96048155.970459
12.5064683333333	53569143.4705811
12.5509833333333	117444266.549561
12.5915666666667	91633002.8120117
12.6306933333333	104501041.891846
12.6693	120750375.932617
12.7058816666667	116864155.240234
12.7418133333333	114898575.094482
12.779025	86952145.8123779
12.8170016666667	120314586.399658
12.85295	78967596.7338867
12.89441	118540114.525146
12.9337516666667	139730415.390869
12.9709283333333	119224884.041992
13.0112316666667	141323888.757813
13.048415	93507641.6608887
13.0860666666667	148796355.140381
13.1228833333333	108310539.000732
13.1608016666667	176892083.85791
13.1965283333333	137900596.040527
13.2384766666667	257838662.547363
13.27553	208929727.62085
13.3126916666667	255805827.32666
13.3487233333333	226325386.137695
13.3907966666667	241571769.3125
13.4307933333333	203971721.813477
13.467445	158153288.02832
13.5066133333333	110514761.855713
13.544365	143366222.126465
13.5828866666667	92431544.2076416
13.6273216666667	133633911.987061
13.66807	124072294.823975
13.70726	129412153.810791
13.744125	108334195.895752
13.78359	140968842.717529
13.821695	147252203.20166
13.8594316666667	139503390.554932
13.8948933333333	130981091.441406
13.9309116666667	125057688.079102
13.964055	107418310.197754
14.0006983333333	144671926.805176
14.0349766666667	133464281.690918
14.0720416666667	143447914.786621
14.10898	149405280.505371
14.1428016666667	123514976.35083
14.1800983333333	139849199.750977
14.2155116666667	161946501.977051
14.2510083333333	109739287.145752
14.290105	141518506.085693
14.3272366666667	121752709.047607
14.3625216666667	167450454.225586
14.4004466666667	209520677.935059
14.4362916666667	164309480.130371
14.47989	197089992.928711
14.5144366666667	214738687.333008
14.550495	204425317.018555
14.5892483333333	174851536.891113
14.6224083333333	257092676.929199
14.66184	194014715.444824
14.7025966666667	279983885.737305
14.7425716666667	271882583.315918
14.7811066666667	276451121.101074
14.81829	221463482.784668
14.8514933333333	176661079.835693
14.8895333333333	183011741.410645
14.92771	210816002.878906
14.9636766666667	224253655.209473
15.00298	265099601.373535
15.0399833333333	264613492.54834
15.0762866666667	338219712.831543
15.1113566666667	293909872.645508
15.1458366666667	284409476.538574
15.1834633333333	339685321.717285
15.2214083333333	229049357.588867
15.2568583333333	218280537.10791
15.2906916666667	235875157.07666
15.3263916666667	237755215.538574
15.3614466666667	370403753.227539
15.3941116666667	309901025.070313
15.430105	369685271.857422
15.463245	328893075.359375
15.49993	340035958.114258
15.5309733333333	361104723.867188
15.56304	376928005.573242
15.597055	336286678.222656
15.6299533333333	414667186.022461
15.665985	459374393.670898
15.6990866666667	508559125.013672
15.731425	517071579.754883
15.7645583333333	518340890.011719
15.798785	489104442.735352
15.83407	618569339.760742
15.8673416666667	578997802.1875
15.901195	466736691.213867
15.93853	527992317.740234
15.9729483333333	638669340.172852
16.0089733333333	539457939.319336
16.0502216666667	491668430.30957
16.081645	502480591.910156
16.1156716666667	465116295.661133
16.150595	369688373.675781
16.1874433333333	451956659.477539
16.2248366666667	442001302.15918
16.2578983333333	405817873.452637
16.29201	504250277.150391
16.3256666666667	508670153.959961
16.3619866666667	659919920.044922
16.39573	562708002.652344
16.43121	524491327.319336
16.4646216666667	537078379.057617
16.500355	470870678.920898
16.5367433333333	423412362.517578
16.57048	331476453.384766
16.6032766666667	419884415.201172
16.6383416666667	347326512.187988
16.6728983333333	335706729.100098
16.708925	278192117.308105
16.7425316666667	444098772.067383
16.7782716666667	305070881.697266
16.8113433333333	454442935.436523
16.8448533333333	392976703.512695
16.8773716666667	408189811.96875
16.9124066666667	489649978.581055
16.9458583333333	473120108.469727
16.9811983333333	402968429.62793
17.0162616666667	408477616.026367
17.0512033333333	440375704.761719
17.0873166666667	365231036.82959
17.120905	345590184.199219
17.1530966666667	410173086.382813
17.18877	321991834.487793
17.2231283333333	389552629.799805
17.2580233333333	342367853.744629
17.29111	310895469.702148
17.324895	443786123.283203
17.3569	334187104.584961
17.3895066666667	368338710.426758
17.4218533333333	369568667.516602
17.4557016666667	337322548.21582
17.48908	426129331.511719
17.5227066666667	480016806.014648
17.5560933333333	391432387.367188
17.5879916666667	529366298.03125
17.6198533333333	476414247.730469
17.65363	543621980.540039
17.685085	536128665.228516
17.71738	625673972.537109
17.7510116666667	617504554.078125
17.783975	544442410.838867
17.8194283333333	638993761.514648
17.8524033333333	575198729.205078
17.8867133333333	508472038.310547
17.922875	621097165.841797
17.95718	545465325.470703
17.99285	579953960.987305
18.027105	514149935.413086
18.06186	576523369.180664
18.0970866666667	496470311.68457
18.13014	551385310.984375
18.1643016666667	514851440.526367
18.1994316666667	535593131.956055
18.23505	554964457.353516
18.2719016666667	484657783.501953
18.3066716666667	526956836.300781
18.34092	540778218.126953
18.37293	486878255.05957
18.40446	475460821.22168
18.4390083333333	481497385.155273
18.4729516666667	481329656.207031
18.5077866666667	557836107.894531
18.5400666666667	477032027.172852
18.573765	457345092.048828
18.6091733333333	523103380.56543
18.64534	419285110.955078
18.6794066666667	449278012.682617
18.71174	409435064.700195
18.7450833333333	451036365.151367
18.7797566666667	400797580.838867
18.81308	354589110.328125
18.8451966666667	398421729.727539
18.8789683333333	407562841.450195
18.9100766666667	394322271.540039
18.9430966666667	394398495.685547
18.9757616666667	445959662.90918
19.00944	404152506.731445
19.04318	467134466.061523
19.0753333333333	486878323.141602
19.1076766666667	416325316.048828
19.1404933333333	442498308.711914
19.17354	495653024.575195
19.20576	523612931.734375
19.24106	548897327.225586
19.27487	697721058.769531
19.3096016666667	638199815.075195
19.34383	702962576.365234
19.3772983333333	758517231.181641
19.4133083333333	789490550.879883
19.4437283333333	833292921.984375
19.476825	778703837.682617
19.5108016666667	809278358.273438
19.5434216666667	673694421.550781
19.578145	694391813.189453
19.6124983333333	645210617.044922
19.6480266666667	617165085.285156
19.682915	690621987.02832
19.7157333333333	584758346.652344
19.7494966666667	496611899.733398
19.7849433333333	505545919.829102
19.8186833333333	514686884.570313
19.8515	534482967.116211
19.884225	418954183.927734
19.9167883333333	420629346.330078
19.9491333333333	409599650.506836
19.98481	337378902.01709
20.016985	399335005.553711
20.0556583333333	377109362.996094
20.0887833333333	361855507.890137
20.1244383333333	299370323.286621
20.1600466666667	309083650.630371
20.1984583333333	352013979.025391
20.2322766666667	387804094.569336
20.265155	349490178.892578
20.2995433333333	343014256.988281
20.3319066666667	403438216.972656
20.36504	455019752.119141
20.3973916666667	425444679.673828
20.431735	445694274.422852
20.4657766666667	464994939.817383
20.498595	505122941.443359
20.5304916666667	462724784.397461
20.5629766666667	470018666.260742
20.596865	467013605.691406
20.6300266666667	502779231.351563
20.66325	423508930.558594
20.6981616666667	472007544.024414
20.7306466666667	391567726.75
20.7634733333333	468539521.235352
20.7952033333333	452113350.806641
20.8278916666667	509582007.467773
20.8585716666667	438882028.952148
20.89217	494064094.480469
20.9208433333333	441304046.5
20.955615	485231554.807617
20.9871433333333	481651584.858398
21.0193683333333	452309197.074219
21.051655	448347450.773438
21.0843366666667	438575246.973633
21.1159516666667	498273776.595703
21.149865	440514483.374023
21.1823183333333	457134411.361328
21.216215	460276777.46582
21.250445	465863823.624023
21.2863266666667	513565562.175781
21.32232	505707847.419922
21.3546683333333	547230435.322266
21.3884516666667	568025615.512695
21.4219866666667	468657125.006836
21.4566933333333	518268247.289063
21.4923683333333	585322778.025391
21.5270466666667	642371411.380859
21.5615983333333	638343977.205078
21.5933183333333	636027520.473633
21.6264916666667	521661480.212891
21.6583066666667	629953814.764648
21.69198	734535629.697266
21.725355	707816383.783203
21.7602016666667	757194096.369141
21.7923766666667	708850485.337891
21.8253916666667	701992665.789063
21.8571083333333	722149648.514648
21.8892666666667	649185116.541992
21.9213616666667	653041325.029297
21.9528316666667	634400155.077148
21.98445	710065382.871094
22.0154333333333	639345876.585938
22.0469233333333	563893149.143555
22.0804616666667	659537093.980469
22.1146816666667	592926121.045898
22.1511983333333	743462161.754883
22.1841716666667	729988867.829102
22.2185866666667	693192183.260742
22.2547116666667	553452806.55957
22.2882216666667	606022104.873047
22.3246116666667	584054797.024414
22.3609966666667	624422354.014648
22.39458	517406106.71875
22.42884	577589599.722656
22.4633466666667	538697094.445313
22.497815	595211618.352539
22.5337533333333	525403070.624023
22.565255	633069245.297852
22.5991866666667	579775584.59082
22.6334433333333	565413177.436523
22.667515	627808634.12207
22.6987716666667	617318796.734375
22.7332483333333	634788290.820313
22.7667983333333	524194085.763672
22.8008283333333	512185236.775391
22.8305916666667	504871730.084961
22.865245	622932331.767578
22.895275	514128272.662109
22.9294583333333	537384466.124023
22.961	485287355.175781
22.9923216666667	548836019.803711
23.0242933333333	512462345.753906
23.0564983333333	521237732.379883
23.0879516666667	527533549.171875
23.1215383333333	533737812.758789
23.1551483333333	489002757.256836
23.1895216666667	549536228.09668
23.2238016666667	534052835.878906
23.2569633333333	452854902.248047
23.290045	555180867.630859
23.322575	504959990.432617
23.3570266666667	467782770.292969
23.3885816666667	535119904.898438
23.421815	492255802.600586
23.4549833333333	505499382.276367
23.48772	499939564.907227
23.5208766666667	578140195.545898
23.5538466666667	581796303.694336
23.587035	592881076.330078
23.6197433333333	564541775.703125
23.6519616666667	668668802.447266
23.6839683333333	603934733.506836
23.7172916666667	776117317.833984
23.7509033333333	755558979.964844
23.7842883333333	681424787.604492
23.818405	777729453.072266
23.8524616666667	783441550.226563
23.8867833333333	711160907.886719
23.9181283333333	720057239.728516
23.9524416666667	689244682.18457
23.984495	689258688.172852
24.0166016666667	701763484.542969
24.0497466666667	624700720.628906
24.0829866666667	676875845.387695
24.1145833333333	719533585.794922
24.1457633333333	705972539.365234
24.1768666666667	625991470.791016
24.2083283333333	608875893.549805
24.2404333333333	679601377.097656
24.2720583333333	581106125.65625
24.3046983333333	649877268.224609
24.337885	658849853.083984
24.3721783333333	558961085.78125
24.4068883333333	570912101.094727
24.44122	575947189.941406
24.4752516666667	623841542.875
24.508805	557570019.953125
24.5412333333333	493677867.53125
24.5744916666667	471947158.821289
24.609045	518102420.030273
24.6446583333333	513191777.80957
24.677145	476937311.631836
24.7108066666667	537892215.820313
24.7453166666667	562921651.019531
24.777665	532191960.475586
24.8111033333333	541231716.889648
24.8429283333333	541773944.547852
24.8754033333333	496062584.424805
24.9079883333333	564342746.200195
24.9396333333333	534218910.74707
24.9728516666667	677386020.160156
25.0049916666667	673346705.326172
25.0374833333333	642718010.597656
25.0696416666667	719078409.984375
25.1022483333333	643565769.238281
25.1332316666667	741330022.416016
25.1647233333333	728513504.542969
25.1960433333333	608858654.136719
25.2281816666667	567687565.050781
25.2605916666667	616331693.132813
25.2931966666667	625867102.96875
25.324625	694912212.070313
25.3574883333333	627661539.444336
25.3895	653781133.263672
25.4229616666667	664950226.984375
25.4562616666667	642471908.185547
25.4907016666667	764282979.259766
25.525215	633119276.064453
25.558315	693000548.649414
25.5932233333333	799997405.382813
25.6254466666667	765334741.164063
25.6583233333333	823118152.632813
25.6912933333333	710153857.947266
25.723495	757049973.005859
25.7593583333333	868163586.8125
25.791265	865725045.986328
25.8236933333333	853604444.164063
25.8558016666667	726648317.050781
25.8907983333333	696234059.99707
25.9231583333333	687967593.738281
25.9562516666667	657199532.582031
25.98966	608047533.373047
26.0220033333333	686194350.300781
26.0546216666667	586118503.862305
26.0870933333333	633539994.336914
26.1203016666667	582502564.152344
26.1532633333333	540151443.087891
26.18595	667062978.433594
26.21819	617513640.611328
26.2497883333333	640788676.294922
26.2809433333333	644976599.855469
26.3121833333333	642382230.488281
26.3439566666667	624164372.368164
26.3746233333333	583098878.103516
26.405045	586908133.696289
26.43622	695605702.393555
26.4676666666667	643857099.15332
26.4992233333333	682044560.564453
26.53099	654945199.075195
26.5631233333333	669723911.536133
26.59577	757527641.771484
26.6274366666667	737857019.378906
26.6591966666667	798368905.988281
26.6910283333333	759536916.853516
26.7223233333333	693022978.707031
26.7554083333333	724514398.013672
26.7878183333333	866351675.355469
26.8208433333333	705011933.125
26.8516983333333	685337627.486328
26.8822016666667	803076209.642578
26.9146866666667	734624586.037109
26.94873	684307001.078125
26.9825533333333	621133433.277344
27.01577	634591785.513672
27.0474516666667	614899880.03125
27.0783983333333	640730473.238281
27.1097316666667	654214800.367188
27.1411033333333	728785861.929688
27.1717266666667	673811521.251953
27.2018466666667	855982830.167969
27.2327883333333	759878800.917969
27.26379	791612107.246094
27.2950633333333	932702938.001953
27.32702	839128607.419922
27.3577716666667	895979461.232422
27.3889833333333	845928395.777344
27.4199416666667	969233041.003906
27.4507716666667	1029265192.66602
27.483095	911877726.140625
27.515425	967519558.779297
27.5473833333333	946499419.707031
27.580335	922147740.511719
27.611695	952581411.507813
27.6448616666667	980232134.457031
27.6774166666667	1006797848.4668
27.7095966666667	961414767.029297
27.74346	1047429615.10547
27.77439	1067948322.50781
27.8075583333333	990099586.615234
27.84003	1038275048.55469
27.874195	901964712.492188
27.9064866666667	1086970874.55859
27.939265	924190291.494141
27.9712533333333	883019398.714844
28.0034216666667	808905399.181641
28.036625	774410308.025391
28.0695716666667	740326426.21582
28.1031816666667	827079866.289063
28.1356183333333	757327122.533203
28.1690916666667	790546881.263672
28.2009933333333	770179535.269531
28.2322383333333	766101597.955078
28.263625	821889429.566406
28.2942483333333	787596191.789063
28.3251966666667	822893298.240234
28.3573316666667	799665347.976563
28.3896133333333	830406091.466797
28.420395	825949461.099609
28.4515216666667	878798759.111328
28.4821483333333	874874503.376953
28.5149183333333	873695107.261719
28.5473616666667	921348510.169922
28.5794083333333	1050808387.89453
28.6119416666667	907341686.875
28.6439133333333	831545836.171875
28.6766483333333	966718488.722656
28.7083516666667	925143790.251953
28.7397583333333	903983393.220703
28.7721083333333	835773021.699219
28.804985	935248823.181641
28.837115	867355445.041016
28.8700166666667	886411483.685547
28.90165	801685892.193359
28.9347816666667	914347020.898438
28.9681533333333	943780136.550781
28.9995933333333	833018465.916016
29.0306583333333	1025701763.28516
29.0630883333333	977861347.630859
29.0953316666667	929523743.576172
29.1279116666667	839653174.716797
29.1601166666667	970504187.585938
29.1916666666667	919517081.09375
29.223625	949898099.814453
29.255605	881925294.996094
29.2862166666667	1009967167.57031
29.3168633333333	961970030.496094
29.34753	974877038.398438
29.3790783333333	1016640141.12109
29.4106483333333	990710944.910156
29.441455	998606006.664063
29.4732383333333	1051779185.01367
29.5034516666667	966752189.388672
29.5348933333333	921647653.496094
29.56619	991050272.488281
29.5978816666667	938692792.259766
29.6288966666667	987777605.242188
29.660205	830708018.082031
29.6908016666667	886647408.265625
29.7224733333333	927752206.992188
29.75459	924932642.591797
29.7869333333333	966010311.857422
29.820095	950674798.746094
29.8528483333333	1043641998.79688
29.88469	941224424.789063
29.916255	1008799985.56055
29.9485	944351187.900391
29.980335	913897066.308594
30.01192	997841115.902344
30.0431983333333	835675761.654297
30.0741083333333	1042774975.18359
30.107175	1043853440.39063
30.1394266666667	1035572560.10156
30.17074	972420382.667969
30.2025066666667	1058055348.96094
30.233605	1081147123.14063
30.2660416666667	971060296.025391
30.298105	1104425717.9082
30.3296733333333	1071103531.17578
30.3620316666667	951082833.123047
30.39445	853718023.455078
30.426645	883071878.6875
30.4574683333333	885594394.675781
30.4907416666667	916777658.21875
30.5239866666667	913002817.238281
30.5559616666667	981230093.470703
30.5868333333333	956090291.148438
30.61966	857147157.064453
30.6511166666667	879694473.966797
30.682225	934942848.484375
30.7137333333333	866671562.566406
30.74542	845695683.451172
30.7780566666667	851719797.605469
30.80957	1005585446.86133
30.840965	892467442.136719
30.8741983333333	985828402.306641
30.9063066666667	874395341.3125
30.9386933333333	864468655.84375
30.9701	911411563.542969
31.001255	902166862.791016
31.03333	831960469.189453
31.0651533333333	817602766.796875
31.0963933333333	772593902.597656
31.127625	832170535.097656
31.15978	966162300.21875
31.1907883333333	939680013.857422
31.2230516666667	903672521.175781
31.25546	978405309.484375
31.2878133333333	887758482.253906
31.320245	987413115.193359
31.3519416666667	1085757901.48828
31.383275	1200614714.96094
31.4147383333333	1290680989.12109
31.4449283333333	1331035190.98047
31.4758633333333	1195760193.07031
31.5075566666667	1259580487.95313
31.5393183333333	1196412992.83398
31.5701416666667	1286034094.17188
31.6017283333333	1292835833.10938
31.632145	1350535832.65625
31.663735	1297615129.08984
31.6947283333333	1383875168.73828
31.7252333333333	1372822468.22656
31.7549766666667	1377503864.57227
31.785875	1332293729.75391
31.8177816666667	1284967766.77734
31.8489083333333	1381353372.32031
31.8801916666667	1308633793.14844
31.9118716666667	1437053142.06641
31.9442583333333	1302840841.14063
31.9759016666667	1278086575.26563
32.00659	1295051509.70117
32.0385883333333	1327373182.21094
32.070145	1437367807.99414
32.1018483333333	1460105152.76172
32.1334233333333	1314900749.89258
32.1673766666667	1371034698.54492
32.2017033333333	1223433700.48438
32.2332583333333	1413835697.11523
32.2637766666667	1210216462.13086
32.2964683333333	1190162307.73438
32.32955	1224706004.10352
32.361895	1185368361.19141
32.39454	1038052155.60742
32.4272616666667	1116352144.26953
32.4591333333333	1114864728.43945
32.489375	1078616563.49414
32.5210766666667	1141714810.19922
32.552085	1138064219.52344
32.5827583333333	1273082044.71875
32.6153483333333	1289295978.62891
32.6466083333333	1281952626.38477
32.6778033333333	1249327551.91797
32.7088216666667	1147154862.64258
32.7399466666667	1175436490.5332
32.77098	1191379475.75195
32.80324	1163121551.88281
32.83433	1255965363.4082
32.86655	1142619824.04883
32.89767	1201318280.69141
32.9291266666667	1106128801.90039
32.960645	1159690571.82422
32.9941533333333	1144405478.82617
33.0267133333333	1160057013.17188
33.05838	1173895429.07227
33.0899783333333	1055673748.9668
33.1219516666667	1274759336.08984
33.15425	1289996415.70508
33.184675	1317088963.76563
33.2156066666667	1486772053.30469
33.2469016666667	1536830128.67188
33.278265	1764242139.25391
33.3090116666667	1855954844.73047
33.3415066666667	1821741318.00391
33.372885	2084117982.01172
33.4043716666667	1910117407.73438
33.436155	2032174077.33203
33.4684816666667	1988718475.28516
33.500095	2031032805.62109
33.53164	2046142855.83984
33.5643766666667	2029591067.67188
33.5953633333333	2192487903.07422
33.626405	1862329148.08984
33.6577933333333	2020936054.79297
33.6892116666667	1767009346.30469
33.7214133333333	1809253076.10156
33.753635	1761718525.01563
33.7856133333333	1892735012.05469
33.81739	1735602439.04297
33.84889	1472992003.14453
33.8797983333333	1572752260.79688
33.9127383333333	1498012471.38477
33.9452416666667	1626755554.02734
33.9769033333333	1438044785.08594
34.0082033333333	1552289784.5625
34.03995	1646305559.48633
34.0726716666667	1715106794.4082
34.1040466666667	1692206852.5625
34.136995	1814621867.23438
34.17	1756364636.67578
34.2013366666667	1922550294.16016
34.23337	1775277050.44922
34.2653666666667	1903527757.36719
34.2965083333333	1744263084.47266
34.32865	1687681053.10938
34.3595316666667	1538859332.86133
34.3915933333333	1608606768.39648
34.4244333333333	1476160892.86914
34.456735	1367224201.07422
34.489115	1233048652.46875
34.52213	1280699393.82031
34.55449	1328568683.2168
34.5863666666667	1175073245.00195
34.6171616666667	1085995633.13086
34.649765	1232495822.2832
34.6819883333333	1215189347.86133
34.7132183333333	1185112135.39453
34.744575	1275777919.5
34.7762766666667	1376221538.10156
34.8065583333333	1361070513.61328
34.8371	1365373504.03125
34.8673516666667	1341482252.08594
34.8997233333333	1493587846.36328
34.92962	1482089784.46094
34.962175	1435012635.29297
34.9940083333333	1578419275.97656
35.026055	1650151007.88281
35.0580816666667	1446495104.82813
35.090925	1564704428.43359
35.1228766666667	1414029136.76172
35.154655	1307726539.5957
35.1873533333333	1345871747.44922
35.2199666666667	1354205475.73047
35.2525866666667	1489760713.375
35.2849316666667	1413304029.37109
35.3166333333333	1384900972.69531
35.3492666666667	1396204490.44141
35.37993	1301508026.33789
35.4102183333333	1305604354.73047
35.4421816666667	1241427987.19922
35.474115	1408310524.93359
35.5063483333333	1334691078.93164
35.5397016666667	1397887309.94531
35.5717716666667	1222377451.64844
35.6044333333333	1489807738.62109
35.6362283333333	1360062328.20703
35.6674	1472065263.05078
35.7000816666667	1294614527.93359
35.7320566666667	1206098664.25
35.76346	1211915804.61914
35.7945933333333	1125101084.01563
35.8261566666667	1171456887.60352
35.8575133333333	1068925735.4707
35.88935	1114442584.83789
35.9214516666667	1092323794.88086
35.9525683333333	1141006725.40039
35.98376	1160561678.25781
36.0154633333333	1109307843.8418
36.047295	1207107185.56641
36.0789433333333	1242942662.80664
36.1105266666667	1446533132.33984
36.1414333333333	1273317791.66211
36.1730233333333	1467789501.70313
36.2052333333333	1506525583.92969
36.23669	1502998033.33594
36.2671966666667	1562464330.90234
36.2978366666667	1385683788.64844
36.329125	1366938302.11523
36.3611966666667	1390727814.73047
36.3932533333333	1338256051.19727
36.423135	1338315364.25
36.4531266666667	1284305043.58789
36.4835266666667	1350560569.85938
36.5140016666667	1405205578.52344
36.544455	1377902899.57422
36.5751533333333	1414105917.70313
36.6072816666667	1407160499.45703
36.6395183333333	1616262458.22266
36.6717316666667	1598875932.76563
36.70382	1495250948.97266
36.7359433333333	1817235552.33594
36.76816	1523148748.07813
36.80115	1806280603.44922
36.8335	1545182464.59375
36.8650866666667	1768602005.1875
36.8972266666667	1668279093.31641
36.9306166666667	1521230179.91797
36.9630183333333	1428754073.76172
36.9950583333333	1415599529.88672
37.0266666666667	1511970612.83203
37.059595	1419473318.14844
37.0934716666667	1452194386.89453
37.1255116666667	1386810630.5
37.15852	1389919596.24609
37.1903233333333	1452109586.71484
37.2217483333333	1510704393.90234
37.2542266666667	1507322739.87891
37.28683	1397264778.01172
37.319345	1469405497.15234
37.3519516666667	1651176791.69141
37.3846466666667	1588392994.57031
37.41544	1460382843.37109
37.4469433333333	1501044799.26953
37.4789466666667	1603932565.89453
37.510815	1671986198.71875
37.5424683333333	1670082718.89844
37.574575	1793780133.90625
37.607625	1568392849.375
37.6408616666667	1528809229.67188
37.6723083333333	1695182499.39453
37.7045166666667	1536051215.3125
37.736635	1579463436.10156
37.7696916666667	1663948282.44141
37.80195	1441723553.67773
37.833785	1421813175.49023
37.8656616666667	1445387130.95703
37.8973816666667	1427677804.3125
37.9298183333333	1587524193.14453
37.962305	1392577589.77539
37.993805	1493646716.36328
38.026935	1368389909.30078
38.0581033333333	1527072703.92969
38.0899583333333	1320652132.48047
38.1211966666667	1448239001.66797
38.1525733333333	1278069075.00586
38.1844616666667	1400575320.32617
38.2152833333333	1495049711.04688
38.2460933333333	1480027411.1875
38.2780533333333	1536676157.88672
38.3077116666667	1636787676.89844
38.3389216666667	1674557015.63281
38.370145	1606599572.44531
38.4017733333333	1808034139.59375
38.4332333333333	1896678925.77734
38.4647183333333	1764814722.55859
38.4965983333333	1810378947.48438
38.528595	1615967874.33984
38.5609883333333	1593006170.48047
38.5949083333333	1722067013.51953
38.62713	1616086832.08203
38.6605483333333	1529877797.57813
38.692645	1533824011.03516
38.7239466666667	1399334223.66406
38.7557516666667	1383553656.55273
38.78766	1353755264.25391
38.819585	1263454116.59961
38.8531733333333	1335985300.60352
38.8848833333333	1420785728.48047
38.916675	1297447646.1543
38.947505	1324313660.71094
38.97836	1226824918.21289
39.0105433333333	1268968244.13477
39.0412416666667	1166827456.4668
39.071875	1160541176.95508
39.10494	1300719395.89063
39.1371466666667	1252324913.66016
39.1685083333333	1321889133.29688
39.2001516666667	1355199854.08594
39.2322683333333	1270874139.46094
39.2642583333333	1304195745.66016
39.295685	1288823233.44141
39.3269116666667	1313480328.86328
39.3582366666667	1455734015.98047
39.3905016666667	1423537641.25391
39.42292	1431953002.8125
39.4534016666667	1533329944.35938
39.4856516666667	1410720376.73438
39.5163016666667	1507968379.45313
39.5468616666667	1565225266.12109
39.57776	1502547342.57031
39.6075833333333	1763488435.70703
39.6386	1632962925.25
39.6688666666667	1564818204.49219
39.6998816666667	1569547431.54297
39.7309166666667	1541327540.62109
39.7622416666667	1526539336.1875
39.7935783333333	1696838226.88281
39.826455	1564659905.48047
39.85817	1538320618.38672
39.8893366666667	1522511697.54688
39.92022	1457280157.38281
39.9524333333333	1543538358.41406
39.983555	1418211921.69141
40.0153116666667	1252490088.7207
40.0472283333333	1274450874.47852
40.0797166666667	1268437053.77148
40.1125266666667	1241838477.77734
40.145035	1294248892.10547
40.1783083333333	1283999182.4375
40.210255	1565190146.97656
40.2408683333333	1433730012.16406
40.27314	1383328633.69922
40.3046266666667	1583173711.70703
40.3366416666667	1395682992.375
40.369445	1515973584.14453
40.4012166666667	1595155548.57031
40.432815	1701377154.14063
40.464945	1442435525.08984
40.4971	1393699222.67969
40.5290366666667	1600483676.18359
40.561405	1367069963.53906
40.59269	1463425553.97656
40.6255133333333	1312215709.21484
40.65728	1252822763.92969
40.6897533333333	1200010810.66797
40.7218933333333	1328988986.88672
40.7531933333333	1291804752.86328
40.7840666666667	1146917362.30469
40.815225	1365663045.89453
40.845515	1351690978.59375
40.876315	1485521794.9375
40.9071766666667	1495433180.75781
40.9383883333333	1593198755.40625
40.9683616666667	1688492360.49609
40.9998016666667	1662706101.39453
41.029775	1659508497.08984
41.0607366666667	1702188908.69531
41.0910133333333	1704592500.04688
41.1216983333333	1586709812.44531
41.1527266666667	1601239892.17578
41.184495	1583338706.34766
41.2170016666667	1676980663.77734
41.2483083333333	1549615378.84375
41.280325	1618136159.30859
41.310525	1782556713.10156
41.3425566666667	1671234511.17969
41.374095	1432998165.61328
41.4073866666667	1546657902.12109
41.43996	1422906720.61328
41.473255	1352477273.69531
41.506365	1364186157.53125
41.5393866666667	1338984476.83984
41.570505	1364418843.83203
41.602925	1381077858.12109
41.6339933333333	1359121897.29883
41.665865	1643468444.69531
41.6970766666667	1724546465.32422
41.7279666666667	1563840242.05469
41.7593433333333	1592327561.76172
41.7914216666667	1563307675.59375
41.8242266666667	1612344616.55859
41.855885	1547754356.36328
41.8876283333333	1595590909.02344
41.91953	1547877054.95703
41.9508266666667	1637633629.11328
41.982095	1587667823.48047
42.0132916666667	1590111307.61328
42.04487	1628230864.27344
42.0767066666667	1573364262.83203
42.10788	1583264344.71094
42.1385266666667	1660508792.96094
42.1697483333333	1602388288.74609
42.202005	1460904751.22266
42.2336866666667	1443104042.79688
42.2650266666667	1380659374.33203
42.2966033333333	1458594229.42969
42.3279533333333	1512013719.76172
42.3603383333333	1419207336.81641
42.392045	1507141210.86719
42.4238266666667	1537112916.60547
42.4560333333333	1572750972.65234
42.4881966666667	1558241907.01563
42.51966	1512747048.33594
42.5505533333333	1602140135.65625
42.5827066666667	1597544060.57031
42.613855	1528005021.28906
42.6448116666667	1569114902.39063
42.6761183333333	1535186791.03516
42.7077766666667	1542423588.28516
42.7393483333333	1472350333.38672
42.7722483333333	1365059966.20313
42.8034	1532583330.00391
42.83348	1485107255.39063
42.8647033333333	1429888788.9375
42.8963333333333	1723294211.33984
42.9281166666667	1707969659.21484
42.960665	2059040530.22656
42.9925016666667	1925437185.33984
43.02461	1926315340.97266
43.0558716666667	1853924486.34766
43.0875666666667	1730998022.64844
43.1186333333333	1535538938.03516
43.1505783333333	1450592719.73828
43.1822616666667	1393713856.82422
43.21332	1509286476.60938
43.2446566666667	1715119865.98828
43.27674	1407531564.01953
43.307915	1538761131.73438
43.339645	1757731583.01953
43.372015	1433178080.28125
43.40316	1556301251.42969
43.435215	1783688321.21094
43.4676183333333	1585974940.69531
43.5000633333333	1525952729.52734
43.5316833333333	1493039536.17578
43.56409	1656727238.52734
43.5959883333333	1434641913.90234
43.6288266666667	1445646067.00781
43.6601066666667	1419376263.66406
43.69245	1420950279.73828
43.7242683333333	1318523569.20313
43.756205	1327400569.12891
43.787545	1303204835.17969
43.8190133333333	1486789660.00391
43.8512316666667	1297584242.52734
43.8843116666667	1340057209.14063
43.9162583333333	1445854063.75391
43.9490633333333	1373697319.92578
43.9794583333333	1464770690.14844
44.0111483333333	1420848086.27344
44.0442733333333	1604921460.57031
44.075055	1526871502.19141
44.10557	1475192730.75
44.1355883333333	1577387989.01953
44.1665533333333	1474809381.82031
44.198065	1438517575.91406
44.2286866666667	1414197479.59375
44.2601783333333	1456286616.35156
44.29252	1390261586.14844
44.324895	1437339108.20313
44.3576333333333	1494742725.29688
44.3898883333333	1348653565.66016
44.4220366666667	1502494295.85547
44.454145	1417099362.34766
44.485785	1637302303.44922
44.51796	1542944740.93359
44.5492	1559021575.90234
44.5805516666667	1461752729.47656
44.6113533333333	1563137943.72266
44.64181	1619207159.75781
44.67309	1407011641.36719
44.7054783333333	1677020549.65234
44.7377316666667	1416360930.05469
44.7712533333333	1473378689.48047
44.8045083333333	1411232583.46094
44.83718	1474899970.6875
44.869405	1568977568.90234
44.90159	1373745858.55469
44.9330683333333	1358383429.21484
44.9656933333333	1566830518.08984
44.9969583333333	1587607861.96875
45.0288966666667	1535388782.99219
45.0609983333333	1470266719.12891
45.0926633333333	1414091277.60156
45.12449	1287762091.88086
45.1565183333333	1351015988.15234
45.1890416666667	1365417674.16797
45.2225783333333	1295273513.1875
45.2531816666667	1381432533.84375
45.285155	1378012493.02734
45.3174433333333	1522322883.63281
45.348705	1634290749.68359
45.379535	1642372598.45313
45.4115033333333	1435888608.41211
45.4438516666667	1472414026.97266
45.4761	1611254512.75781
45.5075016666667	1502699501.8125
45.5378366666667	1470137760.74609
45.5680116666667	1415718224.75586
45.5986133333333	1439677048.15625
45.6295983333333	1483079782.92188
45.6613616666667	1640715188.74609
45.6928416666667	1492861875.81641
45.7242133333333	1361688454.20898
45.755545	1380681592.49609
45.7875916666667	1493708808.65234
45.8186183333333	1557369831.32031
45.8497333333333	1565554077.53906
45.881925	1712657742.07031
45.9137866666667	1634545200.60547
45.94521	1796788852.25781
45.976475	1549505959.80859
46.008525	1489084281.41797
46.0398616666667	1397016550.45703
46.072075	1410406792.22656
46.1052983333333	1468344275.05078
46.1376883333333	1488396503.14844
46.1702233333333	1424375683.78906
46.2029366666667	1703240802.05469
46.2353416666667	1491933832.28125
46.2667933333333	1676684805.51953
46.298785	1690440462.14844
46.3314616666667	1673526010.27344
46.36435	1496574370.33984
46.3965383333333	1666091432.69531
46.428235	1620677370.92969
46.4601983333333	1716948300.04297
46.4918216666667	1434122644.81641
46.5232966666667	1405643034.33984
46.5546566666667	1389129403.14844
46.5858466666667	1484047209.40234
46.6169983333333	1360092871.13281
46.6492183333333	1492269535.33594
46.67984	1456100075.08984
46.7119016666667	1534353797.60938
46.7439033333333	1718280439.13281
46.77597	1791054202.63281
46.8075483333333	1691196045.82813
46.83983	1621789064.64453
46.87196	1786224720.12891
46.90524	1745109255.39844
46.9380683333333	1709258039.47656
46.96973	1564731290.78125
47.0013016666667	1702676817.5625
47.0332633333333	1682026811.60156
47.0646833333333	1768408810.67969
47.0958966666667	1907041913.04297
47.1279766666667	1888149045.82422
47.1588783333333	1770911127.92969
47.19072	1603749828.5625
47.2225033333333	1606924456.48047
47.2543233333333	1599665036.99609
47.2876933333333	1677878728.875
47.3192	1542701746.63672
47.3507766666667	1594200292.85938
47.38271	1569252277.45313
47.4148566666667	1600785340.36719
47.4482583333333	1668364131.21484
47.480025	1779705373.26172
47.5127	1839540673.34766
47.544835	1917887474.88281
47.57672	1867423872.00391
47.609475	1984759269.60938
47.6420483333333	2110154045.59766
47.6741883333333	1960375293.89063
47.7057466666667	1914825365.57031
47.7372733333333	1766321900.10547
47.7698483333333	1532211391.85156
47.8034616666667	1366244064.38281
47.8356066666667	1505654568.90625
47.8683516666667	1425357510.35156
47.900815	1414370528.41016
47.9337283333333	1457619987.80078
47.96521	1479635256.88672
47.9978116666667	1589267704.73047
48.0296483333333	1628342824.86719
48.06239	1770894694.70703
48.0928816666667	1387467120.75391
48.1247283333333	1584641783.63281
48.1557433333333	1447855965.84375
48.1882716666667	1699729550.21094
48.22009	1437357986.16797
48.25225	1436915051.08594
48.2835133333333	1455402786.16406
48.3157033333333	1412756425.44922
48.3473283333333	1474693116.35156
48.38023	1467667022.96875
48.4117283333333	1446740548.71875
48.4436133333333	1354285985.88477
48.4750133333333	1437989268.66406
48.506935	1454691694.19531
48.5386333333333	1603355829.40234
48.571775	1516568582.85156
48.6031366666667	1481733058.82031
48.6346633333333	1421574068.80469
48.66558	1578952033.22266
48.6980316666667	1321125938.08789
48.7295716666667	1545332350.26172
48.76022	1467306221.58984
48.7927466666667	1529797304.30469
48.823405	1490514008.66016
48.8562633333333	1495496521.09766
48.8880933333333	1547598177.38281
48.91943	1454811026.73438
48.951515	1479960958.5
48.9832283333333	1446570451.24219
49.0161033333333	1495783780.00781
49.0479333333333	1480937211.56641
49.0802433333333	1538687500.19922
49.11225	1372115807.98047
49.14506	1458707916.28906
49.1767966666667	1443782679.13281
49.2085566666667	1311386010.69727
49.241225	1359503796.95313
49.2728283333333	1351016920.79297
49.3041783333333	1377218384.76563
49.3361183333333	1257340442.60742
49.3683166666667	1483904936.19531
49.4003833333333	1482414784.13672
49.433025	1572523084.58984
49.4653966666667	1407842846.03125
49.4972433333333	1428456063.5
49.5287416666667	1378288835.34766
49.5607533333333	1318527068.20313
49.59287	1435850419.30859
49.6241333333333	1475530186.14063
49.6560883333333	1514075923.70313
49.6893583333333	1439738476.37109
49.7215783333333	1622884924.79688
49.7540366666667	1877809825.10547
49.7869816666667	1893458341.71484
49.8194583333333	1790418119.46484
49.8519383333333	1943682874.52344
49.8847466666667	2043532845.5
49.9172683333333	2012353680.63672
49.94906	2205223375.58203
49.98133	1881171436.46875
50.0126233333333	1783322074.50391
50.0451566666667	2083903577.56641
50.0787016666667	2000553368.46094
50.1111916666667	1529497318.58789
50.1441	1421054925.66016
50.176055	1599320868.47266
50.2070816666667	1312646814.17969
50.2392816666667	1521720490.18359
50.2711983333333	1241320508.26563
50.3034483333333	1396324675.98438
50.3354366666667	1234852791.15625
50.36873	1122801872.80273
50.4008183333333	1338709172.77734
50.4334016666667	1434988043.21484
50.4661783333333	1504255339.51172
50.4969666666667	1432644039.39453
50.529195	1465431455.01563
50.562095	1510693348.79297
50.5928166666667	1463101842.47656
50.6245933333333	1493829531.39453
50.6566016666667	1738809410.05859
50.687675	1556741528.43359
50.7201083333333	1594434819.33984
50.7511083333333	1707357933.39063
50.7822383333333	1608234481.87891
50.8147266666667	1669700668.6875
50.8476233333333	1507822506.03906
50.88041	1903881199.63672
50.91283	1554824568.88281
50.94586	1531065085.5
50.9788466666667	1566405467.59375
51.0118283333333	1422153732.13477
51.044955	1387552807.63867
51.0782083333333	1488927998.0625
51.11187	1466097558.54297
51.1443083333333	1522395062.91406
51.175945	1580207310.03125
51.208995	1506031186.22266
51.2411183333333	1543984827.67578
51.27339	1692536543.875
51.3038016666667	1720850985.12109
51.3350116666667	1665788823.61328
51.3666883333333	1777076634.97266
51.3974066666667	1833462303.13672
51.4291816666667	1757941194.05469
51.462365	1978275009.64844
51.4944066666667	2009149789.02344
51.52714	2043905002.36719
51.55939	2302210568.92969
51.59094	2099987522.00391
51.6233683333333	2146105858.87109
51.6561866666667	2236616281.39844
51.6897466666667	2062163485.00391
51.72363	1919614378.07422
51.7565233333333	1919324942.9375
51.7888066666667	1739765810.90625
51.82143	1945082423.92969
51.8530816666667	1890936318.14844
51.8856216666667	1850565271.71094
51.9172466666667	1994280051.73828
51.949205	1935670044.9375
51.9815216666667	1849889152.92969
52.0144433333333	1599050504.20703
52.046355	1774218524.88281
52.0799116666667	1792906369.33203
52.1123683333333	2159828184.91797
52.1453866666667	1702808715.76172
52.1784216666667	1736203186.11328
52.2117816666667	1650645519.52734
52.244145	1824430293.30078
52.2765833333333	1555706301.45703
52.3097866666667	1524918193.375
52.3427083333333	1517496526.33203
52.3747883333333	1628159136.31641
52.4074433333333	1360710022.78516
52.4394283333333	1482187718.95313
52.4721533333333	1496409863.27734
52.5053916666667	1202243979.0625
52.5371633333333	1464928200.25781
52.5690966666667	1377977492.67578
52.601325	1508337567.53906
52.6330133333333	1559564420.03516
52.66626	1441597595.30078
52.69831	1739021148.85547
52.7315	1421842887.26172
52.763915	1485938228.23047
52.7961933333333	1588484169.99609
52.8291983333333	1604170366.92578
52.8619883333333	1536017447.57031
52.894905	1662833530.87891
52.9287833333333	1577265692.58203
52.961615	1694662451.69531
52.9939233333333	1619144987.37891
53.0257216666667	1468364108.62109
53.0582233333333	1453274641.02344
53.0916666666667	1376769180.53516
53.1250433333333	1522178115.06641
53.1576183333333	1437536141.67188
53.19125	1761762488.07031
53.2240766666667	1542504754.875
53.2577716666667	1505781218.76172
53.2902066666667	1621551328.00391
53.3222483333333	1482416885.14648
53.35687	1678729248.25781
53.3899233333333	1677781601.58984
53.4223816666667	1555293850.20313
53.4558233333333	1408978422.28125
53.4874866666667	1425251921.33203
53.5201233333333	1409768726.41992
53.5528583333333	1315262425.86328
53.5841983333333	1265266747.47852
53.6162066666667	1394930841.74609
53.6480516666667	1637877453.60547
53.6796	1517311785.42188
53.7110183333333	1841215759.42578
53.7428216666667	1651636977.67188
53.7753466666667	1899199195.14063
53.8095166666667	1719786302.74219
53.8413466666667	1741977467.85156
53.8738033333333	1778496180.44531
53.906775	1571062496.45703
53.9395316666667	1591673887.08203
53.9725633333333	1816276875.55859
54.00484	1699118614.87891
54.0371783333333	1873814176.35938
54.0695083333333	1805936717.72266
54.1026716666667	1671506872.17578
54.134865	1580642472.98828
54.16702	1712644414.06641
54.1997983333333	1685005517.37891
54.2310716666667	1785028184.99609
54.2633833333333	1406939461.33594
54.29548	1494928831.03125
54.3281833333333	1443317482.19922
54.3618083333333	1482777675.75391
54.3949316666667	1489614530.05078
54.4275	1481128369.44141
54.45896	1564576694.9375
54.49208	1711448641.72656
54.5248733333333	1712183376.125
54.556295	1764396402.18359
54.5886633333333	1612606649.06055
54.6205433333333	1641378983.67188
54.6530766666667	1729565971.86328
54.6854516666667	1913367529.88281
54.7189166666667	1738693320.54688
54.752285	1415820027.97461
54.785575	1506135002.16016
54.81751	1447699940.88672
54.84934	1452912089.18945
54.8826483333333	1327854968.69727
54.9157616666667	1459457626.44141
54.9490233333333	1476309053.10547
54.9813883333333	1385130593.99414
55.01386	1481620243.75781
55.0464166666667	1518098884.29297
55.0792783333333	1406332881.69531
55.112535	1584944720.72266
55.1457	1398491451.07813
55.1779266666667	1479318249.77344
55.21124	1373737258.25781
55.2433883333333	1421455481.96875
55.2761866666667	1319206253.44531
55.3093016666667	1409751208.07422
55.3423233333333	1476694197.29688
55.37625	1208219672.31055
55.4103683333333	1305347949.10547
55.4432016666667	1255415391.77344
55.476305	1161842058.39453
55.5093716666667	1371741916.40625
55.5418416666667	1355812646.79492
55.5747116666667	1267366559.65234
55.6072183333333	1363090283.44531
55.6391133333333	1463933061.74219
55.673125	1349118908.57227
55.7068683333333	1434178472.55469
55.740035	1305498052.03125
55.7738816666667	1204356515.75195
55.8070216666667	1116022750.81641
55.8414116666667	1251098812.21484
55.8753566666667	1219362636.67188
55.9089566666667	1105903080.0293
55.9416233333333	1154846654.10352
55.9751883333333	1153771409.9082
56.0085316666667	1366142136.58594
56.041515	1179571618.5
56.0743683333333	1138319586.2793
56.10762	1159279343.16992
56.1400583333333	1326003676.76953
56.1735333333333	1440102822.01953
56.2066516666667	1324580135.42188
56.240325	1396522057.73828
56.2726516666667	1310367786.28906
56.3063633333333	1359049453.49609
56.3392866666667	1279980257.25391
56.37239	1350860009.30859
56.4053516666667	1044439837.53125
56.4389283333333	1201080337.89648
56.47183	1079367291.0625
56.5048716666667	1126621777.54297
56.5376433333333	998817579.230469
56.5706883333333	1183645885.86523
56.6028416666667	1066082878.63867
56.6354333333333	1321589747.19141
56.6661066666667	1344395634.76953
56.69901	1221026193.88867
56.732285	1186971500.64258
56.765425	1070807450.36133
56.7985	1250646236.25391
56.8311433333333	1147284711.3125
56.86243	1114202444.48242
56.8943416666667	1341924205.17188
56.92646	1397766684.96094
56.9585366666667	1290591587.41211
56.9903	1289096509.62891
57.0228833333333	1304189281.43359
57.05525	1272605597.55664
57.087915	1446545667.54688
57.1204366666667	1426875725.19922
57.1529	1393467914.05273
57.18566	1330718341.00781
57.217905	1284965828.96875
57.2515433333333	1336584222.85156
57.2857816666667	1547631068.6582
57.3186866666667	1587984372.4375
57.3513283333333	1278002499.10547
57.383785	1394034380.73242
57.4162633333333	1263594996.29297
57.4480133333333	1338586597.16602
57.480255	1169802091.53125
57.5132266666667	1249615445.11328
57.54555	1352413218.57813
57.5781416666667	1216672187.69922
57.6110183333333	1255502676.27148
57.6447716666667	1266987676.04297
57.6776283333333	1256884645.97656
57.711435	1213535092.46094
57.7452033333333	1308217207.00781
57.7774833333333	1173536642.70703
57.8104416666667	1383767972.28125
57.8436516666667	1309332730.84961
57.87616	1352405556.52734
57.909525	1392250673.39648
57.942235	1649951129.81641
57.9752066666667	1416945071.46484
58.00944	1497353649.78125
58.0424466666667	1395328076.63281
58.0751483333333	1234464462.65234
58.1088983333333	1186561957.33008
58.14299	1155573443.38867
58.1765533333333	1207651467.89844
58.2110333333333	1175588419.85547
58.2450883333333	1140722666.29688
58.27871	971650125.650391
58.3121966666667	1285933319.19141
58.3454033333333	1149028539.60156
58.3776016666667	1311109156.02539
58.410685	1098554859.91797
58.4438033333333	1367190588.0625
58.47691	1475993376.26953
58.5088766666667	1339987387.13672
58.5407966666667	1572028334.51563
58.573745	1455630525.14844
58.6071783333333	1522008242.68945
58.6415583333333	1513115257.14063
58.6741233333333	1578806246.41211
58.7067516666667	1613163923.96484
58.7403983333333	1563147123.07813
58.7734533333333	1371073171.17773
58.8066733333333	1427211906.33203
58.8397316666667	1370540929.80273
58.87398	1489131967.05469
58.9070883333333	1476796091.60547
58.94112	1181637791.32617
58.9734616666667	1160596129.99023
59.0071983333333	1304982947.26953
59.0404616666667	1004496349.20898
59.0738983333333	905039319.621094
59.1083033333333	881195959.927734
59.142655	975525941.748047
59.1752983333333	948238194.974609
59.2087183333333	931752757.708984
59.2421483333333	904304642.267578
59.27544	921824636.015625
59.3078833333333	934615891.564453
59.3409333333333	1103419383.25781
59.373085	1148124941.66602
59.4055666666667	1157001975.79883
59.4378883333333	1102027574.48047
59.4703916666667	1331264537.77734
59.5029783333333	1355225829.27734
59.53614	1208096779.70313
59.5687883333333	1210207851.57227
59.6021616666667	1323320612.06836
59.6345216666667	1157748479.16211
59.668805	1050191474.29883
59.7011466666667	1266722136.17578
59.7353533333333	1086779790.36328
59.7690833333333	1079614316.58203
59.8031966666667	1161948681.85742
59.8371	1066799294.16211
59.871925	1132818688.125
59.9053766666667	1226052509.22461
59.9393183333333	1001532753.99023
59.9731583333333	1275490993.57813
60.005965	1382832095.17578
60.0400016666667	1209578688.79297
60.0742483333333	1145260359.08594
60.1074633333333	1470952616.01953
60.1414283333333	1288366328.0918
60.17583	1352615037.02539
60.208995	1322439115.29688
60.241845	1189064366.23438
60.2767083333333	1323074072.25586
60.3093583333333	1260904989.64648
60.3421783333333	1215207625.89063
60.3747466666667	1110446375.43555
60.4078383333333	1074322069.0918
60.4422933333333	1158289794.29883
60.47597	1323308447.68555
60.50804	1256893869.57422
60.5403133333333	1193598771.11719
60.5746833333333	1047761905.00586
60.6079383333333	1294346209.16797
60.6410683333333	1255268348.59375
60.6744233333333	1361419280.7168
60.7074316666667	1436964142.82031
60.7417966666667	1042368299.63672
60.7750883333333	1134048521.11133
60.8083866666667	990915515.191406
60.8418566666667	959106434.572266
60.8765283333333	1041908559.07617
60.9100966666667	990791422.259766
60.9443633333333	911732555.441406
60.978285	914508070.830078
61.0118133333333	896130831.296875
61.0460883333333	957533239.876953
61.0798516666667	1223375207.48438
61.1132616666667	1042189573.0625
61.1476766666667	1138066556.25586
61.1805433333333	1010657462.32813
61.2143183333333	1017136347.05859
61.2468566666667	1003846887.6875
61.2812316666667	1044187133.50195
61.3148816666667	1097361937.42969
61.3481333333333	1413888401.39648
61.38069	1387981447.88477
61.4133716666667	1217252504.11914
61.446485	1237536490.65625
61.4797416666667	1115984234.5625
61.51262	1159258051.27344
61.545035	1460934709.79883
61.577925	1149742010.10547
61.61012	1152330944.1875
61.6441533333333	1283334503.39258
61.6785516666667	989090177.707031
61.71281	937689184.351563
61.7471333333333	1155333485.30664
61.7813383333333	870821846.240234
61.8156183333333	915214238.603516
61.8495583333333	1006302223.1582
61.8828466666667	1058003103.70703
61.91662	965513301.556641
61.9509266666667	1006804932.49023
61.9843533333333	1010234477.02148
62.0171766666667	1000425845.51367
62.0498783333333	1260822212.00195
62.0823566666667	1006549090.16602
62.1152666666667	996906659.441406
62.1489066666667	1069995991.10742
62.182295	1141414135.72852
62.215505	1043331179.91016
62.2492566666667	1172880281.51172
62.2823833333333	1231396325.2207
62.3149233333333	1290460141.73438
62.3479083333333	1104998620.21094
62.3808216666667	1069951909.10352
62.4133816666667	1021526673.48438
62.4462166666667	1119592008.11914
62.4781933333333	1211207164.73828
62.5114483333333	917878794.863281
62.5445	1191450549.41797
62.5767133333333	980794504.974609
62.6099683333333	877278749.921875
62.642995	906810668.21875
62.6768266666667	1069879847.82227
62.7099683333333	757052027.535156
62.74242	765423176.449219
62.775985	825015927.871094
62.8090866666667	781260438.082031
62.842795	783509427.326172
62.875575	764956733.933594
62.91012	841807721.21875
62.9440116666667	922060385.367188
62.9771683333333	961134765.566406
63.0100133333333	1030805479.03516
63.0432816666667	1056137552.6582
63.0769966666667	1077376582.24609
63.1099016666667	1062542864.26563
63.1439533333333	1160901469.19922
63.1777033333333	1146709383.9082
63.2113	1146265805.45508
63.2446283333333	1406685391.88281
63.2770933333333	1102034900.67188
63.3097866666667	1144788946.49609
63.34356	980456083.128906
63.377325	1072848564.1582
63.4103416666667	834730586.345703
63.44383	842734548.945313
63.4779766666667	928270675.193359
63.51055	861042563.064453
63.54491	881852667.8125
63.5797983333333	748652967.195313
63.6126583333333	888420022.931641
63.6470283333333	811571547.556641
63.6817	845879765.242188
63.7150416666667	881293856.703125
63.7486433333333	1123432816.72852
63.7819383333333	981410891.701172
63.8154466666667	1009737443.87891
63.8492566666667	1104552432.88672
63.8831066666667	1018067117.86914
63.9160516666667	824459540.490234
63.9498066666667	1001066737.07617
63.983705	877987535.072266
64.0171483333333	1008860805.55859
64.0501483333333	1045432516.38672
64.0835633333333	1038710605.54297
64.1172083333333	822013517.167969
64.1512483333333	1135781841.23633
64.18502	941848532.644531
64.2196266666667	930596847.0625
64.2534566666667	1114129685.56641
64.2865316666667	931463485.304688
64.320315	877108196.650391
64.35286	1008572843.73633
64.3870366666667	1050604953.05469
64.4209466666667	917826357.507813
64.4544883333333	773634954.638672
64.4881416666667	840742350.033203
64.5216366666667	796117118.011719
64.5552233333333	973515747.283203
64.5885816666667	901726593.046875
64.6216783333333	1075800618.68555
64.654455	1142059416.94922
64.6880816666667	1028370953.30859
64.7227866666667	1164998978.01563
64.7564366666667	1076347634.31055
64.7901433333333	1061764529.10547
64.82343	1224499714.33789
64.85663	1086347880.02734
64.8894266666667	954765718.1875
64.9234033333333	1123260297.50977
64.956245	1012615715.82617
64.9893633333333	999141890.955078
65.0228833333333	923024073.863281
65.05466	887306655.541016
65.08748	1046707517.39453
65.1198766666667	915141025.207031
65.1524033333333	920609157.435547
65.1858	853533088.84375
65.21991	805613950.174805
65.2544233333333	803338751.382813
65.28903	750303967.890625
65.3221133333333	858980919.646484
65.3556366666667	935446167.408203
65.3889116666667	909292217.646484
65.42338	883305062.064453
65.4581316666667	852183528.498047
65.491165	937758819.548828
65.5249533333333	947530906.9375
65.5583583333333	723778730.873047
65.591265	674527886.630859
65.62581	760013801.548828
65.6589366666667	730361670.144531
65.6925366666667	897944334.34375
65.7261183333333	708654861.166992
65.758625	817080792.671875
65.791685	643363196.553711
65.825905	739876979.935547
65.8602566666667	710628635.753906
65.8945716666667	709339702.5625
65.9281916666667	706389033.951172
65.96229	606450893.398438
65.9956233333333	632751629.397461
66.03042	587097724.851563
66.064755	623274388.560547
66.0975	708989891.214844
66.1298666666667	781890769.873047
66.1627666666667	841850694.25
66.1954283333333	980818524.5
66.227235	947669405.552734
66.2602216666667	995651892.619141
66.29296	1019341347.20508
66.3254516666667	1101517011.93945
66.359015	890518760.989258
66.3931	1007730189.67773
66.4260016666667	1141148584.1543
66.459565	893140231.179688
66.4924933333333	896617006.701172
66.5267916666667	759626717.921875
66.5604983333333	891702904.958984
66.594725	729565794.90918
66.6284783333333	611745321.831055
66.6636033333333	676781535.786133
66.6981733333333	775394638.580078
66.7331016666667	646146603.529297
66.7668733333333	873363089.423828
66.800255	932158099.462891
66.8334566666667	814506504.037109
66.8674133333333	790266407.203125
66.9019	667056173.336914
66.9360483333333	745495118.738281
66.9692566666667	644551190.479492
67.00299	644828951.241211
67.0367216666667	766017722.236328
67.070135	732950783.630859
67.1028716666667	804708107.457031
67.1367683333333	764387286.332031
67.1687483333333	881345739.474609
67.2016	954628308.015625
67.2345566666667	1097798166.51367
67.2678233333333	986982744.728516
67.3009383333333	1090835187.12109
67.33531	954022826.255859
67.3692033333333	1053302229.33594
67.4039733333333	997809556.085938
67.43779	1096744857.39063
67.4718583333333	1081185178.5957
67.5059333333333	806719105.307617
67.5399216666667	808978000.274414
67.5740533333333	892900366.375
67.6096	935664834.810547
67.6433533333333	969749496.722656
67.6778666666667	1077253164.11719
67.711785	926479951.164063
67.7470633333333	957095080.007813
67.7816566666667	902685515.134766
67.8160883333333	1161953294.05078
67.849825	1036216128.03125
67.8845783333333	807584694.350586
67.9185033333333	1031118157.55469
67.95285	742100521.456055
67.9873716666667	713526413.643555
68.0219683333333	623719844.004883
68.0563233333333	664054491.408203
68.0904033333333	581638505.413086
68.124215	525222893.141602
68.1582833333333	693746518.179688
68.1919166666667	550230902.171875
68.224875	504450149.146484
68.2590816666667	754435625.644531
68.292395	548530262.245117
68.3253	507325716.385742
68.3586983333333	531192606.200195
68.3925066666667	490115547.193359
68.42672	610982474.048828
68.4603933333333	640163437.712891
68.4931183333333	613306476.77832
68.5267816666667	559617521.501953
68.56039	804685424.347656
68.5934416666667	711834846.682617
68.626795	805720331.554688
68.6604766666667	971236478.857422
68.6945766666667	1016653440.24219
68.72818	982157559.972656
68.7626816666667	1101198459.2832
68.796125	1159425073.73828
68.8289866666667	860933418.170898
68.8629416666667	990516415.451172
68.8973616666667	900982729.476563
68.9311883333333	798884382.271484
68.965835	755632841.352539
69.0009016666667	781610026.951172
69.036065	573641744.06543
69.07057	680648235.290039
69.1055733333333	595654819.466797
69.13973	672833128.833008
69.1745883333333	528143367.446289
69.209615	736917743.743164
69.24385	765461756.775391
69.2784233333333	981077662.314453
69.3135483333333	864432812.466797
69.347045	744369014.641602
69.38035	827966496.527344
69.4146366666667	781836576.773438
69.4492633333333	721071102.772461
69.4838383333333	678633698.677734
69.517805	647568685.478516
69.5513733333333	649500014.004883
69.5846	655153464.216797
69.6186383333333	614614239.519531
69.6519483333333	645731396.103516
69.685155	761251298.061523
69.71909	727451525.788086
69.7529316666667	845799922.865234
69.7881933333333	812038067.883789
69.8228516666667	717628334.941406
69.858005	587432794.888672
69.8934966666667	652021275.341797
69.9287283333333	682326621.214844
69.962885	534709455.544922
69.996985	783124301.800781
70.030785	456029215.978516
70.0661866666667	765365356.972656
70.10055	467018557.387695
70.1348933333333	692079146.535156
70.16826	490319356.325195
70.20135	728676493.482422
70.2349833333333	497476724.65625
70.2691066666667	761764974.097656
70.302865	576746502.197266
70.33711	716423922.017578
70.3709566666667	627539115.018555
70.4059933333333	833194493.117188
70.4392966666667	714016067.036133
70.4742083333333	913825212.916016
70.507255	945283065.787109
70.5407533333333	701479327.394531
70.5741683333333	696648986.897461
70.6075316666667	785240841.982422
70.6403433333333	1017417710.32617
70.6730933333333	807588186.959961
70.7069566666667	824953089.605469
70.73996	860188533.604492
70.7726833333333	926292063.62207
70.8059016666667	1147351129.42773
70.8387616666667	1051509612.9082
70.87106	1071068715.03711
70.90395	1000661424.83594
70.9376566666667	1235023691.13477
70.9713816666667	1215178179.81836
71.005	904183418.313477
71.0397283333333	948155751.708984
71.0746483333333	881994965.645508
71.1096116666667	826499661.349609
71.14359	776181455.532227
71.1777383333333	720439990.324219
71.2119483333333	792620863.25293
71.24658	580064495.228516
71.2808733333333	550497385.458008
71.31677	555883667.56543
71.35155	525665744.535156
71.3866266666667	589829822.060547
71.42142	520003888.500977
71.4574366666667	617485333.103516
71.49222	628699908.84668
71.5256866666667	560847364.777344
71.5598633333333	507558302.063477
71.5947033333333	565767463.264648
71.6292233333333	637538523.042969
71.6640233333333	520222677.03418
71.6988333333333	665626686.688477
71.7332366666667	564002327.213867
71.7671483333333	847211554.066406
71.8017266666667	512630868.119141
71.8376733333333	808200566.114258
71.87248	616814350.057617
71.9068983333333	651364639.862305
71.94185	683483862.175781
71.97702	545516291.668945
72.0127033333333	777259912.324219
72.0471783333333	523552578.832031
72.0817333333333	653584827.25
72.11699	509466090.804688
72.15157	712479532.716797
72.185345	606170183.129883
72.2206966666667	633329986.999023
72.2547033333333	515944538.907227
72.2897766666667	608542838.005859
72.324425	499898226.404297
72.3599566666667	605058985.21582
72.3942633333333	477602568.214844
72.4294733333333	590165288.711914
72.46311	390760602.735352
72.4989033333333	595997288.06543
72.533235	363556529.057617
72.56744	605091954.624023
72.6015233333333	519195688.514648
72.6369383333333	492374379.371094
72.6716533333333	627276488.204102
72.7056466666667	401896243.541992
72.7407366666667	433126976.685547
72.7748116666667	458690856.87793
72.8089666666667	476578660.698242
72.843115	490445041.335938
72.8771983333333	325119070.243164
72.911695	552399417.523438
72.945705	350047681.859375
72.9800266666667	508013760.415039
73.0151233333333	456763322.24707
73.0493766666667	414209993.929688
73.0836983333333	613902662.208984
73.11746	501253746.276367
73.152015	585032394.400391
73.1857933333333	787487909.90332
73.2193333333333	1003571893.11719
73.2529333333333	684087614.212891
73.2871416666667	1240988267.14844
73.3205466666667	1073031089.80273
73.3540383333333	841764886.989258
73.38784	1001340882.68359
73.422635	920588100.493164
73.4567516666667	940390461.378906
73.4908816666667	1023586154.55469
73.5253816666667	870391657.536133
73.5594666666667	887268957.305664
73.59352	741060533.849609
73.6283066666667	638478170.836914
73.6627766666667	632607069.408203
73.6968166666667	601326130.509766
73.7319066666667	541151558.249023
73.7663316666667	625368273.65918
73.8011816666667	882950833.0625
73.835115	571637734.015625
73.869605	761668858.208008
73.9031416666667	658018180.853516
73.9377366666667	604889956.213867
73.9727266666667	510550383.992188
74.00774	541325325.257813
74.0419666666667	487789312.945313
74.07708	419213452.961914
74.1119016666667	449923936.99707
74.1475866666667	380605031.883789
74.1832966666667	473088933.208008
74.2177233333333	335116464.786621
74.2538783333333	552913145.047852
74.288625	401210861.171875
74.3232666666667	441850833.923828
74.3582566666667	596303738.282227
74.392895	374012839.562988
74.4276266666667	824993351.496094
74.4612766666667	587574001.606445
74.4956083333333	493085801.914063
74.5318016666667	632567933.939453
74.5663133333333	741410394.250977
74.6006666666667	651502580.135742
74.6347216666667	721050043.540039
74.6695283333333	600796667.795898
74.7032966666667	591288353.592773
74.7388466666667	530187691.005859
74.7730783333333	600329173.665039
74.807325	510005478.051758
74.8418366666667	614002748.273438
74.8756033333333	469016992.714844
74.91018	480250917.199219
74.9450616666667	624193998.97168
74.9788566666667	381100262.168457
75.0136733333333	611903011.673828
75.0477383333333	556219832.666016
75.0823083333333	848636202.572266
75.11605	484684221.152344
75.1504466666667	665271055.05957
75.184955	416986054.646973
75.220625	651723431.911133
75.2558816666667	408767280.661133
75.2924566666667	317780233.98584
75.328895	424404000.991211
75.3640516666667	365955278.98584
75.3993433333333	497104722.022461
75.433395	355249253.92041
75.4677933333333	574200199.683594
75.50232	376850240.144531
75.5378666666667	400967015.540527
75.5734283333333	369721353.742676
75.60952	396109783.883301
75.644535	441300576.265625
75.68004	455960834.129395
75.7146383333333	515122403.841797
75.7488283333333	584179034.826172
75.7835566666667	548348851.007813
75.8182	564135284.573242
75.8538183333333	561351411.432617
75.88843	839719563.507813
75.9225366666667	565357559.104492
75.9577216666667	852240847.003906
75.992875	499683060.641113
76.0296616666667	650796767.205078
76.06506	638753096.658203
76.0994033333333	664394936.71582
76.1337833333333	680434103.705078
76.17003	514117059.467773
76.2066433333333	599085020.689453
76.2418233333333	540587438.866211
76.2773683333333	443623369.339844
76.31306	349295764.140137
76.3496466666667	394355199
76.3850266666667	453288073.264648
76.419815	415810570.25293
76.4552416666667	358398558.625
76.49087	550641188.106445
76.5251883333333	273784130.880859
76.5594583333333	519128756.736328
76.594435	229453586.575195
76.6308933333333	409000205.552734
76.66514	250342075.825195
76.7029816666667	184279392.342041
76.741865	342348075.307129
76.7788016666667	201642031.213379
76.816585	281115283.815918
76.8520233333333	180628381.070313
76.8887166666667	388108254.532227
76.9236533333333	201123790.402832
76.9613633333333	468559264.661133
76.995135	155612394.221924
77.03221	461819340.496094
77.0658633333333	152086816.09082
77.1030366666667	483225618.208984
77.1381783333333	141261570.349365
77.1758033333333	479370618.84668
77.2098633333333	226997976.273438
77.2445616666667	557022413.71582
77.2790983333333	190704040.320313
77.3156266666667	512649876.115234
77.3495416666667	216933636.61377
77.385205	551484784.671875
77.419295	165809127.129395
77.4556983333333	447978245.957031
77.4905183333333	177390775.134766
77.528165	471306108.858398
77.5633733333333	205363058.0625
77.6002616666667	460098292.751953
77.6342733333333	165948943.771484
77.6706483333333	424443009.349609
77.70489	175344903.767334
77.7415933333333	459609128.759766
77.7759116666667	186781911.630371
77.8130916666667	496675938.703125
77.8465016666667	160136824.982422
77.8824716666667	498437390.110352
77.9165566666667	172785805.453369
77.9541116666667	500675558.856445
77.9887416666667	227968898.209961
78.0241916666667	397568398.938477
78.0606666666667	254666288.944336
78.097235	426081575.263672
78.1322666666667	381612867.587891
78.1669566666667	308312836.436523
78.20266	560399095.306641
78.2372683333333	219250927.873047
78.275155	639508606.225586
78.3094233333333	217835572.0625
78.3467066666667	645590152.102539
78.3805916666667	254793626.75293
78.41634	638388512.938477
78.450575	230015551.693848
78.4864066666667	534472411.708008
78.5205266666667	313412517.664063
78.5560266666667	526076665.249023
78.59034	213587111.005859
78.62832	724778981.222656
78.6625683333333	314600732.339355
78.6993266666667	375353208.505371
78.7349233333333	278653872.965332
78.7717716666667	516020354.033203
78.8068433333333	265787870.601074
78.8466633333333	449513620.770508
78.88208	276282777.941406
78.9204933333333	515943557.541992
78.9563866666667	415809415.022461
78.9915	377820927.11377
79.0267383333333	419389120.559082
79.0615416666667	206305210.770264
79.0975366666667	431119560.506836
79.1345433333333	228148330.793945
79.17375	312066420.152832
79.2101333333333	195802601.321289
79.2470083333333	497173676.973633
79.2814733333333	191069040.070313
79.3189716666667	544607658.90332
79.3541016666667	126549815.89624
79.3912616666667	417782389.890625
79.4255366666667	247006668.061035
79.4605133333333	392129216.421875
79.4953283333333	337825787.948242
79.5306	260047809.020508
79.5653183333333	405449683.15918
79.5999883333333	292041057.57666
79.6361283333333	304093554.838867
79.6725466666667	405988294.080078
79.70886	231322654.520508
79.7457633333333	544573654.879883
79.7816766666667	188405061.270264
79.82009	509516636.176758
79.854855	188615319.232178
79.89064	474065825.967773
79.9242783333333	259443501.508789
79.9599016666667	374621607.744141
79.9954583333333	285588397.770508
80.0325966666667	476921640.09082
80.0680233333333	225294139.129883
80.1052866666667	529476349.283203
80.1410116666667	219035717.07373
80.177825	524183982.511719
80.2131066666667	230141731.145996
80.2499116666667	470749998.029297
80.2849166666667	197257921.52417
80.3233783333333	570318151.836914
80.3575683333333	248790036.241699
80.393585	551666693.005859
80.429885	184755598.416992
80.46806	500736938.966797
80.5033916666667	235827257.867188
80.54103	401530421.769531
80.5771166666667	151921761.609375
80.6170083333333	452831299.791016
80.6518383333333	154736066.284424
80.6914133333333	531891663.766602
80.7255266666667	117047543.403564
80.7640316666667	436226062.015625
80.7977833333333	134299933.519531
80.8358583333333	584190221.084961
80.86881	105652762.280518
80.909875	545443132.648438
80.9437766666667	224471927.374512
80.9797666666667	545335039.186523
81.01512	170785584.354004
81.0522633333333	491059969.104492
81.0871283333333	198542086.75415
81.1234566666667	495615167.084961
81.158545	303534997.726563
81.193925	336063879.743652
81.2286983333333	276202320.489746
81.2645916666667	352032445.273438
81.30046	224136771.903076
81.338885	558050932.993164
81.3728016666667	243057064.545898
81.408275	550387418.44043
81.4416883333333	241847869.751953
81.4770733333333	546723156.328125
81.511855	250320756.019531
81.547775	518859402.65625
81.5823533333333	246235002.514648
81.61779	325965768.004395
81.6526816666667	292202243.446289
81.6878766666667	302548618.323242
81.7222366666667	355386155.944336
81.75588	368150404.583496
81.7900183333333	341037494.674316
81.824025	372171466.321777
81.8576083333333	365940190.546387
81.8920283333333	281590330.003418
81.9263533333333	325372860.396973
81.9611733333333	420353598.157227
81.9955766666667	190628650.086914
82.03158	558115779.140625
82.0671066666667	134253611.233887
82.1070816666667	443227700.001953
82.1429666666667	115772712.242676
82.18421	541731737.25
82.21895	109080134.813477
82.2576383333333	356536566.078125
82.2924083333333	80913088.140625
82.3341183333333	610842174.338867
82.3676283333333	140521911.711182
82.4044183333333	436744944.024414
82.43826	292171553.219238
82.4723233333333	537086544.807617
82.5065066666667	278978437.876465
82.5418783333333	507086005.147461
82.5753	285327917.861328
82.61054	693619877.149414
82.6439566666667	386809121.495605
82.678645	460950814.710449
82.712435	477477480.320801
82.7462283333333	443783206.132813
82.7816966666667	467398054.58252
82.8177183333333	612243000.273438
82.8529083333333	251127809.665039
82.8889583333333	364219487.92334
82.922945	295212633.653809
82.9581783333333	361930891.900391
82.9936316666667	251931973.979004
83.0298683333333	482825581.59375
83.0650183333333	272220924.762695
83.10338	259227880.328613
83.1387483333333	361427716.308105
83.17331	126932022.761963
83.2113766666667	699051749.09668
83.24549	236495178.08667
83.2811916666667	640218676.121094
83.3143883333333	489232718.769531
83.3496166666667	404582069.604492
83.3847133333333	453601950.857422
83.4191833333333	423146854.69873
83.4555033333333	376763738.521973
83.4921833333333	208990756.894043
83.528	680157247.107422
83.5621	308719558.904785
83.59826	704962558.344727
83.632325	237223680.765137
83.671725	983541375.373047
83.7062033333333	253811149.460449
83.7427366666667	740945908.298828
83.7767816666667	255090665.077637
83.8147883333333	326376428.735352
83.8521316666667	208402345.23999
83.8895366666667	402329217.320313
83.9246416666667	360080419.874512
83.9601	495246150.547363
83.9955983333333	207784029.697266
84.0350083333333	422821303.269531
84.0712133333333	177228266.686279
84.1092166666667	386558788.539063
84.143615	264629539.799805
84.18009	460973160.225586
84.2145166666667	152143247.731445
84.25013	410591421.381836
84.2848216666667	102133112.857178
84.3257883333333	447318822.321289
84.3596866666667	63242013.2954102
84.3999166666667	391284502.043945
84.434525	66525306.3845215
84.474005	377163741.572266
84.5081566666667	74953740.1386719
84.5508616666667	316381547.629883
84.58597	67603458.0765381
84.6270083333333	190408436.313477
84.6629566666667	58399900.9880371
84.7090333333333	314201433.750977
84.74405	73062393.4033203
84.7849016666667	403267642.6875
84.8186066666667	114412309.301025
84.858925	426362435.939453
84.89311	109777208.374023
84.9310833333333	470140273.439453
84.9634366666667	132550690.232422
85.0028266666667	392250663.861816
85.0371333333333	103227052.537598
85.0822216666667	446187193.306641
85.1160983333333	146701346.658691
85.1528066666667	474454580.001953
85.186875	77084645.8153076
85.2306333333333	523504077.895508
85.263895	123974681.402588
85.3037433333333	567607939.490234
85.337945	59719347.5372314
85.383175	353069840.068359
85.4179333333333	120012285.650879
85.45615	282587797.49707
85.49124	44873141.8988037
85.537405	479728147.626953
85.5710933333333	69907871.0943604
85.6169333333333	636804480.554688
85.6507483333333	131370640.759888
85.69157	415237978.268066
85.72615	91946820.4300537
85.7672166666667	473581356.839844
85.8015583333333	57808486.881897
85.8450116666667	434030863.041992
85.8794066666667	155194031.709473
85.9181133333333	354622771.348633
85.9524133333333	180386887.178223
85.9882166666667	249950561.441895
86.02331	142575073.31665
86.0615816666667	243877283.353516
86.0965416666667	136911160.168945
86.1323916666667	228743455.352539
86.1668533333333	203132512.135498
86.20103	172645194.00708
86.23619	197479842.366211
86.2731433333333	182778025.084473
86.309555	162196397.059082
86.34656	221530830.26416
86.381915	90374230.9315186
86.4210566666667	252244660.061035
86.456715	39658624.0842896
86.5043516666667	255462576.769531
86.538845	66498981.9162598
86.5828533333333	295059195.422852
86.6156983333333	37195003.2485352
86.6615666666667	228301991.682617
86.6978833333333	54289154.4458008
86.7463183333333	226743997.891602
86.7816483333333	46513671.1435547
86.8256	219664429.445313
86.859365	33512842.666626
86.9051016666667	205031184.683594
86.94125	53801878.4821777
86.9824383333333	250322598.729492
87.0171966666667	55508320.4517822
87.0651766666667	234408797.02832
87.1020666666667	18649492.6129456
87.1498033333333	205815547.787598
87.1848616666667	78093946.3537598
87.2253016666667	181554189.249023
87.2610816666667	61490591.151123
87.30098	137327950.162109
87.3366983333333	102618674.6875
87.3751	70305059.8378906
87.4135916666667	123276726.880371
87.4486833333333	89548901.605957
87.4881216666667	159276411.17627
87.5238366666667	61370951.4509277
87.5696933333333	188834862.305664
87.6055466666667	77111340.9682617
87.6447116666667	187229726.019043
87.6810583333333	35803015.3016968
87.726185	157360102.186768
87.7628116666667	18393694.315155
87.81085	126370253.350586
87.84905	28707989.3630371
87.897535	115012082.027344
87.9337816666667	26483772.7825928
87.9817916666667	101487477.227783
88.0217333333333	34372863.986084
88.068075	64830431.6696777
88.1096733333333	82141346.6765137
88.147835	57165182.8280029
88.1931666666667	67000620.4431152
88.2324633333333	68829247.7109375
88.2757716666667	63226793.7287598
88.3181866666667	88656081.4902344
88.3595833333333	57517470.1640625
88.40007	74132661.5102539
88.4403366666667	92818565.0144043
88.47856	46443642.5600586
88.5235866666667	77266415.2883301
88.5646233333333	72278241.2556152
88.6041533333333	66129669.9575195
88.6471216666667	99062653.8657227
88.6886866666667	45491716.7138672
88.7326483333333	80241264.2558594
88.7742316666667	48735752.0766602
88.820875	60035810.3605957
88.8629883333333	50674161.7990723
88.9074283333333	51531892.2921143
88.9464033333333	77224891.1502686
88.9881233333333	56738511.0354004
89.0332366666667	59011030.3459473
89.07622	37240706.0059204
89.124575	66486549.4907227
89.166565	26222705.5839844
89.214	125893446.91333
89.2529616666667	27019653.7000122
89.3006983333333	90810175.526123
89.3398483333333	23732800.1525879
89.3862116666667	77147854.628418
89.4251633333333	33506112.5947266
89.469645	68949528.3483887
89.5079166666667	66272156.5783691
89.5492283333333	33344479.4178467
89.596125	90954386.9594727
89.6363433333333	17093865.9775391
89.6841616666667	96947590.7697754
89.7262833333333	20883165.2516479
89.77319	69075532.9438477
89.8138533333333	20017250.0709839
89.8608233333333	81759698.7919922
89.8977433333333	22709383.9185181
89.94428	72462222.5947266
89.9847916666667	27169398.9251099
90.0345033333333	62920126.6977539
90.0708116666667	28942840.8285522
90.119	72573827.529541
90.1593666666667	21352732.1094971
90.2091083333333	55763627.6628418
90.25531	27315214.229126
90.30099	42871484.4925537
90.3478733333333	33790936.1948242
90.3901783333333	49483895.489502
90.4346883333333	17916371.4389038
90.4813133333333	61673856.0560303
90.5232816666667	13025234.7620544
90.57208	56257023.3233643
90.61466	13887642.3894043
90.6623183333333	50395461.9768066
90.7050083333333	16473691.2448425
90.754245	50491041.5651855
90.7966233333333	20508089.9190674
90.8438033333333	44038198.3132324
90.891705	22187338.5515137
90.9394683333333	53171947.9172363
90.9855366666667	20315211.3405762
91.03397	45532849.7772217
91.0780483333333	29675559.0845947
91.1251033333333	33991260.4428711
91.1722783333333	22752909.6881714
91.21812	32587551.3721924
91.265085	28784909.5163574
91.3124716666667	38876337.9650879
91.3576733333333	35434167.8929443
91.401555	20805744.9697876
91.4510466666667	64809104.9072266
91.4944416666667	21237804.0743408
91.5433366666667	52456046.7746582
91.58876	32732551.1501465
91.6345166666667	37609287.9431152
91.6816866666667	40104147.595459
91.7249483333333	43233593.5866089
91.7715666666667	48874879.7454224
91.8195516666667	50486554.6799316
91.8666216666667	39735965.6911011
91.916045	27256818.2554932
91.9652316666667	39801432.1643066
92.0108266666667	21922621.3013916
92.0596516666667	39794979.1015625
92.1065116666667	13725106.3377075
92.1563833333333	38903112.2687988
92.2040883333333	21924852.3807373
92.2485366666667	54524119.9442139
92.2917383333333	16209270.9631042
92.3402866666667	44002137.2104492
92.38716	27280991.7886353
92.433665	30168707.81604
92.4809566666667	19901981.1328125
92.5292733333333	38305288.2965088
92.5758216666667	18783815.8535767
92.62455	48981485.1745605
92.66757	20102491.3534546
92.714525	52475330.6533203
92.7595533333333	16390713.3185425
92.8072733333333	60003695.2644043
92.8505916666667	13703282.2945557
92.899235	30624565.0216064
92.948685	16567600.1585693
92.996975	45258082.8275146
93.043235	24682038.1513672
93.0915383333333	27231320.2171631
93.1390766666667	21373721.6328735
93.18761	25461356.9101563
93.2350866666667	25868318.4197998
93.2808116666667	25430584.8847046
93.3295783333333	30414902.555542
93.37745	14925066.0516663
93.4267166666667	34382546.8441162
93.4716283333333	24193258.5893555
93.5199633333333	17686268.9083252
93.56829	21140943.684082
93.6147066666667	15009127.8284912
93.6635733333333	23964530.1433105
93.711255	20792872.2063599
93.7571666666667	18076013.2911377
93.80503	36921620.5668945
93.8514916666667	10785227.6680908
93.90045	28792448.7198486
93.9486216666667	12706915.7421265
93.9978916666667	25426897.6057739
94.0464583333333	19256650.7052612
94.0928933333333	20599891.0177612
94.1394766666667	17796110.7907104
94.18746	19078380.7098389
94.2364683333333	18231747.0887451
94.285505	52830162.1750488
94.3290383333333	9268940.72198486
94.3785316666667	20796583.6390991
94.4273183333333	16321046.8048706
94.4755366666667	8500250.28372192
94.5252316666667	21740905.8931885
94.5733716666667	11354911.5541382
94.6226833333333	20321641.1645508
94.6662766666667	15873781.8899841
94.7129666666667	11975103.7293701
94.7615266666667	22309548.5343628
94.8083266666667	8561561.10809326
94.857745	14582456.0761108
94.90769	24268119.3235474
94.9564133333333	18217630.6608276
95.0044033333333	28796744.5940552
95.0536933333333	19084701.4740601
95.1005116666667	33178150.3005371
95.148045	16479284.1507874
95.195145	31697178.3563843
95.2450883333333	10558031.8526917
95.2937066666667	38709552.0671387
95.3378016666667	7775323.13763428
95.38777	26772334.5883789
95.435375	7992927.55297852
95.48392	27577975.1586914
95.5290216666667	14779263.62323
95.5778916666667	16858139.6552734
95.625555	18398995.9396362
95.6702133333333	18265432.5565186
95.718285	16738466.906189
95.7638183333333	19793401.9448242
95.8127366666667	12280677.6133728
95.86094	18483273.1740723
95.9097066666667	29355819.1112061
95.956	10900336.9892883
96.00503	28866573.5126953
96.052775	7743794.55981445
96.1016883333333	16771890.9669189
96.148595	11088861.9358521
96.1961983333333	16500574.6678467
96.24523	14857424.3491211
96.2939333333333	12491904.036377
96.34169	20922353.7028809
96.3894466666667	20347780.2409668
96.4370666666667	10412289.09021
96.4864683333333	18731721.3104248
96.5349766666667	17636706.3185425
96.5819216666667	22092798.6662598
96.6284966666667	10381161.9378662
96.6769133333333	15460264.975708
96.725595	12501331.4886475
96.7711633333333	23199054.6512451
96.8199783333333	12421266.9208679
96.86547	15480800.9640503
96.9159583333333	12868028.2758179
96.966015	16940249.3168335
97.0121083333333	8315874.49267578
97.0607516666667	20359978.7835083
97.1096633333333	12039716.7694702
97.1565233333333	14611921.8853149
97.203915	11382534.7719116
97.2536466666667	14393218.6110229
97.3019033333333	13712420.5603638
97.35032	14711822.9664917
97.3980533333333	24356795.9030762
97.4450333333333	9586274.07806396
97.4926316666667	20188141.2149658
97.5417633333333	8827065.41418457
97.5896233333333	15920761.0665894
97.6375283333333	11979699.632782
97.68487	17777636.874939
97.7327433333333	7512733.26870728
97.78091	18755678.2640381
97.829205	12917443.5444946
97.874875	21402125.9990845
97.9225683333333	13718931.5958252
97.9715383333333	8890752.67706299
98.0214016666667	16301612.2405396
98.067225	16743919.6813965
98.1139916666667	14123183.2750244
98.1630366666667	16881762.8862305
98.210015	20445422.7783203
98.257415	11058422.074585
98.30631	12426334.4486694
98.354745	11517049.5066528
98.404005	21220697.0310669
98.4508066666667	10904713.9830933
98.49903	13114894.680603
98.5469	12144087.2040405
98.5952216666667	13171602.5979004
98.6431133333333	14027893.1483765
98.6908633333333	24066789.5638428
98.73597	7390375.69851685
98.7852566666667	22933441.3902588
98.8320083333333	7391109.95840454
98.88178	25423168.0601807
98.926655	7824124.41564941
98.9740016666667	20325016.5708008
