RetentionTime	Intensity
0.00517666666666667	845548.140167236
0.0464616666666667	633029.877914429
0.08741	556662.675521851
0.131566666666667	685317.780853271
0.17706	664839.11126709
0.222226666666667	756660.374343872
0.2659	522627.083023071
0.312001666666667	637216.081329346
0.356246666666667	528204.685791016
0.402725	520187.263442993
0.449501666666667	555704.140533447
0.495976666666667	526843.111801147
0.543015	447105.384895325
0.590121666666667	644607.612426758
0.635381666666667	647072.565856934
0.681111666666667	713408.259399414
0.726635	437415.658157349
0.773258333333333	468315.129806519
0.818686666666667	507577.994888306
0.86456	408924.333946228
0.912625	456519.366226196
0.949386666666667	528544.574462891
0.9815	442606.96157074
1.02924166666667	460205.552734375
1.07021166666667	467210.924972534
1.11261333333333	504069.267669678
1.15717166666667	749290.148300171
1.20179666666667	2385315.56933594
1.24582333333333	9481501.32818604
1.28967666666667	20192526.7491455
1.33206666666667	19075795.614502
1.37625333333333	15276096.5321045
1.42069333333333	10455408.3797607
1.46684333333333	5913324.32870483
1.51306666666667	4004398.13973999
1.55849833333333	4058200.58422852
1.60350833333333	3256522.10324097
1.648485	3498888.51281738
1.69384	5218509.86065674
1.738805	7807806.65332031
1.78125666666667	9914424.81890869
1.82358166666667	11852657.3709106
1.86893166666667	6818270.46813965
1.91379166666667	6600308.23669434
1.95901833333333	3881655.42138672
2.00546166666667	4158108.99768066
2.05151166666667	3245388.02642822
2.09592666666667	4727232.20324707
2.13763666666667	4475994.6418457
2.18222833333333	4122904.06365967
2.22806333333333	3832954.63641357
2.27389666666667	4600434.0196228
2.31979666666667	3626236.69314575
2.36405833333333	4209545.08331299
2.40913666666667	3508853.18215942
2.4525	3097899.22650146
2.49864	2499227.90325928
2.54527333333333	3836168.57003784
2.59195333333333	6309112.49282837
2.63556166666667	7758420.82171631
2.68140666666667	8789224.49346924
2.72824	7166270.22091675
2.773545	9424968.82977295
2.82006333333333	13266484.4570313
2.86561166666667	16864411.6242065
2.910285	17386855.0356445
2.95301166666667	23023173.0483398
2.99783166666667	15487724.7528687
3.040645	8172462.74591064
3.08626833333333	6621232.1975708
3.13026333333333	6487702.00030518
3.17333833333333	4749176.49029541
3.21890666666667	5181418.10791016
3.26527666666667	4126472.11651611
3.31105	3321458.33700562
3.35637166666667	4141260.0748291
3.40099166666667	4068192.64831543
3.447435	4399188.43927002
3.48905833333333	4552542.95742798
3.53554833333333	4250388.42028809
3.58153666666667	5057352.09671021
3.62744166666667	4748927.47381592
3.67366333333333	4941321.61361694
3.71918333333333	5153443.03515625
3.76561	6444374.77737427
3.81176666666667	12343501.534729
3.856045	13274252.7136841
3.89967833333333	20878482.2352295
3.941975	21265833.8377686
3.98546333333333	13894537.0651245
4.02745666666667	9417626.74404907
4.07409166666667	9192579.80438232
4.117095	7017499.05838013
4.16183166666667	7859668.15509033
4.20529166666667	8282672.44805908
4.24642166666667	7760580.6625061
4.29257166666667	6156376.69088745
4.33927	6307400.2638855
4.383485	5700023.3039856
4.42793166666667	6607858.89770508
4.47230833333333	6048350.77185059
4.51739	4563050.69393921
4.564475	4645662.64935303
4.61027666666667	5805851.31591797
4.655485	5199330.63476563
4.702555	8907800.30786133
4.74775833333333	7091533.97003174
4.79085833333333	9060392.47631836
4.83526166666667	10162409.635437
4.87936833333333	11463641.2094116
4.92188333333333	13431271.9554443
4.96682833333333	11098838.1556396
5.01338166666667	7951324.88952637
5.05698166666667	6467875.90640259
5.10418833333333	5922079.17388916
5.14996833333333	4577265.88656616
5.19560666666667	4524513.28390503
5.24037666666667	6633581.59472656
5.28660833333333	7572848.43200684
5.33142333333333	9586589.25476074
5.37706166666667	11786030.0409546
5.41898666666667	9654925.50604248
5.46137	18106934.1567383
5.50179666666667	17420878.0407715
5.54257166666667	15350873.0041504
5.58404333333333	17077022.9849854
5.62666	14609591.6083984
5.67239833333333	10058216.1748657
5.71633	9464356.84899902
5.76209166666667	6248914.64465332
5.80704833333333	5947239.03466797
5.851965	5629775.35800171
5.89767666666667	5204847.12884521
5.94078833333333	4580002.06332397
5.98746333333333	5475197.92181396
6.03407	6343570.33557129
6.07859333333333	5347605.52124023
6.12562333333333	4639597.05502319
6.17229	5087790.91149902
6.218355	5708826.69665527
6.26217666666667	11210507.4797974
6.30265666666667	14303586.0625
6.34622333333333	15840163.7414551
6.388995	18585461.8985596
6.43341666666667	18216020.9931641
6.47782	20272059.7003174
6.52322	21408231.6500244
6.56788333333333	12847452.1945801
6.61223166666667	11319788.5649414
6.65476833333333	8198274.42681885
6.70041833333333	8533493.42144775
6.745945	6770598.07788086
6.79245333333333	6254165.48269653
6.83885833333333	6015295.01245117
6.88262833333333	8171397.17108154
6.92826333333333	8885217.68212891
6.97566833333333	8110510.94403076
7.0207	8889973.9619751
7.06637	9826251.08795166
7.11128	9119537.60662842
7.15562166666667	9603087.79650879
7.20216	10472377.9466553
7.24757833333333	11349715.0189819
7.29303666666667	10078598.7824097
7.3358	14476718.9585571
7.37898	13715323.9526978
7.42114666666667	12364471.5296021
7.46545666666667	22633416.1350098
7.50680666666667	23317132.255249
7.549185	16236788.0646973
7.59458333333333	21454859.3917236
7.63831833333333	26386944.9658203
7.67714833333333	27141134.2109375
7.72147833333333	63571165.1943359
7.76197833333333	55866349.8125
7.80507666666667	31114671.6832275
7.845615	39028015.0478516
7.89017166666667	30811647.7633057
7.92695166666667	44913596.7426758
7.96751166666667	44912549.4492188
8.00844333333333	60431348.541748
8.04803	65772067.6520996
8.08683666666667	48658426.1816406
8.12876166666667	47226480.1218262
8.16637166666667	50479058.9001465
8.204435	76571769.4199219
8.247175	48187290.0778809
8.28549333333333	59808420.345459
8.32584166666667	40616998.2915039
8.36738	44766004.3459473
8.41018166666667	53482099.9868164
8.45053833333333	49021456.8930664
8.4925	76229651.5695801
8.52915333333333	84273927.2216797
8.56803666666667	104055829.663086
8.60236166666667	143627275.450195
8.64235666666667	173487728.311035
8.68476833333333	152464580.508301
8.71702166666667	173940105.052734
8.75183166666667	105742008.286133
8.78924333333333	99557913.3032227
8.82569833333333	113943625.138672
8.85950833333333	124609834.991699
8.89735833333333	149922168.012207
8.93596166666667	183576410.341309
8.97193666666667	198431915.726563
9.00930333333333	165374499.640137
9.04557666666667	187637881.401367
9.08251333333333	176347962.493164
9.11577833333333	140337120.777832
9.151605	142597909.321289
9.18904	172309924.746582
9.22799666666667	174133605.490723
9.26519333333333	193595321.508789
9.297975	190150865.991699
9.33344166666667	221690244.186035
9.36694	277283393.987305
9.40781666666667	328803800.374023
9.44176	386815479.693359
9.473065	431669578.188477
9.50878666666667	331270177.992188
9.542285	393756775.363281
9.577175	306434892.722656
9.61446	349830328.232422
9.64863333333333	341919366.329102
9.690445	344618459.271484
9.72691333333333	255610878.445313
9.75677833333333	279437224.296875
9.79464	275562522.708984
9.82709666666667	296933593.541992
9.861205	340250765.94043
9.893135	322042614.751953
9.92926166666667	379763268.003906
9.96048833333333	295178378.375
9.99429166666667	345327798.097656
10.03252	467545923.400391
10.0689883333333	560433133.716797
10.0995116666667	471431967.011719
10.1421416666667	645571444.259766
10.1726266666667	573727982.588867
10.2118783333333	812350564.257813
10.2433233333333	578344078.035156
10.2791616666667	557578468.948242
10.31355	556327153.200195
10.3483483333333	485677076.708984
10.3817416666667	359419679.834961
10.41471	329284755.964844
10.4490116666667	393530544.345703
10.4786816666667	350845556.392578
10.5137783333333	387555721.423828
10.5465533333333	366308874.996094
10.5831466666667	303613336.123047
10.6181983333333	300627754.075195
10.6556833333333	357388871.177734
10.6880833333333	277610949.080078
10.723725	351107879.34082
10.755185	353001061.650391
10.7884366666667	342330774.672852
10.826175	321222178.054688
10.86052	425253646.433594
10.8967383333333	426830523.519531
10.9318616666667	371583711.421875
10.9687466666667	554657430.865234
10.9968983333333	521365112.957031
11.0312183333333	628832359.155273
11.0642333333333	752919544.060547
11.0974783333333	504375665.438477
11.13366	700428228.009766
11.1676833333333	791920289.220703
11.1991033333333	474313589.258789
11.23393	554913592.136719
11.2700116666667	400616375.150391
11.3040166666667	553246542.037109
11.335445	383779074.101563
11.3662933333333	538541172.136719
11.4024	494659187.071289
11.43506	510220538.625
11.472975	592884009.042969
11.5066366666667	716646204.421875
11.534915	623002351.763672
11.5691066666667	586626873.367188
11.6015816666667	778839335.066406
11.6296583333333	476094073.601563
11.6603966666667	544877991.847656
11.6938166666667	596369164.806641
11.7267033333333	754784034.408203
11.75739	755389612.621094
11.7937733333333	627364941.402344
11.8302233333333	788348544.021484
11.86119	718862756
11.8969883333333	624384478.716797
11.9279616666667	742490169.900391
11.959855	627728443.236328
11.991745	666996922.171875
12.0227616666667	692579911.677734
12.057775	698112192.472656
12.09051	737232142.511719
12.12488	1022775906.35547
12.15777	1236806396.33203
12.1871016666667	772955382.908203
12.223675	959670101.181641
12.255975	963119930.335938
12.29193	780252378.484375
12.3281166666667	881415009.613281
12.3643733333333	849365562.908203
12.40433	999393258.59375
12.4407933333333	1001689472.44531
12.4739	987826260.496094
12.5077683333333	931640074.953125
12.53713	1262439448.59766
12.5686083333333	1024164927.64063
12.5994783333333	757156965.537109
12.63517	800442169.679688
12.6723466666667	793191577.681641
12.704765	795188171.84375
12.7391916666667	1000037562.98438
12.772925	1249934368.73047
12.802705	872990698.111328
12.8354933333333	1012327119.47656
12.8695766666667	891490046.572266
12.904725	1078183408.01563
12.9347083333333	1129035949.29688
12.9650266666667	831721829.089844
12.9986316666667	988688611.636719
13.0299866666667	858490931.449219
13.0655833333333	738141938.841797
13.0993083333333	716952211.269531
13.1330166666667	906545339.242188
13.1663466666667	724636281.875
13.20185	834453502.105469
13.23568	801016602.845703
13.2694883333333	752812856.203125
13.3037333333333	642302064.392578
13.3401066666667	594484058.732422
13.3728233333333	729326692.070313
13.4065433333333	649019352.919922
13.4425116666667	564428020.787109
13.4752533333333	671947386.871094
13.507405	752928693.814453
13.5350166666667	699820253.791016
13.5675066666667	886213283.542969
13.5984166666667	742204198.123047
13.6294166666667	764718697.666016
13.66064	915412753.921875
13.6945683333333	996539585.166016
13.72274	769228202.878906
13.75834	1019790880.51953
13.7888066666667	1025688070.5957
13.8203483333333	962257114.408203
13.8516483333333	930466721.511719
13.8895166666667	876592404.949219
13.924945	882593890.568359
13.9567916666667	1022197029.625
13.9871366666667	1164038864.05078
14.0186166666667	860943089.853516
14.0511816666667	970603891.478516
14.0832966666667	981673871.175781
14.11842	1007718661.19531
14.1487616666667	1016337662.64453
14.1809516666667	952608225.634766
14.2120533333333	787051306.357422
14.2465266666667	960119191.796875
14.2784716666667	825240031.498047
14.311735	860366126.916016
14.3504533333333	970753035.121094
14.3812383333333	952990385.791016
14.415465	992422498.591797
14.451485	1400460507.67383
14.4840883333333	970156070.761719
14.5160866666667	1214028969.3125
14.5493716666667	976451271.328125
14.5849083333333	997201636.140625
14.620315	781315245.140625
14.6525566666667	841901856.033203
14.6828083333333	881745473.712891
14.7121283333333	783588376.3125
14.7491	792637307.587891
14.7794583333333	880987684.578125
14.8141633333333	989306778.804688
14.8450916666667	1004330884.18945
14.874215	964673782.613281
14.9096266666667	804281659.404297
14.945685	813558528.050781
14.9807866666667	820729280.410156
15.01347	865085685.96875
15.048515	769475886.345703
15.0800033333333	753257761.136719
15.1121183333333	714681496.199219
15.1441083333333	830956984.863281
15.1768216666667	727833975.132813
15.2104466666667	639716035.820313
15.2474333333333	730490782.880859
15.2797433333333	766856685.201172
15.309185	854616582.404297
15.3398116666667	650346453.669922
15.3710766666667	779391067.388672
15.4039466666667	773621751.605469
15.4406066666667	860300300.541016
15.4741783333333	884260518.587891
15.5097266666667	958966585.738281
15.5416633333333	1022187563.04688
15.57512	1080922648.20703
15.6076266666667	975140356.371094
15.6393116666667	840377502.664063
15.6725183333333	720298672.707031
15.705005	822543127.792969
15.738495	843107151.611328
15.7715433333333	669464563.636719
15.807225	718182098.205078
15.8386566666667	954071057.244141
15.8678466666667	869569409.496094
15.9011566666667	994860565.033203
15.9322516666667	959277871.410156
15.9662183333333	881253019.712891
15.9998033333333	851651921.847656
16.0315533333333	1162346141.39063
16.0591633333333	1227622854.12109
16.0884216666667	1231858355.92188
16.120545	1138867536.52344
16.1522583333333	1349042862.29102
16.18244	1145283292.44727
16.2184983333333	1425119628.62109
16.2519033333333	1431022069.25
16.285355	1303331919.05273
16.316135	1288709133.90039
16.3471816666667	1391944844.64844
16.3780783333333	1393905781.30859
16.4095766666667	1361563252.17383
16.4381883333333	978243439.945313
16.469835	1284789120.30078
16.5001116666667	1163374074.34961
16.5317883333333	864797776.337891
16.56269	1065208079.89844
16.5967983333333	780537422.224609
16.6305516666667	707616597.373047
16.6633466666667	879091344.339844
16.6944633333333	703452684.617188
16.7262683333333	819185099.5625
16.7577066666667	780534010.953125
16.7899283333333	938473278.0625
16.823945	984722100.119141
16.8543166666667	757105431.666016
16.8879533333333	880621323.214844
16.9206683333333	827968774.873047
16.956685	838784716.074219
16.9866666666667	732586978.259766
17.021115	886819672.132813
17.05422	832181013.490234
17.0876316666667	715456912.105469
17.1183583333333	828883812.914063
17.1493716666667	942381439.941406
17.178025	920397860.070313
17.2099433333333	815503937.193359
17.2451183333333	701597819.099609
17.2781833333333	859589253.705078
17.3115866666667	739151331.925781
17.346175	829016505.640625
17.3793483333333	883298937.34375
17.4107666666667	994994429.126953
17.4390383333333	694390412.345703
17.4746633333333	867060052.371094
17.5076183333333	823523771.378906
17.5378916666667	847874201.933594
17.56956	888011056.050781
17.59929	815686741.505859
17.6324316666667	935492782.425781
17.667125	943347811.5
17.698635	886198791.044922
17.7304083333333	845668780.050781
17.7635383333333	913940675.091797
17.7966166666667	1027568824.47266
17.8253183333333	991981380.390625
17.8563533333333	877700266.613281
17.8886333333333	1128103005.38867
17.9207583333333	926363846.478516
17.954795	955486951.083984
17.9865366666667	1104739294.08203
18.0185066666667	1019123850.58398
18.0505033333333	1086853332.96875
18.0819666666667	1120001971.84766
18.1113783333333	932172288.328125
18.1449066666667	1167755363.48242
18.1743816666667	936649117.119141
18.2056666666667	877551929.138672
18.237875	900671137.386719
18.2691383333333	955532534.070313
18.2986233333333	1113090306.45703
18.3292533333333	1289943081.73438
18.3605233333333	1061859394.28516
18.3938266666667	1446772480.10547
18.42758	1275503339.42969
18.46186	1177063306.33789
18.49364	1139216420.56445
18.5261166666667	1529956161.60547
18.5573983333333	1350860936.53516
18.59034	1291831726.66016
18.621085	1096109615.94922
18.658465	1015713811.9668
18.691005	1041010874.89453
18.725785	1173644773.9375
18.7600666666667	890764255.228516
18.7938683333333	1001190812
18.82782	769406613.6875
18.8597383333333	772178514.398438
18.8936533333333	979468147.931641
18.9239766666667	963067574.40625
18.9582783333333	855374245.087891
18.9906183333333	968030575.046875
19.02158	969573943.035156
19.0518016666667	811190641.685547
19.0856033333333	800948769.501953
19.1180466666667	856861258.628906
19.14845	849144885.03125
19.179955	890336178.208984
19.2126233333333	1011389000.53125
19.2451433333333	953648326.589844
19.276345	1025207411.51172
19.3099333333333	954249879.556641
19.3413166666667	1216474493.64844
19.3699883333333	1256625140.95508
19.4002616666667	1331703646.90039
19.4337266666667	931963964.587891
19.4664083333333	993826148.044922
19.496585	1299204510.62109
19.5275066666667	1029863473.30078
19.55913	1182529747.42969
19.5938883333333	942759632.101563
19.627185	878205683.279297
19.66319	1252283425.69531
19.6933383333333	938034078.080078
19.7254583333333	1209719819.32422
19.7578333333333	1267383219.64844
19.7853583333333	966813353.583984
19.8176516666667	1092326021.62109
19.84788	1004063278.30664
19.8799566666667	1000493072.23047
19.91199	849347204.681641
19.9475616666667	842066003.429688
19.9810466666667	1009255314.42383
20.0095066666667	927840093.601563
20.04068	759105980.425781
20.0733716666667	910010992.835938
20.1060516666667	862314801.296875
20.13639	869380836.666016
20.1692766666667	881500005.162109
20.19959	1019136895.40039
20.2279166666667	911339922.328125
20.2605383333333	898671248.398438
20.29296	929840395.511719
20.324305	1025531986.51758
20.3533916666667	1023040253.30859
20.3855283333333	1118002059.81641
20.41464	910436569.740234
20.446595	1085509256.90625
20.4786583333333	1077164167.18359
20.510555	999890291.839844
20.5433183333333	944164290.755859
20.5729783333333	1109471738.33984
20.6044416666667	1158629549.33008
20.6342316666667	1090859570.77539
20.6694066666667	1209293277.85547
20.7008366666667	1182642166.60938
20.7321783333333	1069892866.01563
20.7642316666667	1260136577.51563
20.7960216666667	1161737346.42188
20.8232966666667	1382282605.7832
20.8536366666667	1101746160.15625
20.886265	1234548261.97266
20.9175666666667	1075950494.20117
20.9506116666667	1109735870.57422
20.9820016666667	1166641120.20117
21.0130383333333	1029229632.40234
21.045355	1153013365.26563
21.0745183333333	1234914069.51563
21.104535	1134771545.78516
21.1361366666667	820243084.746094
21.1677483333333	1099019133.44336
21.1958966666667	882797222.945313
21.22632	820189816.962891
21.2593366666667	977537512.875
21.2935983333333	867619681.4375
21.3253133333333	977537251.011719
21.3583283333333	914861632.335938
21.3888266666667	825890116.535156
21.4204516666667	936997305.042969
21.45351	904419763.056641
21.4847283333333	1026617687.47266
21.51556	1270106897.61523
21.54566	1242423818.22266
21.574695	1026439613.41797
21.6074333333333	1422396618.04688
21.6380466666667	1087803589.32617
21.67191	1478434231.92969
21.7045516666667	1243241663.91797
21.7338066666667	1303227707.58203
21.7681316666667	1285651541.93555
21.7978	1156050744.23828
21.829935	986369537.125
21.8648166666667	1094627732.8457
21.89649	985822115.814453
21.929415	997668737.070313
21.9616966666667	950971845.001953
21.9924966666667	1016583319.6875
22.0245066666667	864404091.4375
22.0574333333333	833238597.894531
22.0908016666667	997676338.814453
22.120795	1163378123.02148
22.1511233333333	1020245499.08398
22.1821983333333	1158892807.20313
22.213905	1127295959.875
22.2450466666667	1041668353.11328
22.2748016666667	1003456682.57813
22.3024366666667	1092274180.90039
22.331385	1191581011.7793
22.36239	1158803065.05859
22.3927583333333	1196030131.45703
22.4228433333333	1088873415.17188
22.45444	1026864176.97266
22.485	1173406951.30664
22.5144966666667	1051778263.28711
22.54559	1082695089.55859
22.5785316666667	938569856.183594
22.61023	866661456.265625
22.6431566666667	888118566.699219
22.6738616666667	813992972.214844
22.70547	920113484.417969
22.7379183333333	881728406.162109
22.7711083333333	1092240940.77344
22.805205	1095308190.03125
22.834095	903446174.228516
22.8649266666667	939888517.501953
22.8950733333333	1032802478.99805
22.9227716666667	1083849681.36328
22.953125	1133912895.05859
22.9844233333333	1222081129.95703
23.0153316666667	1335221069.29688
23.0471933333333	1398606189.98828
23.07877	1231594631.71875
23.1101316666667	1378047580.17188
23.1441633333333	1162770235.78711
23.1767566666667	1266362384.87891
23.2081383333333	1359065511.16016
23.2410916666667	1201755788.46094
23.27124	1287329820.90039
23.3006366666667	1016552127.16406
23.3325016666667	1171757220.51367
23.3626316666667	926787376.421875
23.3944266666667	1126331401.32422
23.4238983333333	1226615339.33203
23.45329	1337891687.8125
23.4836066666667	1226303919.79688
23.51673	1270033045.32813
23.5498233333333	1340585372.78906
23.5825716666667	1121970207.63672
23.6150833333333	1273256197.21094
23.6490333333333	1131674071.13281
23.680155	1369808694.82422
23.7111833333333	1199782814.14063
23.7425766666667	1352946044.44141
23.7728	1489475300.75781
23.8057633333333	1748136407.26953
23.8359533333333	1455586739.02344
23.8675266666667	1624852198.79297
23.8999616666667	1346856273.72656
23.9335683333333	1592049425.67969
23.9640166666667	1234442422.96484
23.9960833333333	1438340102.23828
24.0259533333333	1314550510.85547
24.0582466666667	1406558149.96094
24.0893833333333	1316718451.80469
24.1216166666667	1389913158.97266
24.150465	1266933843.23828
24.1819916666667	1272900801.96875
24.2138883333333	1068623395.73242
24.2442716666667	1420469060.13672
24.2737583333333	1236252368.17773
24.3054083333333	1317129902.77344
24.3364133333333	1129917332.59375
24.369885	1196079509.05078
24.4025916666667	1134583690.8457
24.4343716666667	1120895276.625
24.46692	1173378347.3125
24.499145	1204614103.79688
24.5265616666667	1317507723.78906
24.5546216666667	1185971345.92188
24.5889566666667	1234116605.38672
24.621275	1388796086.79297
24.6514716666667	1230132750.42188
24.6860916666667	1538962991.01563
24.7143583333333	1437553805.41016
24.7484466666667	1313271794.49609
24.7821983333333	1363450421.57813
24.8133066666667	1180243466.94922
24.8455833333333	1240384868.49219
24.874745	1318033908.07031
24.9055666666667	1330706863.61719
24.9371033333333	1354392313.8125
24.9678166666667	1326286150.18359
24.998585	1095045237.24609
25.028245	1267507633.72266
25.0573833333333	1340489647.13672
25.0899633333333	1264627559.83984
25.12269	1272385395.66797
25.1539083333333	1432511879.51563
25.1859733333333	1254632190.67578
25.217245	1433069473.59375
25.2480683333333	1445573556.62109
25.2805866666667	1391821306.31641
25.3129233333333	1425500373.63281
25.3458616666667	1449679527.31641
25.3779833333333	1380107591.61719
25.4100666666667	1456900156.60156
25.4420366666667	1528750263.45703
25.4726516666667	1107526404.41992
25.5059466666667	1203148405.61328
25.5349033333333	1005273806.875
25.5655416666667	1184176202.26563
25.5957116666667	1063124534.07031
25.6284283333333	916837236.478516
25.6601	1040181001.15234
25.6956716666667	1110797071.35938
25.7245066666667	1016528344.94531
25.7557633333333	1059779475.11719
25.7883866666667	1186477845.10156
25.8203666666667	1276278854.80078
25.8522633333333	1173856579.09961
25.8834733333333	1391193638.51172
25.912505	1334385256.875
25.9454233333333	1252978540.92188
25.9757816666667	1431422621.24609
26.00709	1311398511.47266
26.0379166666667	1246200298.26758
26.0678233333333	1119229037.17969
26.097855	1394344092.48047
26.1299083333333	1203605038.71094
26.1602133333333	1193440297.90234
26.1910033333333	1134270047.63281
26.2220616666667	1044289630.75391
26.255195	1188857662.72266
26.2868216666667	1027909522.25977
26.3195433333333	1074233328.5957
26.3530933333333	1063677551.25781
26.3860083333333	1204259211.125
26.419005	1250044087.86328
26.4503983333333	1145630776.40625
26.4828116666667	992541220.179688
26.5134033333333	1115929204.03125
26.544925	1093677564.26953
26.57722	1203430094.96094
26.6095683333333	986729218.066406
26.6423333333333	1144404142.08594
26.6761266666667	1054153273.94531
26.707395	1115394267.28125
26.738665	1279977752.03516
26.7707566666667	1186536083.06836
26.8012216666667	1208831086.57617
26.8313116666667	1154947532.12891
26.861635	1383636023.57813
26.889955	1384658494.45313
26.9216966666667	1601054381.28125
26.9519516666667	1414687801.51172
26.9870266666667	1362654888.83203
27.0164666666667	1439598462.02734
27.050665	1472851531.13281
27.0822016666667	1448150585.75391
27.1147716666667	1549305163.23828
27.1453116666667	1347789626.30469
27.17668	1327825452.82422
27.2064916666667	1486562007.19141
27.2366033333333	1494793396.35938
27.2664116666667	1431696017.34375
27.2964166666667	1525129973.38281
27.3270783333333	1309215278.42188
27.36036	1231093365.625
27.3919516666667	1407497640.74219
27.4227866666667	1082031616.23047
27.4562816666667	1182436608.44531
27.4893883333333	1360196317.77344
27.5182483333333	1231411779.78516
27.5502666666667	1365963380.16797
27.5787133333333	1340641410.32031
27.6077283333333	1293419733.625
27.6376983333333	1399753732.10156
27.6681766666667	1200608133.625
27.699335	1437796766.37891
27.73	1387972522.75
27.759595	1355449138.10547
27.788435	1570682353.47266
27.819475	1411261559.03125
27.8492116666667	1655656244.48828
27.87858	1766503133.10547
27.9078633333333	1277762819.01172
27.939415	1448505277.3125
27.9714233333333	1392625235.14844
28.0025633333333	1562950056.41016
28.0316133333333	1246248145.16406
28.061095	1432177896.00391
28.091355	1238746919.04688
28.1224066666667	1369661824.60547
28.1554483333333	1511659672.91016
28.1835583333333	1197562425.26953
28.2156616666667	1365655618.95703
28.244635	1164333757.44922
28.2765283333333	1244248835.36719
28.307045	1395395042.95703
28.3375166666667	1528941422.04297
28.3675966666667	1694862850.01563
28.397055	1641277732.47656
28.4273683333333	1827117284.05469
28.4591933333333	1900025920.54297
28.489525	2080049310.40625
28.5204733333333	2333152282.01172
28.550435	1960697505.51563
28.5824666666667	2437392631.1875
28.6133433333333	2305393854.87891
28.646325	2208022824.28906
28.6753933333333	2365819820.58984
28.7085183333333	2161058218.02734
28.7376766666667	2342147261.76953
28.7666783333333	2144116633.44141
28.79645	2047120446.83203
28.828255	2243959503.32031
28.8580016666667	2584560865.95313
28.8890533333333	2109528189.91406
28.9211583333333	2241585518.0625
28.9535016666667	2243577823.06641
28.9847316666667	2083007429.375
29.0168433333333	2227535218.58203
29.0504916666667	1928096684.06641
29.0838683333333	1889591187.82813
29.1164	1958288815.85938
29.1483783333333	1694997076.36328
29.1786383333333	1731623053.99219
29.2087733333333	1647013970.64844
29.2401	1571220527.66797
29.27138	1425237699.97266
29.3039966666667	1451256285.19141
29.3329483333333	1486158831.90234
29.362185	1358499176.94141
29.3921066666667	1699659857.375
29.4215833333333	1499771521.87109
29.4537883333333	1435021919.32813
29.4850383333333	1530513727.16016
29.519875	1417194713.03125
29.552355	1537806018.89063
29.584145	1604446579.66016
29.6150316666667	1567230954.72266
29.6470216666667	1448816454.55078
29.6779316666667	1647353222.35547
29.7074016666667	1544744211.96875
29.7385966666667	1669685490.53906
29.7670616666667	1855895363.49609
29.79711	1724154628.5625
29.8276416666667	1716997740.75781
29.8574866666667	1845241504.47266
29.8874433333333	1814342385.16016
29.9186033333333	1798333752.62891
29.9506616666667	1609451958.02344
29.98194	1713061315.33594
30.0121716666667	1544360201.51563
30.044375	1901148926.34375
30.0741433333333	1794313528.75391
30.1048616666667	1574681628.14453
30.13738	1843131223.22266
30.166375	1823078993.46094
30.1980033333333	1844947382.54297
30.2277016666667	1718692670.24609
30.2564783333333	1878590129.64063
30.28645	1843920866.79688
30.317845	1737404499.875
30.3484816666667	1894414316.75781
30.3771783333333	1954637760.08203
30.409185	1920022563.47656
30.4407683333333	2167411508.92188
30.470205	2262891202.29688
30.4997466666667	2411674937.15625
30.5287983333333	2335958067.17578
30.5576883333333	2610741568.30469
30.5897283333333	3224478405.8125
30.6221933333333	2740333907.5625
30.6542	3246760289.96094
30.6846783333333	2947328348.10156
30.7159116666667	3054099812.875
30.745995	2940864953.9375
30.7769466666667	2963277307.21875
30.8066616666667	2906944860.5
30.83639	3104223963.75781
30.8655533333333	2709587357.24219
30.895795	2703854062.37109
30.925495	2587830408.29688
30.9555933333333	2869139282.63281
30.9879233333333	2578001625.97656
31.0216733333333	2483311022.61719
31.0526283333333	2528187377.57813
31.0833966666667	2758999391.82813
31.1151766666667	2501844256.26563
31.1455866666667	2290769648.26953
31.17754	2391390148.40234
31.2097966666667	2436740693.33203
31.2404433333333	2806175666.61719
31.27085	2244105874.03906
31.3033933333333	2486236977.25781
31.3348366666667	2505741763.10156
31.3643266666667	2077371208.19531
31.3965266666667	2155461526.92188
31.4279483333333	2020514477.33594
31.4582133333333	1950928949.36328
31.492315	1997462949.60156
31.522985	1980629240.69531
31.5528516666667	2018015613.44922
31.5846466666667	1964167394.02344
31.6159166666667	2053280902.82422
31.644455	1975340467.71875
31.675225	1930948353.80469
31.7076766666667	2370449349.58594
31.7382216666667	1864136105.15625
31.76853	2127728874.0625
31.7982483333333	1914966775.17578
31.8301666666667	2096020989.30078
31.8583533333333	1982110791.50781
31.8895033333333	2186400487.32031
31.9184716666667	2429037652.5
31.948495	2056500459.14453
31.97877	2506033632.46875
32.0073216666667	2694919355.39063
32.0371966666667	2146851075
32.0672483333333	2374434001.42969
32.09555	2447259340.40625
32.12489	2867893974.30469
32.15452	2134526989.35156
32.185495	2031978175.21094
32.2170133333333	2227297975.16406
32.24693	2401219390.5625
32.2777	2327327924.86328
32.3066033333333	2017237346.22266
32.3356483333333	2072499102.01172
32.3665916666667	2127019064.27734
32.3956816666667	2277776990.30469
32.4261783333333	2022381866.16016
32.456685	2014641100.37109
32.4878266666667	1981541549.27734
32.516885	2494641370.08594
32.5471416666667	2455422856.28906
32.579235	2232770105.87109
32.6102433333333	2349159647.42188
32.6409233333333	2225124167.26172
32.67297	2491341030.625
32.7041566666667	2637452327.26563
32.7349616666667	2170044203.92188
32.7661683333333	2399677522
32.79789	1869656316.40625
32.829105	2052499979.70703
32.8595966666667	1655122135.99609
32.8903316666667	1879411052.8125
32.9208116666667	2074891456.99219
32.9517183333333	1711813424.06641
32.9823233333333	1922611293.97656
33.0126816666667	1882206134.36719
33.0423916666667	1950235926
33.07198	1868635305.49219
33.10267	1991450922.75781
33.1323716666667	2089747799.11719
33.1616133333333	2026362541.34766
33.1922116666667	1967116675.25781
33.221245	1975803869.34375
33.2530566666667	2008226390.49609
33.28199	1934418190.92188
33.3119733333333	1954408058.19922
33.341585	1903194931.84375
33.372705	2025209675.17969
33.4028133333333	1985478224.21875
33.4336716666667	2146410780.5
33.46488	1997122260.23828
33.4945216666667	2101658340.74219
33.5248933333333	2532387261.82813
33.5543933333333	1873959828.91797
33.5849	2019914981.52734
33.61548	1847580555.74219
33.6456233333333	1892641120.11719
33.6768116666667	1658557420.82422
33.7066433333333	1954657291.12891
33.736515	2150842391.42969
33.7678733333333	2233328978.17188
33.7984216666667	2179305009.28125
33.8298766666667	2407890189.63672
33.86007	2342571194.15625
33.8905733333333	2646248997.57813
33.9214266666667	2272653723.97656
33.953115	2399468950.38672
33.98342	2386004623.14844
34.0147683333333	2265559836.48438
34.04652	2564956028.86719
34.07666	1999480700.91797
34.1074633333333	1943194648.53516
34.1358333333333	2279757496.42969
34.1648733333333	2040421557.13281
34.1945716666667	2348306616.48438
34.2229633333333	1976111717.99219
34.2532483333333	2034381065.82422
34.2856183333333	2201760899.625
34.3175516666667	1964857382.36719
34.3490733333333	2119242735.60938
34.379925	2442451771.39844
34.4084233333333	2489018081.55469
34.4396833333333	2306229515.57031
34.470295	2647915183.99219
34.5002716666667	2383629781.07031
34.5310833333333	2314668237.07813
34.5622566666667	2379326823.51563
34.59305	2144521775.00781
34.6220933333333	2440680365.03906
34.6523866666667	2182220508.64063
34.683495	2189159793.47656
34.7140166666667	2129750830.73047
34.7440566666667	2080275176.875
34.77339	2114626067.91406
34.801755	1892556794.89453
34.830595	2203443094.17188
34.8599483333333	1958652699.17188
34.88881	2290971304.50391
34.9189416666667	2477682004.14063
34.9492716666667	2232328072.66797
34.9795966666667	2214663277.22656
35.0107116666667	2606818497.0625
35.0408783333333	2352632565.03906
35.0713183333333	2019541355.23438
35.1030716666667	2638513951.875
35.1338233333333	2787594901.82031
35.163085	2633958549.875
35.194345	2615484792.32813
35.2256816666667	2377265300.22656
35.2557033333333	2374884274.94531
35.285935	2525183357.69141
35.3161033333333	2589483932.47656
35.34691	2463390364.60938
35.3758	2303992964.35938
35.4061216666667	2525618897.54688
35.4372166666667	2389094005.33984
35.4665183333333	2322242666.41797
35.4958333333333	2354223408.15625
35.5265716666667	2604054206.77344
35.5555583333333	2867155399.67188
35.5858383333333	2809429548.74219
35.6149066666667	2191771533.22656
35.6444833333333	2376523983.3125
35.6755533333333	2307953500.07031
35.7067066666667	2364614928.92188
35.736695	2156774699.05859
35.7669516666667	2242028373.52734
35.798325	2116630630.70313
35.8290333333333	2078937605.39844
35.8597716666667	1885210018.18359
35.8888666666667	2197030001.46875
35.9198916666667	1926003411.70313
35.9504783333333	1866563421.27344
35.9825283333333	2049756559.26172
36.0120166666667	1899044074.62109
36.041505	2022160143.02734
36.071175	2076987366.62891
36.0995766666667	2402275010.875
36.1308233333333	2594407166.57813
36.1603516666667	2503365013.82031
36.1910383333333	2294469117.55078
36.2205183333333	2371001795.42188
36.2511966666667	2661174022.27344
36.2810566666667	2930159233.83594
36.3121383333333	2556573696.1875
36.3428166666667	2733795735.54688
36.372215	2086106957.83594
36.4023716666667	2251133489.66797
36.43274	2507835977.375
36.462385	2015956975.70313
36.492725	1854891884.42969
36.5235933333333	2186746285.00781
36.5559216666667	2066799906.10938
36.5864716666667	2202005586.82813
36.618645	2302333426.4375
36.6487733333333	1990250992.42969
36.6799433333333	2203744176.73828
36.7111816666667	1986606572.05469
36.7422516666667	2238404430.60938
36.7735233333333	2268148038.89063
36.8047216666667	2204813610.14844
36.8356583333333	2090261060.65234
36.865595	2461232298.46875
36.89728	2089684804.67969
36.9275983333333	2005312330.875
36.9562016666667	2083036400.75781
36.9857233333333	2400065056.35938
37.0166916666667	2136148066.36719
37.0458533333333	2076583816.42188
37.0756433333333	2195107942.57422
37.10492	2155141230.86719
37.1342183333333	2455075130.77344
37.1642566666667	2979806170.15625
37.1937383333333	2700729092.1875
37.2239983333333	2706946445.72656
37.254475	2474241994.16016
37.2845	2460598351.97656
37.3142616666667	2457927093.52344
37.3448966666667	2475043723.6875
37.3755483333333	2709571568.64844
37.4059866666667	2305573210.17969
37.4375416666667	1887102217.53516
37.4674516666667	2051669133.94531
37.49695	1804449295.22656
37.528605	2409811987.92969
37.558045	1846655185.35547
37.5870416666667	1912370176.22656
37.6163533333333	1929831940.53906
37.646285	2127203467.6875
37.6778983333333	2001093902.66406
37.7079483333333	2171067743.78125
37.7387366666667	2686924609.25
37.769395	2669742896.64063
37.8000966666667	2811071438.28906
37.8319083333333	2378908669.77344
37.8626933333333	2309060068.85938
37.89281	2631720884.54688
37.9224866666667	2456115464.53125
37.9526133333333	2394034612.33203
37.98256	2588102485.30469
38.012935	2758276276.82813
38.0429	2408637141.25
38.0734166666667	2718567113.13281
38.1041583333333	2327770756.00781
38.1345333333333	2530737029.125
38.1669966666667	2161186042.53125
38.1977166666667	2235463364.07031
38.2264233333333	1861402820.69141
38.2570016666667	1911378504.94531
38.28798	1902805295
38.3201683333333	1826097506.76953
38.3505966666667	1970282906.57031
38.3798583333333	2034470645.46094
38.408595	2174353425.05469
38.4396433333333	2197113589.79688
38.4698116666667	2149200750.82031
38.4986883333333	2229025825.78125
38.526415	2019410184.69922
38.55577	2246259393.22266
38.5844983333333	2279683357.14844
38.6141283333333	2367146618.17969
38.6438833333333	2798695470.64844
38.6743683333333	2427532651.74219
38.7042566666667	2642739252.76563
38.7345983333333	2514812501.94141
38.7636966666667	2564959538.54688
38.7948533333333	2625567127.20313
38.82679	2270819192.18359
38.8592133333333	2312498410.21875
38.890045	2318077306.21875
38.9216116666667	2437823342.35938
38.950315	2389643841.50781
38.9803816666667	2158536158.20313
39.0095616666667	2030625782.04688
39.0394733333333	2115709574.60938
39.070395	2535546301.95313
39.10028	2153189999.63281
39.13109	2215511242.85547
39.161115	2209502589.48828
39.1919033333333	2470953753.03906
39.2222566666667	2104359849.14453
39.25234	2235806306.98047
39.2837583333333	2281080791.66797
39.3139783333333	2166447037.08594
39.3454833333333	2172657793.65234
39.37627	2186381449.07031
39.4056866666667	2196136813.9375
39.4359116666667	2266289751.64063
39.4664483333333	2303659875.23438
39.4961533333333	2283443444.88281
39.5284583333333	2233202281.42578
39.5595033333333	1959647497.125
39.590695	2294379487.42969
39.6229266666667	2245094227.35938
39.651745	2686096924.57031
39.6796966666667	2257982297.58594
39.711215	2405309810.33984
39.7429533333333	2360225707.94141
39.7738533333333	2463848411.07422
39.8048	2557239344.96875
39.835285	3101765271.45313
39.8671966666667	2349175964.40625
39.8990283333333	2519261386.17969
39.929745	2238049994.95703
39.9593666666667	2281298885.23047
39.9896216666667	2109043543.82031
40.0201216666667	2397701551.91016
40.0492883333333	2281600198.60156
40.0792	2123605100.82813
40.1101766666667	2065443301.33984
40.1406216666667	1946748771.52344
40.169575	2215911646.82031
40.2016683333333	1935378073.125
40.233105	1992943779.97656
40.2633116666667	1984468011.46094
40.2921366666667	1876426231.30469
40.321025	1938960155.88281
40.351645	2009725074.25
40.381385	2169164194.92188
40.4111933333333	2598762528.67969
40.4393216666667	2314958210.1875
40.47056	2284200942.82031
40.5020033333333	2672273458.57031
40.5315433333333	2827037843.17969
40.561105	2776956591.51563
40.5900933333333	2547227769.73828
40.6203233333333	3093799475.97656
40.6504616666667	2632830432.33594
40.6823683333333	3043309978.07031
40.712755	2150571166.91016
40.7430433333333	2330162725.86719
40.773485	2237149938.62109
40.8039	2385392316.91016
40.8352416666667	2914586044.20313
40.8666066666667	2649733778.67188
40.8971983333333	2662365446.35156
40.92897	3130623394.69531
40.959955	2416891478.6875
40.99043	2837281895.625
41.0209166666667	2763318470.94531
41.0501	2767142391.21094
41.0808316666667	2322573792.57813
41.1129533333333	2527499029.03906
41.1431733333333	2426789198.83203
41.175075	2342784965.53906
41.206325	2129528459.74609
41.2370733333333	2149984382.80859
41.2668216666667	2297010397.46094
41.2972133333333	2165323295.21094
41.3270683333333	2110838879.73047
41.359075	2253325064.92969
41.3889933333333	2434522497.03906
41.4203	2150530105.875
41.4505366666667	2314419242.50781
41.481245	2505276894.60938
41.5122216666667	2573836094.08594
41.5421616666667	2104372286.74219
41.57268	2914685280.875
41.602775	2216383639.67969
41.633355	2358469370.82813
41.663665	2293047895.06641
41.6946516666667	2772049658.64063
41.7239816666667	2344669394.92969
41.7541	2067557402.73828
41.784915	2091052680.36328
41.81503	2207482146.92969
41.84532	2042236270.77734
41.875395	2185001345.23438
41.9061433333333	2219071096.46094
41.93634	2175785830.85938
41.96706	2109904739.83594
41.997355	1990382062.19531
42.0277633333333	2165330837.38672
42.0582633333333	2064481173.15625
42.0870066666667	1985340164.41797
42.11897	1989901461.89844
42.149745	2054441030.25781
42.18065	1979854490.04688
42.2103333333333	2306453023.19531
42.2392316666667	1935558241.03516
42.268655	2181816747.78125
42.298465	2312951282.14453
42.3279566666667	2177091774.13672
42.35774	1972731303.87109
42.388375	2406982228.08594
42.4193	2525846522.53906
42.4487316666667	2368956148.34375
42.4782966666667	2220385982.66406
42.5084	2671064018.92188
42.5381733333333	2358089099.94531
42.5667916666667	2325346936.47656
42.5967566666667	2740423900.75781
42.6264416666667	2751127797.58594
42.6562033333333	2845761931.89844
42.6872866666667	2545009449.25
42.7176933333333	2946116106.46875
42.74695	2745643561.75
42.7769916666667	2626779384.16406
42.807295	2569720978.43359
42.8378966666667	2486389898.39844
42.8684766666667	2582749358.55078
42.8988166666667	2450475632.50781
42.9293333333333	2220267250.94531
42.9605216666667	2519672657.78906
42.9921316666667	2445984553.72656
43.0224266666667	2456045223.19531
43.05292	2660686033.5625
43.083335	2400070589.53906
43.1132466666667	2247422739.28125
43.1420316666667	2713768535.91406
43.1703683333333	2452758859.94141
43.20007	2421980879.04688
43.2306516666667	2853300748.3125
43.2613466666667	2257605519.53516
43.2907366666667	2695518559.48438
43.3223133333333	2667620854.19531
43.3536716666667	2257601748.01563
43.3849816666667	2552207290.35938
43.4153516666667	2258178920.24219
43.445555	2461456513.17188
43.47722	2232047780.10938
43.5087183333333	2363719710.73438
43.539625	2616335111.625
43.571245	2446485517.79688
43.6007383333333	2749291563.95313
43.6297683333333	2555186675.29688
43.658715	2346331754.80469
43.6873683333333	2329908102.67188
43.7171483333333	3031013873.86719
43.7459933333333	2505482550.46094
43.7751233333333	3044705407.55469
43.8063183333333	2518406890.03906
43.8362066666667	2466789662.27344
43.8663216666667	2857309675.70313
43.8963166666667	2338540383.5625
43.9246266666667	2752114594.13281
43.95362	2365714064.35938
43.98264	2651298209.60156
44.0121233333333	2309457301.3125
44.0419683333333	2204616522.34766
44.0715933333333	2391027644.59375
44.1008066666667	2326077184.09766
44.1298633333333	2559709306.6875
44.159655	2361625567.45313
44.1882083333333	2571374632.42188
44.216995	2441568028.87891
44.2470066666667	2912265237.45313
44.2774183333333	2781282446.97656
44.306925	2792227302.67188
44.3371833333333	2556176020.25781
44.3664716666667	2725444970.42969
44.3959616666667	2807479237
44.4257333333333	2601362526.46875
44.4547283333333	2616685209.49219
44.484925	2670104257.875
44.5155	2942254198.04688
44.5462716666667	2632588502.23438
44.5761916666667	2531164717.6875
44.60544	2544005590.76563
44.6357583333333	2377764844.95313
44.66614	3013137080.21875
44.6964933333333	2752370916.60938
44.7274333333333	2928740622.67188
44.7584666666667	2938252198.27344
44.7890483333333	2440143300.67969
44.8214683333333	2924640568.5
44.85068	2741563661.46094
44.882055	2755058636.26563
44.91229	2854040182.75
44.9432433333333	2652041607.92188
44.973435	2744393109.23438
45.00347	2758629891.41016
45.0322766666667	2804155276.65625
45.0617966666667	3510499647.80469
45.0902733333333	3505185611.89063
45.1190816666667	3351773267.125
45.1486583333333	3244727953.04688
45.1784983333333	3502531009.71875
45.2086383333333	3851942029.92969
45.2393983333333	3300756670.64063
45.269435	3686912678.63281
45.2992733333333	3030929229.92188
45.329695	3015152965.82813
45.3595316666667	2905330585.96875
45.3889083333333	3025929512.92188
45.4196316666667	2923262830.09375
45.4491666666667	2969531164.4375
45.480515	2725663210.60938
45.5100016666667	3020017541.80469
45.5401	2914732690.60938
45.570735	2849422070.88281
45.5999066666667	2911070187.74219
45.6303766666667	2858815490.55469
45.6609016666667	2848790096.375
45.690185	2805724610.95313
45.7197216666667	2908474468.13281
45.7500083333333	3245454632.46094
45.77901	2697772392.47656
45.809655	2667821289.67188
45.8401183333333	2628660868.0625
45.87085	2399978294.67969
45.9013683333333	2647588578.32813
45.9318883333333	2504056935.45313
45.9628216666667	2575863373.95313
45.9917283333333	2616149641.26563
46.0216566666667	2659706667.94531
46.0516766666667	3083932438.89844
46.0817433333333	3111348011.625
46.1119466666667	2729725863.21094
46.1424916666667	3083150829.58594
46.1731716666667	3062049717.38281
46.2019616666667	2696018066.4375
46.231405	2715367249.4375
46.261045	2359802631.39063
46.2908666666667	2615331677.21875
46.3211933333333	2707961270.88281
46.352315	2670672637.96875
46.383135	2710764394.03906
46.414145	2480623167.53125
46.4453266666667	2509204745.69531
46.4757433333333	2474959846.59375
46.5050966666667	3213670990.67969
46.53511	2975989666.9375
46.5650816666667	2958756939.89063
46.5951283333333	3147767197.4375
46.625175	2431733396.32813
46.656065	2485655837.94531
46.6862033333333	2337344075.92969
46.7155766666667	2758469988.97656
46.7463533333333	2316114298.28125
46.7764416666667	2375980619.79688
46.807095	2428173169.78906
46.8372266666667	2280952682.50781
46.8676883333333	2659824707.35938
46.8981116666667	2324446858.91406
46.9280416666667	2510855428.9375
46.9591933333333	2606742470.51563
46.989415	2460606904.42969
47.01993	2434471862.00781
47.0504933333333	2308626425.41406
47.0813	2460700915.96094
47.1117283333333	3060150172.125
47.1400916666667	2737948105.02344
47.1689466666667	2644128848.20313
47.1987383333333	2591778277.26563
47.2274183333333	2664023366.19531
47.255865	2572505498.28906
47.2861416666667	2518990510.74219
47.3169466666667	2470689139.375
47.345845	2596328468.75
47.3764516666667	2464273631.94531
47.406585	2386873072.10156
47.437765	2484382375.74219
47.4664583333333	2648225831.69531
47.4968033333333	2555066289.49219
47.5279266666667	2847497493.5625
47.5586066666667	2756973859.42969
47.5895166666667	3076655415.74219
47.6201316666667	3219197284.10156
47.65075	3263271968.15625
47.6812266666667	3014092476.66406
47.7130666666667	2811233321.76563
47.7445583333333	3397397880.77344
47.7746916666667	3070697307.47656
47.80401	3285391117.25781
47.835325	2879674182.35156
47.8658666666667	3061585787.64063
47.896375	3089264553.22656
47.9267516666667	2806314383.57813
47.9575316666667	3488864057.58594
47.986995	3191650652.625
48.0172383333333	3289353724.59375
48.0474716666667	2810865041.30469
48.0773016666667	2781422247.74219
48.1066416666667	2790627043.45313
48.1372983333333	3289129148.03125
48.16901	2723666522.75781
48.19865	2759059208.61719
48.2285383333333	2516407886.96094
48.2598366666667	2345386866.65625
48.2917166666667	2774156287.70313
48.3225666666667	2555038573.94531
48.35266	2470656910.35156
48.383735	2786970539.05469
48.4135283333333	2461268230.00391
48.4443033333333	2564004086.38281
48.47639	2404206438.24219
48.507015	2378152475.67969
48.5384333333333	2521013294.69141
48.569155	2425607357.61328
48.5986533333333	2565499761.86719
48.6280866666667	3039334379.46094
48.6600433333333	3161794763.52344
48.6904116666667	2884472586.17969
48.7217516666667	3314232216.35938
48.752575	2954275611.84375
48.7834666666667	2845183161.89844
48.8136916666667	3061902101.47656
48.844095	2790612140.94531
48.8750566666667	2413723242.39063
48.90484	2432612327.65625
48.9352316666667	2428601317.45313
48.9660633333333	2254559939.45313
48.9954583333333	2209099798.32031
49.0256333333333	2280009524.67578
49.0554983333333	2537546254.61719
49.08574	2911831670.83594
49.1156383333333	2452320590.92969
49.1455216666667	2474627579.77344
49.17561	2941678912.85156
49.2075383333333	2869312536.34375
49.23766	2480146710.74219
49.2685016666667	2788328514.77344
49.29816	2914269341.96875
49.327785	2922806897.44531
49.3579766666667	2902860752.10938
49.38685	3112559524.32031
49.417585	3401763173.27344
49.4466083333333	3102412804.36719
49.4767416666667	3125212350.00781
49.5070833333333	3137863462.32031
49.5390083333333	3036408195.89063
49.5708816666667	3161590464.22656
49.6015733333333	3058667032.59375
49.6320616666667	2742908423.88281
49.6627683333333	3320753574.34375
49.6950883333333	2858367254.03906
49.726615	3054364307.65625
49.7579883333333	3017934737.63281
49.78875	2888742256.27344
49.81923	3041578401.57031
49.8489816666667	3309261413.6875
49.8791266666667	3364013177.14844
49.9101883333333	3692347525.55469
49.9403816666667	3212842009.46094
49.971385	3753536531.71875
50.0025633333333	3538187832.16406
50.0324233333333	3610641261.36719
50.064185	2919080184.95313
50.0945016666667	3088938715.59375
50.1254866666667	2690693872.57813
50.1572	2975650690.96875
50.1867816666667	2890676274.42188
50.21792	2575308329.375
50.2496533333333	2572508479.01563
50.2810866666667	2665101524.59375
50.3115816666667	2425480360.14844
50.341105	2420618340.84375
50.371085	2544532634.14063
50.4004516666667	2387122321.55469
50.4312666666667	3014068198.91406
50.4606333333333	2847287628.6875
50.4916283333333	2872261751.67969
50.5227366666667	2703598928.0625
50.5535066666667	2841647034.14844
50.583505	2796343849.64063
50.6146516666667	3209229644.1875
50.6457566666667	2570594485.86719
50.6774333333333	2759235238.60156
50.7082866666667	2643625242.51563
50.7388616666667	2630941928.66406
50.76796	2486227130.26563
50.7979966666667	2565938247.35938
50.828385	2446361042.53906
50.8588216666667	2883451819.10938
50.88822	2901665767.125
50.91792	2900169899.85938
50.9478983333333	2767819433.45313
50.9780533333333	2810037450.67969
51.00836	2891325368.03906
51.0375816666667	2592009376.25
51.0675816666667	2610296836.49219
51.0964183333333	2653600095.50781
51.1264866666667	2685904712.13281
51.1575083333333	2673075060.07813
51.1876516666667	2623513941.12109
51.2193	2694779760.23438
51.24971	2725950459.21875
51.2799316666667	3252841466.78906
51.3104166666667	2673248700.10156
51.3403333333333	3145063382.25781
51.3706733333333	2701729582.75
51.4020533333333	2691251919.28125
51.4334666666667	2800097624.71875
51.46466	3370134605.52344
51.4954283333333	3284649552.85156
51.5267816666667	2855482391.28125
51.5582966666667	3100090511.77344
51.5898116666667	2942820579.59375
51.6209216666667	3319022796.8125
51.6533883333333	3156837344.4375
51.6837533333333	3147903559.09375
51.715265	3244893315.55469
51.7463516666667	3001089903.76563
51.77755	2787574071.10938
51.808785	2424361393.26953
51.8403866666667	2540529754.07813
51.87072	2390780171.60938
51.9013283333333	2612689190.24219
51.9330316666667	2330414799.40234
51.9636933333333	2027629612.76172
51.99546	2474344519.83594
52.026765	2386987943.36719
52.0570566666667	2682007334.42188
52.0859533333333	2439643214.25781
52.1157433333333	2237390065.58203
52.146975	2421415312.33594
52.1769633333333	2243805329.07031
52.2065833333333	2386628765.83594
52.2360933333333	2478186509.21094
52.2666683333333	2499965504.33594
52.2971033333333	2511530581.88281
52.3255783333333	2440010218.13281
52.3548216666667	2483380035.02344
52.3841083333333	2624043300.8125
52.4144183333333	2896509205.78906
52.4449966666667	2673880313.10938
52.4740316666667	2615031643.19922
52.5041966666667	2696412167.19531
52.53482	2644226813.82813
52.5664	2399818381.57813
52.59609	2863238938.57813
52.6265166666667	2803835338.00781
52.65725	2427385951.16406
52.6879266666667	2482120397.875
52.7199633333333	2901547432.35938
52.74996	2826854292.96875
52.78053	2653702296.60156
52.8113033333333	2622649564.24219
52.8411933333333	2822122115.67188
52.8717233333333	2576605362.19922
52.9028783333333	2613338492.3125
52.93308	2457125427.89063
52.9631666666667	2590947500.95313
52.9927883333333	2644470936.67188
53.023025	2676875088.79688
53.0539483333333	2718770209.35156
53.0849733333333	3147425755.69531
53.115185	2411983231.85156
53.1457816666667	2628787543.11719
53.1768616666667	2651316847.24219
53.2081366666667	2423751324.72656
53.239945	2591012083.16406
53.2719266666667	2392751728.88281
53.3039416666667	2239982957.61719
53.3352116666667	2229078652.03906
53.365775	2201591523.69531
53.3957483333333	2054710500.66016
53.42698	2149161103.14844
53.45649	2098031313.55469
53.4870266666667	2121039728.00391
53.5179783333333	2375783069.88281
53.5487866666667	2404060254.82031
53.57838	2446187796.375
53.60833	2303282749.92188
53.6384833333333	2283850550.09766
53.6688866666667	2847835694.97656
53.6994783333333	2276868099.57813
53.7293483333333	2514923942.46875
53.760585	2307823153.21094
53.7908183333333	2327598481.28906
53.8210866666667	2311397459.94531
53.8510183333333	2413957703.69531
53.8817383333333	2502407998.38281
53.9120266666667	2463514375.22656
53.9426683333333	2555454240.46875
53.9725116666667	2935445954.17969
54.0034016666667	2811422828.94531
54.03382	2565361179.74219
54.0638216666667	2287624015.96094
54.0936466666667	2412578615.05469
54.1232083333333	2884206369.32031
54.1529883333333	2477250675.06641
54.1854	2693435182.38281
54.2155133333333	2803732910.41406
54.2455433333333	2685164703.13281
54.2771266666667	2616728048.05469
54.3078933333333	2580310381
54.3376316666667	2490059869.85156
54.366945	2367696465.71875
54.39666	2511764236.52344
54.4266683333333	2424085944.00781
54.4580816666667	2379600051.32813
54.488705	2217713486.49219
54.5195516666667	2153406333.27344
54.5505633333333	2196833194.27344
54.5816483333333	1940062236.00391
54.61317	2185875579.04688
54.6439633333333	1859533635.83594
54.67443	1978085275.99219
54.7046533333333	2033565678.28125
54.7338933333333	2039134667.64844
54.7647316666667	2305118633.625
54.7948683333333	2060211111.85547
54.82439	2109960251.99219
54.85505	2388607782.72656
54.884595	2214769772.08203
54.9147683333333	2464879366.38281
54.9454716666667	2485062822.89063
54.9757583333333	2210801565.5
55.006405	2392788584.72656
55.0377383333333	2356626187.42969
55.0682733333333	2563929579.94531
55.0974466666667	2553841610.14844
55.126235	2742819347.88281
55.1564283333333	2467126011.03125
55.18612	2733058530.27344
55.2158383333333	2616275769.1875
55.24545	2445535569.60938
55.2758883333333	2440128676.46875
55.3065016666667	2367092593.66406
55.3368583333333	2781729430.83594
55.366415	2701356121.74219
55.3976383333333	3029443766.32031
55.4283416666667	2770972462.61719
55.45966	2561607862.97656
55.48974	2889112386.15625
55.5206233333333	2849695686.26563
55.55101	2590275216.17188
55.5819533333333	2491224744.66797
55.6122966666667	2446511585.64063
55.6421916666667	2882087253.49219
55.6719416666667	2871452323.22656
55.7017566666667	2815885368.13281
55.7312016666667	2509500178.73828
55.7618616666667	2862279609.97656
55.7923866666667	2485124284.65625
55.8228833333333	2536858867.07031
55.85378	2528029668.74219
55.8841083333333	2339806759.07031
55.9141216666667	2358636718.94531
55.9451433333333	2603748893.59375
55.9759033333333	2374843116.79297
56.0062333333333	2225812007.95313
56.03731	2539313377.32813
56.0686016666667	2310559696.94531
56.0996766666667	2340119545.11719
56.1314416666667	2388530484.6875
56.1622566666667	2316699328.23047
56.19324	2284118939.9375
56.2237116666667	2231267454.19531
56.2541116666667	2511119313.99219
56.2853583333333	2257858236.34766
56.3152	2381506460.29688
56.3450016666667	2205139201.78125
56.3750916666667	2320063166.375
56.4055983333333	2754711886.79688
56.4356116666667	2291089236.71094
56.4659166666667	2237509480.98438
56.4957816666667	2411471064.19531
56.5262583333333	2596079426.26563
56.5566566666667	2724861106.92969
56.58744	3045299479.125
56.6182283333333	3123853442.19531
56.64814	3104246010.29688
56.67858	3659970586.26563
56.7092116666667	3260613824.01563
56.7401833333333	3382961223.375
56.770185	3459339913.28125
56.8010183333333	3179690705.21875
56.8322883333333	3071179774.67969
56.8637	2999277368.4375
56.89463	2802691153.72656
56.9255283333333	2611711758.28125
56.95721	2458627427.86719
56.9881033333333	2486375517.27344
57.01977	2686799294.78906
57.051495	2097496575.9375
57.0826033333333	2358856627.88281
57.1132216666667	2435420312.85156
57.1434016666667	2395401059.89063
57.17347	2311259419.46094
57.20366	1961768713.13281
57.2334683333333	2178320637.32031
57.2630066666667	2112491583.89063
57.29228	1960744911.58594
57.3220216666667	1960011772.39844
57.3527516666667	1920279346.10547
57.3828566666667	2187424895.73438
57.4140016666667	2193549972.92188
57.4444083333333	2152428892.82813
57.475115	2045750557.32031
57.50495	2174172322.17969
57.5355683333333	2344788077.35938
57.5661333333333	2274265741.30469
57.5967533333333	2377181833.47656
57.6268316666667	2222016398.66406
57.65746	2349019824.09766
57.6879816666667	2307239284.76563
57.719125	2483123326.78906
57.7497633333333	2591483726.41406
57.7792883333333	2343447225.07813
57.8098283333333	2381353221.27344
57.83962	2378961583.07031
57.8688633333333	2482800134.65234
57.8995666666667	2776365410.17969
57.9293883333333	2575712759.28516
57.9584716666667	2414180632.14063
57.98924	2800976534.78125
58.02065	2343823956.32031
58.05186	2473456538.21875
58.082545	2753780013.92969
58.1137083333333	2569661605.95313
58.1442316666667	2469516560.39063
58.1751283333333	2351489137.23438
58.2056983333333	2229802585.23438
58.2358083333333	2399871602.625
58.26622	2427542594.38281
58.2973	2853660122.61719
58.32683	3248583679.20313
58.3567266666667	3340567505.80469
58.3863766666667	3118101778.40625
58.41641	3376252375.40625
58.4469566666667	3344170144.24219
58.4764416666667	3290935819.03125
58.5072016666667	2896997824.98438
58.538085	3429971539.83594
58.569365	3100117352.89063
58.5997966666667	2957403746.32813
58.6312466666667	3097070641.49219
58.6616766666667	2692303478.78516
58.6935083333333	2620702191.77734
58.724105	2887215617.79688
58.7546183333333	2754073557.09375
58.7850483333333	2742535169.64844
58.8158216666667	2326352503.04688
58.8466316666667	2595449508.08594
58.8765266666667	2544870527.80469
58.906775	2634110644.17188
58.93738	2642996353.14844
58.967605	2754588741.02344
58.998585	2344617624.95313
59.0291883333333	2249543858.70313
59.0602966666667	2558971894.21094
59.09144	2301297254.36719
59.1224766666667	2250045110.17969
59.1531333333333	2205482294.59375
59.1839283333333	2394590807.67188
59.213065	2415113826.07813
59.2437016666667	2572006004.32813
59.274335	2381558660.375
59.3051866666667	2567464807.35938
59.336255	2258401589.05469
59.367125	2483285795.625
59.397825	2556357356.25781
59.4284083333333	2584822971.85938
59.4586216666667	2466861997.50391
59.4888833333333	2762245655.65625
59.5199916666667	2469383725.19141
59.5509066666667	2781868754.95313
59.5814966666667	2473798436.19531
59.6123166666667	2578663627.80469
59.6430933333333	2930843113.19531
59.6735116666667	2679233949.14844
59.7030983333333	3121773072.88281
59.733465	2638912134.14844
59.7628883333333	2871910081.69531
59.793055	2904211165.90625
59.823085	2760982715.20313
59.854205	3007993162.96094
59.884785	2454362599.94531
59.9146383333333	2878948470.22656
59.9454666666667	2542892030.15625
59.9767183333333	2722697257.16406
60.0079916666667	2828048714.39844
60.0385416666667	2430181382.29688
60.0680116666667	2738006612.64844
60.09908	2612719649.60938
60.1298583333333	2367779375.45313
60.159865	2300636324.11719
60.1901583333333	2591202125.26563
60.2217083333333	2570432773.83594
60.2536183333333	2306871469.32031
60.284005	2185818455.89063
60.3148383333333	2245335728.54688
60.3455083333333	2130805209.67578
60.375155	2107846764.98828
60.4050533333333	2082919927.86328
60.43593	2303009079.14844
60.4664766666667	2246481415.33594
60.4971683333333	2518474224.5
60.5274266666667	2044949215.49219
60.5580983333333	2023730506.24219
60.58835	1964482945.40234
60.6198516666667	2205558473.64063
60.6509916666667	2709800268.77344
60.6806366666667	2587938479.84375
60.7116083333333	2455475757.07031
60.7421	2440364624.26563
60.7722866666667	2985079100.0625
60.8034166666667	2450703067.71484
60.8345083333333	2556510060.48828
60.8653233333333	2843586803.85938
60.8964183333333	2358688274.33594
60.9251866666667	2416687854.80469
60.9545866666667	2685734329.70313
60.9852916666667	2480472395.64844
61.01666	2383694074.85156
61.0472	2509043134.85938
61.0782933333333	2628463810.20313
61.1080083333333	2739483017.52344
61.1384116666667	2594021740.20313
61.1682583333333	2347211817.69531
61.19827	2145883168.41406
61.229475	2176686873.54297
61.259265	2165780128.19531
61.290145	2280743086.27344
61.32153	2246889671.94531
61.3528083333333	2227507993.08594
61.3829166666667	1966170395.20313
61.4139116666667	2312558890.05469
61.4442083333333	2278494424.42188
61.4741666666667	2428565919.01563
61.5038966666667	2294778216.51563
61.533905	2066265491.41406
61.564355	1968282546.86328
61.5950016666667	2272530586.79688
61.6249066666667	2117405271.98438
61.6548733333333	2273331829.02344
61.6854216666667	2115290869.54688
61.7157866666667	1916763251.69141
61.74661	2191832155.45313
61.7783483333333	2137433495.09766
61.8084816666667	1887933055.89063
61.8397083333333	1896165201.95313
61.8698116666667	2088391777.26563
61.8999066666667	2459252556.59375
61.9298466666667	2406514845.41797
61.96049	2653565109.58594
61.990995	2862804820.70313
62.021435	2908041317.71094
62.0517983333333	2680700849.28125
62.08193	2770607825.36328
62.1119933333333	3022276877.05469
62.1419833333333	2564039885.48438
62.1712683333333	2658112141.10156
62.2005483333333	2817471032.25
62.230105	2637134184.32422
62.2603483333333	2706563721.86719
62.2907666666667	2272137265.05469
62.3211266666667	2286643515.82031
62.3519233333333	2630557646.125
62.3833083333333	2519404083.25781
62.41476	2312443243.49219
62.44491	2318990751.42188
62.474295	2190684569.98047
62.50533	2584317780.28906
62.5360833333333	2505078951.50781
62.5656816666667	2504320754.125
62.5954183333333	2237890971.09375
62.6261666666667	2350221438.01563
62.6570933333333	2502028130.24219
62.6880833333333	2283477200.42969
62.7192266666667	2218558652.27734
62.7506033333333	2200234951.02344
62.7813033333333	2411340888.10938
62.8119016666667	2208571968.28906
62.84289	1970311768.20313
62.8734533333333	1866681799.19141
62.9040133333333	1893196065.04688
62.9344483333333	2344596159.39844
62.9650866666667	2388976754.0625
62.9964766666667	2280624606.76563
63.0270633333333	2576266941.42188
63.0571366666667	2656811491.82031
63.0879766666667	2358107830.39063
63.119305	2826521872.09375
63.1497683333333	2861849885.75
63.18024	3223693177.03125
63.2105716666667	2939045405.46875
63.2415633333333	2563704233.01953
63.2713916666667	2682969989.20313
63.30124	2667070184.07813
63.3313216666667	2714888707.30469
63.3620666666667	2558387730.03125
63.3915333333333	2526943530.99219
63.421965	2542974500.52344
63.4528483333333	2332859793.63672
63.4823483333333	2158019281.08594
63.5123416666667	2212301001.17188
63.54309	2217737612.23438
63.5740283333333	2351537240.40625
63.6038433333333	2046180240.29297
63.6343083333333	2430289915.29688
63.6643283333333	2441668993.86719
63.69476	2189487023.44531
63.7249266666667	2198744059.83594
63.7560833333333	2411604415.97656
63.7864183333333	2563225980.08203
63.8169666666667	2670272312.94531
63.847155	2480451080.66406
63.8769366666667	2553184015.71094
63.9067716666667	2236062778.29688
63.9364516666667	2385953198.78125
63.96618	2445526878.21094
63.9969166666667	2283039465.82813
64.0281483333333	1868386710.30859
64.05919	1797926929.67969
64.09058	1884596924.86328
64.1220733333333	2212020695.41797
64.1532966666667	1943823216.61719
64.1841516666667	2217426722.45313
64.2136666666667	1928383827.96875
64.2439433333333	1733207495
64.2738716666667	2068613033.41797
64.3028983333333	1888485384.29688
64.3330966666667	1850853382.02734
64.3635066666667	1803873892.88672
64.3934966666667	2089496347.53906
64.42392	2092573082.5
64.4530316666667	2197024228.63281
64.483645	2158398687.61719
64.5149066666667	2139792759.67188
64.54622	2093119423.15625
64.5775783333333	2696766378.83594
64.6083583333333	2675180578.60938
64.6393816666667	2525669699.96875
64.6704333333333	2603006537.10938
64.6997433333333	2828835993.26563
64.72977	2511582911.49219
64.7615816666667	2747409872.10156
64.7926766666667	2389679978.97266
64.8229666666667	2435963272.45313
64.85254	2342731590.76563
64.882645	2375496079.35156
64.9132716666667	2295874178.08984
64.9435233333333	2441791026.27344
64.973795	2460720891.59375
65.0039866666667	2247396574.98438
65.0349216666667	2015875420.21094
65.06478	2301751143.47656
65.0958483333333	2301929628.24219
65.1256583333333	2055112527.14453
65.1560133333333	2307312531.95313
65.1875416666667	2655817893.84375
65.21888	2149398082.38672
65.24956	2569586619.51172
65.279435	2191264304
65.3102583333333	2064608793.40625
65.3409233333333	2056058916.34375
65.37092	2404629753.55469
65.4013466666667	1907690011.85938
65.432285	1993230313.1875
65.46276	2352094949.84375
65.4928766666667	2072361179.30469
65.523495	2436905616.83594
65.55424	2346763826.99219
65.5848283333333	1909767739.17969
65.616115	2033027267.23438
65.6477733333333	1952510114.67188
65.6790916666667	2209521467.03906
65.71009	2666013060.21484
65.74122	2400844111.20313
65.7721333333333	2498369014.94531
65.80383	2504217323.92969
65.83523	2361118199.05469
65.8662583333333	2316898472.03906
65.897635	2527900096.26563
65.928705	2452101177.20313
65.95956	2236342629.92188
65.9899766666667	2356148966.66406
66.0216916666667	2417624019.10156
66.0535983333333	2182032735.17578
66.0846683333333	2561915703
66.11613	2742045867.96875
66.1472683333333	2416881333.54688
66.1780516666667	2226115454.75781
66.2087833333333	2511206115.87891
66.2403216666667	2414578739.85938
66.27145	2004773603.00391
66.302495	2091298498.69141
66.3336716666667	2154240751.99219
66.3631966666667	1879249829.80859
66.392985	2011568849.72656
66.4237866666667	1771081517.6875
66.4541383333333	1967153131.37891
66.4846833333333	1786598851.07813
66.5147866666667	1678157286.18359
66.54456	1796055491.46484
66.57433	2165328380.22656
66.6046133333333	2173279682.59375
66.6343	2052213652.21875
66.6641316666667	2052895791.61719
66.6937616666667	1780548931.42969
66.7242416666667	2124578470.67188
66.7543083333333	2051464673.79297
66.784555	2063854400.02344
66.81528	2184469716.84375
66.8458833333333	2321109171.58203
66.8760583333333	2199385300.07031
66.9057416666667	2178375640.84375
66.935905	2428434253.21484
66.9657833333333	2162270277.74219
66.9961066666667	2456864562.89844
67.0268783333333	2756307067.57031
67.0573566666667	2315045787.00781
67.0883266666667	2617236241.83594
67.1183283333333	2465615012.21484
67.1483266666667	2702233086.45313
67.1793783333333	2838711202.38281
67.2098883333333	2435065232.23828
67.240845	2929955960.25781
67.2713516666667	2369617261.48438
67.3025816666667	2194197431.91797
67.3325233333333	2481256140.71875
67.3647233333333	2218262276.58594
67.3963683333333	1955843378.95703
67.4287433333333	2171188095.39844
67.4601283333333	2130202877.58203
67.49145	2128402444.17188
67.5226366666667	1862340661.26953
67.553735	2118153150.03125
67.5852166666667	1864761178.91016
67.6164066666667	2048433019.20313
67.648135	2062738030.75781
67.67928	2266757233.39844
67.7106833333333	1769905085.06641
67.7425216666667	1739703728.53516
67.7727266666667	1876865528.05469
67.8031483333333	1749785310.29297
67.83429	2061713491.125
67.8645833333333	1877724455.42578
67.8952566666667	2205573628.87109
67.9255416666667	1878033779.95313
67.9568466666667	1933627588.89063
67.9880333333333	2101581003.1875
68.01958	1918674281.25781
68.050345	1808383425.94531
68.0818083333333	1714600114.17188
68.1133916666667	1633657556.46875
68.144065	2117800698.26563
68.1745933333333	1931504359.96094
68.2054266666667	1740371144.95313
68.2365083333333	2096401444.59375
68.2664466666667	2020662467.29297
68.2969716666667	2026178353.18359
68.327345	1981186832.52734
68.3581716666667	2051310638.14844
68.3882283333333	1924009060.47266
68.4190366666667	1784356646.07422
68.4482833333333	2279273370.75391
68.47794	2285654175.51172
68.5075066666667	2253479248.95703
68.5375166666667	2244334846.19141
68.5673816666667	2403135311.03516
68.59658	2457719123.04297
68.6274933333333	2217775069.00391
68.656715	2294741206.79297
68.6871033333333	2451450575.29297
68.718025	2254350930.37891
68.748985	1828550380.67969
68.780485	2109713684.33594
68.8115933333333	1823510729.74609
68.8422833333333	1787334216.44531
68.8726616666667	1787724233.10938
68.90385	1744904867.61328
68.9347266666667	1651822569.95313
68.96634	1754989940.1875
68.9976333333333	1839482978.03906
69.02924	1727146250.40625
69.05963	1949758901.92188
69.090305	2183215661.80859
69.1215166666667	2289878727.8125
69.151325	2295162241.92188
69.1808233333333	2512385167.56641
69.21064	2368013258.71484
69.2408816666667	2605298008.23438
69.2706183333333	2778892260.98438
69.3011566666667	2941387455.88281
69.3317283333333	2797701842.25781
69.3620433333333	2833406925.14063
69.39235	3201499227.54688
69.423005	3157440872.47656
69.4537633333333	3204674029.0625
69.4847166666667	2859083953.4375
69.5151366666667	2940441855.21094
69.5458616666667	2634414389.48438
69.5769983333333	2749298956.92188
69.60695	2635260438.28125
69.6380716666667	2374830531.09766
69.66988	2349069564.17969
69.7014616666667	2363622907.43359
69.73288	1958885914.76172
69.7630616666667	2077226089.39453
69.7941666666667	2104754449.14063
69.8249416666667	2000747741.14453
69.8557583333333	1777139078.15234
69.887035	1921626617.58594
69.9183016666667	1630046249.87109
69.9492733333333	1760664093.97266
69.9807966666667	1650086397.46875
70.0118216666667	1926758034.79688
70.0430383333333	1835147200.10156
70.0740966666667	1782089207.04297
70.10577	1662777372.88281
70.137125	1682382661.50391
70.1678166666667	1798315042.08984
70.1991633333333	1639340388.375
70.230655	1754167601.8125
70.26127	1551393876.67188
70.2928283333333	1669991534.21875
70.3249033333333	1763454733.87891
70.3560833333333	2006618008.25781
70.3867966666667	1884817012.875
70.4186483333333	1997971949.72656
70.4496766666667	1866180245.75
70.4814466666667	2119987300.6875
70.512365	2283836612.96094
70.5430133333333	2050532115.09766
70.573865	1856478590.48438
70.6056366666667	1901429419.81641
70.6375116666667	1882169392.55469
70.6683783333333	2299298289.01563
70.699145	1731739456.48828
70.7313783333333	1936877651.8125
70.7628916666667	1908183349.85547
70.7937533333333	1672091682.55469
70.8249	1773628334.45313
70.85474	1333410473.125
70.8856066666667	1579475877.07813
70.9166533333333	1455832081.77344
70.9475333333333	1393525169.29297
70.9779633333333	1596724653.6875
71.0088383333333	1524142357.11328
71.0390983333333	1724295701.89063
71.06932	1524744772.74609
71.099585	1609448551.34375
71.1295516666667	1580763298.01953
71.1600266666667	1468287939.32031
71.1906516666667	1501658082.32422
71.22138	1499539979.12109
71.2525783333333	1401317667.53516
71.2818516666667	1524756329.95703
71.3114933333333	1878500591.26172
71.3408883333333	1633415599.36719
71.3704666666667	1643354910.50391
71.4005416666667	2132704046.46484
71.4307433333333	2098557420.56641
71.4604266666667	2212048131.36719
71.4903433333333	2347212433.9375
71.52139	2379767036.11719
71.551135	2476139133.94922
71.58112	2648122555.21875
71.612825	2216964854.08984
71.6438866666667	2243889622.09375
71.6750083333333	2563896578.21094
71.7058233333333	2479009261.63281
71.735845	2191367834.79297
71.7674433333333	2209630410.91797
71.7978083333333	2386489407.41797
71.8291583333333	2101292509.6875
71.8603216666667	2137483759.08203
71.89227	2318222136.42188
71.9233466666667	2337676019.67578
71.9545233333333	1957150102.41016
71.9856433333333	2273505401.15234
72.0149666666667	2578167821.38281
72.04547	2422335560.79297
72.076135	2437188390.13281
72.1064733333333	2342262412.82422
72.13688	2539893625.23438
72.16736	2395021531.10547
72.1983316666667	2139123587.84766
72.2287883333333	2611312291.15625
72.258445	2279189993.84766
72.2895933333333	2213527652.26563
72.319275	1913958318.03906
72.3492366666667	1681571414.21094
72.3796566666667	1811793264.58203
72.4094566666667	1549309286.41016
72.4399033333333	1724597633.55078
72.4697283333333	1600397325.19531
72.4992083333333	1488663759.62109
72.52919	1337761183.55469
72.5594433333333	1376965229.62891
72.589775	1615045519.67969
72.62075	1525053812.45703
72.6519433333333	1613398670.19141
72.682875	1537276603.68359
72.714125	1792384532.0625
72.7445183333333	1943146284.99219
72.7752133333333	2267175660.16016
72.8066283333333	2125697290.00781
72.8370183333333	2382045959.32031
72.866665	2661964440.13281
72.8976266666667	2512287274.22266
72.9271383333333	2704436586.72656
72.9582633333333	2251108110
72.9890333333333	2157294797.19141
73.02088	2221274210.48828
73.0530783333333	1834136432.58594
73.08496	1873832549.90234
73.1169916666667	1849569836.69141
73.14859	1683361368.39453
73.1811733333333	1509992827.01953
73.21338	1565449614.85156
73.244455	1548450994.03125
73.276855	1397378183.40625
73.3091666666667	1573144015.54688
73.3400466666667	1733203738.97656
73.371285	1778848305.66016
73.4021216666667	1848765360.9375
73.4329316666667	2033666305.77344
73.4637383333333	2128968142.76953
73.495085	1927552164.42188
73.5269283333333	1715211118.82813
73.5582916666667	1640758862.38281
73.5888716666667	1818337435.27344
73.6187866666667	1591456060.96094
73.64958	1585319614.59766
73.680635	1607294970.38281
73.7096916666667	1531176854.75
73.73965	1582796580.73828
73.7701833333333	1794430784.80078
73.8005716666667	2033002446.49219
73.8310133333333	2374231130.74219
73.8611016666667	2309276085.49219
73.8908216666667	2484494478.78516
73.9215316666667	2567642931.74609
73.95174	3173583374.51563
73.98066	2483596748.54297
74.0108083333333	2816815898.01172
74.0414666666667	2658237842.54297
74.07191	2671830693.63672
74.1031966666667	2630260606.27344
74.1347283333333	2863585305.85938
74.1650283333333	2290312029.42188
74.1957383333333	2237941497.21094
74.2258016666667	2436008075.8125
74.2561816666667	1901036391.38672
74.2870083333333	1958714040.98047
74.3182783333333	1929906675.89844
74.3497	1711153114.21484
74.38085	1924652242.75
74.4119533333333	1939967431.13672
74.4426333333333	1877935122.79297
74.473385	1617684594.09766
74.5049583333333	1635791500.08984
74.53666	1696422984.125
74.56732	1561497709.38672
74.598825	1489910884.36328
74.62947	1460745715.42578
74.6607066666667	1516469615.82031
74.6920533333333	1278944283.76953
74.72377	1322220560.21875
74.7551883333333	1404637312.22266
74.7872466666667	1398159338.13672
74.8188533333333	1278553531.86328
74.8509216666667	1140189076.3125
74.8828983333333	1165332934.11914
74.9158966666667	1215899341.89453
74.9479416666667	1164896112.50391
74.9796133333333	1063285345.08594
75.011065	1173421132.45703
75.0421166666667	1063617526.71875
75.0736233333333	1042819251.84766
75.1052316666667	1126224550.15234
75.136935	1044756244.76758
75.168235	982915302.947266
75.2006016666667	876356132.572266
75.2316116666667	959072413.113281
75.2633766666667	1051865198.89063
75.2942066666667	912293220.988281
75.32634	1069121061.31641
75.35711	1094241569.29688
75.3883416666667	982243086.339844
75.4196883333333	1318377223.17969
75.4501766666667	1043457320.04102
75.481025	1114746851.17578
75.5121566666667	1165735284.82422
75.5429583333333	1419850516.80078
75.5743933333333	1197618301.57031
75.6054616666667	1414842733.04688
75.6362666666667	1442692944.5
75.668005	1326301172.02344
75.699655	1485299289.23828
75.73092	1308217207.52344
75.7629466666667	1173440883.54102
75.79359	1278790318.16797
75.8245866666667	1142967644.65625
75.8562066666667	1291910699.30078
75.887195	1069661528.45703
75.9186016666667	1253021520.33203
75.9494683333333	1103094258.35938
75.9804916666667	1000824363.74219
76.0128816666667	1246649924.37109
76.04384	1109037952.66602
76.0760116666667	1544064295.63281
76.1072483333333	1242350848.94141
76.1396816666667	1233456043.10156
76.171885	1305878227.74219
76.2032533333333	1289594702.71484
76.2349983333333	1131571507.89844
76.266075	1161644247.57422
76.2979833333333	1042750909.24023
76.3281183333333	1050988545.07422
76.3597383333333	1331931504.98047
76.390875	1303539880.11719
76.4211466666667	1089687768.96484
76.4527666666667	1161457176.1543
76.48556	1238308882.08984
76.5185216666667	1263962567.77148
76.55042	1326881836.55078
76.5816	1361179768.41797
76.61325	1481861057.08203
76.64296	1522364762.98047
76.6740883333333	1651855461.75781
76.70562	1695486978.39844
76.736645	1914060539.21875
76.76826	1782566911.08594
76.8000283333333	1650441654.26563
76.8312333333333	1756697131.44922
76.8633016666667	1474589184.05859
76.89542	1525308914.88281
76.9263083333333	1416052306.45703
76.9582033333333	1332323185.78125
76.99061	1531566201.73438
77.023165	1602346488.74219
77.0550933333333	1349486481.01172
77.0874916666667	1469371157.79688
77.11892	1505787625.625
77.1509066666667	1165668557.37891
77.182245	1193411397.51758
77.2141733333333	1355754157.96875
77.2448883333333	1199620440.24609
77.276345	1183951340.66797
77.3074816666667	1477765876.54688
77.33837	1234697769.65234
77.3696033333333	1275867428.88867
77.4011216666667	1198289440.86719
77.4326683333333	1335716306.89844
77.46496	1214985659.91797
77.4970133333333	1151122603.33008
77.5286816666667	1144428519.09766
77.56017	1177870754.85938
77.5906816666667	1262407240.85938
77.6214083333333	1042396999.5957
77.6523516666667	1042995906.63672
77.6833233333333	1175396246.16406
77.7150816666667	1114322313.35938
77.7469933333333	1078247324.03906
77.777875	964661467.111328
77.810445	1026792582.85156
77.8430083333333	1091344368.93555
77.875275	1198707077.84766
77.90706	1212017043.79297
77.937955	1010916017.58594
77.9692416666667	1167636624.38281
78.00077	1215291916.03906
78.033005	981962133.097656
78.0651116666667	1104190485.78125
78.0967116666667	1175383344.17969
78.1288916666667	1140785395.9043
78.1607133333333	1129292125.14648
78.19249	1151051392.11133
78.2240766666667	1397930558.92969
78.2554283333333	1243515929.51953
78.2869	1394875881.49609
78.3181066666667	1208744397.55469
78.349665	1160943508.79102
78.3817	1349042965.62891
78.4133783333333	1483129657.95703
78.4446183333333	1419063548.25
78.4771316666667	1242430660.74023
78.50956	1313909856.77344
78.5420916666667	1123206149.7207
78.5748616666667	1161234726.67969
78.608585	1135512182.9707
78.642405	1331674038.88281
78.6745283333333	1100605835.33984
78.7069466666667	1322322446.93359
78.7384833333333	1119223404.66602
78.7697433333333	1022799053.05078
78.8017516666667	1404465350.94922
78.8332333333333	1249822514.95703
78.86492	1348007327.00391
78.8954183333333	1320746182.77734
78.9259366666667	1265960350.66797
78.9572383333333	1125723525.41992
78.9878616666667	1158299394.96094
79.02004	1036394900.24609
79.0513433333333	1176616720.08789
79.0828316666667	984814057.351563
79.1141866666667	966765243.296875
79.1460833333333	952088323.978516
79.17707	903510727.210938
79.2089033333333	986140818.402344
79.2414516666667	981386345.169922
79.2734416666667	1044736163.86719
79.30446	804806185.363281
79.3359083333333	860428124.482422
79.3682316666667	988427607.111328
79.3994	1021585039.93164
79.43182	971766477.193359
79.46386	1032493117.6543
79.496535	958497404.726563
79.5281916666667	1130374178.21289
79.5601	1108882096.12891
79.5922816666667	1068001294.64648
79.6234566666667	971527394.855469
79.6548866666667	1109202761.35156
79.6869333333333	1131613550.85742
79.7195216666667	892752694.449219
79.7529	886654866.763672
79.7850166666667	992341699.515625
79.8173433333333	1143740568.68945
79.849085	1072407298.95313
79.88094	1070851428.70313
79.9130466666667	1255976698.26563
79.9443483333333	1065709861.79883
79.976345	1256577479.42969
80.0075166666667	1164784221.85742
80.0395166666667	1176569529.83984
80.0719033333333	1229423753.09375
80.10344	1114618575.38672
80.13386	1110818122.23828
80.1652783333333	1279889616.10742
80.1960683333333	1111432928.05078
80.2268766666667	1091337545.60156
80.2573716666667	1024560939.68945
80.2881716666667	1068140853.56445
80.3191966666667	1229932823.61719
80.3493766666667	1268316828.70508
80.3795616666667	1317656888.20313
80.410445	1004569438.7207
80.44269	1205088326.32813
80.4739066666667	1004275991.8418
80.504995	1091323862.79297
80.5367333333333	854525716.453125
80.5683633333333	792227233.470703
80.5992316666667	806160241.136719
80.6320966666667	913408749.785156
80.6642533333333	903983740.388672
80.6956633333333	911251009.746094
80.7270683333333	1025083345.6875
80.7588833333333	1085624451.2168
80.790345	961761021.507813
80.821395	956631693.929688
80.8531266666667	961071814.082031
80.885135	1256745238.16016
80.915935	1122112870.22656
80.946815	1358545521.49023
80.9768883333333	1174300518.19336
81.0069283333333	1615930462.44531
81.0373133333333	1595520057.40234
81.0677933333333	1352241766.80664
81.09924	1698790026.78906
81.129595	1794672063.33203
81.160455	1436405757.5293
81.1919166666667	1545993130.48633
81.223495	1437039681.39453
81.2549583333333	1348817034.25781
81.28665	1519739208.81641
81.3185333333333	1367805338.15625
81.35052	1254420038.75195
81.381885	1245647851.29688
81.4135283333333	1351753479.28906
81.4436916666667	1395460726.00781
81.4743283333333	1389399491.74609
81.5040083333333	1466401575.71484
81.5337016666667	1511122301.12109
81.5636883333333	1526773507.01953
81.59442	1415534212.66016
81.62538	1505747566.70313
81.655625	1400637728.73828
81.6868716666667	1541103654.58984
81.717505	1458173175.42773
81.7478483333333	1654031134.19531
81.7784533333333	1354038447.42578
81.8084033333333	1271205253.55078
81.8383066666667	1353163806.30078
81.86885	1332683313.40039
81.8991316666667	1606152760.52344
81.9292516666667	1629414241.11719
81.95926	1616537524.07031
81.9891916666667	1769771841.14063
82.0197666666667	1651483267.81641
82.0501033333333	1668216524.47266
82.0802233333333	1869387694.10156
82.1106233333333	1517683678.75
82.1411933333333	1707355756.19141
82.1712433333333	1481129010.65625
82.2019583333333	1821498309.21875
82.2322733333333	2119578403.27344
82.262615	2053040028.10547
82.2929433333333	2007657632.19141
82.3237016666667	2266206309.80859
82.353835	2011137477.70703
82.3836333333333	2275028580.58594
82.4140933333333	1752282069.35156
82.444485	2162617831.42578
82.47467	2108328873.44922
82.5047066666667	1583079196.87891
82.5347583333333	1458016663.45703
82.5647233333333	1569097092.42969
82.595235	1396599366.27344
82.626115	1718474156.49609
82.6564316666667	1638878332.05469
82.686515	1372549796.1582
82.7173516666667	1183352671.52734
82.7483983333333	1333516670.65625
82.7801683333333	1034778178.89063
82.811935	1048540800.91602
82.843095	1063611734.4043
82.873495	1022611620.85156
82.9044816666667	938907390.466797
82.9357933333333	941379320.632813
82.9667366666667	921506719.978516
82.9968883333333	915086048.589844
83.0269816666667	830444521.310547
83.0577116666667	867443303.046875
83.0884433333333	872827237.949219
83.12077	919681244.685547
83.1523333333333	1011907972.69922
83.18335	876079525.949219
83.2140283333333	858292322.171875
83.245345	942660815.298828
83.2763933333333	995507736.546875
83.3075933333333	833646207.740234
83.3382133333333	840925611.984375
83.3692933333333	996566363.271484
83.399605	1201505711.26758
83.429735	1107658563.00977
83.4589983333333	1098662385.58594
83.48903	1054705884.13281
83.5198883333333	1056844757.08789
83.5513833333333	850622941.828125
83.5836966666667	1037528337.32227
83.6145033333333	837139929.1875
83.6447933333333	772734492.074219
83.6753516666667	886648598.234375
83.7054666666667	910847835.894531
83.735885	884847839.712891
83.7658333333333	824832752.265625
83.7971583333333	870578371.042969
83.8274383333333	895105404.021484
83.8586633333333	952393013.589844
83.8896633333333	944876385.119141
83.9204516666667	914911837.542969
83.9519666666667	944406159.158203
83.9828983333333	732001124.873047
84.0148166666667	656842420.662109
84.0455516666667	714033975.365234
84.0758866666667	751475827.066406
84.10706	889460218.398438
84.1385483333333	964364779.339844
84.16972	873616011.035156
84.200405	899305062.152344
84.2311933333333	831845885.138672
84.261115	788741142.216797
84.29202	873437198.810547
84.3236433333333	779148726.107422
84.3562416666667	808049749.902344
84.3881266666667	851702088.808594
84.4194616666667	836448130.273438
84.4504066666667	833852608.919922
84.481905	783745737.59375
84.513045	801028720.472656
84.5442766666667	884353246.431641
84.5769566666667	964813842.380859
84.60964	1014386382.05469
84.6409533333333	1194706234.41211
84.67275	847060283.8125
84.703715	733931229.789063
84.7359983333333	693912332.449219
84.76729	633694087.875977
84.79753	678231913.291016
84.8289816666667	624211912.585938
84.8602733333333	644952871.314453
84.89149	610558343.24707
84.9240166666667	614473976.089844
84.9559716666667	590508999.919922
84.9883883333333	557107688.014648
85.0213166666667	545111809.864258
85.0526333333333	544761563.358398
85.0839733333333	539884577.212891
85.11444	531302617.599609
85.14619	491776972.169922
85.1761783333333	484527735.314453
85.2079266666667	471089730.645508
85.2385433333333	484571982.220703
85.2727866666667	512576065.330078
85.3061466666667	508827503.6875
85.3374233333333	450273318.94043
85.3683983333333	444681326.296875
85.3999333333333	398450870.75293
85.431275	377151804.035156
85.4647983333333	387034086.732422
85.496065	345401254.304688
85.5276883333333	384361799.046875
85.56192	375027153.136719
85.59639	395262212.09375
85.631675	443205209.80957
85.6643083333333	475982068.467773
85.6958983333333	444871051.810547
85.7287066666667	447816313.658203
85.7612883333333	370266432.643555
85.7935866666667	412592624.588867
85.8251316666667	348071621.385742
85.8573783333333	319047566.938477
85.89228	314961420.301758
85.925485	292020787.307617
85.9588783333333	312253290.512695
85.99122	304105419.400391
86.02574	355610284.050781
86.0575133333333	328124681.890625
86.08971	357255250.147461
86.122325	347423335.69043
86.1559333333333	319848647.8125
86.1877916666667	344135528.977539
86.22003	357217120.143555
86.2537266666667	362897420.896484
86.2868183333333	349901665.935547
86.3205783333333	359782810.333984
86.3527883333333	317485215.961914
86.385055	331459009.44043
86.4175116666667	324764879.273438
86.4517716666667	306065095.864258
86.4839883333333	324476419.233398
86.5176683333333	306312711.764648
86.5518716666667	328268922.995117
86.5872766666667	298469901.335938
86.621655	266914283.78418
86.6588016666667	265608521.463867
86.692855	263344563.418457
86.7278916666667	256897392.22168
86.7625966666667	257127462.267578
86.795135	267817728.920898
86.8301333333333	282147947.064453
86.8640116666667	278639547.138184
86.8987383333333	267714956.216797
86.93107	277704307.990234
86.964705	275795511.416016
86.9996916666667	266181523.245605
87.03165	285506349.960938
87.0644466666667	274834567.8125
87.09635	246569943.408203
87.130455	279245082.625
87.1622466666667	292754286.378906
87.1970433333333	277291666.778809
87.228725	296107771.29248
87.2610966666667	294180100.09375
87.293755	282740277.605469
87.3275016666667	255900996.067383
87.3624266666667	252000821.532227
87.3947083333333	257752506.754395
87.42771	268308769.632813
87.4621233333333	241595759.224609
87.49742	252002469.875
87.5321383333333	252408615.119141
87.565505	255551348.533691
87.59957	295882611.00293
87.63156	339524599.379883
87.664665	348812159.220703
87.6994566666667	307202155.848633
87.7338683333333	296169032.801758
87.771325	266527004.799805
87.8040566666667	226772840.491699
87.84042	251132744.17041
87.87547	222553151.488281
87.9108883333333	225346200.012207
87.9450316666667	239001873.006836
87.9823933333333	242240415.314453
88.018235	228975527.304199
88.0531083333333	212806542.112305
88.0897466666667	236322459.919922
88.124625	214590895.229492
88.16324	237463758.991699
88.196685	246090205.261719
88.233185	220108091.861816
88.2660033333333	223986858.70166
88.2998816666667	205943619.895508
88.3363016666667	215462798.585938
88.3708666666667	209440563.345215
88.4041066666667	212575715.297363
88.4421033333333	215204801.744141
88.4786816666667	211201340.477051
88.5117183333333	220082998.142578
88.5459816666667	228412491.383301
88.5825633333333	212176544.069336
88.6171833333333	206933024.76416
88.6507983333333	192707681.825684
88.6850866666667	212890340.571777
88.72024	205956958.10498
88.7556316666667	211159952.209961
88.79072	212338041.220215
88.827115	233190990.037109
88.8614916666667	206059335.791016
88.9005583333333	207635791.871582
88.9372133333333	185989882.879883
88.973345	192319684.166992
89.0088583333333	179143403.081543
89.044105	172403952.50293
89.0807683333333	181040619.033203
89.11875	187113289.730957
89.1549466666667	189311004.277832
89.1949116666667	190234062.54541
89.2300716666667	176137954.57666
89.2664133333333	179161750.402344
89.3034733333333	194755422.145996
89.3381933333333	187348417.222656
89.3741183333333	205010507.56543
89.4094083333333	195566409.757324
89.4467366666667	186637809.581055
89.4832333333333	195273863.865723
89.52047	199224676.240234
89.5530316666667	175574947.505371
89.5893133333333	175306188.160645
89.626765	172483656.762207
89.660855	172739126.183594
89.6955066666667	170092598.566895
89.7345566666667	173137340.79248
89.77047	177638003.470215
89.8092866666667	185769014.431641
89.8434683333333	183536528.601074
89.8777883333333	189228914.686523
89.913615	195012719.72168
89.9497366666667	179644027.456055
89.9878983333333	195631828.171875
90.024675	197270085.790527
90.0612766666667	198618820.794434
90.0972516666667	185003996.136719
90.13393	192620099.074707
90.169135	182197063.678711
90.2086916666667	179252244.942383
90.2456733333333	176022577.897461
90.2835066666667	186801856.65918
90.3222883333333	205465361.996582
90.3569283333333	202538623.825684
90.394945	230130492.908203
90.4299283333333	209520018.450684
90.467695	188689768.146973
90.5049416666667	197335345.050293
90.539455	176055621.948242
90.5744966666667	170343975.119629
90.61028	157700489.748047
90.6491616666667	179450442.770996
90.6841283333333	174364436.34668
90.7183916666667	182379542.130859
90.753365	195365988.810547
90.7878316666667	175614506.206055
90.8269516666667	167567719.567871
90.863275	183000890.395508
90.90094	178168621.113281
90.9350166666667	169180199.807617
90.97332	190718975.365723
91.0079466666667	206109800.696777
91.0457883333333	197080877.632813
91.082755	179044078.885254
91.1200233333333	176738054.747559
91.1563933333333	187901688.922852
91.19012	184712839.144531
91.2290633333333	183960793.227051
91.265195	155751291.804199
91.3022266666667	152911294.943359
91.34203	181967320.165039
91.3776516666667	162543098.813965
91.4157	193233932.499512
91.4501466666667	182596511.430664
91.4884983333333	154040129.103027
91.5274383333333	179538680.713379
91.5624166666667	176663493.25293
91.5987016666667	162890144.959473
91.635715	173539689.062012
91.6723133333333	181698352.583984
91.7088433333333	177133567.573242
91.7453733333333	165472913.492676
91.7811433333333	181426336.434082
91.81746	168958113.847168
91.8560616666667	166877846.541016
91.8914033333333	161715035.871094
91.92774	156664744.181152
91.96209	169159275.375977
91.997535	168509615.039063
92.0372016666667	180934357.397949
92.0717183333333	183190901.20459
92.10884	167017852.787109
92.1433	182426878.974121
92.17806	181550984.144043
92.21264	178475905.376465
92.248495	183458773.259766
92.284775	165308353.928711
92.3213833333333	159491395.242188
92.35932	161174110.074707
92.39439	166276285.644531
92.43059	164021260.392578
92.4661383333333	157760960.862305
92.50319	150963931.618164
92.5440733333333	154442683.10791
92.5829633333333	166571255.69873
92.619365	152691602.639648
92.656855	157308375.030762
92.6942066666667	163991606.503418
92.731685	169203112.601563
92.76844	135500287.116699
92.803215	170034841.813477
92.83965	156120275.196289
92.8770266666667	163662980.635742
92.9175833333333	171841438.331543
92.9525866666667	175716598.52002
92.9904333333333	170484356.179199
93.0271633333333	175967286.524414
93.066985	178007500.672363
93.1033416666667	164067581.1875
93.13934	169648987.537598
93.1747533333333	179323163.40625
93.2102183333333	159719423.54541
93.2458266666667	152084171.462402
93.280945	171626543.879883
93.31598	149309252.530273
93.35669	162040030.310547
93.39391	158485728.246582
93.428405	156734304.652344
93.4655633333333	156095582.785156
93.50196	141635718.367676
93.5418916666667	130779504.883789
93.5800766666667	147212574.158691
93.6172866666667	146924685.93457
93.656015	138808763.190918
93.6938883333333	124897585.668945
93.733845	138797044.642578
93.7725783333333	129533403.352051
93.811635	123799734.658203
93.84511	148083013.311523
93.8838483333333	153176107.213867
93.9225583333333	155926911.349121
93.9597766666667	151863315.963867
93.995485	155641521.214844
94.0372833333333	143958606.171875
94.0757966666667	140591332.305664
94.11132	144919267.028809
94.148605	138525735.474121
94.1854366666667	142156298.196777
94.2250033333333	143370263.095703
94.2633166666667	142455560.46875
94.2991066666667	140640824.483398
94.3386133333333	142436583.263672
94.3756866666667	143886174.85498
94.4123133333333	146876720.682617
94.4488883333333	147874309.591309
94.4870716666667	151289416.102539
94.52481	142180381.738281
94.5642983333333	133773339.603516
94.60306	130681920.599609
94.642235	130805014.466797
94.6806466666667	130948549.642578
94.71869	133841793.585938
94.7553916666667	131411552.121582
94.7938783333333	131114795.266113
94.83122	136420857.069824
94.8649166666667	136598263.930664
94.90156	135724278.950684
94.9380266666667	134297299.459473
94.974855	128553254.716797
95.011455	128214556.320313
95.0518266666667	128903178.586914
95.090495	131952952.300293
95.1306266666667	131657095.09082
95.1704516666667	125319471.147461
95.2081466666667	125514456.297852
95.2478416666667	136809740.458496
95.2858516666667	116260248.629883
95.325445	133110776.631348
95.3615833333333	118678365.086426
95.4000466666667	130062968.46582
95.4403366666667	122760410.70166
95.4799883333333	128174618.316406
95.5176716666667	129133497.79541
95.556725	132278321.384277
95.597885	141131774.299805
95.636455	127700514.371094
95.673795	128963197.185547
95.71021	117256306.958496
95.748485	121459253.714355
95.78784	116157841.459961
95.8245233333333	118683389.937012
95.86105	121375602.834961
95.8981666666667	131203655.936035
95.9361183333333	132830471.180176
95.9748816666667	130561534.710449
96.0126716666667	127526073.185547
96.0518933333333	127362231.053223
96.08861	125332038.092773
96.1295533333333	127001761.238281
96.1667566666667	120711520.214844
96.2081233333333	119771293.03125
96.2452416666667	124505290.406738
96.284845	116388438.074707
96.3244316666667	116927109.382813
96.3627616666667	109427935.412109
96.4019766666667	111438343.67041
96.4410583333333	115788158.854492
96.4833616666667	115766803.680664
96.5210116666667	108657213.245605
96.5590016666667	114807274.147949
96.5991083333333	116636025.601074
96.63925	118686013.807617
96.676445	116616220.594727
96.7141216666667	114430607.042969
96.75157	111440236.84375
96.7896466666667	111726256.72998
96.8291016666667	111174690.905273
96.8662166666667	107750024.891113
96.9052533333333	108453992.178223
96.9414833333333	107708728.976074
96.98325	113041296.696289
97.02093	118969705.113281
97.0582916666667	107363351.190918
97.096835	108537135.411133
97.138375	112696113.716797
97.17683	115449986.301758
97.2178466666667	114673068.697754
97.2569666666667	109739076.008789
97.2954266666667	111026577.633789
97.3360516666667	104819766.041504
97.37628	102496800.501953
97.4165866666667	106019690.257324
97.4573266666667	112928402.031738
97.4998266666667	110794523.004883
97.537945	118089682.137207
97.57508	117407651.553223
97.6130866666667	113436788.487793
97.6540833333333	110755789.843262
97.6932616666667	108845597.339355
97.7305483333333	102524305.302246
97.76664	100168327.839355
97.8045683333333	104167231.312988
97.8447333333333	102553758.504395
97.8849283333333	102598144.379883
97.9258733333333	106239038.157227
97.9626416666667	99206748.7631836
98.00244	112284212.781738
98.038945	97958381.1572266
98.0763766666667	103081917.779297
98.1175016666667	95261714.6113281
98.16208	102227257.804688
98.2036383333333	90765860.8798828
98.24475	92993081.4082031
98.2849566666667	97763903.4560547
98.3242716666667	94419589.9016113
98.3654833333333	95039241.0322266
98.4057333333333	101023801.762207
98.445255	104612731.958008
98.482745	97422620.1447754
98.52443	91096229.6760254
98.5637616666667	95203857.7578125
98.601795	94682040.3930664
98.63944	97719230.8991699
98.6808116666667	97367380.4650879
98.7200016666667	89857402.9145508
98.7623	83026660.5507813
98.799505	86316505.8149414
98.837525	85577311.2382813
98.8795833333333	86805299.2241211
98.92034	82192251.0883789
98.9600516666667	87382015.9941406
