RetentionTime	Intensity
0.01844	412330.519241333
0.0630033333333333	508109.660217285
0.10952	563595.567428589
0.156331666666667	718509.676498413
0.201711666666667	484153.181678772
0.250865	415554.144927979
0.302536666666667	511455.807258606
0.35221	373370.89239502
0.374238333333333	443506.93901062
0.402515	365523.135932922
0.424138333333333	352228.11138916
0.442498333333333	474622.773574829
0.46491	385786.611240387
0.490578333333333	372439.520168304
0.509103333333333	488349.921081543
0.54582	512694.98576355
0.575968333333333	555396.097084045
0.626906666666667	507611.212001801
0.65202	518639.711647034
0.666321666666667	622415.792938232
0.720456666666667	568288.094291687
0.741915	413540.212516785
0.764285	452302.338417053
0.786005	445642.602996826
0.807546666666667	561087.638496399
0.836813333333333	485464.054786682
0.854415	460165.566902161
0.872635	362156.449867249
0.89434	305432.484390259
0.920108333333333	348154.787841797
0.945813333333333	383394.617027283
0.964155	390079.220146179
0.982188333333333	414998.917678833
1.01480166666667	378496.699699402
1.03303333333333	418700.011100769
1.08121166666667	597711.551361084
1.12901666666667	568703.655357361
1.17742833333333	456397.51700592
1.226195	418668.541007996
1.26957166666667	487424.588531494
1.30430333333333	475018.038978577
1.32230333333333	579290.48500824
1.35465333333333	501951.455596924
1.37999	450926.271881104
1.40906833333333	471215.609436035
1.43081666666667	483556.827316284
1.46740333333333	464832.493499756
1.49307833333333	491922.657585144
1.517965	445452.976173401
1.54299833333333	463726.217063904
1.57462	429570.263011932
1.60003166666667	491850.290924072
1.65094666666667	615682.944915771
1.70282166666667	511547.402915955
1.72443666666667	457601.398597717
1.74282	391736.06665802
1.76097666666667	359788.36529541
1.78581833333333	347520.970611572
1.81206	397228.089393616
1.83067	475654.112480164
1.85465333333333	404972.363815308
1.87324666666667	488492.251991272
1.91010333333333	559054.983913422
1.92878333333333	445073.222724915
1.95762	489225.058921814
1.979745	647453.691917419
2.00992166666667	585976.834281921
2.02454833333333	590859.393249512
2.060895	548705.961257935
2.10571166666667	416516.574905396
2.15067333333333	599813.269187927
2.19937833333333	513487.00302124
2.24440166666667	558470.349937439
2.28765666666667	530804.02419281
2.32583666666667	503401.701202393
2.34378666666667	520144.415489197
2.38266833333333	574251.177913666
2.40135833333333	510609.157936096
2.45228	563613.470550537
2.47803333333333	594733.050621033
2.52240666666667	493225.454940796
2.547185	513785.237686157
2.57215166666667	393992.737541199
2.60139333333333	513393.630752563
2.62244833333333	442220.207672119
2.65170666666667	415356.240081787
2.66581833333333	358065.927024841
2.698075	397411.003738403
2.71215833333333	454820.379272461
2.74840333333333	548340.046211243
2.79141166666667	425859.516418457
2.81316	424714.891494751
2.83574	614224.575935364
2.87472833333333	584248.39289093
2.918385	493662.148178101
2.951255	514362.868865967
2.98017333333333	466660.445709229
3.00553166666667	496138.740959167
3.03015833333333	452502.501594543
3.044215	480894.658798218
3.06546166666667	483405.197967529
3.11558	489489.177902222
3.15964	536764.503440857
3.20868166666667	545413.929763794
3.257125	544636.462432861
3.30805333333333	663149.187728882
3.356165	497823.656051636
3.388455	416392.034385681
3.41487666666667	439150.68094635
3.43701166666667	408516.083709717
3.45567666666667	565582.253936768
3.48421666666667	610201.435722351
3.53410333333333	523735.778617859
3.55539166666667	523386.038742065
3.606005	428489.816123962
3.630755	380386.617919922
3.65302833333333	484973.418785095
3.67067333333333	434732.80783844
3.69233	543333.531059265
3.73748666666667	485452.34186554
3.76324833333333	483102.989532471
3.79218666666667	514508.477142334
3.81301166666667	427358.395881653
3.83779666666667	404653.776817322
3.88088	406672.762313843
3.91542166666667	522591.509429932
3.964145	573803.62059021
3.99194666666667	476122.85244751
4.01613666666667	509830.973976135
4.03659666666667	451980.720100403
4.071555	496645.887367249
4.08849333333333	507420.882339478
4.13709666666667	453225.757888794
4.17843	277341.849052429
4.20868833333333	323782.407348633
4.22910666666667	576387.525856018
4.274715	479452.076911926
4.30327833333333	439746.82900238
4.32314166666667	525904.636436462
4.35302833333333	462469.882484436
4.38075166666667	557032.822052002
4.41786666666667	511605.94417572
4.4628	481620.313461304
4.479145	548814.739448547
4.509655	514526.972312927
4.53600666666667	424310.078056335
4.55988333333333	459687.203300476
4.59487833333333	415710.230003357
4.61885666666667	345591.495849609
4.64413166666667	480208.560668945
4.68947333333333	512688.841377258
4.71906333333333	481830.932815552
4.74903166666667	370803.251953125
4.765395	366089.890159607
4.79031	469027.691230774
4.828815	406440.885559082
4.875855	543457.413169861
4.91722	566878.498428345
4.96141833333333	436367.383560181
5.00709666666667	421222.574668884
5.04924166666667	409721.442459106
5.07765333333333	529800.870239258
5.128745	452783.322059631
5.17429333333333	554485.311408997
5.220995	749277.492980957
5.26873	1044806.38822937
5.31721333333333	1286045.14041138
5.366545	1465665.15153503
5.41477833333333	1278675.45532227
5.463305	1208212.60786438
5.5126	1396784.31632996
5.56113	1192001.84120178
5.61073	2194871.01554871
5.66004666666667	2377001.68840027
5.70778833333333	2528300.44842529
5.75533166666667	2310791.12002563
5.80271	2651523.88624573
5.84913833333333	2777688.38821411
5.89563333333333	3396815.86795044
5.94166333333333	3774225.06338501
5.98762833333333	3187970.05621338
6.03272166666667	4619069.17486572
6.07732666666667	7157786.5401001
6.12342833333333	4953980.53681946
6.16677	9170238.99255371
6.212095	5179239.90466309
6.25572333333333	12628643.4230347
6.29713166666667	7767510.34628296
6.33981333333333	9627196.43652344
6.38350166666667	11214024.1618042
6.42313666666667	17358042.2555542
6.464745	24112938.3608398
6.50359166666667	21511272.0750122
6.54262333333333	20583234.1185913
6.58601166666667	19411085.3287964
6.625805	14308834.1518555
6.66724333333333	20078883.3381348
6.70898666666667	18956892.2625122
6.75120666666667	27736280.3161621
6.79126833333333	26829476.6297607
6.83328333333333	29911266.5865479
6.87148333333333	21882185.8175049
6.91361333333333	31849612.8348389
6.95176166666667	25914526.213623
6.99206166666667	21629500.6470947
7.03322666666667	20435524.8358154
7.07567166666667	21912519.8463135
7.11929333333333	16780988.8151855
7.16197666666667	23253034.581665
7.20132666666667	23778496.2943115
7.24318333333333	28031529.5465088
7.2827	25306314.1226807
7.32278333333333	26364456.0095215
7.35846833333333	18383658.6003418
7.39632666666667	27115492.7386475
7.433905	17870546.2486572
7.47425833333333	28363635.3586426
7.51375666666667	29403163.8499756
7.55189833333333	31766689.3227539
7.58987333333333	28553698.4320068
7.62847	47538897.0600586
7.66578166666667	51569665.4250488
7.704705	83572057.3942871
7.74115166666667	58192480.90625
7.77879666666667	109102998.57666
7.81243333333333	58817140.4542236
7.850295	82325801.9223633
7.885065	52553536.1906738
7.92247333333333	80828123.0073242
7.957845	66177052.5212402
7.99523	64984655.8317871
8.03456833333333	98232827.0014648
8.06884833333333	101045766.008789
8.10464166666667	122250500.160645
8.13389	93989727.753418
8.16943666666667	124711774.047363
8.19801666666667	92891431.3195801
8.23374166666667	149904282.890137
8.26820833333333	117317145.659668
8.30209833333333	154273616.495117
8.33667166666667	188064674.650879
8.37284	110289636.549072
8.40733666666667	169270721.403809
8.43904	124546371.953125
8.47252333333333	146043621.54248
8.507515	205374670.789063
8.5369	169083019.375488
8.56784833333333	272730822.412109
8.59831833333333	242671903.907227
8.62971166666667	263513240.304688
8.661675	235738104.022461
8.69188	280210052.108398
8.719355	199652647.023926
8.75296	277172630.931641
8.78238166666667	252048887.857422
8.81281166666667	189143506.430664
8.84476	244493448.442383
8.87399	213629304.4375
8.90380166666667	253461351.466797
8.93144166666667	251328701.381836
8.96165666666667	223296253.210938
8.99333833333333	243309098.900391
9.02380166666667	211854061.384277
9.05451666666667	362816970.027344
9.08447333333333	318360431.175781
9.11492	300345775.69043
9.14616666666667	373669324.073242
9.17728333333333	486599089.298828
9.20686833333333	414453513.77832
9.236695	438755479.015625
9.26921166666667	427558704.865234
9.302145	355819731.195313
9.3333	387436974.801758
9.36404	395439361.586914
9.39391166666667	345724887.353516
9.42517833333333	318237237.394531
9.45652666666667	357179419.121094
9.48743833333333	386109620.529297
9.51872666666667	231583193.576172
9.549195	271660813.310547
9.58078666666667	244828283.304688
9.61381666666667	418225164.037109
9.64092333333333	255270343.120117
9.67284666666667	327076095.126953
9.70430166666667	349548306.408203
9.73619833333333	369430817.732422
9.767795	304041310.824219
9.79795	454872898.435547
9.82449666666667	368432704.032227
9.85573333333333	371641025.694336
9.88331333333333	357455415.981445
9.91157	414643676.146484
9.93847833333333	527900309.683594
9.96752666666667	405567305.275391
9.99937666666667	460782624.761719
10.0306266666667	489919986.873047
10.05993	565103962.337891
10.0906366666667	396873249.560547
10.12346	699668666.222656
10.1549033333333	661706156.867188
10.1822316666667	646664962.847656
10.2143433333333	791606175.667969
10.2433183333333	788974068.857422
10.272325	886622554.203125
10.30286	869789621.808594
10.33607	949965794.765625
10.3678566666667	874104482.59375
10.3962533333333	948887978.181641
10.4259516666667	1234097836.47266
10.4555133333333	872138653.699219
10.485745	1202821322.01953
10.51659	979654100.5625
10.5465483333333	1006672426.9375
10.576085	1006280630.59375
10.6057366666667	961494935.40625
10.6354833333333	926542993.566406
10.6612133333333	790775065.890625
10.6932166666667	769374405.375
10.7238966666667	888914040.591797
10.7532466666667	838401158.044922
10.7848183333333	658483548.724609
10.8166533333333	910603191.5
10.84471	723029284.222656
10.8724716666667	694739698.292969
10.9009966666667	733321092.962891
10.9306216666667	849568971.777344
10.9579183333333	688470394.355469
10.98685	826800731.052734
11.0178483333333	679874613.447266
11.0457366666667	630938444.628906
11.07432	612333215.457031
11.1037633333333	655944907.564453
11.1338616666667	704970081.917969
11.162605	708218758.34375
11.1907883333333	684911334.931641
11.21937	733371916.625
11.247655	774662643.148438
11.2754366666667	551177258.701172
11.301915	949712407.875
11.32759	848984811.060547
11.3550283333333	967212955.445313
11.3821016666667	922281642.320313
11.4106566666667	914876353.480469
11.438695	1035906559.46094
11.4650883333333	872434405.253906
11.494635	990858657.332031
11.52222	753301385.109375
11.5520316666667	860376885.859375
11.5822033333333	736478274.855469
11.6107366666667	773239922.410156
11.6395783333333	848255611.597656
11.6676816666667	730531005.914063
11.6963316666667	679495169.324219
11.725345	863314785.398438
11.7547216666667	642893754.138672
11.784525	1005644960.50781
11.81184	746821958.986328
11.84242	994499830.558594
11.8717566666667	755161526.337891
11.9023316666667	1178516710.13672
11.9322066666667	1241186207.54297
11.9602883333333	1222429974.58984
11.9884616666667	1061201177.35156
12.0175933333333	981680065.523438
12.0483416666667	859081887.595703
12.0778333333333	928941814.261719
12.104995	1194712811.73438
12.135555	1134014523.9375
12.16576	1112787139.96094
12.1964383333333	1031419833.39844
12.2238533333333	1167815965.46484
12.2528933333333	1014162681.38867
12.2824466666667	1129513893.55859
12.3102483333333	1240345888.53516
12.3392083333333	1253208400.57031
12.36831	1093875902.59766
12.3961916666667	975607640.398438
12.425555	1144658083.01172
12.4537483333333	1004590679.74805
12.4827366666667	888624907.65625
12.5099933333333	927061715.375
12.5402233333333	812107334.314453
12.5716	1004622271.60547
12.5993916666667	844310254.21875
12.6276866666667	697589249.9375
12.6591216666667	912945295.5625
12.6898683333333	815342156.1875
12.718785	871370503.597656
12.7489333333333	848196240.714844
12.7796266666667	903598828.808594
12.8082616666667	742200179.683594
12.8367416666667	860356565.019531
12.8659033333333	829876493.945313
12.8959566666667	881635399.542969
12.9237983333333	829697952.863281
12.9556916666667	983346799.148438
12.9837383333333	799821772.828125
13.0139266666667	791367954.472656
13.0427883333333	958312564.257813
13.0744533333333	765950648.130859
13.1024916666667	950526381.933594
13.131155	781195266.802734
13.15952	759513283.332031
13.190135	744604186.097656
13.2194966666667	782287992.144531
13.2471516666667	719393615.669922
13.2751033333333	810242479.203125
13.3063866666667	578485320.310547
13.3336683333333	775349329.289063
13.3623216666667	659882767.003906
13.3934216666667	834841516.457031
13.4222866666667	1068290111.92578
13.4502066666667	877434522.378906
13.4797383333333	916103988.65625
13.5081516666667	1086857345.53906
13.5378083333333	637696407.921875
13.56928	1091529869.45703
13.5980383333333	919434192.166016
13.626865	954020905.300781
13.6540183333333	959415647.554688
13.686215	919715382.646484
13.7154716666667	1053360183.50195
13.7452183333333	1095126168.04688
13.7755733333333	1239447141.20703
13.8061533333333	1264002446
13.8350833333333	1273773783.60156
13.86355	1105460213.01563
13.8939183333333	827691429.128906
13.9223933333333	833064913.570313
13.9513233333333	1027513763.25
13.9782016666667	1248516576.51172
14.0048883333333	1312105412.03516
14.0316566666667	1083049832.66797
14.0594483333333	1283111299.37891
14.0861416666667	1059017365.27148
14.11526	1146578179.65234
14.143515	1217547117.39844
14.1708633333333	1057716714.03516
14.1992916666667	862871055.472656
14.2285866666667	1035253329.18555
14.258235	1002712828.05469
14.2880333333333	922976777.140625
14.3179133333333	721202784.943359
14.34768	720110577.537109
14.3783933333333	918782179.324219
14.4084483333333	1029702870.00391
14.4357233333333	873438465.21875
14.4653383333333	681551342.164063
14.4918333333333	752267621.558594
14.5190833333333	847660168.855469
14.5476366666667	892201410.128906
14.5751683333333	991152093.566406
14.6035666666667	698249745.216797
14.6336566666667	772299851.634766
14.661965	911825470.566406
14.6885333333333	763094529.662109
14.7187483333333	954000286.753906
14.7500683333333	953429242.738281
14.780155	874152679.708984
14.8102516666667	978773487.863281
14.8404116666667	995800582.277344
14.8697216666667	1198054254.37109
14.8990733333333	987586177.699219
14.9277133333333	1002661876.50781
14.955505	1120280467.41016
14.9836266666667	804716014.625
15.0121966666667	805372696.720703
15.039865	937917489.150391
15.0672083333333	779227793.269531
15.0958833333333	971780811.976563
15.124235	1076671569.08594
15.1519683333333	841918398.923828
15.1810683333333	858261318.648438
15.2085333333333	955893399.832031
15.23664	936114665.421875
15.2649766666667	808674211.894531
15.2955366666667	1156824562.93359
15.3204183333333	1173389639.35547
15.3478583333333	1236129879.69531
15.3772133333333	1176683008.80078
15.40718	967116246.609375
15.43744	1051964281.64453
15.4687233333333	1238053532.44531
15.4963966666667	1321097592.13672
15.5272016666667	941748477.931641
15.554205	1414781725.64844
15.58477	1283180429.34375
15.6115283333333	1110669725.87891
15.6424816666667	1022576954.07422
15.6732383333333	1071580094.33594
15.7014716666667	1019874764.57813
15.732335	1475502223.22266
15.76122	1300965770.62109
15.7928766666667	1557111023.61719
15.82448	1212505676.34766
15.8528566666667	1117203362.79297
15.8814733333333	1389855503.21094
15.91043	1618649032.65625
15.9393083333333	1367122094.94922
15.9669783333333	1533503125.64063
15.9962183333333	1508491164.41406
16.02512	1359374943.02344
16.0527916666667	1577979288.04688
16.080935	1221744095.69922
16.110395	1339903569.39844
16.1402866666667	1516544629.00391
16.1671566666667	1165833289.1875
16.1959933333333	1668019344.42578
16.22322	1095730488.44141
16.2529816666667	1138519315.33398
16.28289	1405906377.23828
16.3116933333333	1501585893.01953
16.3381483333333	1135149246.89258
16.369575	1302887133.31641
16.3984866666667	1211088046.94531
16.4266333333333	1091312458.52734
16.4576916666667	1098555710.05469
16.4884216666667	979403710.027344
16.516305	1181768225.80078
16.547055	1182194801.85547
16.5746766666667	1123258546.60938
16.60397	1160609245.23047
16.6336766666667	955734593.484375
16.66501	1047555278.13281
16.694055	1056273186.28906
16.7220616666667	1009912292.96875
16.7512983333333	1066764223.6875
16.7795783333333	1296816175.8125
16.8088116666667	1028017961.52344
16.8366	1023585264.71875
16.8653333333333	979348555.960938
16.8931466666667	978465584.464844
16.9225216666667	864867939.720703
16.9514633333333	1109595150.38672
16.981445	984693199.324219
17.0101516666667	1012198893.71094
17.0392166666667	1077420072.17188
17.067875	822729790.558594
17.0953033333333	834537877.769531
17.1245	893556330.046875
17.1533116666667	876930439.146484
17.1828016666667	861517171.818359
17.211685	1047033325.78516
17.24002	959964129.294922
17.2688583333333	933810516.595703
17.2977016666667	1182988085.89453
17.3268216666667	1147355935.44922
17.3547566666667	1071984998.44141
17.3843183333333	938525507.234375
17.4110516666667	916344922.683594
17.43901	875814441.289063
17.4675683333333	846940776.814453
17.4967216666667	826763460.59375
17.5254083333333	1199869755.13672
17.55307	897380397.517578
17.5816383333333	1012638274.51758
17.6105316666667	988838421.886719
17.63805	1047156456.53906
17.6677266666667	1086139880.57813
17.69584	998878066.207031
17.7248033333333	1227546088.23828
17.7544033333333	1088869284.09375
17.7817783333333	1105165149.65625
17.8122783333333	1228346772.4375
17.84225	1005449404.36914
17.8738683333333	1316629312.48828
17.9050566666667	1125189434.67188
17.9351916666667	1297006682.33594
17.9655583333333	1095807120.50391
17.9956933333333	876033901.033203
18.0255033333333	960527329.574219
18.05391	1092472192.04688
18.0811083333333	913802885.859375
18.1121966666667	939898068.847656
18.1430766666667	1113146997.69922
18.1722366666667	1136642611.64844
18.20178	1237537175.63672
18.2301016666667	1135736084.88281
18.25542	1136238737.66016
18.2832433333333	1194299578.03516
18.3115366666667	1228043965.82422
18.3416033333333	1115503708.14844
18.37032	886488499.107422
18.3987333333333	1072614841.69531
18.4264766666667	955415842.011719
18.4547783333333	979047194.039063
18.4857216666667	920765814.207031
18.51501	925474857.710938
18.5449633333333	995556819.882813
18.57464	889977211.597656
18.605805	1161893256.13281
18.63565	976678420.537109
18.663745	1235206876.52344
18.6953516666667	1334257787.77344
18.72391	1548394241.94141
18.7534766666667	1447163346.33594
18.78437	1668242037.99609
18.814355	1392013414.47266
18.8421383333333	1368765927.81641
18.8719316666667	1603831835.62109
18.8983816666667	1658491943.77734
18.9259583333333	1644311166.19922
18.9551883333333	1307401634.70703
18.9832916666667	1371103859.27344
19.0131933333333	1426391863.39844
19.0411633333333	1412369977.23438
19.0677666666667	1111817965.32031
19.0952633333333	1162302682.85156
19.12566	1291043510.45313
19.1543966666667	1192993006.625
19.183545	1288287601.02734
19.2099916666667	1224143400.94141
19.2368866666667	1103593972.24219
19.2670066666667	1077946053.28516
19.2956383333333	1339919471.75391
19.3236833333333	1180695100.11328
19.3514033333333	1256704693.78125
19.379195	1362224162.44141
19.4080683333333	1228370018.1875
19.43601	1195134411.71875
19.4641483333333	1220737381.98438
19.491525	1205650375.10156
19.521565	1083922540.38281
19.5529783333333	1177019229.08203
19.5793683333333	1135147152.76172
19.6063966666667	1300033136.86328
19.6351083333333	988186215.617188
19.66406	1232282015.5625
19.6903183333333	1058751832.91797
19.71934	965867140.128906
19.749475	1081637526.77344
19.7774916666667	998052671.351563
19.8072716666667	1140653839.17188
19.835015	1241065364.34766
19.8649116666667	1050656238.9375
19.8939033333333	1190949534.75391
19.9220083333333	1402114144.97266
19.9489266666667	1343194419.58984
19.9786133333333	1213146503.38281
20.0072933333333	1484231431.60938
20.03505	1384519225.41016
20.0648733333333	1226303842.51563
20.09361	1494526560.56641
20.1222283333333	1370637072.78516
20.1498216666667	1406806110.15625
20.178185	1365786198.75391
20.2069166666667	1450786346.52344
20.23558	1086242185.58203
20.26409	898308734.011719
20.2929116666667	1343322179.46094
20.3218733333333	1142766735.23828
20.3514933333333	1324915728.24219
20.3788616666667	1275778643.07422
20.40616	1270604094.75391
20.435205	1127617646.46094
20.46268	1325368230.73438
20.49344	1230188746.73438
20.5231166666667	1091861005.17578
20.55192	1198159441.92578
20.57965	1304686314.5625
20.60755	1257110642.05859
20.6374983333333	1330658899.82422
20.6693466666667	1448087775.66406
20.69933	1377057922.07422
20.7262366666667	1643753418.30859
20.754845	1590151518.74609
20.7847683333333	1561655398.45703
20.8119016666667	1621249077.28516
20.8440416666667	1662426355.25391
20.8714633333333	1595437718.95703
20.901245	1685181868.58984
20.9275816666667	1521350042.07422
20.9581633333333	1411643302.93359
20.9859533333333	1605418849.89453
21.0122633333333	1400483820.4375
21.0394683333333	1366295038.23047
21.0682816666667	1276859614.91016
21.0987516666667	1538354130.85547
21.1268816666667	1378743596.81641
21.1567183333333	1523806023.44531
21.1839933333333	1178575045.45703
21.215175	1357199185.21094
21.2450716666667	1309066706.78906
21.271825	1437399651.93359
21.3007033333333	1478748822.3125
21.3307183333333	1495687369.46094
21.3597783333333	1377162593.07813
21.3890266666667	1535997842.52734
21.4164933333333	1357257582.99609
21.445835	1450309754.10547
21.4750016666667	1496292592.77344
21.50499	1581214696.34375
21.5347183333333	1503849868.22266
21.5637733333333	1650303097.91406
21.5918383333333	1438985500.00781
21.6211783333333	1652559548
21.6500833333333	1484301029.87109
21.6779916666667	1354956023.79297
21.7073916666667	1376273558.63672
21.7347066666667	1289921500.64453
21.7627433333333	1393986305.53516
21.791165	1396789142.62109
21.8212683333333	1251058218.16406
21.849915	1273382391.61328
21.87661	1386368846.46484
21.9046483333333	1255402434.45313
21.931585	1341601952.49609
21.95861	1465195355.70313
21.9861516666667	1286929699.63281
22.0137066666667	1248064128.98828
22.0416333333333	1169199177.04297
22.0701483333333	1248437384.61328
22.097975	1389881315.12109
22.1277766666667	1251836183.33984
22.1560066666667	1177106195.25
22.1855483333333	1152301043.63672
22.2139883333333	1241446570.50781
22.2421	1218430633.37891
22.2691716666667	1136208866.75391
22.2966216666667	1146296659.51563
22.3244033333333	1195872266.41016
22.3539766666667	1445065536.56641
22.3829016666667	1237217813.22656
22.4108133333333	1387297264.40234
22.4406716666667	1293560690.14844
22.4678566666667	1438044184.85156
22.4980633333333	1338173192.05078
22.5254783333333	1352917483.04297
22.5551133333333	1235062739.46484
22.5834016666667	1368927028.42188
22.612855	1369228057.17969
22.64157	1400598371.17188
22.66933	1404519800.4375
22.69981	1323336328.60156
22.7285616666667	1346363120.45313
22.7589583333333	1183773714.73828
22.7881083333333	1409696275.87891
22.8164683333333	1410104438.20703
22.8452066666667	1313644300.85938
22.8751433333333	1446133551.65234
22.9060633333333	1274756286.15234
22.9334516666667	1231182885.83203
22.96387	1253225761.00391
22.9936583333333	1248877229.26172
23.0228566666667	1357212902.76563
23.0518683333333	1387500145.71484
23.0786816666667	1240052953.38281
23.1080366666667	1307359038.34766
23.1348266666667	1264845656.09375
23.1639	1460440065.55859
23.1911133333333	1419119390.91406
23.2200633333333	1520563076.24219
23.2481633333333	1643298406.94531
23.2757	1484853720.44141
23.3046083333333	1553944268.62891
23.3339116666667	1596705094.28125
23.361	1428529015.46875
23.3901716666667	1382303287.13281
23.41802	1525616742.59766
23.44429	1593558782.60547
23.4721733333333	1445968753.14844
23.5018833333333	1405792999.8125
23.5296633333333	1397155919.8125
23.55644	1491028648.50391
23.5851783333333	1522246876.05859
23.61603	1576836068.02344
23.6438666666667	1683201150.04297
23.67255	1470440848.26172
23.7019516666667	1378659876.97266
23.7305333333333	1418009783.69531
23.7589216666667	1201239750.47266
23.7871333333333	1230965738.60547
23.8178633333333	1387174157.05859
23.8464883333333	1234161521.97656
23.87401	1297010185.75781
23.9031866666667	1205142919.01953
23.9317216666667	1096825280.39063
23.960275	1385010280.22656
23.988635	1135657404.36719
24.017475	1193604748.88672
24.0448366666667	1036231450.11328
24.073885	1149475931.95703
24.1025233333333	1106332210.94922
24.1322816666667	1176269294.35547
24.160145	1258598639.45703
24.1862266666667	1131358060.73828
24.2146433333333	1381337509.08203
24.2419966666667	1158944468.97266
24.26998	1199695208.56641
24.2983833333333	1253356646.54688
24.3276483333333	1246616065.92578
24.3555566666667	1479741669.4375
24.3842516666667	1393794492.90625
24.41345	1539831557.60156
24.441595	1535653137.60938
24.46984	1647301184.30078
24.4987633333333	1562063594.41016
24.5272016666667	1633062494.36328
24.5547466666667	1461959356.81641
24.5833416666667	1753053345.17188
24.6107583333333	1558563321.81641
24.64196	1724935624.55859
24.66991	1715742464.94922
24.6975016666667	1608132316.86719
24.7264433333333	1662860466.13281
24.754455	1637937790.78906
24.7825983333333	1595071973.56641
24.8110716666667	1497347643.23047
24.8395033333333	1448387592.53516
24.8679383333333	1208815208.02734
24.8983733333333	1436356492.74219
24.9278433333333	1184722263.78516
24.9571383333333	1213723875.23047
24.9878583333333	1330410804.83594
25.016385	1151910456.19922
25.0461066666667	1256108999.71875
25.0759683333333	1314254966.44141
25.104945	1372233510.55078
25.1337283333333	1343457622.54688
25.16273	1507628706.11328
25.1916816666667	1452973532.18359
25.2207666666667	1573156897.28516
25.2484666666667	1598891404.00391
25.2767733333333	1440248115.35547
25.3050866666667	1594241643.09375
25.3351383333333	1679996283.33203
25.36181	1563840620.11719
25.3905833333333	1487179456.13281
25.4193366666667	1483084088.78125
25.4494583333333	1538065264.08594
25.4774016666667	1507674296.17969
25.5051033333333	1499551773.80078
25.5338266666667	1630950139.75781
25.5602283333333	1601582704.47656
25.5889066666667	1696026298.79688
25.61735	1568438361.51172
25.6469216666667	1359478374.25391
25.6737933333333	1598787824.64063
25.7032533333333	1661451119.05859
25.7316616666667	1605596097.73047
25.7596633333333	1812429064.77344
25.7859733333333	1736502133.86328
25.8151183333333	1633592945.36328
25.8428383333333	1710913278.88281
25.869755	1603033664.63281
25.8990516666667	1660563600.55469
25.9268116666667	1625010937.625
25.95337	1724243820.64453
25.9822816666667	1816992555.96094
26.0119833333333	1794019274.17969
26.0402116666667	1820053253.85938
26.0692966666667	1509366671.32813
26.099765	1997037180.6875
26.1305666666667	1851064188.64844
26.1591516666667	1829316413.21875
26.1884616666667	1606951856.90234
26.2167316666667	1634649897.26953
26.2457066666667	1664456943.77344
26.2735266666667	1542719359.91797
26.3020583333333	1772693988.34375
26.3291166666667	1859661344.78125
26.3557766666667	1948510891.47656
26.3823583333333	2066572729.15625
26.4107266666667	2143050594.90625
26.43973	2181768226.78906
26.466165	2319089617.6875
26.4944583333333	2247251343.94531
26.52129	2385956728.46875
26.5503366666667	2334569854.29688
26.5800783333333	2338162043.875
26.61049	2162104795.96875
26.639635	2232435683.1875
26.6674533333333	2184031509.38281
26.6963183333333	2117304917.64063
26.7266383333333	2191234414.83594
26.75407	1961653855.39844
26.7838316666667	2042451128.57031
26.8123933333333	1996706832.08984
26.84215	1828650334.61719
26.8712516666667	1790187014.875
26.9006366666667	1972970602.81641
26.931175	1897785529.73047
26.9596416666667	1733677981.82813
26.9874516666667	1835902594.14063
27.0156566666667	1712204775.46094
27.0456833333333	1736301527.35156
27.07453	1742258253.63281
27.1024583333333	1615737407.14063
27.1314066666667	1814188000.42188
27.1606366666667	1706174280.24609
27.18937	1707825901.83203
27.2174966666667	1991939021.54297
27.2448216666667	2064142712.83594
27.2721333333333	1835137485.69922
27.30051	2095848580.46094
27.33045	1981953044.73828
27.359125	1964278097.98438
27.3908616666667	2226153910.12891
27.4181133333333	2054316605.32422
27.4471333333333	2052367807.98047
27.4769533333333	2046522488.91016
27.5046983333333	1994159647.74609
27.53189	1923790667.35938
27.5614933333333	1826454629.35547
27.591615	1753819259.25391
27.62115	1685523060.84766
27.6496583333333	1863597253.91797
27.6777116666667	1464530704.42188
27.7059916666667	1579143323.58594
27.736195	1585000490.68359
27.7640616666667	1399048466.31641
27.79321	1700507871.3125
27.82156	1549081089.36328
27.8512033333333	1649832003.25781
27.879445	1638124899.02344
27.9074133333333	1646805386.29297
27.9352433333333	1671928066.68359
27.96304	1637718468.53906
27.9918016666667	1798484532.94531
28.0194233333333	1691513792.26563
28.0461333333333	1749813673.89844
28.0731566666667	1753261772.90234
28.1019783333333	1814608713.83984
28.1299833333333	1703800967.94922
28.157955	1884870142.42188
28.1837666666667	1938306319.75781
28.2124216666667	1557766973.46875
28.2394933333333	1854942596.78906
28.266885	1817404481.48438
28.2961616666667	2022778017.80469
28.32575	1996799268.03906
28.3526333333333	2058878566.66016
28.3807566666667	1871703732.83984
28.4078233333333	1881681597.87891
28.434085	1789706128.32813
28.4608616666667	1884947886.05078
28.48859	1860245043.90625
28.5163433333333	1801802374.55859
28.5444583333333	1718450614.48828
28.571325	1650219549.55078
28.6001066666667	1770630897.66016
28.627985	1807554528.39844
28.6569966666667	1787689970.77344
28.6866633333333	1767645625.41406
28.7157933333333	1800401976.37109
28.7448883333333	1726143219.44922
28.7735533333333	1786887914.34375
28.8040683333333	1696784531.69531
28.8338266666667	1687075869.36719
28.8639333333333	1736505969.81641
28.8932883333333	1637879662.47656
28.9217	1795606386.44922
28.95058	1686087891.94922
28.978805	1718895511.82813
29.0076716666667	1859495842.86719
29.0359	1627843395.83594
29.0661533333333	1810925630.14453
29.0956716666667	1795994011.41016
29.1247483333333	1702448752.66797
29.1538633333333	1828247714.57813
29.180775	1788909128.67578
29.2093316666667	1750494664.09375
29.2369983333333	1784365516.71094
29.26403	1798510670.30078
29.2927566666667	1651094523.33594
29.321635	1717045174.91797
29.3511816666667	1739437947.45313
29.3810016666667	1339146807.21484
29.4078116666667	1749128644.48047
29.437465	1653394142.70703
29.4678883333333	1354068847.42578
29.4956883333333	1656869626.05859
29.5249066666667	1618944771.83984
29.5544733333333	1617544016.54297
29.5838666666667	1456068603.49609
29.6118433333333	1382171659.41406
29.6429116666667	1459482886.00781
29.6723516666667	1260034247.22266
29.70022	1299719991.30078
29.7283333333333	1455890488.73828
29.7579716666667	1502445661.27734
29.7870483333333	1371598892.23438
29.81681	1498209468.69141
29.843075	1549516967.30078
29.8713833333333	1503476443.73438
29.899435	1548779703.09375
29.9268183333333	1711339197.96094
29.9540466666667	1634585772.76172
29.9824516666667	1830917765.375
30.0112566666667	1792389568.82031
30.0384866666667	1732677799.58203
30.0677983333333	1914292498.07031
30.0965583333333	1797679546.25
30.1245133333333	1814692308.64844
30.1534683333333	1756708883.5625
30.18147	1521209495.73438
30.2113183333333	1613340107.54688
30.24109	1878892815.35938
30.2691966666667	1680979409.26953
30.2975416666667	1604982514.41406
30.32544	1522535975.23828
30.3544833333333	1721082364.72656
30.3842533333333	1780000835.69531
30.4129683333333	1680802552.51563
30.440215	1621141364.8125
30.4697466666667	1553344883.5625
30.4986866666667	1840924686.83594
30.52765	1754522914.19922
30.5536283333333	1802482758.63281
30.5802516666667	1699232209.39063
30.6087633333333	1715178857.65625
30.6383433333333	1657577824.02344
30.6657416666667	1484345279.50391
30.69441	1568697920.78906
30.72108	1684630352.94922
30.7497783333333	1838602451.21875
30.7781183333333	1692980437.82813
30.8053616666667	1752885960.875
30.8340133333333	1838427845.99219
30.8621366666667	1753235266.21875
30.8889866666667	1953093808.34375
30.915505	1671025050.41016
30.9438533333333	1845296087.67969
30.9713233333333	1852544932.27344
31.00055	1888901466.21875
31.0297883333333	1745770434.81641
31.0583683333333	1719349708.16406
31.0864166666667	1759787268.40234
31.1137383333333	1605618888.37891
31.140695	1642223144.41406
31.16958	1670061975.48438
31.196925	1658006101.21484
31.225815	1717294570.80469
31.253765	1659872182.92578
31.2812366666667	1782142361.16797
31.3082633333333	1915289358.58203
31.336975	1721225067.90625
31.36434	1836812260.76172
31.3930016666667	1954417472.79688
31.4228566666667	1819935915.72656
31.452185	2039988520.91406
31.47983	1811561701.30469
31.5083416666667	1986446853.53906
31.5357966666667	2066890970.0625
31.5617933333333	2065369914.07813
31.5893283333333	2090332962.64844
31.61706	1941537048.78125
31.6446466666667	2127430070.67188
31.6733333333333	1911837281.08594
31.6997166666667	2171907959.74219
31.7265083333333	2288823213.02344
31.7537683333333	2191082383.99219
31.78238	2265459768.99219
31.808725	2154491697.54688
31.8363766666667	2191066046.29688
31.8644683333333	2186897283.60156
31.8913733333333	2152721640.42969
31.9168416666667	1987738733.35938
31.945225	1691818924.59375
31.9730333333333	1794511424.92578
32.0004433333333	1735997175.98047
32.02889	1674884195.95313
32.0562883333333	1715376864.17578
32.083885	1785659090.30859
32.1120766666667	1768565685.51172
32.140145	1575419932.27344
32.1677583333333	1623022353.53906
32.19523	1803782980.5
32.2222483333333	1737323371.94531
32.2487533333333	1836472343.84375
32.2753166666667	1791532224.32813
32.303195	1674568520.07813
32.3295483333333	1746383976.57031
32.3569666666667	1793008356.13281
32.3852716666667	1914057707.45313
32.4143083333333	1713641841.18359
32.44142	1698203628.45313
32.4710966666667	1634634611.75
32.5003366666667	1883629724.75781
32.5295033333333	1923469331.375
32.5585366666667	1675749632.44531
32.5870633333333	1496577055.5
32.615395	1758850301.50781
32.6431683333333	1757830944.38672
32.6727233333333	1671695748.39844
32.7015966666667	1681058260.76172
32.7288233333333	1710604392.44531
32.7582833333333	1679349301.1875
32.7859416666667	1662916286.10547
32.8132666666667	1711765716.19141
32.8414083333333	1932251110.53906
32.8721983333333	1790176443.66406
32.9013816666667	1714136454.06641
32.9291516666667	1634940264.01172
32.9572783333333	1706127591.07422
32.98692	1453375006.52734
33.0144583333333	1637923938.35156
33.0409866666667	1519514526.54297
33.0688016666667	1636127279.36719
33.09678	1450766262.09766
33.1245233333333	1381015206.34766
33.1524233333333	1397309110.25
33.181255	1390756771.94531
33.2095033333333	1655449356.28906
33.23678	1862497484.98438
33.2634583333333	1811376133.49219
33.291525	1650959955.63281
33.3187383333333	1607377593.54688
33.3466383333333	1714844430.02734
33.3748283333333	1621750094.40234
33.4033666666667	1573137795.25391
33.4310233333333	1822020802.61328
33.4586166666667	1728174256.24609
33.486525	1772163510.83203
33.5150916666667	2010540894.23438
33.5430816666667	1640116025.92578
33.5712933333333	1667022051.18359
33.59935	1614371001.72266
33.62989	1534726834.96875
33.65867	1862391372.03906
33.6866316666667	1785193227.16797
33.7137566666667	1798360976.50781
33.7417883333333	1908042618.85156
33.7701366666667	1654838215.35547
33.800195	1625319454.10547
33.82861	1709401251.65625
33.855245	1617063044.67578
33.884515	1750312294.46094
33.9130766666667	1620061477.85547
33.9405933333333	1650324962.74219
33.96687	1639469826.70703
33.9943883333333	1607270387.75
34.022	1686024509.46484
34.0497533333333	1592436790.10938
34.0769833333333	1592012999.73828
34.1031633333333	1584919928.14063
34.131635	1734802131.32422
34.15781	1662607445.36719
34.1860766666667	1828431486.65625
34.21441	1596165796.37109
34.2427783333333	1756276124.20313
34.2715	1562945314.71875
34.29887	1658446260.71875
34.328125	1464813795.39063
34.3563533333333	1850891232.25781
34.3829716666667	1808755504.38281
34.410495	1862878067.41406
34.4381383333333	1706415660.72656
34.4664933333333	1831560706.75391
34.4946666666667	1838656957.875
34.5224183333333	1970098843.24219
34.5501316666667	1947141766.66406
34.5773933333333	1851307125.03125
34.60635	1793575446.27344
34.6346633333333	1766896779.02344
34.6619933333333	1760045271.92188
34.689865	1497904923.69531
34.718015	1785739796.47656
34.74709	1673973350.64453
34.776275	1894752105.47656
34.8047233333333	1732010870.60156
34.83376	1947190061.72656
34.86251	1653488205.68359
34.8889283333333	1715690350.03125
34.9180716666667	1898435498.10156
34.9471066666667	1915777986.67188
34.9750366666667	1639857238.03125
35.0019033333333	1734803144.45703
35.030875	1489289773.76563
35.0585316666667	1467996678.80859
35.0856816666667	1563341278.28516
35.1147233333333	1695984680.21875
35.1442266666667	1563915546.78125
35.1731216666667	1797391895.82813
35.20168	1611990021.10156
35.23	1858079243.13281
35.2566216666667	1887401607.77344
35.2843233333333	1555301814.15234
35.3130716666667	1538617072.53516
35.3425716666667	1694256823.34375
35.370395	1702740206.94141
35.3990016666667	1526528987.53906
35.42692	1699341192.86719
35.453915	1618384590.08984
35.47945	1754992812.08594
35.5072583333333	1642586704.61719
35.535935	1741129656.50781
35.5640533333333	1785774490.14844
35.5912966666667	1744920028.64844
35.6195183333333	1703521579.97656
35.6478066666667	1606765369.83594
35.675465	1660139914.01172
35.7018916666667	1661685584.17969
35.7287233333333	1647903302.74219
35.7581616666667	1777397742.625
35.7847866666667	1764109492.90625
35.8133533333333	1585806279.23047
35.8423466666667	1801200539.18359
35.869865	1675228259.25
35.896455	1642090734.79688
35.92422	1506745902.72266
35.952715	2226624317.99219
35.9804966666667	1696731272.41016
36.0096233333333	1936767938.21484
36.039845	1693829919.5
36.0695016666667	1733211389.64063
36.0973116666667	1719846907.94531
36.1269116666667	1673270260.51563
36.155445	1495158408.5625
36.1827233333333	1580204683.375
36.210915	1528549006.08984
36.239665	1585749246.83984
36.2678333333333	1513192015.19531
36.29576	1785667338.58594
36.3233583333333	1554025901.60547
36.35082	1606658729.61719
36.3775183333333	1538266114.05469
36.4063933333333	1675870311.64063
36.436365	1503005876.35547
36.4652283333333	1588407788.51953
36.4919416666667	1686955614.30469
36.5196966666667	1942198865.5
36.54597	1632382335.75391
36.5730283333333	1741929605.56641
36.6008966666667	2009900585.16406
36.6281833333333	2052371990.42969
36.6567733333333	2048918949.89844
36.68457	1925119374.76953
36.712155	1812595875.55078
36.7402166666667	2143317273.01563
36.7691966666667	1898258556.23828
36.7967566666667	1724777682.66406
36.82351	1969826304.55469
36.8526683333333	2095169160.38281
36.8816816666667	2023651314.77344
36.9100683333333	1979511312.05469
36.93789	2006918458.29688
36.9676966666667	1830972625.36328
36.99657	1853446334.34375
37.0239266666667	1773195067.29688
37.0516383333333	1958478630.88281
37.0820066666667	2172727185.24219
37.110435	1730013308.52344
37.1385583333333	1751898046.10938
37.1667366666667	1865593689.40625
37.1957633333333	1701592422.72656
37.223175	1673912192.23828
37.2511916666667	1698401920.06641
37.2801683333333	1914338690.76953
37.3094866666667	1743776056.70703
37.3393666666667	1868308689.30469
37.3689333333333	1930862083.41016
37.3970716666667	1830070926.91016
37.4260833333333	1482806567.01563
37.4548466666667	1581213581.14063
37.4832383333333	1555536913.78516
37.5126183333333	1573403597.50391
37.5407716666667	1751285646.59766
37.5690166666667	1695532527.79688
37.5959783333333	1643610377.31641
37.6255266666667	1688758926.33984
37.6540116666667	1502634983.31641
37.683105	1569441845.38672
37.7120033333333	1446708236.46094
37.7420166666667	1508009484.64063
37.7692583333333	1540712244.48047
37.79701	1734476587.75781
37.8228	1582113896.91797
37.8512783333333	1655273282.53906
37.880445	1681097343.82422
37.907925	1599708682.89063
37.93555	1903702365.89844
37.96327	1823904385.89063
37.98992	1552707340.16797
38.0177733333333	1586524123.47656
38.0445716666667	1582435071.41406
38.07219	1588265844.39453
38.09999	1406369040.09375
38.1282933333333	1444694058.78125
38.1560183333333	1465221762.79688
38.18371	1408501247.94141
38.21315	1510454097.41016
38.24048	1646082233.05859
38.2681183333333	1577393411.57813
38.2952383333333	1577249162.95313
38.3224716666667	1528800457.32031
38.348965	1602583567.48438
38.3770033333333	1568397653.28906
38.4031216666667	1622883032.625
38.4311016666667	1586610472.19531
38.459695	1458007055.10938
38.4891916666667	1536915783.00391
38.5170983333333	1597559188.23438
38.545485	1606419287.64453
38.5727983333333	1681834841.12891
38.6004366666667	1625092195.92578
38.6283666666667	1443066971.48047
38.6560866666667	1695340098.60547
38.6851333333333	1627093885.39844
38.7144883333333	1650589522.94141
38.743405	1481691915.36719
38.77028	1720563158.11328
38.79661	1490817211.38672
38.8251	1416380271.71094
38.85173	1545091641.11328
38.8797083333333	1632662000.95703
38.90585	1465118126.03516
38.934555	1587685444.49219
38.961965	1629393803.05078
38.9893766666667	1641262926.59766
39.016845	1761401229.23047
39.0447816666667	1662799734.65625
39.0718833333333	1696850582.78906
39.1004	1885691377.25781
39.127745	2101086674.27344
39.15478	1843220629.32031
39.18242	1828077696.16016
39.21127	2173093365.14063
39.2401566666667	2119819718.04688
39.2689833333333	1957355914.76563
39.29714	2007245968.79688
39.3265916666667	1999169958.82031
39.355215	1858123703.48828
39.3830966666667	2091230270.75781
39.4103	1773621916.38281
39.4384683333333	1723639811.72266
39.4650233333333	1767070127.59375
39.49359	1665154412.71094
39.5221566666667	1687512127.13281
39.54984	1682213676.84766
39.5763316666667	1699614881.125
39.603535	1693691064.79688
39.6313416666667	1700007033.92969
39.659965	1622685119.63672
39.6871366666667	1903492167.14063
39.7139233333333	1736228363.94922
39.74164	1893356511.67188
39.7700333333333	1865864074.38281
39.7971266666667	1914239056.69531
39.8256	1911694304.34375
39.8525766666667	1769531897.36719
39.88073	1659569600.96094
39.909405	1885042739.01172
39.9385216666667	1627130794.55859
39.967	1806505024.13281
39.995805	1573627070.92578
40.0238983333333	1519715806.99609
40.05245	1686603747.63281
40.0789483333333	1564788843.09766
40.1089616666667	1515236488.12891
40.13697	1482050943.01172
40.16407	1499535003.75781
40.1920766666667	1495751507.60156
40.22049	1403279873.11328
40.2475566666667	1467726360.31641
40.27393	1657948341.94141
40.3003916666667	1497227250.45703
40.32902	1527639045.47266
40.357525	1596126247.4375
40.384945	1434686018.17188
40.414005	1552931001.98438
40.4425416666667	1605164112.51563
40.4692766666667	1714075093.34375
40.4973616666667	1558821113.59375
40.5235033333333	1756372577.39844
40.55023	1719088032.04297
40.5773	1712269112.73047
40.60504	1758245695.60156
40.6329683333333	1615719045.98828
40.6614966666667	1825356841.58203
40.6903	1492708972.21484
40.7196733333333	1803936690.17188
40.7480066666667	1671413137.70703
40.7761883333333	1578792964.16406
40.8049683333333	1655829879.32031
40.8330566666667	1726184154.14453
40.86238	1647494516.94922
40.89194	1668226365.53516
40.9206083333333	1452904315.66016
40.9487016666667	1565425678.03906
40.9757866666667	1604356746.34766
41.0034883333333	1467124540.57813
41.032695	1686140880.69141
41.060635	1645374092.07422
41.0871666666667	1909059946.04297
41.1144533333333	1710254998.21094
41.1437016666667	1590219329.94531
41.17101	1755678581.79297
41.1999416666667	1720208285.32031
41.22784	1760490398.88672
41.2550483333333	1849410586.66406
41.2830483333333	1726373617.17969
41.3116516666667	1748564461.17188
41.3407883333333	1869160008.24219
41.3692333333333	1777054811.25
41.3967916666667	1928105337.57813
41.425495	1752491359.13281
41.4539816666667	1821332345.62109
41.4815816666667	1739069538.94141
41.510765	1561031876.59375
41.5390666666667	1670765514.32422
41.566615	1641504815.71094
41.5958716666667	1456690796.89844
41.62173	1425087456.04297
41.6505366666667	1389773947.91797
41.6789583333333	1593904048.51953
41.706595	1422984854.48828
41.7344916666667	1467752847.52344
41.7612933333333	1632166722.97266
41.78903	1478154125.91406
41.8166183333333	1384005661.20703
41.844005	1524994189.39063
41.8709033333333	1560940570.86719
41.8988316666667	1447946665.87891
41.9281083333333	1437959167.19141
41.9553983333333	1581304290.19531
41.9828716666667	1387269975.51953
42.010815	1384186576.17969
42.0390566666667	1619201195.04688
42.066485	1390348704.93359
42.0949016666667	1364849339.29688
42.1241633333333	1354380384.40234
42.15274	1428295430.97656
42.1808116666667	1381950153.72266
42.2098716666667	1490993414.08594
42.238055	1565889369.39844
42.267295	1463143643.94141
42.2950983333333	1476853177.4375
42.3238133333333	1474590113.65625
42.350685	1504267608.49219
42.3798566666667	1494809174.32031
42.4083533333333	1508038020.51953
42.43691	1530070401.51953
42.4646283333333	1294896571.80859
42.49251	1359886506.47266
42.5204533333333	1527456958.03906
42.5474	1521112332.64844
42.574695	1667859181.48438
42.6025583333333	1609344315.62891
42.62933	1730514236.34766
42.6560566666667	1716617180.03516
42.6845966666667	1758098077.30078
42.7118516666667	1838698434.17969
42.7399066666667	1790518460.32422
42.7684416666667	1745159249.60547
42.7957533333333	1661479356.01953
42.825115	1705953992.44531
42.8528816666667	1596012719.1875
42.8816166666667	1779246203.62891
42.9090133333333	1676447207.09375
42.9378816666667	1690747545.32031
42.9647433333333	1611852132.30859
42.9919366666667	1647040937.23047
43.02107	1827547673.19141
43.0492983333333	1643473693.08984
43.0757183333333	1656204848.82422
43.1024483333333	1711300964.42188
43.130125	1844088500.37891
43.1583316666667	1792826026.08594
43.1874	1891267839.07813
43.2148466666667	1701621575.80469
43.24112	1854258951.38281
43.26794	1796425455.55078
43.296055	1812195561.65234
43.32537	1698404447.92578
43.3529516666667	1824594006.32422
43.3824716666667	1788030257.60938
43.4116183333333	1769682265.19531
43.4408216666667	1709916189.90234
43.4712733333333	1720933270.12109
43.4993083333333	1634625754.01172
43.5273433333333	1738255906.79297
43.5555766666667	1592712296.07031
43.5842466666667	1620863559.85156
43.612515	1496194270.48438
43.6410233333333	1550018034.9375
43.6685433333333	1437104707.05859
43.6962333333333	1682794329.26953
43.7248	1561513956.79688
43.75323	1309653917.64063
43.78326	1273185028.92969
43.812675	1358640006.57813
43.8421183333333	1415004109.48828
43.8712183333333	1510000402.44922
43.9010033333333	1397571632.56641
43.9303533333333	1547061366.82422
43.9585066666667	1394070391.11719
43.987445	1443097180.30859
44.0165533333333	1558704517.23828
44.0433316666667	1400854480.34375
44.0724166666667	1472036417.06641
44.1003433333333	1449623924.51953
44.128855	1417318041.8125
44.1581133333333	1499376531.53516
44.1862133333333	1666839295.03906
44.21269	1640354674.70703
44.24014	1630387193.91797
44.267055	1710625967.84375
44.296745	1743428703.76953
44.3252033333333	1932191374.61719
44.3530333333333	1821902128.84375
44.38134	1886478677.41406
44.4082083333333	2114010557.78125
44.4362483333333	2080916643.41406
44.46437	1908056088.01172
44.4929933333333	2028553200.28906
44.5215916666667	2001199341
44.5498083333333	1926719647.61719
44.5780983333333	1909991327.16797
44.6076416666667	1824663872.28516
44.6368133333333	1622917544.94141
44.6655333333333	1675118636.41797
44.6934116666667	1516737987.71094
44.7225283333333	1699377922.22266
44.751235	1541896152.24609
44.77977	1910881667.78906
44.8091383333333	1554917335.14453
44.83827	1633291785.14844
44.8677266666667	1661384817.59766
44.8973883333333	1733353832.35156
44.9270216666667	1738391473.71875
44.955765	1777239379.16016
44.9830533333333	1617771701.08984
45.0119116666667	1668072865.44531
45.0405033333333	1771865912.64453
45.0684466666667	1568364007.50781
45.0960066666667	1662402200.52734
45.1248283333333	1594809432.13281
45.15426	1616792491.67969
45.1830666666667	1600922398.62891
45.2121333333333	1737061882.6875
45.2404883333333	1710722575.72266
45.26862	1626353854.53125
45.2974866666667	1803524619.08203
45.3261066666667	1662485016.36719
45.35604	1531497642.66797
45.3864983333333	1742990098.59375
45.415785	1531233086.08594
45.44353	1553717655.12891
45.4712283333333	1737158047.0625
45.4996433333333	1746059286.88281
45.528535	1640384380.52734
45.5558766666667	1641340606.69922
45.5835116666667	1573276528.24609
45.6128766666667	1451675516.125
45.6415633333333	1393636146.63281
45.670455	1575460345.91016
45.6967233333333	1451534622.82422
45.7239366666667	1599652739.65234
45.7516416666667	1612296600.79297
45.7790583333333	1603145179.15234
45.8071383333333	1475524641.66406
45.8368583333333	1486147473.08594
45.8668716666667	1343317614.17578
45.895835	1283932101.26953
45.9266416666667	1134642327.97266
45.9563066666667	1290856090.21484
45.98603	1313716253.29688
46.0163916666667	1139735376.87109
46.045805	1166227172.63281
46.07523	1054064091.33203
46.10327	1066107607.38281
46.13264	1114479663.25
46.1610016666667	966877195.976563
46.1909266666667	1118924972.38281
46.2201033333333	1194786906.21484
46.24909	1089996631.87109
46.2790966666667	1490672212.10547
46.30851	1267685736.32031
46.336475	1082752400.98828
46.3652066666667	1210283569.21094
46.3934183333333	1309306707.76953
46.42183	1301063207.26953
46.45004	1184462287.85156
46.47862	1453937122.89063
46.5059416666667	1325322828.65234
46.5344783333333	1466124417.36328
46.5631516666667	1627202230.82813
46.5913566666667	1640477918.27734
46.619855	1539484553.55469
46.6489316666667	1613136669.08203
46.676145	1657707274.11719
46.7046033333333	1533973179.36719
46.73252	1586312591.98828
46.7608916666667	1800800165.76563
46.790705	1557410548.87109
46.819855	1656373669.75
46.8481466666667	1575430685.13281
46.8758316666667	1609071797.96484
46.90472	1772806395.91797
46.934	1699087512.15234
46.9645066666667	1610134149.37891
46.99377	1546777493.57031
47.0215383333333	2001111181.49609
47.0487033333333	1714473206.94922
47.0777333333333	1420390041.88672
47.1063783333333	1512565598.16406
47.1357283333333	1384136326.64063
47.1638783333333	1440082227.82813
47.1939283333333	1311276486.91406
47.2224316666667	1454179947.24219
47.25144	1354326263.40625
47.2809483333333	1418466940.67188
47.30926	1423195603.86719
47.3395716666667	1218221167.98438
47.36865	1310258288.21094
47.3976816666667	1265879796.26172
47.42732	1265311498.27734
47.4552966666667	1233653344.23828
47.4837266666667	1203442914.84375
47.5123916666667	1125093934.00391
47.54111	1445769426.71875
47.569965	1249989911.26953
47.5979333333333	1278952238.26563
47.6257283333333	1214513154.41797
47.6531616666667	1364094742.87891
47.681995	1388996777.73047
47.71071	1475740623.75
47.7379333333333	1359617452.76563
47.763615	1424106084.03906
47.7915116666667	1600588944.75
47.8205816666667	1392956882.80469
47.848995	1571150737.94531
47.876375	1564013338.22266
47.9029133333333	1563896352.49219
47.9299983333333	1783569834.08594
47.958925	1813808769.05859
47.9872333333333	1613303461.06641
48.0154483333333	1709303525.32031
48.0453666666667	1500605345.375
48.074305	1557639098.45703
48.1037083333333	1722645380.86328
48.1328116666667	1591061732.76172
48.1614466666667	1440260531.71875
48.18931	1447774298.71875
48.2172083333333	1342434684.63281
48.2472533333333	1281996331.26172
48.2758666666667	1328665314.04297
48.30639	1142142962.94531
48.336545	1241077903.39453
48.3664133333333	1159755014.64063
48.3954366666667	1234763943.46094
48.4245216666667	1382708525.5625
48.45301	1211860677.11719
48.4818983333333	1247945330.89453
48.5120183333333	1241948341.5
48.5412183333333	1318820953.72656
48.56954	1466614157.23438
48.5979566666667	1329709193.69531
48.6276033333333	1349571812.08984
48.6560866666667	1375856683.62891
48.6854866666667	1596662986.41406
48.7151533333333	1648029444.07813
48.7447566666667	1462074315.18359
48.7731416666667	1448771560.35547
48.7997316666667	1592286304.63672
48.8295516666667	1587145741.25391
48.8584183333333	1448613297.67969
48.88633	1687136983.08203
48.9163883333333	1642841169.15234
48.9444866666667	1564962388.28125
48.9736133333333	1554317297.92188
49.00162	1598809586.45703
49.0298516666667	1444526923.8125
49.0587983333333	1560257492.75391
49.0869583333333	1413922037.21875
49.1164316666667	1329920336.26953
49.1451433333333	1388951385.80859
49.174825	1353324184.24219
49.2034866666667	1294103259.99609
49.232935	1197588279.70703
49.2629416666667	1222077766.30469
49.2911933333333	1188335645.39063
49.32176	1044512668.00391
49.3510483333333	1260206302.9375
49.3812216666667	1160468938.52734
49.410875	1212490791.27734
49.44051	1187901945.08984
49.4689883333333	1188704723.05859
49.4981083333333	1164029773.99219
49.5259583333333	1121043318.88281
49.554465	1090257842.61719
49.5834533333333	1126860276.90234
49.6126233333333	1141925587.26172
49.6429183333333	1081902995.87891
49.6708283333333	1052933951.03125
49.6993466666667	1186330360.57422
49.72822	1244406290.84766
49.755605	1249236462.85938
49.783675	1225471996.27734
49.8122716666667	1238812121.20313
49.84085	1256293615.53906
49.8693666666667	1309438014.51953
49.89787	1352123021.65234
49.9269133333333	1329255057.72266
49.9563733333333	1381690437.625
49.9861366666667	1248854347.39063
50.0154416666667	1367969600.05859
50.0447616666667	1256992674.38672
50.07409	1387494133.51172
50.1038	1296406740.17578
50.1308816666667	1344512297.55859
50.1597966666667	1197429613.21484
50.18821	1204977900.51563
50.2171183333333	1193473329.86328
50.2473666666667	1186379880.91016
50.2779	1306549478.52734
50.3078116666667	1213130187.32813
50.335375	1230167921.44141
50.3652983333333	1209407196.76953
50.3943616666667	1201714039.33594
50.42445	1232456637.60938
50.45282	1100427783.03516
50.4813716666667	1064576722.83203
50.5099033333333	1117777515.38672
50.5392766666667	1177170462.23047
50.5668016666667	1118893612.76563
50.595625	1052238170.40625
50.6234366666667	1071680968.34375
50.6505116666667	1111949329.70703
50.6788983333333	1118914261.80469
50.7074916666667	1164866362.29297
50.7358733333333	1154011672.375
50.7643116666667	1072076962.44922
50.7920483333333	1206226660.71875
50.8198633333333	1153724911.08594
50.84972	1180286636.82422
50.8791016666667	1135923789.44141
50.9085766666667	1337957226.19531
50.9382116666667	1130070379.16406
50.9663583333333	1202108264.41406
50.9953183333333	1074481103.38281
51.0229733333333	1200513732.20313
51.05087	1048872179.62109
51.080865	1252881221.86328
51.10995	1311439976.96094
51.1387766666667	1382578232.98828
51.16802	1213437938.91016
51.1967033333333	1269781973.67578
51.2241833333333	1349942814.95313
51.2532466666667	1190044791.21875
51.281725	1065780583.61328
51.3098816666667	1327539031.05859
51.3388566666667	1431548489.66406
51.3668566666667	1160514806.23828
51.39667	1327589247.54297
51.42508	1293506638.01563
51.4538316666667	1351348763.19141
51.4828666666667	1462962219.92578
51.5115333333333	1367754034.15234
51.5404983333333	1368420703.85938
51.5698683333333	1405651613.94531
51.59909	1317135957.68359
51.6275383333333	1346320744.53906
51.6549733333333	1439915804.91016
51.6831516666667	1417248084.21094
51.7107583333333	1360744604.35938
51.7392933333333	1228362864.5
51.7683016666667	1259157269.83594
51.7968783333333	1231059814.67969
51.8261633333333	1189198637.92188
51.8551516666667	1441548690.39844
51.8835466666667	1248714917.00391
51.9119416666667	1264252228.25781
51.940585	1244261237.76563
51.9696866666667	1191770662.79297
51.9970833333333	1179963682.95313
52.0262816666667	1130878331.77344
52.057225	1219827468.86328
52.086305	1234222603.73828
52.1153466666667	1219482689.55078
52.1440366666667	1180709993.37891
52.1725766666667	1238932035.89453
52.2018066666667	1037700633.15234
52.23105	1125149564.5
52.2609866666667	1105593849.8125
52.291045	1205133886.11719
52.320175	1114548962.51172
52.34948	920056718.412109
52.379345	1010305622.30273
52.408185	960839478.806641
52.43843	1036377243.04688
52.4668816666667	932934615.626953
52.4948783333333	960163752.416016
52.5240933333333	929962275.810547
52.5534383333333	864300217.244141
52.5828766666667	906187809.167969
52.61266	1039715911.13672
52.6414566666667	911902718.449219
52.6708266666667	984933629.609375
52.6993583333333	915423273.208984
52.7283766666667	1104873424.5625
52.75608	1048646424.82031
52.78566	1196079264.44141
52.8142766666667	1114349612.03516
52.8424166666667	1231688073.69922
52.8710683333333	1128364810.60938
52.8998966666667	1155407123.18164
52.9295183333333	1068121383.44336
52.9573966666667	1078823510.73633
52.9856116666667	1070214555.86523
53.0159316666667	1015302266.67383
53.0458516666667	955520539.863281
53.0750116666667	1065750284.6875
53.1059566666667	921321160.703125
53.1358133333333	919599516.339844
53.1669166666667	1013444785.21875
53.1966033333333	1096368299.30469
53.2254716666667	771862506.560547
53.2561366666667	1109045920.02344
53.2861916666667	969709182.707031
53.31634	889365369.410156
53.34716	1069129357.33008
53.378235	892091557.449219
53.40971	1066478435.72656
53.4389816666667	978609416.861328
53.4691516666667	979410743.652344
53.4999466666667	960578692.253906
53.5306833333333	784323827.232422
53.55996	969276625.382813
53.5893316666667	768503415.900391
53.6190683333333	979178590.769531
53.64862	831984120.707031
53.6783516666667	968746561.523438
53.7081916666667	889790558.060547
53.738005	999406649.535156
53.7676816666667	1080218709.90234
53.795465	1128377745.48633
53.8256416666667	1052929767.17188
53.8546366666667	1335211754.67188
53.8828666666667	1128508821.91016
53.9123566666667	1085473698.89063
53.9408733333333	1090439247.92969
53.9696133333333	1118641511.43359
53.9985883333333	1096602479.38281
54.0295116666667	1212619278.83594
54.0585133333333	1372560391
54.0888166666667	1108630112.11328
54.1196616666667	1087778723.83203
54.15018	1024797299.92188
54.179615	1017187531.94727
54.2081583333333	1102881209.21484
54.2374516666667	1033186366.09375
54.2657166666667	903585787.714844
54.2933416666667	1089693194.98633
54.3234333333333	983603831.443359
54.3536466666667	1146446353.63672
54.38187	836043042.125
54.4124	1085637462.59375
54.442175	1024733461.83398
54.4708866666667	1021326530.43945
54.50073	1049737252.39453
54.5301966666667	1011945928.57422
54.55976	854822069.835938
54.5902333333333	1104784182.54688
54.6189316666667	775247942.824219
54.6485033333333	1039530379.21484
54.6770716666667	829582675.884766
54.7055283333333	1001112325.70313
54.7351366666667	743598219.394531
54.7656033333333	1044661033.82031
54.7954016666667	819398323.152344
54.8251983333333	1004616801.36133
54.8546216666667	851841000.574219
54.884055	1092289874.23242
54.9139883333333	772144864.373047
54.9435	1024679444.04688
54.9733616666667	939310419.220703
55.0029633333333	970221382.488281
55.033285	867968424.765625
55.0640016666667	1062526409.74023
55.0935883333333	907592622.205078
55.1238333333333	836256560.828125
55.1546016666667	1000019673.10352
55.1844933333333	953870497.632813
55.2149483333333	899972008.785156
55.24487	806037356.896484
55.273975	882678086.347656
55.3032916666667	820061177.074219
55.3323833333333	731499878.621094
55.3619733333333	805043514.197266
55.39138	720292129.175781
55.4213133333333	906208856.332031
55.4512683333333	842487608.271484
55.481025	862170538.330078
55.5095916666667	811610672.5625
55.539865	1013026931.70313
55.5685	1118068037.5293
55.59759	876281980.839844
55.6277466666667	952260553.103516
55.6584233333333	1080565854.06641
55.6885833333333	1008104990.54297
55.71702	982664570.25
55.746885	953430440.433594
55.7754783333333	1113020324.55859
55.8043916666667	964222549.849609
55.834015	1004762425.29102
55.8627233333333	1011209820.33789
55.8917133333333	1280606935.67188
55.9189233333333	878240717.755859
55.9493116666667	932745968.851563
55.9795666666667	962138755.648438
56.0090416666667	780291658.195313
56.0372416666667	954938595.300781
56.0658433333333	906040939.996094
56.0959266666667	1022533917.75195
56.1243766666667	951973417.96875
56.1530666666667	1009440199.5957
56.18278	907701899.169922
56.2127983333333	921074730.958984
56.2433816666667	909581262.15625
56.2721283333333	875358266.986328
56.3019233333333	910708025.269531
56.3322616666667	964369737.681641
56.363145	954939947.667969
56.393285	830078389.380859
56.42313	943782388.220703
56.4532016666667	896981471.994141
56.482975	837315776.238281
56.5136116666667	926625922.574219
56.5428383333333	801430961.181641
56.5714033333333	929008096.181641
56.6010283333333	899471254.876953
56.6304716666667	872089714.589844
56.660935	963378499.863281
56.6907033333333	925718486.169922
56.7191433333333	833349103.308594
56.749075	859965008.324219
56.7791333333333	1020849086.02344
56.808365	772768063.492188
56.8377733333333	878304935.318359
56.8667883333333	711007753.175781
56.8962683333333	867169315.181641
56.9253083333333	865238784.074219
56.954735	745362431.878906
56.9839333333333	967154240.570313
57.01388	900738253.283203
57.0438516666667	885149988.304688
57.0733183333333	950580372.896484
57.10201	905164599.675781
57.1306166666667	953774081.523438
57.1605133333333	861771463.123047
57.1889433333333	1038499153.56055
57.21872	750448815.259766
57.247195	1109387873.84375
57.2755316666667	809927854.5625
57.304575	1185150049.27734
57.33441	850999490.966797
57.3638416666667	745844764.472656
57.3939033333333	936011065.613281
57.42289	736920908.712891
57.4516466666667	827998105.783203
57.4816	744232603.414063
57.5108466666667	826888288.228516
57.54043	817328217.804688
57.5699716666667	920570742.824219
57.5990133333333	607445049.302734
57.6294866666667	973491242.429688
57.6585816666667	657354909.322266
57.6878983333333	860900526.529297
57.717275	583688222.982422
57.7474766666667	801891731.501953
57.77701	567130219.3125
57.8075083333333	689749221.773438
57.8386566666667	704498996.75
57.869655	556815671.078125
57.9003616666667	634758370.990234
57.9293816666667	606521873.501953
57.95962	717434236.896484
57.9896683333333	648012569.988281
58.0197916666667	742241268.359375
58.0498566666667	801051202.433594
58.0796983333333	722104562.433594
58.1088166666667	961245262.056641
58.1392083333333	917224573.691406
58.168875	1053976442.33984
58.1990083333333	998712755.988281
58.2293266666667	1178873923.81836
58.2581633333333	1033112670.04492
58.28785	1210696034.71875
58.3156383333333	1038291027.12695
58.3454433333333	1109731415.47852
58.3764416666667	927421609.574219
58.4080283333333	1140298265
58.437415	1103464064.48438
58.4676	963395663.753906
58.4977366666667	1004121478.5625
58.52782	1141323781.00195
58.5574333333333	972522884.074219
58.5877366666667	1102334822.94336
58.617795	682585998.044922
58.6491616666667	856376166.966797
58.6790816666667	730535142.730469
58.7101683333333	885419071.433594
58.739775	725945441.914063
58.769745	924646041.541016
58.7992166666667	711429480.634766
58.829125	813523591.871094
58.85868	664747866.646484
58.8884016666667	726863541.472656
58.9169583333333	913515536.849609
58.9454733333333	670679196.398438
58.97482	655831001.607422
59.0043683333333	787418686.083984
59.03391	714677958.318359
59.063115	839057103.041016
59.091815	800823917.582031
59.1215416666667	833844671.029297
59.1510383333333	663246151.902344
59.1801266666667	843632695.455078
59.20975	630349470.982422
59.2401633333333	934015810.404297
59.2699516666667	711989290.550781
59.2991883333333	880689231.947266
59.3298933333333	602254279.255859
59.359685	820855881.660156
59.3890216666667	558211445.568359
59.419755	663412762.623047
59.449205	717079973.375
59.4772233333333	652203194.082031
59.50601	730855396.154297
59.5352433333333	840193760.136719
59.5645483333333	605214348.521484
59.5933666666667	861244830.84375
59.6240033333333	835870194.052734
59.6538683333333	811630875.720703
59.6846583333333	811304358.154297
59.7155716666667	750876005.949219
59.7465216666667	722973464.962891
59.77685	853399591.605469
59.80696	680776053.59375
59.8364516666667	888239300.148438
59.8657766666667	727358132.589844
59.894335	1106190234.53906
59.9236683333333	599502478.660156
59.9551783333333	1011813362.2793
59.98571	644611364.216797
60.016545	1004756845.41016
60.045445	676702173.974609
60.0743216666667	959652348.375
60.1023383333333	709607515.712891
60.1318833333333	927583980.28125
60.1619083333333	822548274.832031
60.1907233333333	1108855988.45703
60.2198116666667	712628947.693359
60.249795	1106418668.00977
60.2793483333333	771212670.708984
60.3100916666667	948078811.400391
60.3388083333333	879354401.755859
60.3688533333333	861300287.289063
60.3982516666667	780878982.126953
60.4289883333333	781523932.402344
60.4588	786153978.921875
60.48912	843699466.203125
60.5178883333333	784425706.976563
60.5485116666667	951575191.058594
60.5782466666667	798403107.957031
60.6066583333333	954561088.167969
60.6365766666667	955997734.496094
60.6662166666667	804297603.882813
60.6956333333333	838692996.380859
60.7264783333333	932051589.876953
60.757685	805295469.347656
60.78823	860189593.84375
60.8176666666667	672513152.849609
60.8486866666667	996402944.919922
60.8780016666667	825570185.558594
60.9069416666667	768627740.542969
60.9370833333333	817019736.701172
60.966105	674152004.410156
60.9965283333333	774739279.529297
61.0258566666667	668870138.748047
61.0579116666667	799945559.130859
61.087775	645905912.201172
61.1186	847532824.980469
61.1479683333333	665789569.923828
61.1793466666667	803324981
61.2095466666667	624344654.207031
61.2409016666667	912023589.714844
61.2707533333333	605227444.34668
61.3006283333333	668627707.304688
61.3301	615433039.191406
61.3608633333333	886010652.568359
61.390495	679105369.513672
61.4199716666667	847955678.011719
61.4499366666667	662474105.283203
61.4798216666667	868648158.880859
61.510615	696443097.84375
61.541375	834972501.548828
61.5722283333333	603614060.960938
61.60342	784507408.738281
61.63357	644612340.580078
61.6647383333333	762040575.949219
61.6953766666667	768857108.021484
61.7252833333333	729291385.941406
61.7561683333333	641117617.777344
61.7876516666667	765597207.591797
61.8170416666667	723479685.294922
61.847715	933456327.484375
61.8770766666667	734307635.644531
61.907755	765928579.832031
61.937595	1012136587.32227
61.9677066666667	774927839.910156
61.99768	984622760.064453
62.026725	791120946.488281
62.057025	819612552.339844
62.08816	667693506.138672
62.1195583333333	756451123.455078
62.1511666666667	668317146.117188
62.1820633333333	678227523.648438
62.2125166666667	643607120.693359
62.24221	555454275.15625
62.2730783333333	685483560.392578
62.3042383333333	608882512.390625
62.33575	580000452.714844
62.36721	513959588.675781
62.398705	588866083.169922
62.4295216666667	518306340.645508
62.461045	574086081.173828
62.491535	634138415.333984
62.5213533333333	505887855.47168
62.551405	692237000.138672
62.5813583333333	716668233.574219
62.6106566666667	647984646.423828
62.64089	826011964.771484
62.670865	720241360.148438
62.7002216666667	807886935.376953
62.730215	853973882.355469
62.759855	905576574.605469
62.7903966666667	1041077895.41211
62.820695	874892887.273438
62.8521066666667	1000603999.92188
62.8831833333333	894835068.337891
62.9132183333333	1002377866
62.943775	1047033846.1543
62.9748383333333	971449408.601563
63.0053416666667	896274257.109375
63.0366166666667	886717437.169922
63.0666966666667	734902797.277344
63.09857	863139246.972656
63.1297766666667	622279652.067383
63.160335	956007356.501953
63.190845	509734673.078125
63.2225266666667	744342926.648438
63.2530216666667	477844503.563477
63.2831366666667	707490586.847656
63.313715	470998997.077148
63.34416	589371912.646484
63.3740883333333	518698860.55957
63.404135	565180259.945313
63.4348633333333	533895395.105469
63.464775	584979939.259766
63.4944216666667	572935424.978516
63.5249516666667	648952252.074219
63.5567066666667	546967410.342773
63.586675	611510683.384766
63.6181483333333	545387351.757813
63.64937	709527956.691406
63.6786016666667	550791725.761719
63.7082433333333	729050081.138672
63.7384566666667	682852753.408203
63.76884	654533453.816406
63.7990783333333	734219372.810547
63.8297683333333	683189831.384766
63.8602283333333	848886900.759766
63.8906783333333	499789416.642578
63.9213833333333	768858345.722656
63.95125	630404155.853516
63.9823166666667	623190655.275391
64.014335	647509827.21875
64.045055	618220805.390625
64.07534	509587081.927734
64.1066366666667	526147156.720703
64.1379916666667	575625961.724609
64.1698	494505950.963867
64.2004716666667	574203909.78125
64.2316683333333	407876877.621094
64.2618566666667	565752207.496094
64.292575	453217580.945313
64.3233166666667	493473633.182617
64.35421	574991599.052734
64.38402	543464266.344727
64.4150516666667	540267488.87207
64.4457633333333	428597957.949219
64.4757266666667	641621419.603516
64.5047483333333	500398086.480469
64.5357916666667	579111852.226563
64.5666966666667	560008870.483398
64.59681	667236364.988281
64.62705	550219124.27832
64.6572566666667	836016130.941406
64.6873216666667	592548593.632813
64.717285	844590115.78125
64.747385	647146179.664063
64.7766516666667	1089849489.7168
64.805955	478809244.483398
64.8379666666667	1183357536.80469
64.8675583333333	623131393.270508
64.8987233333333	1139828539.63867
64.9285116666667	559997708.21875
64.9594983333333	990273597.876953
64.9886	663456272.344727
65.0192883333333	668924675.490234
65.0525133333333	693583557.018555
65.08229	858516334.097656
65.112835	855158737.359375
65.1425916666667	907242924.886719
65.1727566666667	1043077960.05664
65.2021033333333	875088864.347656
65.2340316666667	860001474.847656
65.2649866666667	782317194.204102
65.295475	1022840067.95703
65.32666	688901751.991211
65.3580033333333	688693682.955078
65.38935	659511547.152344
65.420185	762130246.204102
65.4523116666667	628222809.693359
65.4834966666667	487533326.861328
65.516725	582065440.693359
65.54746	839733833.771484
65.577365	547836643.676758
65.6076183333333	814744720.201172
65.6377483333333	557169508.543945
65.670225	611316750.517578
65.7018833333333	536126287.753906
65.7324933333333	487993103.203125
65.762875	479900795.448242
65.7944383333333	706295274.02832
65.8236983333333	523899221.884766
65.855515	643076796.0625
65.8869383333333	605558463.267578
65.9182383333333	754088249.115234
65.9497866666667	728205758.271484
65.979515	419122806.345703
66.0115416666667	511594244.625
66.0443066666667	379975914.321777
66.075905	405083110.495117
66.1078866666667	437988914.43457
66.13868	371677334.980957
66.169825	371160541.524414
66.2022183333333	451768411.345703
66.23425	480801989.103516
66.26832	384538943.990234
66.301055	445978764.679688
66.3327583333333	434753950.416016
66.3640333333333	525513776.295898
66.3951383333333	619398040.496094
66.4266866666667	455089690.354492
66.4575983333333	480503224.719727
66.4890933333333	496660594.073242
66.51968	514930696.025391
66.5510533333333	530262535.483398
66.58355	445792660.706055
66.6158366666667	551405885.054688
66.6469966666667	559338430.740234
66.6766233333333	367451248.956055
66.70954	629213942.130859
66.7407566666667	343199689.99707
66.7723433333333	662088984.058594
66.8028383333333	433405099.998047
66.8352516666667	613037744.128906
66.8664333333333	417437575.897461
66.8975033333333	579437110.550781
66.9286016666667	374051704.71582
66.96064	494203737.662109
66.99298	377425196.151367
67.02452	426196874.207031
67.0567333333333	379949853.857422
67.0888416666667	525402174.166016
67.120265	281212753.115723
67.1531616666667	647654343.195313
67.1845916666667	277928382.722656
67.217035	650384389.0625
67.2480783333333	280991073.294922
67.2799066666667	685327924.460938
67.3112283333333	664233517.416016
67.34103	649158030.556641
67.3699283333333	726683871.318359
67.3991116666667	667207988.480469
67.4287733333333	1051256834.90039
67.4590466666667	767518535.710938
67.4908816666667	1105693663.91992
67.5208383333333	1025341439.16797
67.5520466666667	1062349657.67969
67.58141	1053570417.44141
67.61077	1188816002.16016
67.64163	1193084883.9668
67.6717466666667	981509776.636719
67.7030333333333	1270789177.93164
67.733375	1016038552.1543
67.76444	860451701.526367
67.7956	1024305790.32617
67.8273166666667	717628171.901367
67.8583183333333	779687993.768555
67.889395	770128034.09668
67.9219966666667	748636455.285156
67.9543466666667	728471389.762695
67.986455	688091113.035156
68.017755	788413210.333008
68.0503916666667	706201798.258789
68.0821483333333	643125548.472656
68.114665	633952673.107422
68.1465833333333	579296694.954102
68.1790716666667	526450586.555664
68.212225	432343030.560547
68.2450116666667	587453861.746094
68.2763166666667	318001065.411133
68.30838	500432339.626953
68.3390266666667	315488037.418945
68.37152	488767860.117188
68.4028833333333	274605042.926758
68.4348683333333	425716194.291016
68.466925	320697858.383789
68.49919	398474875.5625
68.5314216666667	312997714.935547
68.5626816666667	475305474.674805
68.5940566666667	243994697.191406
68.627305	504546376.085938
68.6597283333333	244063985.927246
68.6918616666667	591519718.007813
68.72263	219553360.469727
68.75601	633894023.273438
68.7871116666667	198482962.214844
68.8197133333333	696519273.103516
68.8505916666667	352294759.167969
68.88192	828257168.251953
68.911535	417576639.869141
68.9425066666667	897597443.583984
68.97299	334396240.151367
69.005635	917156397
69.03744	325092436.847168
69.0732916666667	917022302.742188
69.1047566666667	240558333.114258
69.13778	825665088.429688
69.1695766666667	214158732.321289
69.20371	718601302.697266
69.2358333333333	252286932.734863
69.2692383333333	647728703.794922
69.3006066666667	242157116.668457
69.3326033333333	642129027.839844
69.36325	230947590.853027
69.3941716666667	636812676.763672
69.4243383333333	190599199.858887
69.4575083333333	721658372.400391
69.4883583333333	246190746.538086
69.5204516666667	680532853.908203
69.55021	230265932.481445
69.5814866666667	642904788.894531
69.6120733333333	300592531.894531
69.6439633333333	504394508.302734
69.673415	464099624.186523
69.7038116666667	525582552.875977
69.7339583333333	491681842.205078
69.7649966666667	568889066.163086
69.7949333333333	476773220.025391
69.8268016666667	936729195.011719
69.85638	365262184.262207
69.886385	1005855934.13672
69.916355	478292633.969727
69.9470933333333	1075848698.91406
69.9765283333333	627105051.248047
70.0066533333333	972732829.060547
70.0362833333333	677250205.435547
70.0670166666667	963640072.90625
70.097555	677486140.026367
70.1283033333333	954577234.134766
70.1598966666667	705564478.06543
70.1913716666667	798041353.476563
70.222395	686206656.771484
70.2544333333333	819161353.398438
70.2864816666667	600789975.966797
70.3180033333333	823571354.925781
70.3501416666667	529728841.069336
70.383945	672151592.460938
70.416805	572362916.550781
70.4499016666667	496989089.186523
70.4830283333333	555307856.87793
70.5150183333333	338171562.810547
70.548615	517885484.761719
70.581405	356654439.535156
70.6145033333333	502692615.28125
70.6463133333333	293921899.935547
70.6803316666667	589915673.736328
70.711045	257833184.406738
70.7446833333333	602269580.224609
70.7751816666667	236433617.401855
70.8092833333333	598057016.683594
70.8404166666667	180609842.12207
70.8754216666667	587637550.146484
70.9076966666667	196657563.716797
70.941295	604365720.199219
70.97191	189316190.290527
71.0058366666667	566616901.730469
71.0382083333333	188420157.191895
71.07401	550670604.056641
71.1065266666667	152474752.759033
71.1429816666667	588295979.841797
71.1753066666667	140475559.98584
71.2117183333333	474182580.871094
71.2452816666667	172339289.496582
71.2816766666667	446666670.529297
71.3143616666667	148170766.697021
71.3477533333333	416729585.829102
71.3806816666667	168427800.431152
71.415055	438532654.244141
71.4469466666667	149165530.566895
71.4808366666667	411387635.850586
71.5132683333333	146414844.170898
71.5479633333333	465774899.521484
71.5787416666667	165851113.529297
71.6116583333333	474380386.292969
71.643525	145667439.379883
71.6782683333333	547450395.226563
71.7075933333333	122599895.220947
71.741285	541659025.888672
71.772315	135379701.362793
71.8054	474792522.179688
71.8367883333333	137309091.215576
71.8715816666667	451105130.384766
71.90412	166555657.014648
71.9390416666667	402635951.270508
71.97065	187078505.294922
72.0054583333333	455726208.107422
72.03735	127040830.496338
72.0747716666667	455688876
72.1075866666667	147106163.562256
72.1448816666667	536486652.005859
72.1791416666667	159486506.862061
72.21508	516397075.40625
72.2486116666667	157347414.372803
72.2842916666667	682593184.167969
72.3165983333333	117288488.200684
72.3540666666667	703834758.478516
72.3866516666667	127730246.155518
72.4224733333333	834482993.677734
72.453125	175558779.127441
72.4882716666667	760972357.644531
72.5208	135264959.744385
72.5556966666667	666332297.404297
72.5864466666667	152744031.395996
72.6221716666667	669377811.490234
72.6538433333333	198503106.273438
72.6876433333333	676341661.861328
72.7182233333333	198480376.598633
72.752275	1037255711.35352
72.7829666666667	150181964.253174
72.81691	706884022.945313
72.8484133333333	180250890.474854
72.8840533333333	608957147.095703
72.9159466666667	214379686.564453
72.9498766666667	720828384.105469
72.981055	165506896.511963
73.0152416666667	694170891.671875
73.0481216666667	193511662.617676
73.0837433333333	631895991.607422
73.11638	204952750.61377
73.151285	553907893.378906
73.1850833333333	170251094.818848
73.2206566666667	541750073.136719
73.2528183333333	185884041.385742
73.2860283333333	552970749.4375
73.3188066666667	112748695.640869
73.35804	475092075.201172
73.3915766666667	149548074.157959
73.42865	507936501.484375
73.4612683333333	188619653.927246
73.4943533333333	484113942.285156
73.5260133333333	113367103.984131
73.5609366666667	455925917.808594
73.5931983333333	128421645.524658
73.62844	565296424.162109
73.659155	115351944.503906
73.6941016666667	628666649.449219
73.7259733333333	107467441.485352
73.7602016666667	516749174.625
73.7914916666667	126349700.070557
73.8279333333333	493972230.673828
73.8585633333333	151370447.99585
73.894885	545185630.550781
73.926305	163818121.371582
73.96198	376828707.481445
73.9932833333333	251019434.741699
74.0278166666667	459841393.416016
74.0599366666667	199693652.073242
74.0935383333333	510020668.604492
74.1250383333333	208076672.936523
74.15783	455361696.830078
74.1891283333333	285557110.309082
74.2224066666667	429248768.189453
74.2542383333333	278721096.28418
74.2875583333333	556666414.146484
74.3199	186530693.887695
74.3541183333333	525326164.654297
74.3852066666667	197932286.483398
74.4193966666667	448943582.575195
74.4517766666667	212476273.372559
74.4853166666667	464881174.629883
74.517835	151154128.249023
74.5535766666667	493331866.433594
74.584975	121628510.931885
74.6190583333333	569200459.1875
74.6506183333333	126900496.211426
74.6859233333333	569313054.199219
74.7174566666667	137177241.126221
74.7532233333333	583943690.367188
74.7837783333333	156982082.368164
74.8175933333333	577012201.328125
74.84922	166152295.278076
74.8844133333333	563850306.570313
74.91607	156656493.901855
74.95162	578558138.726563
74.9830583333333	187609328.830566
75.01706	385102080.873047
75.050495	290246533.870117
75.0847316666667	343967806.073242
75.1178966666667	291548255.137695
75.1498733333333	438959498.017578
75.1818916666667	293852302.802246
75.2138483333333	455770922.047852
75.2450383333333	231826523.208008
75.2799516666667	489428781.733398
75.312405	153578584.896729
75.348585	398506034.908203
75.3832616666667	139468767.209717
75.41853	391425807.119141
75.4501666666667	163514493.604248
75.48531	401427674.061523
75.5169716666667	182241318.505371
75.5516466666667	495552778.745117
75.5832733333333	167347973.44165
75.61489	617470073.056641
75.645495	156244077.014648
75.683395	688182002.140625
75.7153116666667	172865138.782227
75.7536916666667	657171400.021484
75.7862416666667	154193976.055664
75.8239183333333	654612601.537109
75.85556	149913122.727783
75.890725	596409644.505859
75.9214183333333	177401435.05957
75.9569316666667	486549374.482422
75.9885216666667	149539759.435547
76.0228866666667	462476274.527344
76.0546616666667	143806056.756348
76.09051	502980381.662109
76.1219566666667	120039291.62207
76.1595866666667	439897139.5625
76.19103	144644331.167969
76.2257833333333	420098530.884766
76.256245	108800475.9021
76.291655	391732124.318359
76.322575	112277395.053223
76.3568516666667	538624522.095703
76.3878933333333	81232968.8580322
76.4255433333333	520788075.962891
76.4567416666667	111603013.776123
76.4931116666667	491134653.521484
76.5236166666667	137283231.619385
76.5599683333333	591065814.662109
76.5910533333333	137289561.383545
76.6271483333333	542402787.380859
76.6592966666667	98703251.7954102
76.6978216666667	483080589.298828
76.729645	102937838.652832
76.7679683333333	452289098.327148
76.7998583333333	101658068.843262
76.8377466666667	341308315.426758
76.8713683333333	96126710.4912109
76.9111816666667	379096118.061523
76.9430583333333	68882845.8868408
76.983345	355117698.216797
77.0153383333333	71866267.7122803
77.0523	347257582.417969
77.0836333333333	117025489.569336
77.119665	407277583.758789
77.1517916666667	109774855.531982
77.1890316666667	484603253.980469
77.2205416666667	152566317.554932
77.254105	533950925.674805
77.2846466666667	198835117.604492
77.319705	604089370.509766
77.351645	163295255.123047
77.3896766666667	768047262.957031
77.421355	160300074.604736
77.459895	834277627.089844
77.491055	163738290.274414
77.527765	781277538.353516
77.5593883333333	161905517.464355
77.5982533333333	784851347.501953
77.6294983333333	135041464.301514
77.6681416666667	826759369.869141
77.698035	111166082.96521
77.7373933333333	720963636.035156
77.76805	127684426.804688
77.8025933333333	564750853.774414
77.8338366666667	228222826.655273
77.8686366666667	332357927.416504
77.9022416666667	255216541.459961
77.938195	394454000.942383
77.97053	277384293.81543
78.00383	462439592.450195
78.0347833333333	244582920.555176
78.0694833333333	467096331.663086
78.1015383333333	299224204.258789
78.1339566666667	496665445.302734
78.1650283333333	347005572.219727
78.1984666666667	498660942.672852
78.2305183333333	341836472.583984
78.263775	393477905.831055
78.2951616666667	375324945.675781
78.3270433333333	355539236.390625
78.3593066666667	432484979.483398
78.39059	431019582.445313
78.42321	716882013.539063
78.45534	213586202.184814
78.4896616666667	1012090437.9707
78.5203816666667	155778109.574951
78.5576683333333	1236924894.40039
78.58821	170145190.385254
78.62615	1214254110.16406
78.6572966666667	212615132.912354
78.695475	1081924766.82031
78.7259666666667	172053793.230225
78.764635	1061939680.22461
78.79631	163223183.354248
78.8335333333333	910241236.753906
78.86469	144356353.955566
78.8998766666667	645276417.859375
78.9313666666667	119150142.209717
78.9693633333333	654556637.683594
79.00086	158285880.466309
79.0377383333333	760109317.181641
79.0677283333333	123458086.955078
79.1058316666667	563513624.291016
79.1367866666667	103089814.619507
79.1766916666667	512014619.488281
79.2088116666667	94936522.5957031
79.2446483333333	449526356.132813
79.2764466666667	67563835.3658447
79.316145	391373947.900391
79.34858	77831781.5454102
79.3868883333333	395635594.161133
79.4179266666667	107427218.724609
79.4539683333333	428544169.793945
79.4849033333333	105683461.046631
79.5202516666667	416088649.394531
79.5528266666667	85364594.1873779
79.59215	333506363.337891
79.6248	94523020.2475586
79.6634016666667	176023986.383789
79.696705	92344592.3415527
79.7338666666667	144295501.650391
79.767435	117117409.210938
79.804775	184318393.309082
79.83831	133467350.692627
79.8759983333333	222365863.431152
79.9071866666667	95426931.2900391
79.94647	338049614.075195
79.9795366666667	58041534.081543
80.021165	316819193.183594
80.0543133333333	77966528.6464844
80.09226	405750097.952148
80.1224183333333	86676518.7628174
80.1607616666667	587673468.673828
80.1914216666667	124408800.065674
80.2286366666667	673798140.453125
80.2582533333333	132443094.867676
80.29454	641388941.849609
80.325195	104321121.08252
80.3630616666667	549445586.314453
80.3936416666667	97309751.8463135
80.4340633333333	451838426.671875
80.4669366666667	46631724.9076538
80.511835	423507664.154297
80.5437183333333	72364797.2056885
80.585455	386825619.803711
80.6175133333333	83073923.7297363
80.6561033333333	335292489.399414
80.68919	86286320.7049561
80.7248416666667	305968963.011719
80.7581066666667	67472440.4549561
80.79689	331822268.254883
80.8285616666667	71258966.4705811
80.867215	441297174.21875
80.8987516666667	84888313.9477539
80.93694	438232985.705078
80.96767	106452076.421143
81.0042583333333	469129260.220703
81.035715	142746117.791016
81.06943	635071811.804688
81.0991983333333	117015494.728149
81.1375666666667	522043806.147461
81.1690033333333	130620786.135986
81.2065066666667	501076039.632813
81.236935	110089969.76001
81.2745133333333	472379545.388672
81.3057016666667	125637482.805176
81.34154	397351436.918945
81.372555	109280875.761963
81.4106983333333	397324781.03418
81.4420016666667	118148189.209961
81.47846	459804151.613281
81.5095083333333	83652335.7453613
81.55101	531346130.599609
81.5823183333333	47357310.659729
81.6262566666667	421195809.307617
81.6559	60240159.0576172
81.69505	374911774.701172
81.7254516666667	72774820.9471436
81.7629483333333	315589485.867188
81.7940416666667	75179869.2763672
81.8287633333333	299768783.230469
81.859935	69859884.7159424
81.8945483333333	311130169.448242
81.9278333333333	68040663.6317139
81.9680816666667	270945148.959961
82.001555	52189671.1867676
82.0457533333333	231547930.196289
82.0782616666667	48151007.9731445
82.11741	267082337.499023
82.1486866666667	45342453.2438965
82.1892366666667	237641503.894043
82.220565	55560668.1026611
82.259825	199175663.197266
82.295105	42169987.6225586
82.33735	214807432.013672
82.37149	41019695.1525879
82.415445	179816586.282715
82.4501966666667	59805217.9760742
82.49162	193826448.913574
82.525285	69647514.6638184
82.5672133333333	198291964.638672
82.6009133333333	58563437.5385742
82.6435533333333	177142765.056641
82.67795	52208264.7805176
82.7221533333333	166507187.279785
82.7559383333333	40306781.7713623
82.7991683333333	139570582.621582
82.833455	48013529.7955322
82.8733416666667	116562670.093262
82.9063083333333	53603952.8203125
82.9448316666667	147243006.472656
82.9806733333333	53510271.3952637
83.0211116666667	113596776.296387
83.0599316666667	69230659.7023926
83.0966366666667	101235469.10083
83.1324233333333	64094879.0130615
83.1729516666667	92278480.7592773
83.2110766666667	56480548.180542
83.2532716666667	100098190.847168
83.28748	44892593.5958252
83.3258266666667	92548026.7756348
83.3613933333333	38822063.5626221
83.4037816666667	119918831.832031
83.4392283333333	44296155.3636475
83.480505	135132688.472656
83.514045	48298639.4608154
83.55731	215897686.569336
83.58947	29653022.5740356
83.6333716666667	136404538.263672
83.6688216666667	41294603.6949463
83.71146	111126536.244629
83.7478433333333	40690832.1021729
83.7920283333333	96768995.5085449
83.8295216666667	41833881.6812744
83.8732283333333	100423255.615723
83.9107483333333	31771852.8084717
83.9519116666667	97534446.8867188
83.98731	31127023.1972656
84.029655	81780979.0632324
84.0670566666667	34029520.7496338
84.1092833333333	80033063.2636719
84.147075	42971014.286499
84.1862533333333	80026853.7929688
84.2268283333333	39554179.7404785
84.2715866666667	89785050.623291
84.308745	36267950.9122314
84.353845	78041215.9907227
84.3916833333333	31549268.4174805
84.4362783333333	63540196.4743652
84.475245	30586402.5350342
84.5181166666667	68705073.2492676
84.5601033333333	26286927.4523315
84.6060333333333	74358405.8840332
84.642995	33642323.2330322
84.6806516666667	95543856.4143066
84.714555	51036085.8666992
84.7559933333333	97069027.1350098
84.793015	46402214.2702637
84.8365233333333	85791085.076416
84.8790583333333	43442799.6503906
84.922385	60407765.9770508
84.9582883333333	39277832.7109375
85.0026083333333	69399801.4836426
85.041885	34195908.0698242
85.08832	75696084.7900391
85.131055	41152037.9549561
85.1713233333333	65004224.387207
85.21345	29472150.6051025
85.2544533333333	57000265.3422852
85.2972433333333	37465427.9862061
85.3344483333333	43943618.1289063
85.3763033333333	40768465.7425537
85.419435	46041380.7370605
85.4631216666667	41899065.8981934
85.5062816666667	36734772.1968994
85.5484666666667	48376090.4450684
85.589955	38172008.6420898
85.6351616666667	38511722.1911621
85.6772233333333	46896934.779541
85.71573	37349246.3221436
85.75702	58641522.012207
85.8006416666667	46335440.6247559
85.8421516666667	63644573.309082
85.882415	53025710.8907471
85.92683	56331519.6558838
85.9688283333333	65936354.1711426
86.006055	50053441.3050537
86.0493633333333	42873533.425415
86.0890383333333	52523535.1524658
86.1315083333333	53586675.4404297
86.1755	42277970.4334717
86.2167883333333	51788785.2043457
86.2623666666667	34528336.7043457
86.302465	41984901.5050049
86.3467083333333	37197249.8703613
86.3832733333333	45447569.4261475
86.4239983333333	28895522.1181641
86.468145	56839297.9360352
86.5101033333333	21548873.5263672
86.55547	52153098.9455566
86.5951316666667	27538384.5610352
86.6409716666667	54316050.9638672
86.6834616666667	26945495.8535156
86.7279416666667	43305790.8483887
86.767995	40231379.5997314
86.8149266666667	33738693.4162598
86.8616583333333	31086674.614502
86.90638	31330201.7427979
86.9530516666667	34998640.0306396
86.9959033333333	29079535.6745605
87.0402033333333	38414901.4824219
87.0828366666667	33675110.6678467
87.12841	47696803.4511719
87.1716433333333	24182387.2070313
87.216405	42167777.3647461
87.2604066666667	40438698.2655029
87.3048066666667	32896604.5150146
87.3457616666667	43422316.894165
87.39129	35231056.6959229
87.4305383333333	46940377.8253174
87.47549	24621558.5696411
87.5183366666667	41936030.7160645
87.56131	32428916.6362305
87.6069033333333	37025589.138916
87.6490783333333	28577643.5739746
87.6960466666667	38601920.8370361
87.7367866666667	31768256.7677002
87.7789316666667	28663315.7202148
87.8260083333333	38493586.2546387
87.8725716666667	33501751.4279785
87.9152416666667	34103259.6844482
87.9618316666667	32356799.1567383
88.004595	35573481.9569092
88.0469666666667	31323974.8283691
88.09437	36789591.2495117
88.135085	29165501.6523438
88.1819683333333	30930804.7390137
88.22507	34886906.0162354
88.2689683333333	25612781.4080811
88.3123233333333	37514941.6967773
88.34945	35410844.932251
88.3959566666667	30385848.3835449
88.4412133333333	41520001.0168457
88.4793866666667	28040018.8294678
88.5229716666667	36510300.2424316
88.5668666666667	26868524.8857422
88.6097416666667	30969559.4874268
88.65412	39505163.038208
88.6970616666667	29351838.979126
88.7422766666667	30127968.8980713
88.78416	32789273.7537842
88.8266783333333	31180817.8121338
88.8718566666667	33464375.3858643
88.9178033333333	31684002.5476074
88.9599483333333	30493293.664917
89.0028083333333	25300540.010498
89.0470866666667	28515594.3787842
89.0894916666667	32093744.8334961
89.136395	23597960.7730713
89.1802266666667	33833955.9533691
89.2252666666667	24310605.7092285
89.2704933333333	30776609.9822998
89.314235	24856862.9610596
89.3575533333333	27883606.2852783
89.397645	29193293.5144043
89.4451	24587030.8248291
89.4904466666667	34679557.668457
89.5299733333333	29735989.5422363
89.5755116666667	31828557.0061035
89.618875	27857741.3049316
89.6635483333333	33701531.7446289
89.7065633333333	35865742.09375
89.749135	29909027.7592773
89.78977	37822997.1765137
89.8368216666667	31083156.3054199
89.8754583333333	38338483.9058838
89.92124	35821381.1494141
89.966205	23127320.5361328
90.0068333333333	39452266.8421631
90.052545	27542868.9671631
90.0966966666667	38791874.0389404
90.138015	25776500.2783203
90.1811566666667	40202279.5622559
90.22202	27423570.855835
90.264385	33300509.7285156
90.3086466666667	27957584.269043
90.355315	25956032.0493164
90.398305	24361595.4857178
90.4386633333333	24390489.2752686
90.4850516666667	27399098.1269531
90.53052	29898262.6606445
90.5708383333333	31915779.838623
90.617505	25487200.7462158
90.6617266666667	35585621.2303467
90.700945	23026068.1781006
90.7458616666667	26563195.6568604
90.792515	25656639.1018066
90.8371416666667	29456307.0616455
90.883	29680197.3618164
90.9234883333333	28765024.7348633
90.970935	25384003.59375
91.0169683333333	36312787.7408447
91.0557116666667	21469707.965332
91.1017383333333	29478609.9824219
91.1458466666667	31516948.2402344
91.18746	20932812.0577393
91.2350216666667	28489608.454834
91.2697133333333	21926866.0288086
91.3146983333333	33529760.321167
91.36013	23328930.1818848
91.40635	24679335.6046143
91.4441933333333	29438535.6257324
91.489455	20979597.1196289
91.537055	27719721.0158691
91.5756816666667	29290735.5325928
91.6205383333333	22192840.3150635
91.6670183333333	34164736.1828613
91.70977	21623995.7188721
91.7488466666667	25096725.6014404
91.7941183333333	25891566.2625732
91.838785	21507223.9226074
91.884215	34566561.960083
91.92993	32431501.9143066
91.97083	24125306.2333984
92.0176233333333	24321418.7310791
92.06356	28511874.6712646
92.104275	30210294.1826172
92.15043	26071294.6000977
92.19342	22857555.383667
92.235845	28575771.147583
92.2823633333333	38498309.2233887
92.3181716666667	21243735.4549561
92.36394	31503775.2047119
92.4088216666667	27978598.8370361
92.4537283333333	21542156.5939941
92.49147	29398123.0830078
92.5373	28073749.5334473
92.5837433333333	26228785.0299072
92.6198033333333	20295953.59729
92.6673233333333	31657406.4147949
92.71243	24872776.3634033
92.7557	24369475.1279297
92.7973033333333	19970211.1099243
92.842215	24968048.8830566
92.8882916666667	22798665.1098633
92.9311416666667	26159057.1484375
92.9756183333333	21120274.3269043
93.0181166666667	24516965.7888184
93.0623816666667	22395011.2877197
93.1076533333333	25145898.4122314
93.1518783333333	21984105.6812744
93.198475	24617161.5640869
93.2401116666667	19712049.9799805
93.2824583333333	22902446.8088379
93.3277016666667	22269268.918457
93.3673366666667	18554900.5842285
93.4114533333333	24923785.5963135
93.4568766666667	21517992.8222656
93.5031083333333	21058624.4989014
93.5426366666667	25873500.1043701
93.5891516666667	23951480.3162842
93.6253716666667	19274459.3609619
93.6708366666667	19002364.6204834
93.71636	22558684.6591797
93.762355	19424432.5939941
93.8062833333333	18100346.1514893
93.8493316666667	20842234.9812012
93.89571	23145239.3190918
93.9380833333333	20956312.2506104
93.9845116666667	21020887.911499
94.0248383333333	25306715.7657471
94.0709733333333	19549007.4375
94.1146616666667	22470192.1730957
94.1578116666667	22049650.4414063
94.2047283333333	19632236.5335693
94.25176	21104725.9431152
94.2883416666667	25558352.0146484
94.33081	31364473.5236816
94.3760033333333	19773977.0194092
94.41255	24317743.5008545
94.4587966666667	19546651.8704834
94.5034066666667	22580990.1442871
94.5483483333333	17334082.1472778
94.5869366666667	24906407.3435059
94.6333933333333	30964057.5483398
94.6691733333333	20579929.6010742
94.7162966666667	18876650.6083984
94.7626083333333	17222653.2409668
94.8078166666667	21675713.9814453
94.8502833333333	23256424.9278564
94.8934583333333	18388003.4372559
94.9381466666667	20398245.3751221
94.98256	22781583.3710938
95.0298516666667	20486146.8757324
95.0707066666667	19807193.6264648
95.1166833333333	18966449.7128906
95.1594216666667	18401876.3000488
95.2037166666667	27179207.0385742
95.250315	18590618.3043213
95.2967483333333	22381581.3760986
95.3320266666667	18738949.6677246
95.3770483333333	19897552.2965088
95.4209666666667	22279717.1975098
95.4585633333333	17542633.5458984
95.50471	24102088.269043
95.546765	26950342.0604248
95.5915566666667	19416844.9677734
95.6306083333333	19050162.0040283
95.6745283333333	21892064.6580811
95.7120733333333	19587088.6046143
95.757815	27160831.769165
95.8025183333333	17652260.3068848
95.8468933333333	21218131.4570313
95.8900133333333	25767411.3272705
95.9327633333333	23339131.0300293
95.9771266666667	19492232.0283203
96.02052	20150052.0010986
96.0674416666667	24827070.2410889
96.10664	18895175.9664307
96.1524283333333	17960274.7142334
96.19541	27324219.9161377
96.2382366666667	19325903.5063477
96.2838333333333	22423622.0571289
96.3291133333333	19325792.4864502
96.36922	18583984.4929199
96.4126716666667	22751907.5635986
96.4547083333333	21397176.7678223
96.4950433333333	21035920.4399414
96.5410433333333	18954238.3197021
96.5831416666667	24789492.5422363
96.62819	20982519.7513428
96.6659666666667	20979153.4536133
96.70843	19903466.7493896
96.75017	21666148.2185059
96.7953566666667	23710608.0874023
96.839075	19157098.9978027
96.8825583333333	27351686.0029297
96.9240133333333	21305350.5898438
96.9673766666667	21733889.5270996
97.0124916666667	29679507.5627441
97.05413	21309069.3905029
97.1002516666667	19763361.5706787
97.1392333333333	19389479.6497803
97.1855083333333	20827057.2053223
97.22893	21844427.8934326
97.273795	22846262.0144043
97.3194966666667	18521393.8762207
97.364445	24570711.802124
97.4041216666667	21837411.4151611
97.4487516666667	20351426.027832
97.4901933333333	21684956.2568359
97.5305933333333	21055648.1262207
97.5746816666667	28097237.9675293
97.6170766666667	20576166.8740234
97.662185	24193282.1309814
97.6975316666667	23616662.2839355
97.7401966666667	23215505.9598389
97.779775	33947888.2612305
97.8224316666667	21409845.2243652
97.8680233333333	29954964.7080078
97.9102	17162725.135498
97.950385	26746945.2969971
97.9922383333333	22218976.0477295
98.03587	28759291.8659668
98.0799333333333	19993149.8209229
98.1242116666667	27131206.0020752
98.163225	27467258.5544434
98.20739	31003519.9838867
98.25067	20861227.6196289
98.29582	21333540.9681396
98.34137	22358133.0931396
98.3870633333333	27857921.8198242
98.4263733333333	20759388.6507568
98.4713016666667	23934314.8353271
98.5159066666667	22827053.7703857
98.55501	23809047.0495605
98.59642	30077242.4342041
98.6351316666667	26465797.8100586
98.6779566666667	31056006.5749512
98.71344	33776459.9450684
98.7539666666667	23949565.9249268
98.7974966666667	26804720.8858643
98.8386233333333	31798101.3891602
98.88135	38012964.1894531
98.922895	20342668.2904053
98.9629733333333	32859960.4526367
