RetentionTime	Intensity
0.0183666666666667	2936231.23693848
0.0449616666666667	2591739.2984314
0.0741883333333333	2261136.02111816
0.102963333333333	2031023.39648438
0.133281666666667	2360717.01397705
0.164641666666667	2603883.0395813
0.196835	1933122.66818237
0.229243333333333	2107295.27603149
0.261126666666667	2319431.8682251
0.293133333333333	2481310.59387207
0.324741666666667	2186632.2467041
0.357381666666667	1987431.33148193
0.38953	2363197.97802734
0.420753333333333	2625250.1774292
0.453235	2797371.06561279
0.486476666666667	3152437.34277344
0.518415	2785926.91384888
0.550338333333333	2147546.81796265
0.58248	2758022.77865601
0.614543333333333	2869033.10269165
0.646241666666667	2197803.56137085
0.678175	2101707.9541626
0.710555	2730232.83053589
0.742365	2652223.24685669
0.77408	2249528.48895264
0.806563333333333	2603046.1050415
0.838938333333333	2221320.68002319
0.871061666666667	2132422.02633667
0.903598333333333	2364951.00326538
0.9364	2439463.92416382
0.968461666666667	2470822.443573
1.00054333333333	2737270.88565063
1.033235	2619593.9246521
1.060945	2595434.86468506
1.09123166666667	2289457.87762451
1.12065	2628581.20773315
1.151065	2228976.13366699
1.18323166666667	2509798.35134888
1.21679333333333	3009153.6975708
1.24839666666667	2218476.39569092
1.28085666666667	2473668.30776978
1.31354833333333	2343420.03378296
1.34514833333333	2321718.0229187
1.37763666666667	2689178.03167725
1.41020833333333	2663570.67648315
1.44226333333333	2656372.80545044
1.47423166666667	2613811.57754517
1.50482333333333	2376389.2322998
1.53666333333333	3187620.58435059
1.56862833333333	2293862.12026978
1.60089666666667	2274041.93621826
1.63280166666667	2171832.30648804
1.66441166666667	2162815.89758301
1.69710333333333	1898788.7918396
1.72897	2386105.08294678
1.76163666666667	2454614.5953064
1.79372	2678615.29141235
1.825515	2652654.95147705
1.85749333333333	2068239.50079346
1.88872333333333	2227766.26022339
1.920965	2371406.13214111
1.95277833333333	2642904.43731689
1.98495	2278489.81796265
2.01716166666667	2695675.0116272
2.04910666666667	2534122.64624023
2.07612	2560585.06515503
2.10616333333333	2799872.78991699
2.13637666666667	2761811.96630859
2.16741166666667	2776482.58166504
2.19820166666667	2623831.9262085
2.22998166666667	2778151.51968384
2.261735	2769049.77661133
2.294275	2700526.96658325
2.32701	2759286.76101685
2.35642	2460042.6109314
2.39028	2853206.09130859
2.42291	2048353.60464478
2.45546666666667	1895387.89474487
2.48295	2188358.11074829
2.51509	2152099.32858276
2.547385	2100074.42324829
2.57953833333333	2478442.68536377
2.61178666666667	2849205.1842041
2.64335	2572236.37808228
2.67597166666667	2138862.17248535
2.70838166666667	1917701.27078247
2.74022666666667	1842095.70098877
2.772085	1987631.08383179
2.80389666666667	1885367.50262451
2.83634	2008594.5413208
2.86913666666667	2177617.50860596
2.90097333333333	2190092.19412231
2.93295166666667	2113642.54092407
2.965535	1664959.73834229
2.99920666666667	1742880.70602417
3.03066166666667	1840191.81608582
3.06269666666667	1927099.60458374
3.09041833333333	2182289.83526611
3.11986166666667	2323017.42883301
3.15108333333333	2543386.16802979
3.18310666666667	2492218.57278442
3.21470166666667	2235618.69711304
3.24701833333333	2477117.76531982
3.27890333333333	1946786.08023071
3.31124666666667	1688403.79124451
3.343395	1887097.0039978
3.37408	1837207.68844604
3.40705333333333	2061312.08410645
3.43863166666667	1977214.8782959
3.47224	1791502.82409668
3.505185	2031961.61105347
3.53705333333333	2230968.26617432
3.56857833333333	2914654.05435181
3.60215166666667	2454480.2388916
3.63349	2591087.59326172
3.66653166666667	2258041.62042236
3.69819833333333	1922892.18066406
3.731285	1836081.25230408
3.76400666666667	1933112.58087158
3.79659666666667	2708457.6545105
3.82847	3115089.25369263
3.85919333333333	2608285.65930176
3.891885	2171917.84771729
3.92467333333333	2161875.69848633
3.95685333333333	2252886.86508179
3.98970166666667	2340059.52050781
4.02303166666667	2150567.51940918
4.05624333333333	2064647.79074097
4.089215	2039840.58718872
4.11861166666667	2076714.45968628
4.14794333333333	2080011.69784546
4.178675	2368644.42074585
4.21113166666667	2330005.31396484
4.24251333333333	2536010.31329346
4.27327833333333	2597653.65893555
4.30502666666667	2624674.65200806
4.33766	2593731.14447021
4.37045666666667	2869509.42807007
4.40143833333333	2306272.90237427
4.43406833333333	2564455.49050903
4.46498166666667	2380808.70883179
4.497685	2309733.46307373
4.53064666666667	2591712.14120483
4.56362166666667	2267134.82424927
4.59648	2242959.88760376
4.62898666666667	2085544.37561035
4.66175666666667	2239997.25039673
4.69472833333333	2218956.92807007
4.72755333333333	2409480.38897705
4.75953166666667	2450607.56652832
4.789765	2443067.27630615
4.82158666666667	2485712.42822266
4.85462833333333	3263585.49536133
4.88632666666667	3167313.73666382
4.91807833333333	3001519.71212769
4.94949833333333	3110138.13601685
4.98177	2776478.20150757
5.014415	2278613.82138062
5.04759166666667	2308317.66748047
5.07898833333333	3191092.21002197
5.11108	2786833.87680054
5.14019166666667	2723818.32629395
5.16997333333333	3310507.39794922
5.19994333333333	2625150.46331787
5.23087333333333	2129262.01385498
5.26337166666667	2327110.95645142
5.29463166666667	2287631.84103394
5.32697333333333	2158310.94338989
5.35989666666667	2221803.12493896
5.392765	2107325.49804688
5.42439166666667	2203726.04907227
5.45691666666667	2112172.30490112
5.48905166666667	2241745.55651855
5.52142333333333	2517364.73199463
5.55330166666667	2241714.71548462
5.58628333333333	2516017.97238159
5.61894166666667	2323260.22341919
5.65167166666667	2027668.68737793
5.68348333333333	2286945.57144165
5.71549666666667	2298898.48040771
5.74784166666667	2087956.13891602
5.78067666666667	2122172.49536133
5.81245	2060691.26089478
5.84505333333333	2450352.1496582
5.87618333333333	2378251.94515991
5.909095	2232257.43005371
5.94129166666667	2295547.70901489
5.973475	2292707.89556885
6.00611666666667	2507876.41867065
6.03844666666667	2308149.00979614
6.06404166666667	2123998.52545166
6.09903166666667	2420661.67739868
6.12736666666667	2378979.51153564
6.15765833333333	2853900.24996948
6.18671666666667	2919689.17053223
6.2162	3540349.82116699
6.24873333333333	3169478.28717041
6.28113	2623532.14373779
6.31245833333333	2651643.78625488
6.343985	3002686.6583252
6.37692333333333	2705599.359375
6.40898333333333	2619849.75216675
6.44038666666667	2231917.50842285
6.47279	2289107.25079346
6.50330166666667	2503544.49725342
6.53531333333333	1947394.76196289
6.56901833333333	2101237.27230835
6.60186666666667	2293660.15100098
6.63433666666667	2535895.84161377
6.66669833333333	2461135.72793579
6.698105	2379003.55554199
6.72973	2262128.08532715
6.763085	2200820.97250366
6.79670666666667	2274836.42495728
6.82833833333333	2374364.54931641
6.86040666666667	2298831.77792358
6.89233166666667	2397954.60583496
6.92461666666667	2401789.57406616
6.95663166666667	2225945.31350708
6.99023	2285665.27236938
7.02106333333333	2496963.78134155
7.05416833333333	2202494.2225647
7.08708	2725143.49093628
7.11870833333333	2355347.90991211
7.151215	2213053.04748535
7.18269	2304938.67245483
7.21200333333333	2415470.94885254
7.240915	3105025.68185425
7.27270833333333	3141933.32019043
7.30535333333333	2449397.39276123
7.33766	2089010.00680542
7.36985166666667	2353894.64056396
7.40289166666667	2431705.37506104
7.43581333333333	2082363.59542847
7.467975	3179279.56027222
7.50079166666667	2716037.52389526
7.53229833333333	2170702.9190979
7.5636	2197791.05938721
7.596755	2402907.84204102
7.63003333333333	2281407.43096924
7.662205	2284310.33810425
7.69329333333333	2226672.13742065
7.72490333333333	2373165.30465698
7.754555	2533301.05718994
7.786675	2271814.52532959
7.81976666666667	2960565.74456787
7.85117166666667	3785067.03216553
7.883745	2029591.93765259
7.91546166666667	2310842.1947937
7.94741	2310061.52420044
7.97863833333333	2410250.36825562
8.01092	2068131.80563354
8.04373	2557941.11837769
8.07474166666667	2411031.1395874
8.10673	2292564.22964478
8.13898166666667	2356124.82568359
8.17195833333333	2043684.20367432
8.20420666666667	2264619.5581665
8.23398166666667	2350103.53387451
8.264035	3283091.87039185
8.29529166666667	2100201.1572876
8.32797166666667	2635083.1651001
8.35992666666667	2523156.51766968
8.39062833333333	2623164.43798828
8.42268666666667	2662480.65054321
8.45503666666667	2132412.08261108
8.48681833333333	2324111.41305542
8.51980666666667	2105286.51367188
8.55270166666667	2370221.89944458
8.58493833333333	3007802.50079346
8.615065	2737660.51947021
8.64724	2737355.81799316
8.67962333333333	2946470.66519165
8.71230833333333	2957346.30014038
8.74364666666667	2528971.88967896
8.77495333333333	2171596.10177612
8.80759166666667	2452489.67355347
8.83999666666667	2238875.06103516
8.87287833333333	2239869.52972412
8.90691	2728298.16204834
8.938755	2908227.46670532
8.97109	3420544.45523071
9.001925	2626423.14004517
9.03528666666667	2719611.49511719
9.066995	2484454.47576904
9.09883	2453839.65905762
9.13017166666667	3114941.92651367
9.16166	2694868.7250061
9.194315	2707453.53567505
9.22644333333333	2779954.58078003
9.25758333333333	2524828.04403687
9.28824666666667	2957282.32803345
9.319205	2610046.49560547
9.35208	2914128.09793091
9.38389166666667	2447377.95111084
9.41612333333333	2398174.66122437
9.44894833333333	2477849.97717285
9.47731333333333	2278060.57199097
9.50872	2854932.30197144
9.54138666666667	2635565.33340454
9.574015	3200726.8302002
9.60438833333333	2902480.31536865
9.63671666666667	2623502.62219238
9.66949666666667	2732383.18405151
9.70146166666667	2802771.23803711
9.73377166666667	2763426.33053589
9.76586666666667	3118886.95755005
9.79775166666667	2705231.62417603
9.82564333333333	3248340.40740967
9.85831	2997028.86669922
9.88989	2961074.01916504
9.922155	2934437.32815552
9.95384166666667	3336025.00457764
9.98639833333333	3194496.82974243
10.0184366666667	3430886.38330078
10.051	3970995.57635498
10.08239	4297505.55291748
10.1134966666667	5337676.13781738
10.1461766666667	6782414.23547363
10.1772666666667	7802194.47436523
10.2093583333333	7996817.28619385
10.2408316666667	13388996.269043
10.2736183333333	16737392.8525391
10.3074583333333	19021881.5305176
10.3414366666667	21607988.0198975
10.375625	23078793.6566162
10.4095383333333	28969956.3209229
10.4442033333333	30097154.4970703
10.4784866666667	26447383.7196045
10.5131716666667	34729672.8120117
10.5486366666667	35055435.1630859
10.583155	36824249.0810547
10.6175616666667	28421112.6357422
10.6515983333333	33094076.9586182
10.6853566666667	30788214.9870605
10.7202683333333	28793802.1914063
10.75556	27156353.9519043
10.79048	26882378.2227783
10.8245466666667	25055153.3515625
10.8590633333333	20894492.19104
10.89367	22045062.3807373
10.9296333333333	23953286.4108887
10.9631483333333	25336653.6245117
10.9978833333333	34598117.6062012
11.0318483333333	31178809.0737305
11.0669066666667	36749960.7799072
11.1021683333333	40889906.9255371
11.13637	39944603.6983643
11.1718766666667	40705666.154541
11.20666	40348912.4116211
11.2415733333333	39128686.0614014
11.27546	38831969.7363281
11.3095516666667	38830812.5057373
11.3435516666667	39669836.8116455
11.376745	52982358.6901855
11.4104266666667	46346213.907959
11.443155	45214195.0618896
11.4758733333333	49787852.5588379
11.5114233333333	47063479.4121094
11.5456166666667	44961987.7072754
11.5811233333333	44905681.4663086
11.6149566666667	35871565.3345947
11.6495666666667	34113600.6290283
11.6845916666667	33405662.3203125
11.7183833333333	30529102.7113037
11.7527033333333	29909451.0924072
11.78486	28240668.5477295
11.8197983333333	25506315.8491211
11.854975	27166148.1928711
11.8888533333333	28122645.9886475
11.92324	30521105.9969482
11.956045	31024368.083252
11.990485	31901109.9104004
12.02589	35229984.2282715
12.0607933333333	43672269.1057129
12.0930116666667	49047937.8693848
12.1268833333333	49778954.1352539
12.1614333333333	59449255.3259277
12.1956816666667	65587286.4946289
12.2292383333333	63635185.0095215
12.2652983333333	79918643.734375
12.3007166666667	78211174.2258301
12.335055	85767817.6882324
12.3707083333333	85930154.4199219
12.4059033333333	83257652.1445313
12.4405066666667	81808038.1303711
12.47623	74545303.0710449
12.510155	77930580.4665527
12.5448383333333	73238904.3112793
12.578635	78401950.4106445
12.6140033333333	80038069.6188965
12.6493066666667	85208906.2587891
12.6829833333333	95830623.0187988
12.7177166666667	114723149.675781
12.7524683333333	113674883.351563
12.7881533333333	129853296.645508
12.8235183333333	135372863.544922
12.8586233333333	120907779.974121
12.89334	120756245.02832
12.9298566666667	113889703.891602
12.96494	122890090.369629
12.9985116666667	104971160.124512
13.0358766666667	98495363.0566406
13.0720466666667	95829342.2412109
13.1080083333333	97472454.5395508
13.1431816666667	101659186.654785
13.1805066666667	105724325.797363
13.2159316666667	94242277.7016602
13.2521683333333	99463782.9902344
13.2893883333333	93541088.1367188
13.325425	92296033.6489258
13.3622366666667	102965988.428711
13.39689	107891048.594727
13.4332666666667	100072803.970947
13.4674266666667	109497633.463867
13.5032916666667	103295804.893066
13.5366666666667	124395997.753906
13.5717616666667	114969475.160645
13.606795	122090541.505859
13.6389883333333	116727518.021973
13.674715	135632519.848633
13.7079433333333	103003037.055664
13.7432916666667	105924634.956543
13.7778233333333	103792194.672363
13.8122833333333	94117945.2268066
13.8471783333333	79507579.4821777
13.8840433333333	96370604.7514648
13.91871	72597816.3808594
13.95534	87047571.4055176
13.9904633333333	91577860.9726563
14.0275783333333	104517237.734863
14.061995	98744054.6474609
14.0979416666667	103656122.412598
14.1346116666667	110468824.162109
14.16843	109670199.779785
14.2041783333333	106555685.336914
14.2400466666667	116253293.910156
14.2768833333333	130208073.066406
14.3126083333333	124568235.362793
14.3477583333333	140814868.789063
14.3819466666667	117236390.179199
14.4169583333333	151651286.598633
14.4532533333333	140429966.086426
14.48893	193126326.480469
14.5228666666667	184403258.928711
14.5592133333333	259262960.012695
14.5915983333333	344310220.854492
14.62693	406396670.582031
14.66072	446492165.8125
14.6940866666667	476874419.446289
14.72595	474405841.021484
14.75824	555013627.574219
14.7935083333333	562581180.265625
14.8259033333333	485734554.973633
14.85976	531779815.461914
14.89423	496632212.984375
14.9277066666667	409213927.633789
14.96279	376647506.299805
14.9907883333333	356176146.125
15.0227866666667	328436915.477539
15.057475	295479378.686523
15.0908783333333	259558342.633789
15.1253366666667	255242848.893555
15.16077	297899740.004883
15.1937916666667	317491101.720703
15.226415	325676552.779297
15.2590966666667	405624366.771484
15.289465	439190798.183594
15.320925	443707414.041016
15.3562116666667	584733582.177734
15.3900766666667	613744384.46875
15.423	569580655.698242
15.45766	715528582.027344
15.4900733333333	610948574.130859
15.5229583333333	526605346.806641
15.5578316666667	641666708.019531
15.5922566666667	507438571.011719
15.6262983333333	480356755.291992
15.6605516666667	455512332.886719
15.6961383333333	433093149.299805
15.7320533333333	395478968.109375
15.76642	415786873.392578
15.7988766666667	385127853.024414
15.8334316666667	393799298.09375
15.86806	412226178.650391
15.904495	419604084.984375
15.9341316666667	410237145.580078
15.9714483333333	453291595.464844
16.006335	529059481.970703
16.0385833333333	562301511.919922
16.0708833333333	620743265.330078
16.104985	651319984.279297
16.1380233333333	627698876.033203
16.1708633333333	767617531.880859
16.2029683333333	958094372.375
16.2351366666667	1004164784.90234
16.26379	997887874.146484
16.2993716666667	973555080.291016
16.3293866666667	964835825.558594
16.3627183333333	1081269014.6875
16.39633	1095980120.71094
16.428595	1092630922.79688
16.4612116666667	1116948822.99219
16.4934766666667	1178917085.48828
16.52416	1241671348.73047
16.5566733333333	1142524159.28906
16.5916	1248106820.39453
16.6250133333333	1271761735.30078
16.65811	1364109397.85938
16.6930583333333	1343623454.85547
16.7277666666667	1255850301.55469
16.7617516666667	1195528972.72266
16.794195	1456064390.47266
16.8255683333333	1283069894.17578
16.8579716666667	1314626669.71094
16.8915416666667	1457892301.03906
16.9252316666667	1293796922.8125
16.956795	1344534768.67578
16.9867466666667	1404599821.19922
17.01577	1409301625.89453
17.049895	1193912141.60938
17.0807333333333	1351637897.64453
17.1115516666667	1468539458.08203
17.1450566666667	1314714281.70313
17.17892	1278604259.98047
17.2080666666667	1294484492.66406
17.2425483333333	1446124997.75781
17.27271	1477365595.85547
17.3047033333333	1670129040.6875
17.3383633333333	1661281199.61719
17.3696533333333	1938523851.23828
17.40165	1752919700.71484
17.4344866666667	1811530385.25781
17.467115	1868071348.16797
17.501145	1882536074.88281
17.5358116666667	1654320773.71875
17.5649366666667	1566677772.96094
17.5995716666667	1786408270.05078
17.6331366666667	1537381130.75
17.664425	1449035786.40625
17.6966166666667	1221851850.87109
17.730275	1213859949.70703
17.76522	977147407.464844
17.7999166666667	1027850248.04688
17.832255	943392935.511719
17.8624583333333	997326816.28125
17.89423	822407569.929688
17.9284466666667	787011807.830078
17.9627066666667	756225635.535156
17.9970983333333	723686276.949219
18.0274816666667	694492127.738281
18.0592066666667	726043143.257813
18.09304	773594302.378906
18.1226616666667	751088084.703125
18.1523	812508033.085938
18.1856066666667	969976143.734375
18.2205216666667	926368829.105469
18.2510183333333	843682066.003906
18.2845183333333	962990393.613281
18.3200216666667	1019612588.17578
18.3523466666667	1130522450.09375
18.3856933333333	1076041304.92969
18.4164383333333	1251885969.83984
18.4485683333333	1139050495.59766
18.4814233333333	1330792867.05078
18.5140483333333	1335543495.96875
18.5471183333333	1313106843.46094
18.5763133333333	1656702660.02734
18.608985	1600708346.35938
18.642695	1920949561.17578
18.6749216666667	1708041185.40234
18.7058933333333	1962723334.12109
18.738365	1991064085.89453
18.7720016666667	1931014258.20313
18.7999616666667	2031142972.96875
18.83458	1914924537.25781
18.862395	1931593963.16016
18.8939666666667	1755652882.73828
18.922965	1899623308.6875
18.9559	1829798937.32813
18.9897383333333	1941036529.40625
19.0204416666667	1904109300.84375
19.04983	2074004386.04688
19.0826216666667	2192247744.11328
19.1133166666667	2108236534.51172
19.146355	2241726657.17188
19.179355	2335126735.87891
19.2124833333333	2136996159.34375
19.24446	2197450088.89063
19.274605	2065805762.46484
19.30601	1892815336.63281
19.3387316666667	1924366330.63672
19.37183	1736472515.02734
19.4037683333333	1645743936
19.436655	1598824570.67578
19.4716433333333	1524867702.41406
19.503365	1539970615.24219
19.53439	1522076844.75
19.5633783333333	1471676581.96094
19.593575	1363026257.10547
19.626525	1496311308.09375
19.6599166666667	1619390911.16016
19.6920666666667	1357753062.61328
19.7233916666667	1488100597.25391
19.7552	1453348212.70313
19.786585	1534078863.41797
19.8195766666667	1335114885.58203
19.8511216666667	1675572502.57813
19.8807733333333	1506427116.8125
19.9144716666667	1651383356.36328
19.9469966666667	1369686144.69531
19.9788866666667	1651430149.38672
20.0093883333333	1591367778.45313
20.0407433333333	1773402082.80469
20.0703933333333	1617516476.71875
20.1012266666667	1831461413.76563
20.13162	2035658109.25781
20.16116	2060220006.63281
20.1919766666667	2341402327.42969
20.224815	2269598191.57813
20.2565333333333	2410012364.02344
20.2871666666667	2741021827.53125
20.31766	2330440632.5625
20.3489466666667	2408196250.04688
20.3797616666667	2507399894.30469
20.4147	2391997581.125
20.4436083333333	2402469310.71484
20.4751316666667	2504408132.58594
20.50758	2500010468.64063
20.5416516666667	2270935488.89844
20.5750483333333	2486289377.70703
20.6080633333333	2495833168.21875
20.6402166666667	2324791081.03125
20.6727916666667	2350755005.22266
20.7059016666667	2546051922.73438
20.73903	2032065596.67969
20.7697016666667	2114901233.20313
20.8023916666667	2490646114.26563
20.835175	2163108734.74609
20.86779	2095003719.82813
20.9003183333333	1973014028.28516
20.9343333333333	2193816781.64844
20.9678616666667	2125706887.57422
21.0006416666667	1934660095.33203
21.0338583333333	1960511085.52344
21.0654566666667	1775162720.55469
21.0970133333333	1661308315.62109
21.128565	1396739742.70703
21.1576683333333	1391335163.26953
21.188805	1547848759.23047
21.220655	1523236925.62891
21.2512683333333	1339357917.87109
21.2843516666667	1396008163.41406
21.317665	1493582143.11328
21.35098	1488932155.66016
21.3810016666667	1385682598.3125
21.4104466666667	1282795987.05469
21.4426166666667	1230953501.90625
21.4747416666667	1233026667.29688
21.50531	1154735803.62109
21.535675	1127024212.51563
21.5648916666667	1253549517.01563
21.59764	1289164948.32422
21.6282116666667	1315206944
21.6561433333333	1547778393.27344
21.6850683333333	1351129520.67188
21.7157033333333	1498103525.82422
21.745295	1761740781.85156
21.77649	1773233055.30469
21.8080766666667	1654387130.89453
21.8402333333333	1865474420.54688
21.8714716666667	1898035610.6875
21.90032	2096726996.81641
21.9310066666667	2246435259.80469
21.9608883333333	2225931072.62109
21.9901566666667	2103944608.69141
22.02347	2043239046.9375
22.056885	2506668240.32813
22.08737	2209782969.01563
22.11888	2458072465.69531
22.1485366666667	2293850243.12891
22.1787366666667	2117134120.32422
22.2093766666667	2139451510.52344
22.23921	2255563787.79688
22.2701533333333	2022583701.97266
22.3011283333333	2095494664.11719
22.332575	2142855675.80469
22.3624133333333	2115587081.58984
22.3929333333333	1868741176.35547
22.4262533333333	1971965200.34375
22.4588933333333	1676645829.86328
22.4905566666667	1609851883.17188
22.5215733333333	1594327680.04297
22.55097	1413601733.94922
22.58087	1579849350.33984
22.611035	1647837344.76172
22.64044	1544704028.85547
22.6690583333333	1463388071.83984
22.6990766666667	1524123390.41797
22.7288383333333	1578331782.67188
22.75941	1682455087.47656
22.79187	1738029196.90625
22.8243416666667	1666077818.98828
22.857125	1577137659.06641
22.888635	1689249581.52344
22.919075	1517860522.14063
22.948855	1797826875.32813
22.98013	1578392228.28125
23.0107033333333	1671949627.82813
23.0412066666667	1453904247.25
23.072415	1694663794.47266
23.1031783333333	1726783741.9375
23.1353083333333	1715700035.99609
23.1633233333333	1920801608.66797
23.1934416666667	2031085510.73438
23.2257233333333	2169520401.26953
23.2577416666667	2486206804.33594
23.2909033333333	2167380374.98047
23.3210866666667	2339308646.96094
23.3517216666667	2390678906.89063
23.3831833333333	2053136613.90625
23.4166683333333	1822808383
23.4480716666667	2035561479.875
23.4793566666667	1889706611.58984
23.5102866666667	1897297722.09766
23.5433916666667	1747024405.97266
23.5776516666667	1683535730.58984
23.6101333333333	1613933739.71875
23.6437833333333	1619513548.85938
23.6762366666667	1382481837.26172
23.7110933333333	1585404423.8125
23.7403666666667	1506274883.01953
23.7700183333333	1438370735.02344
23.800975	1491091873.42969
23.8332633333333	1317432509.07031
23.870075	1242674376.73438
23.9019583333333	1274962357.19141
23.9346133333333	1166707059.125
23.9658016666667	748000570.097656
23.9986966666667	1258457392.66016
24.0308433333333	1311184157.79297
24.06122	1130282016.67188
24.09344	1339341171.30078
24.12179	1156350520.52734
24.1533716666667	1352429730.71875
24.1837916666667	1462773666.23047
24.213655	1574850580.66797
24.2412766666667	1669915071.44141
24.2694833333333	1874775428.60938
24.2998883333333	1739526728.37109
24.3300383333333	2126497519.07813
24.3602883333333	2021762953.4375
24.39158	2218617366.10156
24.4249516666667	2104004892.78516
24.4553566666667	2131744349.98828
24.4871066666667	2284946546.03125
24.520245	2261558593.39453
24.5488466666667	2366718211.35156
24.58101	2097779384.03125
24.614195	2195625452.56641
24.647595	2017075922.60547
24.68006	2263463067.04688
24.7105883333333	1936118511.76563
24.741955	1927930035.81641
24.77232	2111633180.60938
24.8029666666667	1778651502.18359
24.834005	1847361243.91406
24.8673333333333	1852792912.80859
24.8984016666667	1664450441.10938
24.930805	1625423689.89453
24.9630466666667	1943390138.87891
24.99566	1793606440.33984
25.026665	1839193934.50391
25.05973	1733880022.0625
25.094485	1762843062.39453
25.12482	1775231811.01953
25.15522	1819296413.37109
25.1868883333333	1925482476.58984
25.21977	1737296672.68359
25.2521266666667	2081167615.22656
25.2839366666667	1828681926.39844
25.3146016666667	1952905165.34766
25.343675	1948930865.42578
25.3758766666667	1726359500.02734
25.4102666666667	1756521470.89844
25.445585	1510495764.70703
25.4796716666667	1330300802.33594
25.5148183333333	1076315432.24219
25.5483166666667	784081758.21875
25.57858	948869999.621094
25.613095	193327294.332031
25.6382666666667	498780308.066406
25.670835	224535654.757813
25.701705	186046271.972656
25.7303683333333	384764157.109375
25.7640183333333	203747150.025391
25.7964066666667	426187108.482422
25.8274316666667	263529871.886719
25.858865	118656056.212891
25.887505	126389061.097656
25.9175216666667	27682936.0195313
25.9475366666667	140684763.009766
25.97641	1756318.59540558
26.0122683333333	29159.156288147
26.02618	17752.5532150269
26.0610133333333	16251.9982528687
26.0959366666667	17301.520866394
26.13066	16526.1590881348
26.1658166666667	23371.5267562866
26.20032	32088449.0708008
26.2505283333333	17223184.1781006
26.2757416666667	57607344.7880859
26.3060366666667	245709203.333984
26.3312433333333	35617641.3701172
26.3616016666667	1047879.62789154
26.4000366666667	31955402.6103516
26.4293483333333	1720726.3743515
26.4625983333333	26640.939743042
26.4779466666667	18167.4437789917
26.512845	17113.2730636597
26.547655	75213.4851837158
26.5826033333333	1806724.36786652
26.6397333333333	91998641.6760254
26.6655133333333	124450664.969727
26.6902333333333	34798696.7451172
26.7228383333333	1810670.24755096
26.7577066666667	36368254.5422363
26.7866533333333	1724664.65779877
26.82431	26322.5933685303
26.8382133333333	20471.1597824097
26.8730483333333	19938.0406951904
26.90786	14061.571685791
26.942665	14543.6560974121
26.9799316666667	18242.5131912231
27.0123166666667	16771.712310791
27.047155	14616.8999176025
27.0819966666667	14030.5683517456
27.1167933333333	13406.9213027954
27.1517533333333	14898.0875854492
27.1864566666667	1874478.59960938
27.243835	29173379.1479492
27.2726516666667	1752202.76543427
27.3062083333333	25766.8721618652
27.3213633333333	20549.2573471069
27.35613	15998.9930725098
27.3909483333333	44864.1624755859
27.4258233333333	55584.7756729126
27.4690366666667	47278.4158782959
27.4955883333333	1214599.38092804
27.5547283333333	1103111.38144684
27.5930616666667	1849262.6790123
27.62735	25375.9317321777
27.6417916666667	25573.5256881714
27.6767233333333	19221.6335678101
27.7137983333333	1608134.11942291
27.7665133333333	42847457.2983398
27.7921666666667	28412738.2072754
27.8206183333333	1773449.25606537
27.8549983333333	2090943.47179413
27.8898983333333	13470638.4580078
27.92	1942884.98760986
27.9575066666667	38463870.8618164
27.987215	21709609.4282227
28.01676	1966470.09317017
28.0529	21817.9068374634
28.0669016666667	39344.6197738647
28.1016733333333	1484826.9320755
28.1608566666667	32416129.6850586
28.189695	21898546.4504395
28.2192333333333	1933980.54106903
28.251925	36942.5734901428
28.26785	113326.358512878
28.30835	1048679.78913116
28.3619783333333	23641322.3657227
28.3880216666667	36990855.2553711
28.417605	1003371.24900818
28.4549966666667	1199666.97480774
28.4912233333333	14109227.0814209
28.5209233333333	1087278.00498962
28.5532633333333	25402.2487335205
28.5695166666667	35152.9261779785
28.6044633333333	20421172.4326172
28.65334	840859.2578125
28.6907133333333	19798776.2189941
28.7176966666667	1874263.43804169
28.75192	21206.5212783813
28.7688633333333	19820.4428329468
28.8062216666667	18847.081993103
28.8360383333333	995575.915901184
28.8950833333333	1824095.83726501
28.9301133333333	694541.832199097
28.952435	254023.945289612
28.9791616666667	876642.04070282
29.0377666666667	20309949.3557129
29.0627766666667	886041.23588562
29.1014283333333	16436903.6401367
29.1302	26015283.6616211
29.1587633333333	1906336.6195755
29.19718	22933732.9758301
29.223025	23545740.4814453
29.2529583333333	21989566.8474121
29.2816416666667	1949636.30265045
29.3212616666667	24110.8257751465
29.3369783333333	23364.5206222534
29.369995	15702.111541748
29.404915	18721.8543548584
29.4396283333333	16843.7451324463
29.4744516666667	805561.855117798
29.5303866666667	9735523.28112793
29.5585783333333	101744596.935059
29.58385	27335510.6210938
29.6156316666667	19729961.4523926
29.6427183333333	17096467.4030762
29.6739633333333	2003009.8907547
29.7099266666667	19442.6565704346
29.7238133333333	22271.599357605
29.7587683333333	843395.733070374
29.8179483333333	4334279.9909668
29.8442233333333	43197.1364746094
29.858695	54854.4252166748
29.8936066666667	86781.0718574524
29.93393	67074.8632354736
29.9663133333333	42421.6252822876
29.9980683333333	1323196.45842743
30.0525966666667	1946319.64682007
30.088915	66685.4134521484
30.1029766666667	19231.9864120483
30.13763	623031.618202209
30.195425	14912036.2558594
30.22548	11201356.5212402
30.2556583333333	16353369.986084
30.286045	9438953.07312012
30.3127233333333	1777590.68828583
30.3518333333333	20502.494720459
30.3678283333333	19817.3611526489
30.400565	18783.1574554443
30.4353883333333	18224.3339385986
30.4703416666667	17194.2090454102
30.50504	17063.098487854
30.5398683333333	17778.4745826721
30.5746983333333	14097.4529342651
30.60952	15594.1389083862
30.6444483333333	764271.506134033
30.6994283333333	7141890.25085449
30.7296583333333	8394381.42480469
30.7602266666667	1824281.70185089
30.7941816666667	1663551.08937073
30.8312366666667	19439.2498626709
30.8500866666667	30533.6586990356
30.88002	41788.1034011841
30.9175033333333	1730847.59318542
30.9599783333333	1608497.67995453
30.99374	18697.9225387573
31.0192583333333	23236.9400939941
31.0541383333333	728864.639015198
31.107805	1743119.69452286
31.143485	19283.8384170532
31.158675	18777.366027832
31.1933916666667	561863.520889282
31.2502316666667	10574116.1445313
31.2798483333333	706247.943984985
31.3161833333333	4920522.96777344
31.3447033333333	829738.316474915
31.3827166666667	74800.4896774292
31.39851	1688043.10275269
31.454335	573143.573543549
31.4933416666667	5924052.31066895
31.524145	760665.824432373
31.5584733333333	1209790.20535278
31.5811166666667	1497491.45664978
31.6141016666667	19783.4856643677
31.642465	670969.054153442
31.7006316666667	1616214.71997833
31.7212516666667	710798.508651733
31.7705283333333	1543906.92081451
31.80709	1558430.29788971
31.83727	5715894.63586426
31.8718383333333	67957533.1816406
31.8984416666667	805176.26210022
31.9348183333333	1626862.72380066
31.9559416666667	1619826.93064117
31.9920283333333	1562015.62798309
32.0223866666667	835521.012626648
32.0744733333333	5131292.13043213
32.10637	1463198.37505341
32.1248183333333	18130.9337692261
32.1550066666667	15369.3629837036
32.18999	17050.352722168
32.2247033333333	622904.069946289
32.282065	5433942.59814453
32.3126533333333	1674140.43534851
32.3468983333333	1640870.19373322
32.3663	1635965.7230072
32.4179666666667	14662857.859375
32.447975	3262263.46789551
32.478915	4278905.22518921
32.506045	1130241.49671936
32.5320833333333	1660099.53380585
32.5762383333333	4043159.77185059
32.606195	1707541.00837708
32.6258366666667	565388.506149292
32.6810983333333	7533855.13525391
32.7117866666667	3396678.6661377
32.7433816666667	3760221.78778076
32.7740633333333	962213.970039368
32.80889	2633442.52957153
32.8382283333333	1660415.52127838
32.874005	61020.306427002
32.8879333333333	458867.471359253
32.9250316666667	1278471.9515686
32.97376	1703524.25505829
33.00272	1619906.3062973
33.0303466666667	19195.7174911499
33.06215	14751.6499786377
33.0968683333333	15308.5501708984
33.1347116666667	5388919.42590332
33.1838216666667	7923264.88928223
33.21348	5121729.24224854
33.2436233333333	15937700.744873
33.2738666666667	15222426.3759766
33.30355	7592523.76782227
33.33169	4038121.42025757
33.3606	2111363.21411133
33.396035	1942636.47418213
33.4307366666667	1170800.89266205
33.4672783333333	4809421.7130127
33.497345	3465616.01065063
33.5278016666667	1863101.40195465
33.54941	453245.721176147
33.5788816666667	1799603.94372559
33.63378	1351611.98899078
33.6737566666667	1239227.17392349
33.7088116666667	1153556.62908936
33.74656	919933.157325745
33.76594	18204.7395172119
33.7952866666667	20095.8367233276
33.83011	15611.3498382568
33.864945	18358.0633239746
33.8997716666667	17244.9711685181
33.9347133333333	18507.7241744995
33.9694083333333	407515.024703979
34.0275583333333	952557.611190796
34.0621583333333	9713748.70336914
34.0922966666667	13657659.314209
34.12382	22635283.355835
34.1536666666667	15031925.5383301
34.1856966666667	8734298.33044434
34.2176233333333	13991735.1618652
34.2482233333333	8183131.03900146
34.2808783333333	15930742.5192871
34.312775	27533133.3151855
34.3471516666667	11183782.0053711
34.3805266666667	13756761.6733398
34.411975	10673349.9202881
34.4435683333333	2955395.16033936
34.4752866666667	14918847.6853027
34.507855	56466177.9641113
34.53963	22706326.9157715
34.5722533333333	27795698.3684082
34.6048816666667	121677733.254883
34.6380633333333	144736446.658203
34.6705116666667	156938603.269043
34.7037516666667	63469297.5991211
34.7347466666667	193300253.495605
34.7666366666667	112825076.970703
34.7961133333333	316914952.34375
34.8279	910602463.25
34.8586966666667	975888595.941406
34.8910816666667	728573987.509766
34.92684	997953942.046875
34.9549666666667	1244963398.80859
34.9911183333333	1240804172.81641
35.02652	983028159.414063
35.0595533333333	988808655.660156
35.0942266666667	1284518916.89063
35.127325	1207332928.99609
35.1604066666667	1197487500.14844
35.1878233333333	740393723.933594
35.2178666666667	1221856239.24609
35.24916	1348683748.07422
35.27681	892025595.117188
35.30973	1299687586.42188
35.3426783333333	1498010693.41406
35.3742283333333	1328580241.49219
35.40633	1279599766.92969
35.4410983333333	1355049445.04688
35.47312	1319255842.20313
35.5061183333333	1285982377.60156
35.5393616666667	1329611531.15234
35.571985	1226112610.68359
35.6026416666667	1174840765.67188
35.6342666666667	1056927668.08594
35.66602	1163078629.64844
35.6990333333333	1287810071.48438
35.7280316666667	1321608372.36328
35.7587016666667	1257759362.76953
35.7907083333333	1337259072.31641
35.8238	1351521078.65625
35.85868	1353507148.94922
35.89157	1305793472.57813
35.92414	1249700750.5
35.9578666666667	1092541728.91797
35.9932066666667	1301015411.90625
36.0250516666667	1387506044
36.0582183333333	1150274653.52734
36.0891333333333	1357609716.26563
36.1229933333333	1051950859.16016
36.1528516666667	1352758663.37891
36.1860916666667	1097068805.87109
36.2165233333333	1212917607.71875
36.248635	1005714661.50391
36.27909	1218184683.70703
36.3135066666667	1246263359.10156
36.3453866666667	1335438722.07813
36.378245	1371752394.69922
36.4093	1360724154
36.4426916666667	1449635986.52344
36.473215	1521776086.33203
36.5060633333333	1506472993.48438
36.5377316666667	1658448215.63281
36.5690883333333	1550694402.20703
36.5994683333333	1509202712.75391
36.63151	1787800720.88281
36.6633866666667	1722335574.50391
36.6958166666667	1784252379.28125
36.7276616666667	1534574794.97656
36.75942	1562446348.06641
36.7935383333333	1736133247.95703
36.8256683333333	1975386761.24219
36.85729	1815599628.97656
36.8878	1740387786.97266
36.9171233333333	794761395.363281
36.9463816666667	1900717606.54297
36.9754516666667	1952576520.79688
37.003355	1986853195.39063
37.03552	1918028351.28516
37.067445	2029762719.01563
37.102145	2080437206.16016
37.13307	2083020052.23047
37.1660333333333	2105228162.14453
37.1974466666667	2585779352.57031
37.22756	2339470643.07031
37.2588916666667	2306385525.00781
37.2893566666667	1669743390.14063
37.3227116666667	2357269824.57813
37.3552616666667	2344648659.77344
37.3870966666667	2387564279.125
37.4180666666667	2157171356.83594
37.451035	2122372081.19141
37.4832583333333	2177663506.12891
37.514525	2382249504.57031
37.5471516666667	2231945744.96484
37.5777233333333	2224428798.86719
37.609185	2285670923.85938
37.64138	2317199169.63281
37.6728416666667	2241109257.68359
37.7043933333333	2645158047.125
37.7365233333333	2293287025.90625
37.763875	2293317118.5625
37.7965183333333	2738238504.52344
37.82851	2268067104.22656
37.8607766666667	2537105053.99219
37.8930033333333	2324223835.78516
37.925025	2572241766.30469
37.9563066666667	2255211211.16406
37.9889883333333	2549001682.29688
38.0196833333333	2432271411.875
38.0525816666667	2069780975.19141
38.0807633333333	2099271258.48438
38.1114583333333	2040376248.61328
38.1437833333333	1792226122.27734
38.17383	1842303157.44141
38.2088916666667	1593316558.24219
38.23677	1473799317.76172
38.2670583333333	1446848326.11719
38.3014066666667	1325520796.26172
38.33065	1318254801.90234
38.3641816666667	1197554800.63281
38.394535	1352746808.69922
38.427855	1303484567.15234
38.4574216666667	1249389881.99609
38.4917683333333	1254700475.66016
38.51843	1677274291.24219
38.5497783333333	1571608140.4375
38.5822616666667	1544995101.91797
38.6135566666667	1560573461.22266
38.6447766666667	1488578550.49219
38.67822	1418706231.70703
38.7095233333333	1680302070.05469
38.741715	1637190175.57813
38.7707866666667	1649498797.26563
38.8021483333333	1879235811.77344
38.8328733333333	1946568299.38281
38.864735	2020045843.8125
38.8949166666667	2083025757.92969
38.9272633333333	2238922091.97656
38.9588583333333	1729330281.83594
38.9918716666667	2240556859.46094
39.02537	2026565991.17969
39.0561966666667	2220079276.78125
39.086905	1978669922.42969
39.1206733333333	2019555789.29688
39.1506716666667	1895266706.45313
39.183175	1677318486.51172
39.2148416666667	1704573910.67188
39.2447733333333	1928249958.04688
39.272665	2041701010.44531
39.302775	2106770136.98438
39.332355	2009270128.72656
39.363635	1885734707.28516
39.39362	2248113370.42969
39.42119	2507901895.91406
39.4506666666667	2276520281.17188
39.480155	1976677895.57813
39.5112183333333	2526475288.94531
39.5405783333333	1884498473.13281
39.5714233333333	2600604714.20313
39.60156	2695021108.46094
39.63132	2392121062.73438
39.662305	2563941906.95313
39.6919933333333	2699487682.25
39.7230533333333	2644894133.78906
39.75537	2568535446.16406
39.7861283333333	2512598627.375
39.8163183333333	2146099738.03906
39.8459416666667	2250495835.78906
39.8789216666667	2302251696.9375
39.9101166666667	1962402748.14844
39.9400683333333	1952606751.66406
39.9691433333333	1943225959.97656
40.0003783333333	1898712477.10938
40.0331983333333	1843850762.17188
40.0631933333333	1811055960.34375
40.091795	1850610191.28906
40.124295	1773710298.47656
40.1563666666667	1612280695.15625
40.1869466666667	1949856053.42969
40.2176283333333	1878939658.4375
40.248425	1868436866.64063
40.27762	1925599680.48438
40.308595	1971100454.83594
40.3397033333333	2207205999.39844
40.36998	2215385260.625
40.4009033333333	2239075293.77344
40.4294366666667	2374217025.46875
40.4595533333333	2367977184.66406
40.4878283333333	2192328211.48438
40.5195916666667	2092301624.55469
40.54991	2320252344.14063
40.5805866666667	1971424561.22656
40.60979	2110580019.32031
40.6410216666667	1923341271.80469
40.6705666666667	2038957267.46875
40.7025683333333	1734235190.92969
40.7334816666667	1667861014.82813
40.764785	1604013921.47656
40.79487	1704084472.10938
40.8260533333333	1664322183.17969
40.8552916666667	1653553474.46875
40.885465	1523241820.62109
40.9160933333333	1535446669.69531
40.9480166666667	1727216961.73438
40.9791683333333	1538423503.13672
41.0105783333333	1792773715.34375
41.041275	1753524189.57813
41.0726216666667	1973156088.24219
41.1039566666667	1944656912.55469
41.133425	1897687516.875
41.1637116666667	1986954361.07813
41.19703	1940416045.5
41.2266666666667	1999341521.91406
41.2576766666667	1814868546.22656
41.2889233333333	1804246529.88281
41.319355	2132810535.64063
41.34786	2159069678.33594
41.3788766666667	2208288740.76563
41.4079116666667	2105262800.35938
41.4369383333333	2107621085.88281
41.46844	2130326285.55469
41.4984833333333	1938544582.02344
41.5304533333333	1901697404.57031
41.5621516666667	1916872213.74219
41.5932283333333	2122030930.19531
41.6228933333333	1765890396.83594
41.655165	2006681780.64063
41.6840066666667	2018953112.82031
41.7161783333333	1996295922.80469
41.7453933333333	1975699945.72656
41.775775	1953848149.79688
41.8064133333333	2059240527.80469
41.8368316666667	1995750329.91406
41.867275	2108349087.42969
41.90064	2148929070.77344
41.9319983333333	2127285310.96094
41.9630916666667	2086237556.78125
41.99251	2017977769
42.0236116666667	2161763405.30469
42.054975	2232618053.55469
42.084885	2423184995.28906
42.114135	2414286587.95313
42.1444583333333	2495105583.85156
42.1728483333333	2119683340.97656
42.203715	2616244587.82813
42.23348	2545422960.77344
42.263785	2425828721.86719
42.294305	2314500463.4375
42.3228033333333	2313691994.19531
42.3542316666667	2502620722.13281
42.3847766666667	2533660015.35938
42.4146633333333	2406021714.08594
42.443275	2344122494.57031
42.4732533333333	2364721848.64063
42.5046	2197056151.21875
42.5339283333333	2233487533.36719
42.5647933333333	2472640758.75781
42.5961666666667	2360980151.28906
42.6261566666667	2191439135.85938
42.6564216666667	2270919659.33594
42.6878166666667	2326792698.60938
42.7194833333333	2385275758.96875
42.750105	2232471397.44531
42.78211	2249191444.02344
42.8119316666667	2091153120.25
42.8441816666667	2166707113.90625
42.8743083333333	2330639203.9375
42.9052016666667	2201627501.57813
42.934885	2512000069.57813
42.9623	2549137751.92188
42.9915366666667	2350324577.02344
43.0202583333333	2605643165.71094
43.0483183333333	2572954952.0625
43.0777816666667	2679839595.14063
43.1080866666667	2475819468.71094
43.1386466666667	2474029937.23438
43.1684016666667	2752426922.74219
43.1973266666667	2391120906.64844
43.227195	2521602521.35156
43.2572016666667	2599614765.74219
43.287285	2519720381.98438
43.3156733333333	2298260418.42188
43.3464466666667	2621070739.76563
43.3764433333333	2366299870.44531
43.4065533333333	2635381952.21875
43.4367916666667	2505666487.78125
43.4671066666667	2603128492.20313
43.4974316666667	2860734999.46875
43.5281016666667	3123609242.92188
43.557255	3004206825.57031
43.5869566666667	2779097895.125
43.61831	3313541143.00781
43.6480533333333	3378734544.23438
43.677305	3149053774.96094
43.7075083333333	3209538142.08594
43.739655	3030059233.89063
43.7692483333333	2942529948.0625
43.7979716666667	3034433586.41406
43.8282833333333	2999785148.61719
43.8590733333333	2751981830.10156
43.8899033333333	2824053179.04688
43.92017	2522230695.60156
43.9499833333333	2510247080.10938
43.9819666666667	2538067641.44531
44.013735	2370961674.5
44.0441716666667	2122291952.77344
44.0731483333333	2200851077.47656
44.1047166666667	2180030305.26563
44.135525	2240434655.41406
44.1676	2208808272.74219
44.1972666666667	2392829638.75
44.226915	2598470650.42188
44.2577433333333	2711407887.46875
44.2874233333333	2933128294.71875
44.31776	2555511017.22656
44.3465883333333	2895041425.46875
44.3780266666667	2922369989.35156
44.4100266666667	2701958898.15625
44.4388566666667	2416422559.39063
44.4707166666667	2652371408.57813
44.5010683333333	2618372990.21094
44.5321066666667	2691733476.47656
44.5608816666667	2523952857.92969
44.590725	2369712813.23438
44.6200516666667	2124930007.6875
44.6493183333333	2083695758.84375
44.67901	2070614743.98438
44.7100416666667	2296749954.29688
44.741865	2214287477.07813
44.772885	2050240407.46875
44.8042216666667	2191306110.03906
44.8349516666667	2233802701.98438
44.8657616666667	2356535906.5
44.8961016666667	2425675363.90625
44.9258016666667	2802353481.88281
44.955485	2713365687.8125
44.9858283333333	2797780896.72656
45.0154983333333	2692220011.80469
45.0470833333333	2978461367.28906
45.0779783333333	2792884865.39844
45.1084833333333	2918660943.14063
45.1390933333333	2658749062.28125
45.169965	2519120762.15625
45.2001883333333	2687835628.60938
45.2303416666667	2550930232.78125
45.25881	2487894138.01563
45.28857	2123825073.75
45.3172233333333	2167325853.6875
45.3476916666667	2009438296.28125
45.3774966666667	2308429358.3125
45.4067166666667	2240262079.38281
45.438485	2352338550.55469
45.4677583333333	2528881775.32031
45.4986816666667	2460783863.74219
45.5296883333333	2668046538.03125
45.55998	2477651887.89844
45.590505	2592910117.17188
45.622195	2834287544.13281
45.65399	2736076028.82031
45.6827916666667	2686461833.4375
45.7145516666667	2607343469.21094
45.7454666666667	2842614108.02344
45.77666	2784652864.14063
45.8072816666667	3091963845.25
45.8367416666667	3060526160.85156
45.867105	3112582926.22656
45.898375	3303609717.13281
45.9286033333333	3430451212.47656
45.957655	3594531068.28906
45.9883433333333	3599376560.67188
46.0185183333333	3934006195.14844
46.0482716666667	3791997210.20313
46.079295	3772265355.27344
46.10871	4205616717.14063
46.138005	3673948189.05469
46.1670783333333	3882417142.73438
46.19803	3291814872.72656
46.22818	3294168164.66406
46.260725	3175284242.69531
46.2912266666667	2908731351.46094
46.3227433333333	2416512060.25781
46.354885	2723819627.95313
46.385425	2312698302.78125
46.41524	2509577153.70313
46.4456316666667	2441919763.98438
46.4764283333333	2565926905.53125
46.50542	2576412910.51563
46.5375166666667	2655361014.25
46.5698866666667	3010891060.70313
46.5965133333333	2811248582.96875
46.627425	3143987992.97656
46.656545	3363193908.01563
46.6864383333333	3419804523.375
46.715605	3805075134.00781
46.7464316666667	3987826363.76563
46.7767433333333	4080197419.90625
46.8061016666667	4179690000.80469
46.835525	4272298596.0625
46.8661916666667	4441725722.625
46.8950833333333	4293928012.00781
46.92449	4230183333.40625
46.9543383333333	4157190211.67969
46.9850166666667	4085842046.91406
47.0155283333333	3804293783.25
47.0464933333333	3499570827.72656
47.0776716666667	3402085356.86719
47.1078083333333	2968725661.63281
47.13933	3146885658.19531
47.1700433333333	2847388846
47.200965	2684714270.63281
47.2322233333333	2649805051.67188
47.2636083333333	2375816927.10156
47.2943533333333	2635118845.28125
47.32606	2854042354.25
47.357335	2773612412.42188
47.389485	3047766475.28906
47.4204183333333	3168662882.625
47.4489883333333	3273274852.67188
47.4795533333333	3470115015.82813
47.508755	3639846320.59375
47.5388183333333	3843880460.99219
47.5702933333333	3911661470.61719
47.599815	4178342850.07031
47.629765	4321737742.0625
47.6603983333333	4161530659.10938
47.69257	4045927824.28125
47.7241916666667	4049282404.95313
47.7540983333333	3918986786.08594
47.7848783333333	3865654471.67969
47.815085	3505617673.55469
47.8446166666667	3386198297.71094
47.876355	3260154354.23438
47.90853	2918690312.88281
47.94008	2930072262.57813
47.9706916666667	2664346786.14844
48.00231	2634189230.59375
48.0338916666667	2632522614.52344
48.062845	2565218882.30469
48.0937133333333	2569029122.32031
48.12364	2583058478
48.152025	2674815233.32813
48.1804633333333	2744644602.38281
48.2106766666667	2993828717.67188
48.2399983333333	2852120879.4375
48.2698766666667	3320309866.36719
48.3001066666667	3259876351.20313
48.3289466666667	3408383116.35938
48.35965	3627788883.11719
48.3892166666667	3511479623.49219
48.4183483333333	3559678831.76563
48.4483583333333	3521384894.32813
48.4797416666667	3554568690.58594
48.5093833333333	3541493529.5625
48.5397316666667	3698737956.29688
48.5688133333333	3769714648.76563
48.5990183333333	3904118910.53125
48.6303466666667	3830355529.86719
48.6608516666667	3538243526.22656
48.6913966666667	3471403270.48438
48.7232733333333	3527009716.67188
48.754155	3341281888.55469
48.7849633333333	3098678081
48.816955	2949909348.35156
48.8478966666667	3094027957.08594
48.8793383333333	2897717272.75781
48.9099233333333	3022864359.21094
48.9391783333333	3201528437.46094
48.9692866666667	3236588853.92188
49.0006633333333	3053213400.8125
49.0296833333333	3056630562.10938
49.06092	3513325046.83594
49.0920566666667	3494315327.9375
49.1228533333333	3630436957.55469
49.1535866666667	3700826110.77344
49.1841183333333	3973116190.75781
49.213215	4024852359.27344
49.2451816666667	4195512361.92969
49.2757033333333	4094846318.27344
49.3064816666667	4187127092.95313
49.3360766666667	4158058904.53906
49.36488	4251685010.6875
49.39298	4267194244.92969
49.4235533333333	4122311888.89063
49.452365	4097074793.6875
49.4835783333333	4197315267.07813
49.513285	3791314303.375
49.5430183333333	3743076023.125
49.5741716666667	3478848478.86719
49.6063583333333	2985416849.80469
49.640615	2517299262.51563
49.6730483333333	2088503870.54688
49.7055983333333	1433211184.57422
49.738785	1156035998.6875
49.769875	1021637170.03516
49.8048266666667	768548616.460938
49.840655	580160766.623047
49.8746966666667	373032724.59375
49.909085	311380728.25293
49.9437116666667	227694514.598633
49.9802583333333	202585353.216797
50.01556	89768965.4892578
50.0521533333333	154974973.973633
50.0872633333333	149725456.650879
50.1208	135078135.155762
50.156235	53872074.1975098
50.1921783333333	123579417.447754
50.2258633333333	92270412.2666016
50.2628566666667	88043147.4311523
50.2984966666667	71335007.1591797
50.33638	64872334.2175293
50.3711566666667	59490525.8132324
50.4070766666667	58895941.953125
50.442545	54594912.8486328
50.4809066666667	46391064.3452148
50.512585	63758325.3383789
50.54792	50533849.902832
50.5840716666667	44266103.6977539
50.6180816666667	39293221.7905273
50.6535183333333	39273909.2297363
50.6892416666667	33181474.6826172
50.725815	13385288.3666992
50.751905	29732430.9328613
50.787645	17452902.6265259
50.82474	19794172.4577637
50.861615	25599786.7475586
50.8961633333333	25535854.6574707
50.9327233333333	17056212.3477783
50.96928	10439052.4125977
50.9857566666667	47814856.9123535
51.03066	72782791.5297852
51.06418	80783576.800293
51.0978383333333	108183847.46875
51.13271	69529051.0869141
51.1685566666667	42808101.8032227
51.204795	37855133.060791
51.2431983333333	16012331.9593506
51.2776416666667	14616373.8223877
51.3120383333333	10603012.9238281
51.3455366666667	14867112.1210938
51.380155	17509705.5167236
51.417585	15343881.7030029
51.4515683333333	9917593.45410156
51.4860583333333	13126833.7319336
51.5193416666667	27229315.5690918
51.5515716666667	66924012.5712891
51.5828366666667	369836343.029297
51.6117066666667	952730755.304688
51.6399883333333	1688905903.74219
51.6677716666667	2419581634.35938
51.6947716666667	2702177183.20313
51.722355	2879862281.25
51.749385	2500344556.25
51.77668	2234467017.95313
51.8025833333333	1646094978.36719
51.830055	1399683483.32813
51.85518	1058872571.03125
51.8832183333333	968906822.335938
51.9090766666667	1127189594.39063
51.9354016666667	941123556.125
51.9620866666667	869294252.203125
51.9890666666667	1126775534.74219
52.0171233333333	1044883988.79688
52.044155	1099389006.17188
52.071755	1278293757.60938
52.0987433333333	1376985310.59375
52.126145	1498689815.14844
52.1534116666667	1748037837.8125
52.1814716666667	2100392198.35156
52.2104866666667	2107121509.8125
52.2393733333333	2581744531.15625
52.2679516666667	2420247823.625
52.296375	2596963205.32813
52.32553	2836937010.67188
52.35595	2813504642.25
52.3869366666667	2845780591.57813
52.4166416666667	2933703004.34375
52.44524	2846073474.875
52.4752416666667	2788346390.25
52.5051166666667	2810247788.48438
52.5355066666667	2439543838.5625
52.5649633333333	1787148937.15625
52.5941133333333	331185.90461731
52.6296616666667	141516070.610352
52.6610666666667	1282637678.82813
52.6901533333333	2523040032.82813
52.71922	2423019918.67188
52.7492633333333	2100296387.20313
52.777855	2110800296.80469
52.806745	2448178358.21875
52.83563	2447623480.04688
52.8646233333333	2255947031.3125
52.8938166666667	2155649056.28125
52.9238516666667	2412077539.07813
52.95302	1968627742.5
52.9832333333333	1763946982.84375
53.01312	1690308348.49219
53.04309	1057143263.83594
53.07287	2282370694.5
53.1033833333333	2125281047.45313
53.133655	2176205202.46094
53.1629533333333	2172721013.51563
53.1933583333333	1966865270.51563
53.22425	1691945224.72656
53.254695	1769547386.52344
53.2842383333333	2055718894.98438
53.3152166666667	1704304008.89063
53.34468	1935210065.29688
53.3752833333333	1801100471.3125
53.4052916666667	1499317850.69531
53.435905	1686390469.75781
53.4646083333333	1695778914.65625
53.4941183333333	1804856691.875
53.5250783333333	1693745900.46094
53.5553816666667	1631509041.57031
53.58466	1775808464.32031
53.6144533333333	1645538214.16406
53.6439183333333	1632430695.10938
53.6740433333333	1588459743.07031
53.7024883333333	1433588174.40625
53.7327716666667	1562897745.9375
53.7617866666667	1295427985.21094
53.7911283333333	1511124506.80469
53.82053	1558842516.92969
53.850705	1638683310.63281
53.8805183333333	1517639086.60156
53.9096566666667	1370013745.55469
53.9410833333333	1503301379.57031
53.9716333333333	1271146998.61719
54.0014166666667	1229175063.71094
54.0318766666667	1262330725.84375
54.0615983333333	1427313063.85156
54.0916833333333	1239535381.94531
54.1214716666667	1282502707.01563
54.1526183333333	1281252112.36719
54.1828333333333	1212578448.17969
54.213015	1438353960.46875
54.2436933333333	1210771331.42969
54.2735916666667	1285103593.76563
54.304905	981468065.722656
54.334795	1087401311.19531
54.3648533333333	1444093807.85938
54.3956016666667	1257565533.875
54.42551	1198312624.90625
54.455375	1201467994.03906
54.4853716666667	1019854635.35156
54.5149916666667	1199269056.70313
54.5466133333333	1209516401.21094
54.5753283333333	1248393219.125
54.6056366666667	1239435416.73438
54.635615	1252175726.40625
54.666235	1220705249.78125
54.6953433333333	1254373942.27344
54.72478	1097444828.92188
54.7545983333333	1220716678.50781
54.785445	1122980886.67188
54.8157516666667	1068556654.75781
54.8466183333333	992075251.914063
54.876765	1074646871.44531
54.9077116666667	1030235177.05859
54.9385333333333	1123142331.66406
54.9698683333333	1039857244.42188
55.00029	1044021949.73047
55.0311633333333	1052490847.10156
55.0591966666667	1147313656.73438
55.0884283333333	1101901413.89063
55.11872	960522434.328125
55.14975	984007746.734375
55.180155	1109514868.98828
55.2103766666667	917577962.816406
55.24018	960120510.203125
55.2706783333333	1169233091.19531
55.301475	905487990.695313
55.331105	1006831164.37109
55.3609266666667	924469803.25
55.3919416666667	918060585.167969
55.42261	1051162240.25391
55.4536283333333	942748487.960938
55.484745	930347904.644531
55.5160166666667	942003554.304688
55.5465783333333	1025721846.66797
55.576615	886620632.453125
55.6071033333333	942295048.246094
55.6383333333333	796969851.203125
55.6678016666667	783850379.378906
55.6987766666667	862208540.988281
55.7302116666667	889313497.039063
55.7613533333333	734782103.449219
55.792625	943069734.414063
55.82267	803193213.777344
55.854315	640489959.417969
55.88411	794902969.523438
55.9144433333333	778296574.40625
55.9454666666667	817417297.988281
55.9758133333333	894654045.851563
56.00718	803944173.460938
56.037985	757318107.5625
56.068545	828500135.371094
56.0980883333333	835739669.167969
56.1287266666667	820362272.101563
56.16067	745450065.433594
56.1926883333333	705591812.648438
56.2240366666667	829441039.019531
56.2541016666667	683954502.648438
56.2846316666667	648870058.082031
56.3168266666667	642704841.257813
56.34752	676443491.035156
56.37864	552824094.984375
56.4094016666667	706578605.574219
56.4396783333333	639477677
56.4707166666667	679534413.304688
56.5013766666667	638744673.578125
56.5323733333333	841041904.527344
56.5623333333333	776412036.464844
56.59059	764992763.78125
56.6215366666667	649237656.640625
56.6534966666667	690171521.851563
56.6849683333333	590548299.761719
56.7161033333333	669379472.816406
56.7467883333333	505820635.535156
56.7786683333333	719409026.703125
56.8089316666667	589332457.730469
56.8404433333333	719621131.777344
56.872145	709624274.472656
56.9025116666667	593993420.894531
56.9331066666667	548987119.269531
56.9653816666667	676868044.800781
56.9970233333333	550657322.679688
57.0295783333333	604876667.902344
57.0603216666667	596432955.203125
57.0913416666667	571276378.351563
57.1235733333333	668991872.601563
57.1546833333333	682425492.738281
57.186135	508737589.933594
57.21965	595707523.375
57.2507266666667	666207214.453125
57.2823833333333	670755103.753906
57.31442	719973810.785156
57.3451583333333	654805052.085938
57.3765733333333	525678079.355469
57.4081433333333	632048804.449219
57.4382733333333	660239586.488281
57.468825	620147811.605469
57.5004616666667	565503681.3125
57.5317766666667	406712563.525391
57.5629783333333	474720199.005859
57.5942366666667	551155103.988281
57.6255316666667	604201301.605469
57.6574633333333	416455371.710938
57.689935	658529327.84375
57.7214883333333	505475432.632813
57.7515733333333	614182933.316406
57.783205	462238004.269531
57.8136	479578615.095703
57.8460183333333	663342906.304688
57.87823	526010652.863281
57.9094533333333	560077350.71875
57.941255	592639682.320313
57.972775	556330524.367188
58.0040266666667	465475007.375
58.0365683333333	468864603.841797
58.0683233333333	402782795.279297
58.100045	446871827.353516
58.1312533333333	192990405.262695
58.1653716666667	500266146.3125
58.19569	513033155.140625
58.228685	476156792.599609
58.2600183333333	373431393.765625
58.292485	527843236.519531
58.3249183333333	419134629.806641
58.3558066666667	570567643.941406
58.3857966666667	472931142.712891
58.4176966666667	413644628.662109
58.4497183333333	573635750.476563
58.4802733333333	586841813.136719
58.5111683333333	496469568.347656
58.5414533333333	296699095.412109
58.5751516666667	510710275.132813
58.6064083333333	520160250.433594
58.6364216666667	592235181.261719
58.6683916666667	497436365.296875
58.6976966666667	480402403.917969
58.7297	455987266.761719
58.758245	469289954.078125
58.7898033333333	356278314.78125
58.82231	563313529.101563
58.8538083333333	464057307.908203
58.8853433333333	523351039.417969
58.9161683333333	540292812.632813
58.9462283333333	507124115.8125
58.9788183333333	510801910.402344
59.0104333333333	418334656.529297
59.0426366666667	505765741.560547
59.0742516666667	476478857.767578
59.1066333333333	583436901.425781
59.1361033333333	499118778.320313
59.16843	551530495.367188
59.2014633333333	265226907.855469
59.23362	277069631.210938
59.2664333333333	571942410.544922
59.2966516666667	611830148.808594
59.32892	516854862.800781
59.3602883333333	540127813.492188
59.39198	435363304.333984
59.421755	559000426.785156
59.4536416666667	435132000.408203
59.4862816666667	477551004.359375
59.51595	422576296.642578
59.5484616666667	248238753.861328
59.5807	431388362.888672
59.61295	398230438.359375
59.6442916666667	596798555.667969
59.6758733333333	491443449.916016
59.706745	520713931.613281
59.7395983333333	496054010.876953
59.7713816666667	433389704.832031
59.8030333333333	454812892.183594
59.8348016666667	467186280.742188
59.866755	380751595.744141
59.8994916666667	505113075.125
59.93057	426810786.226563
59.961705	473103613.714844
59.9928783333333	423736965.986328
60.0240133333333	469154025.410156
60.0562666666667	423449162.150391
60.0883116666667	607294373.992188
60.1192016666667	434612043.751953
60.150965	515845314.375
60.1826783333333	469461591.714844
60.21561	421326560.017578
60.2472783333333	487154218.777344
60.2799716666667	391313162.248047
60.31286	421710414.103516
60.3440816666667	465538185.160156
60.3745283333333	471222268.089844
60.4070766666667	450792523.699219
60.4374233333333	399178351.753906
60.46973	438641768.822266
60.5018616666667	443652717.734375
60.53141	261620087.22168
60.5635316666667	248231647.230469
60.5944466666667	410847717.505859
60.6282433333333	420810419.318359
60.6592266666667	317710059.023438
60.691125	402609578.162109
60.7224016666667	356641394.876953
60.755555	373034746.0625
60.78765	307195464.574219
60.8191633333333	414490853.529297
60.8495916666667	372163055.246094
60.88088	300542128.615234
60.912125	338352056.339844
60.9439816666667	353094020.785156
60.97518	328231176.041016
61.00599	388785317.701172
61.0372866666667	292523958.863281
61.07084	241710253.732422
61.1026916666667	392542839.699219
61.1346616666667	341044626.775391
61.1672733333333	334119690.363281
61.19836	414072640.582031
61.230355	409670793.306641
61.2616133333333	353732673.396484
61.2935366666667	399075230.015625
61.326675	386324359.84375
61.358985	391809077.480469
61.3920216666667	406763923.59375
61.4254533333333	255785454.40332
61.45622	236440904.126953
61.48812	379618602.333984
61.520335	343558840.017578
61.5502666666667	384324134.324219
61.5817616666667	381413474.246094
61.6125666666667	321463183.279297
61.645745	243508048.126953
61.678235	266537125.777344
61.7110683333333	429409090.119141
61.742525	374430145.552734
61.7742133333333	349434655.332031
61.80635	374839171.228516
61.8378433333333	375735496.732422
61.8716983333333	398800657.605469
61.9027316666667	284477648.015625
61.9356083333333	282572560.955078
61.9680366666667	215702608.719727
61.9998266666667	319612921.771484
62.031705	344546700.0625
62.0632783333333	313098145.798828
62.097185	308794671.101563
62.1302916666667	255972393.007813
62.1632083333333	342023011.107422
62.19522	306197330.017578
62.2273466666667	388403086.578125
62.2590116666667	357255014.103516
62.2925433333333	320275947.583984
62.3260733333333	233020910.896484
62.3584	331020500.728516
62.39198	386431657.519531
62.4246483333333	291017800.255859
62.4579483333333	309284324.625
62.4889616666667	286041388.824219
62.5205483333333	279606958.855469
62.553575	365000779.71875
62.5853566666667	339545492.810547
62.6173733333333	348734730.244141
62.6488016666667	307830371.826172
62.681975	217557103.477539
62.7140116666667	144407384.251953
62.7474716666667	251703228.49707
62.7809633333333	276633762.910156
62.8133766666667	288519472.578125
62.845135	288845698.945313
62.87695	249900847.866211
62.911285	286681807.935547
62.9435366666667	325124356.726563
62.9766733333333	193856389.524414
63.0094266666667	135676175.625488
63.0426116666667	247198183.170898
63.07506	81221362.0556641
63.1057833333333	329342557.871094
63.1393216666667	286299611.572266
63.1729883333333	272740027.84375
63.2051183333333	256614596.064453
63.2375266666667	318314644.654297
63.2701933333333	314160836.685547
63.3020566666667	282418172.232422
63.3347033333333	229713014.28125
63.3663233333333	185606116.946289
63.3999983333333	322774596.078125
63.4323866666667	266058611.501953
63.4648166666667	223700706.802734
63.4949566666667	301708821.619141
63.5267166666667	241857162.030273
63.5600783333333	289091015.919922
63.5912633333333	307135649.900391
63.6232016666667	292211375.261719
63.6538783333333	300571492.318359
63.6862333333333	311278099.021484
63.7190183333333	233417814.691406
63.7518383333333	21174831.8139648
63.7863283333333	145665238.83252
63.821415	287865761.679688
63.85208	297253150.779297
63.88379	222523652.953125
63.9174366666667	293456063.507813
63.9499083333333	286049467.074219
63.98361	361507174.361328
64.0153116666667	268917582.128906
64.048225	292128454.054688
64.0801166666667	198427132.053711
64.1136133333333	155477109.739258
64.1467933333333	272100397.578125
64.179475	280818597.193359
64.211425	259514099.226563
64.2432583333333	270527137.732422
64.2757133333333	265094030.330078
64.30806	273034614.568359
64.34124	257043169.361328
64.3731483333333	252497175.943359
64.4063733333333	180065021.788086
64.439915	246376848.170898
64.4722733333333	245129727.450195
64.5025083333333	227141542.566406
64.5348616666667	237175174.029297
64.5673316666667	247348253.244141
64.59831	256468020.238281
64.6292816666667	197722701.859375
64.661255	245396166.797852
64.69514	229677911.979492
64.72847	156627568.572266
64.7614	261957859.057617
64.7939083333333	183080752.302734
64.8275566666667	232855510.253906
64.8600016666667	232962353.639648
64.8926333333333	255550989.649414
64.9260616666667	233439999.853516
64.9565383333333	278054085.111328
64.9884833333333	163536612.240234
65.0215366666667	176123058.456055
65.05377	184100392.580078
65.0867333333333	154535324.273438
65.1190166666667	243297578.413086
65.152125	231791681.113281
65.1860433333333	134987361.801758
65.219095	8643916.49755859
65.24157	219727834.855469
65.2782383333333	187168663.580078
65.3109416666667	184435482.383789
65.34305	209361295.648438
65.374475	207707048.547852
65.4073133333333	196464899.548828
65.4406866666667	208665409.014648
65.4742316666667	229818511.84375
65.5067666666667	194667267.02832
65.539415	193471376.851563
65.571185	183999431.405273
65.6036333333333	208964859.260742
65.6339666666667	186088277.275391
65.6676183333333	155809771.155273
65.6994933333333	88367358.8725586
65.7327433333333	182941890.333008
65.765945	186076136.081055
65.7984916666667	246817082.492188
65.8302516666667	175640951.770508
65.8631566666667	92531193.1064453
65.89705	153723585.71582
65.9297033333333	199008921.65332
65.963035	202483398.475586
65.99416	173168387.992188
66.027305	189230988.609375
66.059235	226341984.413086
66.0915633333333	187859805.136719
66.12456	164290902.273438
66.15769	202013768.56543
66.190365	241838746.8125
66.2230233333333	134690072.21875
66.2561333333333	189286951.970703
66.288125	217764915.628906
66.3205666666667	223965750.482422
66.3513166666667	176172910.183594
66.3843366666667	209026743.161133
66.4165666666667	180301289.333984
66.4497983333333	219512918.345703
66.4827766666667	212995299.913086
66.5138816666667	147863020.638672
66.5473183333333	186015013.183594
66.5792066666667	162666922.816406
66.611585	180843346.885742
66.6431066666667	79756289.6298828
66.6759333333333	189149845.950195
66.7088016666667	189827826.942383
66.7416183333333	208260144.107422
66.7738283333333	135034548.053711
66.804445	209909498.105469
66.83708	163423012.575195
66.8708066666667	199846977.082031
66.9037866666667	201627197.304688
66.93715	185485975.816406
66.9697966666667	144747456.967773
67.0028933333333	210272879.501953
67.034435	202155756.047852
67.0659216666667	191042785.413086
67.0981816666667	226067554.711914
67.1303916666667	219334155.426758
67.1631466666667	189318121.874023
67.195285	205928334.484375
67.2278716666667	165742816.819336
67.2614333333333	188695362.491211
67.2939483333333	198274287.573242
67.3267633333333	215177634.283203
67.3586966666667	216367735.789063
67.39088	168251525.120117
67.4236533333333	142975442.404297
67.456425	166087954.893555
67.4903683333333	202853085.46875
67.524585	215628647.044922
67.5566233333333	200254117.051758
67.5890883333333	228123860.594727
67.6208216666667	224735092.775391
67.6529583333333	207007868.351563
67.6853416666667	147486924.393555
67.7179533333333	193021998.095703
67.75133	184588080.618164
67.7837583333333	204282631.419922
67.8163783333333	236053821.910156
67.8494533333333	190048232.439453
67.8823816666667	198959498.831055
67.91499	175239855.076172
67.9477	164651762.605469
67.980295	211438714.44043
68.01291	207543923.97168
68.0462216666667	170989324.90332
68.07868	182941279.544922
68.111905	209615526.043945
68.14437	89776497.6186523
68.1775316666667	185886703.800781
68.2104566666667	203472943.173828
68.2415683333333	190502459.038086
68.2745666666667	106745590.978516
68.3069966666667	188834728.385742
68.339835	184471189.229492
68.3724933333333	172008934.358398
68.405495	178998754.835938
68.4383833333333	182658429.163086
68.4702766666667	212158772.660156
68.5022766666667	210668231.789063
68.5360333333333	193444945.790039
68.5679233333333	220551015.417969
68.5992616666667	166682746.243164
68.632215	188439254.382813
68.664725	118695657.824707
68.6994216666667	152606120.458984
68.73254	155987114.166016
68.76454	173434918.576172
68.7970516666667	159725978.829102
68.8287433333333	172971340.126953
68.86122	156518518.25293
68.893805	209106327.907227
68.9267083333333	154772036.819336
68.959595	164141792.544922
68.9914966666667	160530257.147461
69.0248616666667	140752595.666016
69.0585333333333	115239617.150391
69.0916316666667	152702262.930664
69.12501	185412057.439453
69.1584416666667	164524065.441406
69.1911916666667	188669302.525391
69.2233683333333	118339394.398438
69.2549083333333	171994636.375977
69.28847	198239153.618164
69.3209933333333	187980188.688477
69.3544216666667	186941325.117188
69.3872483333333	175285888.499023
69.4197366666667	230243346.220703
69.4517433333333	181338401.250977
69.4849166666667	162365841.181641
69.51746	140734083.745117
69.5507816666667	203820746.577148
69.5840183333333	154896190.365234
69.6166983333333	156714638.745117
69.6497183333333	161851297.651367
69.6824033333333	188652615.053711
69.7163933333333	189378221.80957
69.747905	153173171.983398
69.7804283333333	162391117.720703
69.8135766666667	157618087.744141
69.8459483333333	86870967.0800781
69.879615	153043998.880859
69.9132416666667	164976714.371094
69.9468366666667	164644231.488281
69.979525	182510097.474609
70.0128066666667	152295226.682617
70.0450183333333	159193703.316406
70.0798266666667	157214349.441406
70.1128166666667	141150332.102539
70.14498	159447902.633789
70.1776116666667	114218895.507324
70.2079416666667	159715407.017578
70.240195	177894803.732422
70.2725466666667	128081832.110352
70.3051383333333	148655566.00293
70.3385533333333	174731770.182617
70.3709783333333	84673626.1206055
70.4039283333333	137735899.672852
70.436885	149873412.015625
70.4702766666667	130106522.416992
70.50313	151790051.37207
70.5357983333333	146089278.757813
70.5693033333333	144164000.25293
70.60246	132130535.724609
70.63483	130291859.103516
70.6669883333333	81912626.8642578
70.6995633333333	122121801.654297
70.73265	125660323.30957
70.766205	109534965.669922
70.800315	131863768.134766
70.8347033333333	94307734.1503906
70.8671783333333	119125139.729492
70.9006633333333	116823163.069336
70.9339533333333	110518538.178223
70.968835	106643648.625488
71.00182	82975939.815918
71.03597	63931327.9770508
71.070075	92076643.0517578
71.1053483333333	101877036.322754
71.1386583333333	79510453.5
71.1713433333333	68966151.9648438
71.2035983333333	95394719.7333984
71.235955	70069031.0996094
71.270345	87666645.777832
71.30416	75575652.2543945
71.3370866666667	72493830.2553711
71.3701783333333	27475687.6691895
71.402865	22993178.9892578
71.4369383333333	67812960.8950195
71.4708883333333	74532348.2250977
71.5040416666667	85066029.2734375
71.5366016666667	54709976.7836914
71.569865	59221489.3388672
71.60166	56128150.7578125
71.6343916666667	37401171.6018066
71.667215	59277240.6391602
71.7016383333333	70297104.3686523
71.73464	73532067.3857422
71.7683616666667	70538066.1416016
71.8021566666667	61261240.9560547
71.83593	60421664.5837402
71.870245	95943589.4135742
71.902145	60474268.098877
71.934415	43289479.5458984
71.96724	80242342.7177734
71.999255	73878430.9882813
72.0314133333333	143074913.224609
72.0635633333333	114506792.008789
72.0961	92650322.6098633
72.1283	120602245.529297
72.1595366666667	113220548.954102
72.1924633333333	111121428.229492
72.2238966666667	100832843.510742
72.25625	67832106.4038086
72.2879466666667	20175129.1696777
72.319455	11299387.1113281
72.3525366666667	53321946.3901367
72.3849666666667	64023228.4599609
72.415455	62714386.7431641
72.4470333333333	67460202.847168
72.478955	39978208.7390137
72.511995	41397983.2915039
72.5455766666667	48026023.4316406
72.5793916666667	9410344.05493164
72.6107183333333	38302421.583252
72.6442866666667	15122086.9138184
72.6771283333333	1538463.80016327
72.71661	16513245.1893311
72.7506416666667	28243363.3093262
72.78245	1461967.74693298
72.8205416666667	9849264.40563965
72.854575	6733284.37158203
72.8854783333333	10354007.15979
72.917415	6879826.35760498
72.949565	4198698.96792603
72.981645	2391431.44145203
73.0167033333333	22256570.1673584
73.0499266666667	7940940.18041992
73.082225	7449928.87646484
73.11585	3666875.6217041
73.1495583333333	11628574.3629761
73.1824233333333	9749557.98712158
73.21568	13121629.2775879
73.2486283333333	8867672.78018188
73.2799766666667	11749073.8430786
73.3126966666667	9111081.62988281
73.3457983333333	6668192.03729248
73.3801166666667	2987064.97974396
73.41846	9904039.91320801
73.4517416666667	10766655.7565308
73.4827416666667	7010377.95352173
73.5181616666667	11574076.2722778
73.5497633333333	13021180.199585
73.5846816666667	13988170.4962158
73.615895	10713499.9763794
73.6509283333333	12604702.9868774
73.6830233333333	11019431.2492676
73.7165566666667	12386767.5827026
73.7489216666667	1953803.59534454
73.78875	13075051.0871582
73.8231133333333	12264381.3897705
73.8547	9558687.89868164
73.8878716666667	12866536.475708
73.9202333333333	9650606.82952881
73.9519733333333	8669393.95782471
73.9837633333333	9917894.31848145
74.0152316666667	7783066.02215576
74.0482083333333	10471642.7460327
74.0821633333333	8330516.61065674
74.1139683333333	9960052.13861084
74.1477166666667	7244577.13458252
74.18316	10408291.8737793
74.21507	8336149.94671631
74.248965	9757195.58410645
74.2820683333333	8872141.12890625
74.316355	10760198.8134766
74.3494883333333	5826355.83630371
74.383375	9289569.95928955
74.4162916666667	7240138.47021484
74.447955	8655881.55377197
74.4801433333333	11249073.414917
74.5140183333333	13774539.3676758
74.547935	10549412.2331543
74.582045	9907151.82244873
74.615545	11481401.2408447
74.6459083333333	6243333.53436279
74.680085	5718781.5345459
74.7138966666667	12046996.3052979
74.7477416666667	19076619.6567383
74.779765	8475105.63275146
74.8119066666667	14471304.1251221
74.843615	13489289.9542236
74.877025	13754260.8459473
74.9110283333333	16019547.6162109
74.9439	13279091.8041992
74.9773333333333	10980572.8414307
75.01079	14589144.1949463
75.0429	12699400.8702393
75.0761666666667	21684686.2648926
75.1076333333333	11889501.9147949
75.13974	14729454.6185303
75.1706783333333	10654822.8087769
75.2039916666667	11429066.3302002
75.2363316666667	13655045.7995605
75.26897	12664290.1640625
75.301935	10297388.1906738
75.3341983333333	8551812.83459473
75.3662033333333	11253194.6862793
75.3976816666667	13429468.9980469
75.431025	11349253.2174683
75.4623933333333	13165049.1070557
75.4950083333333	15514153.0048828
75.5279333333333	17615178.2512207
75.5605033333333	14028136.0556641
75.59297	10824383.454834
75.6250683333333	11196335.5543213
75.6570066666667	14137853.932251
75.6882233333333	15819612.8937988
75.7215283333333	15360115.1151123
75.754535	13233987.5532227
75.786445	12426960.7299194
75.8183133333333	15679711.4464111
75.851225	11915741.7784424
75.8861266666667	15168785.5847168
75.9195233333333	17828642.2052002
75.9492966666667	10958203.0465088
75.982965	11048204.9611816
76.0173633333333	18107119.1712646
76.048775	11493613.7369385
76.0795466666667	12912646.2487793
76.1132283333333	14408983.279541
76.146245	11407131.5599365
76.1793066666667	18476167.7547607
76.21254	13018982.4725952
76.246315	17393968.0489502
76.2789233333333	14698968.0511475
76.311015	13235240.6496582
76.3445866666667	13480585.4000244
76.3770533333333	16669243.5458984
76.4117133333333	13026004.677124
76.4454116666667	19284621.7609863
76.4782783333333	16243959.2762451
76.5102033333333	14315916.1122437
76.5425983333333	19369025.416748
76.5757966666667	19685994.3850098
76.6106116666667	16243825.0667725
76.6437583333333	17490693.3077393
76.6756833333333	13158490.7575684
76.7087283333333	13473200.9265747
76.7429616666667	14769632.6367188
76.778115	14350303.850708
76.8104183333333	18915824.2581787
76.8415616666667	15458767.6248779
76.874775	13920393.9681396
76.909315	14878315.416626
76.944625	16367063.0700684
76.9787783333333	11480590.0958252
77.0146283333333	13087868.0318604
77.0497266666667	13636870.1054688
77.0803983333333	16086316.1947021
77.111615	11580774.9434204
77.146715	8875935.84521484
77.1795333333333	15402514.5814209
77.2120416666667	12064464.2419434
77.2468383333333	15152649.9854736
77.2800966666667	23372129.2260742
77.3127466666667	15256627.37854
77.3462983333333	23459948.9580078
77.3786066666667	10363167.4264526
77.410915	14757104.1882324
77.4442366666667	17376755.4829102
77.4767283333333	10485974.1015015
77.50911	20195652.3864746
77.54037	31229866.9838867
77.5730633333333	44849897.3237305
77.6042216666667	21917135.2880859
77.6353783333333	14924341.0731201
77.6673516666667	52062825.519043
77.6977116666667	52954083.1220703
77.7293283333333	22464805.5443115
77.7620166666667	20220343.9401855
77.793615	19163179.1405029
77.82709	21370097.4385986
77.8609966666667	13154231.6303711
77.8941133333333	10739472.7547607
77.928475	17976735.7644043
77.9612416666667	14323753.1459961
77.9955033333333	21738114.9936523
78.02803	9831892.80609131
78.0621316666667	18851941.9798584
78.09401	15528923.9814453
78.12687	10331094.6309814
78.16009	28990742.559082
78.1925983333333	22518135.2893066
78.2243166666667	32114451.8369141
78.2573483333333	24637858.9440918
78.289365	22894103.2277832
78.3210483333333	25543487.9609375
78.353535	11057611.4820557
78.3856416666667	25119633.0461426
78.4175433333333	19691560.0224609
78.445715	49731618.0703125
78.479435	15842982.6650391
78.5134633333333	44217377.3164063
78.5460383333333	24195402.6008301
78.5795216666667	41763657.2993164
78.6124266666667	23536434.1662598
78.6461766666667	52499155.5244141
78.6771066666667	81747085.8706055
78.7092066666667	91187271.0107422
78.7421083333333	169741074.973633
78.7745416666667	82487385.0151367
78.807255	93968925.9399414
78.8385916666667	79085285.7182617
78.8713983333333	74944829.9030762
78.9048766666667	57958753.7102051
78.9386533333333	53523465.9587402
78.9721066666667	61140686.2834473
79.006685	61801621.5229492
79.03968	47307703.0917969
79.07258	64768467.3286133
79.10506	66265169.0654297
79.1385266666667	34651099.8405762
79.171835	48373795.7182617
79.20462	35101819.3413086
79.2375916666667	53729206.4355469
79.269885	57282067.949707
79.3023316666667	46621241.2822266
79.334985	103736674.02832
79.3684583333333	65593488.7402344
79.4013416666667	75412072.7641602
79.4349416666667	91049110.496582
79.467645	72597504.1079102
79.5019216666667	111420784.351563
79.53555	77292680.5283203
79.56751	101180242.862305
79.6001333333333	60743858.3330078
79.6340533333333	67785541.6103516
79.665915	50633417.2250977
79.6984433333333	41595228.9741211
79.7289966666667	36561809.7060547
79.7620266666667	66278561.8271484
79.7948033333333	29718925.9865723
79.828245	29122087.7333984
79.860365	58270176.8432617
79.8937916666667	53131485.902832
79.9271983333333	47219429.5952148
79.9606566666667	40740388.2189941
79.99328	45511194.5117188
80.0268483333333	96584082.6796875
80.05921	74189945.1635742
80.0923866666667	51881060.3554688
80.1267916666667	75199517.5126953
80.159805	60242777.0512695
80.1937433333333	68179379.9555664
80.226435	102577366.314453
80.2601483333333	53778991.6777344
80.2919833333333	47973030.1015625
80.325365	52709378.9194336
80.3579783333333	77754722.6586914
80.3884566666667	41033535.9941406
80.4209266666667	61302518.4438477
80.4534833333333	58923313.1118164
80.485875	60858766.9052734
80.51956	55227298.043457
80.5534716666667	58197085.5112305
80.58735	26162315.6726074
80.6206166666667	63440052.9399414
80.6552183333333	54720968.3457031
80.6892566666667	63390041.671875
80.722725	54299232.3637695
80.75395	71093713.8984375
80.7867916666667	71708350.0849609
80.8199583333333	69622127.2719727
80.8534866666667	47086238.0063477
80.8869766666667	56410320.7802734
80.9185466666667	55844738.0644531
80.9524383333333	57871464.7905273
80.98634	47521312.5473633
81.0180266666667	51128344.2836914
81.0522233333333	44789655.8964844
81.0846916666667	90743788.9960938
81.1176183333333	96371548.4824219
81.15163	76901265.4233398
81.1842866666667	96481295.0952148
81.2174666666667	67847880.175293
81.2501916666667	49609995.9667969
81.282945	45186567.6557617
81.3159583333333	46158969.0625
81.3492216666667	51176829.1943359
81.3814066666667	45880345.1762695
81.4149833333333	38008579.8166504
81.448555	37054106.3183594
81.4823116666667	43813377.8876953
81.5144883333333	39864265.1108398
81.5475033333333	40507200.3696289
81.5810533333333	30575334.1342773
81.6143166666667	22801790.0366211
81.64652	26309173.5964355
81.6784083333333	37288700.7011719
81.7116883333333	25603773.751709
81.7445233333333	25625281.0949707
81.7765883333333	23108618.6655273
81.8098316666667	33309845.1853027
81.8430783333333	25087630.2006836
81.8759966666667	25889371.3354492
81.90799	25038566.6247559
81.9414266666667	20824384.3061523
81.97487	40745934.8798828
82.0068116666667	23431564.0778809
82.0390866666667	39256243.2167969
82.0716333333333	19074149.5695801
82.1026883333333	47342961.5302734
82.1349116666667	37681028.0749512
82.1681783333333	22392816.1306152
82.2006416666667	24536424.5407715
82.2331016666667	41085195.3774414
82.2665916666667	28017470.1862793
82.2992383333333	28355476.6047363
82.33285	28578105.3735352
82.3662866666667	17250146.7902832
82.399035	23003158.675293
82.4323666666667	32519572.1955566
82.4647433333333	48170819.5976563
82.4962816666667	30056222.6679688
82.5296366666667	33544689.532959
82.5620133333333	25744735.1147461
82.5956916666667	25965365.6750488
82.6296033333333	20149768.4157715
82.6620633333333	21929887.3579102
82.6936133333333	29795287.6933594
82.7264116666667	37216108.4165039
82.759985	29934606.7197266
82.7943416666667	11649847.4997559
82.8274566666667	20911970.083252
82.8590966666667	21185511.015625
82.8917016666667	11637084.4759521
82.924045	15791613.8132324
82.958195	17810458.3808594
82.9913416666667	8435961.92578125
83.025445	24724645.833252
83.05833	14421956.1801758
83.09231	10757130.3215332
83.1247016666667	10476978.838501
83.157585	14594206.237793
83.18993	11041582.4698486
83.220355	8436749.91259766
83.2531516666667	14733749.4675293
83.2865366666667	12107692.6291504
83.318175	13513747.5212402
83.350515	9808714.46832275
83.3818266666667	7368220.27783203
83.41406	10274367.7655029
83.4457383333333	16692318.9822998
83.47468	16783223.440918
83.506955	7236664.45288086
83.5383216666667	11190313.3413086
83.570475	7300477.85949707
83.6026966666667	28219904.3017578
83.63303	9450724.10101318
83.6663716666667	15717706.6101074
83.6968366666667	23881616.3989258
83.7275933333333	11941221.2416992
83.7599116666667	8794981.24224854
83.7937	15786242.2767334
83.8250116666667	10994567.5800171
83.8572966666667	19092851.1206055
83.88719	17262820.5880127
83.91998	10966502.6533813
83.9528916666667	14635630.5305176
83.9864183333333	24661384.6086426
84.0170916666667	12790973.0154419
84.0509116666667	23319208.7041016
84.08318	14590757.0101318
84.1153416666667	11338787.6262207
84.1485616666667	11896116.6421509
84.1806	14024650.4456787
84.2128133333333	13119501.0648804
84.2450666666667	15092996.0008545
84.277425	13081865.2704468
84.3110666666667	15388086.8585815
84.3438883333333	14380726.3313599
84.3743333333333	15902456.1231689
84.4083116666667	15944972.5404053
84.4406183333333	15030559.0419922
84.4721016666667	13377983.8966064
84.50561	11087062.7398071
84.539545	15789282.6087646
84.5704683333333	16302173.6612549
84.6010766666667	15649764.3762207
84.6338833333333	12339219.848999
84.6682116666667	14062245.8865356
84.7019766666667	14611343.039917
84.73394	12072952.3165894
84.7651983333333	12104677.9671021
84.8014183333333	12069256.6383667
84.83638	13454017.5496826
84.8692583333333	14873549.5977783
84.9026016666667	15829887.7664795
84.9360783333333	13960118.0965576
84.9701616666667	15709814.96521
85.0043816666667	15454415.9783325
85.0380566666667	13466007.7634888
85.0714716666667	16083132.4876709
85.1038383333333	12478753.5183105
85.1390633333333	15974105.5241699
85.1731083333333	14914377.6908569
85.2073083333333	18212998.4388428
85.24157	13720709.0597534
85.2755133333333	12173785.5595703
85.3099883333333	19492880.7895508
85.34406	15549086.9448242
85.3771733333333	16403759.6222534
85.4115483333333	12892477.1444702
85.4457533333333	11527852.156189
85.4798516666667	10664890.7139893
85.51024	15752815.875061
85.5464316666667	13090021.4469604
85.5786866666667	16651092.3172607
85.6122566666667	2137270.55462646
85.6534183333333	13553366.256897
85.688	12451803.7216187
85.724105	10273153.3751831
85.75776	12712587.5733032
85.79135	11099112.3060303
85.8263183333333	10990938.4509888
85.8613366666667	10533027.4266968
85.89631	12921900.4307251
85.9314133333333	15794608.1445313
85.9652116666667	16861227.5413818
85.9962483333333	7467322.74035645
86.0283066666667	18407837.7058105
86.06111	14227689.8626709
86.09534	14797178.0239258
86.1300316666667	14495631.6088867
86.16328	10707169.4050293
86.1971483333333	11247118.0618896
86.232085	14408076.0712891
86.266535	15477785.6051025
86.2980283333333	15657392.1196289
86.3300733333333	12346650.5579834
86.3633983333333	13855932.0649414
86.3957983333333	8826401.91992188
86.42936	10646083.4017944
86.4638083333333	9445620.99536133
86.495175	10971901.7402344
86.526835	6798889.06021118
86.5607566666667	11285887.7893066
86.5915333333333	3956223.87173462
86.62819	7005140.95489502
86.6589083333333	7797877.17700195
86.69356	6106550.28570557
86.727995	5790060.8056488
86.7638966666667	12233009.8481445
86.79621	2203448.02537918
86.8343966666667	10547700.2331543
86.8668983333333	4441865.82879639
86.9031966666667	4955164.48001099
86.939645	7576830.85925293
86.97147	7496268.27502441
87.0035733333333	8934072.87731934
87.0374266666667	2174456.64568329
87.0747833333333	6598707.57910156
87.1077216666667	9614155.66699219
87.1391983333333	9635826.64031982
87.1731866666667	9440337.14096069
87.205865	9696854.86273193
87.2397616666667	9339668.64007568
87.27325	14405552.5581055
87.3083516666667	9171831.92953491
87.3411983333333	9265669.90014648
87.3724766666667	3902832.73371887
87.4085883333333	10966145.8862915
87.441645	10146811.4780273
87.4758366666667	8364621.80041504
87.50718	9832343.19976807
87.540515	5884172.65979004
87.5762983333333	9831016.47558594
87.6082033333333	9467936.50097656
87.6399466666667	6380749.95602417
87.67235	9062550.57116699
87.70713	7020558.42700195
87.740595	11427986.8289795
87.7730333333333	11853848.883606
87.8055683333333	13251906.4293213
87.8406133333333	15795346.1566162
87.8722833333333	2352891.19408417
87.9111366666667	13592883.4953613
87.9456866666667	5657551.22796631
87.9808916666667	12982135.3259888
88.0121966666667	9215172.58685303
88.0460383333333	10496163.300354
88.0808933333333	7686374.21627808
88.1138316666667	8620539.5489502
88.143455	9636536.07553101
88.1791066666667	10839439.6778564
88.212425	2144278.31774139
88.2494266666667	6180346.41506958
88.2815366666667	11640979.5291748
88.3159883333333	16023840.9165039
88.3470066666667	13304537.2911377
88.378285	19297050.1544189
88.4128433333333	21537046.2392578
88.443675	14241364.203064
88.4762816666667	19620958.3337402
88.51112	23557981.1467285
88.540845	21760131.8569336
88.5743266666667	14414740.3703613
88.6084183333333	18733018.7298584
88.6416316666667	25788678.0140381
88.6740266666667	21630686.0583496
88.7073166666667	20783201.0611572
88.7421816666667	18036545.1460571
88.7764633333333	16838011.9838257
88.81139	17972989.6835938
88.84327	16531548.9139404
88.8780766666667	15913412.6785889
88.9093416666667	23752473.1096191
88.9421883333333	8623234.75244141
88.9750916666667	17365614.5562744
89.0073366666667	11045350.5895081
89.04051	14179826.5889282
89.0738216666667	6806946.80755615
89.1081466666667	14695899.8955688
89.1426933333333	13002149.0494995
89.17471	18398870.7255859
89.2087116666667	9318552.19512939
89.2415	15846391.0373535
89.2759966666667	11752919.1297607
89.3091616666667	17159327.9107056
89.344235	13541700.1061401
89.3788883333333	20399446.2111816
89.412615	15605805.7294922
89.4459633333333	13166109.772583
89.4803466666667	13913083.0661621
89.5132166666667	17246826.6612549
89.54704	18652988.8404541
89.57991	19094633.8103027
89.6123016666667	16480775.7578125
89.6452883333333	13464459.4749756
89.6771183333333	17725337.3287354
89.7106683333333	25426967.9995117
89.744445	13951719.8900757
89.778655	20586643.6650391
89.8129483333333	17130561.5101318
89.84598	10564696.3235779
89.8783516666667	13458663.1671143
89.9127416666667	13884693.6270142
89.9458983333333	15949499.5043945
89.9783383333333	22444574.5953369
90.011125	13095561.1613159
90.0458816666667	20748829.333374
90.078305	13201211.3582764
90.1116433333333	17710086.0983887
90.1448566666667	12816978.4955444
90.179705	12755489.2765503
90.2114733333333	13466581.1951904
90.2456933333333	11298910.4827881
90.2791433333333	12285473.97052
90.3127166666667	13420995.8032227
90.34607	11466301.2084351
90.3798533333333	12730956.097168
90.41164	11133891.3037109
90.4418766666667	13053799.2862549
90.4767516666667	13370240.9779053
90.50682	13333119.199585
90.5388066666667	14539718.8204956
90.5721333333333	13941566.291626
90.6037516666667	13763597.7651367
90.63454	13975473.6743164
90.6676533333333	13658478.1959229
90.6982516666667	13644145.0421753
90.7313933333333	12104514.8098145
90.7632866666667	10574530.0684204
90.7965466666667	16545432.4442139
90.8301533333333	15343233.7337646
90.86287	12546713.5150146
90.8957466666667	12353223.3851929
90.9297183333333	13528620.7025146
90.9602766666667	12230512.9259033
90.99356	13558088.6732178
91.0266983333333	12502546.8355713
91.0593883333333	11155983.0432739
91.0922533333333	11148980.8900757
91.1237833333333	11569583.6915894
91.1578916666667	12034501.4156494
91.1922116666667	10257971.4489746
91.2250516666667	12022491.2532959
91.25921	12576354.8879395
91.2929266666667	10553704.8479004
91.32663	13836620.8876343
91.3600583333333	12320578.4969482
91.3913716666667	11701198.6229248
91.4237466666667	11566495.3410034
91.4562783333333	14827855.3787842
91.49075	12312336.321228
91.52589	7608338.45141602
91.557255	15534197.9730225
91.5898483333333	11800694.6717529
91.6214983333333	11905650.5784912
91.6516966666667	10618791.4457397
91.6870533333333	15702529.5534668
91.7174066666667	11178766.8486328
91.7523833333333	14574472.2092285
91.7858316666667	12105472.6321411
91.8181383333333	12442164.5307617
91.8524533333333	15148705.338623
91.88517	9866810.74908447
91.9186566666667	12332117.1195679
91.9510416666667	11382396.0703125
91.982135	14915381.1660156
92.0148683333333	13898647.6817017
92.0489633333333	14090617.4072266
92.0826133333333	10749233.2052002
92.1156216666667	14920039.9488525
92.148065	9508054.98968506
92.183125	13090221.9022827
92.21702	8986332.46087646
92.2490033333333	11436645.0328979
92.2822633333333	11881162.0940552
92.3162733333333	11034833.2666016
92.349135	11127897.3728638
92.3834116666667	9318843.46618652
92.416565	11520854.161438
92.44808	12102240.611145
92.481485	11332956.1142578
92.5160283333333	13227263.8122559
92.5480133333333	9892670.0010376
92.58048	10802208.8034058
92.612375	14287544.8815918
92.6446166666667	13116850.7421875
92.6776416666667	14128700.3131104
92.7115216666667	12146689.9660645
92.743015	12641672.3148804
92.7750833333333	12527519.5673828
92.8071916666667	12268751.3953857
92.8391566666667	10920068.600647
92.8740216666667	11470563.0883789
92.9073333333333	10090778.0871582
92.942335	12726497.6651611
92.97403	8540892.83959961
93.0056116666667	11633090.5800781
93.037295	10851926.15979
93.0698516666667	10045146.0168457
93.10422	13245249.3642578
93.1360333333333	11574414.4343262
93.1678433333333	11278467.2555542
93.2026766666667	10374085.5365601
93.233365	11494270.168457
93.265875	9519731.34362793
93.296205	11984233.9766846
93.3289183333333	11676024.6695557
93.3605066666667	10304905.010376
93.3934516666667	9741717.13452148
93.4260366666667	7948538.58685303
93.4559866666667	10161027.2972412
93.488725	9649841.49682617
93.5214083333333	8824930.21746826
93.55512	8599394.78295898
93.5862316666667	9104920.94384766
93.6170533333333	11144931.5366821
93.6497016666667	11153114.7237549
93.6822383333333	8098384.42474365
93.713065	9530908.3145752
93.7441183333333	7922086.31988525
93.77514	11227653.0631104
93.8065666666667	7916641.30187988
93.8381033333333	8385939.8838501
93.8706083333333	8931374.43493652
93.9021666666667	10611560.1619873
93.934825	7359601.44921875
93.9693583333333	8565089.0234375
94.0018183333333	11198178.999939
94.0324383333333	6519753.05993652
94.0649283333333	8115050.22113037
94.097335	9197048.61413574
94.1304566666667	8313459.44433594
94.16373	6947359.20166016
94.1947733333333	14178206.4880371
94.2256833333333	12930517.0429688
94.2589516666667	5832693.51495361
94.2917166666667	10180046.5950928
94.3233466666667	11447587.9120483
94.3539716666667	15767827.7840576
94.3864833333333	8551302.62252808
94.419555	11653212.9642334
94.4515883333333	13806013.9874268
94.4839083333333	11421315.010376
94.514485	11258488.7860718
94.5483083333333	11869519.0639648
94.57997	9761480.70880127
94.6138866666667	9584770.64324951
94.644185	10815273.2155151
94.6800916666667	8611885.95562744
94.7123266666667	11897571.8519897
94.7446316666667	9344762.60913086
94.7773	11301988.0713501
94.8090716666667	10273434.427002
94.84167	12794747.2866211
94.8734533333333	10618241.4765625
94.9061116666667	11303675.1057129
94.93963	10684958.4994507
94.9733883333333	11570565.9960938
95.0074266666667	14054241.9317627
95.0410633333333	16448031.6459961
95.0704833333333	11352075.5119019
95.1055433333333	10913131.9155884
95.137275	12733121.6756592
95.1712383333333	11382278.7376709
95.202065	8389422.75238037
95.2340483333333	9676077.88983154
95.26706	12341782.2017822
95.3018116666667	13719167.7776489
95.32996	12648412.4299927
95.360725	14062442.2941895
95.3931316666667	10972713.4697266
95.4282833333333	12618639.8041992
95.4616683333333	13227509.3790283
95.4943733333333	11177993.4013672
95.5283216666667	10484613.9432983
95.5633	10146691.6134644
95.5978383333333	12209032.7711182
95.632085	17277246.9575195
95.6630066666667	7395129.84283447
95.6974783333333	12654648.1690674
95.7294533333333	9156305.86621094
95.7630766666667	11812636.7623291
95.7954866666667	12493270.0286865
95.8268483333333	6775398.31445313
95.8595183333333	8385754.27764893
95.8929683333333	8183742.59762573
95.92479	10031839.026123
95.9588466666667	9462394.36157227
95.994015	13082805.7567749
96.0273583333333	6168636.17703247
96.0625033333333	10328721.4788818
96.09344	11958440.8599243
96.12622	2379057.29344177
96.166265	10274312.8762207
96.2010216666667	8088903.77597046
96.23383	11972106.5776978
96.2678683333333	12393826.0136108
96.30152	9454427.03851318
96.336655	7759890.85293579
96.365725	10786334.8936768
96.399535	10467650.6188354
96.43446	10323991.5983276
96.4695383333333	6797148.5776062
96.50209	11406276.3456421
96.535625	11268925.9105835
96.569775	14219998.097168
96.605005	6592758.13088989
96.640465	8936712.63342285
96.6741333333333	11360030.8206177
96.7072566666667	10533854.9505615
96.7397883333333	11203615.9805908
96.7690166666667	11606407.5341797
96.8030016666667	13303499.729248
96.83194	8793191.42004395
96.8676483333333	12750041.4364014
96.8985166666667	8847481.10275269
96.93095	11210597.8306274
96.962775	10592687.4530029
96.9960533333333	10926970.064209
97.0292833333333	9106120.79064941
97.0626416666667	12415868.0981445
97.0961316666667	5379257.42483521
97.130405	11753601.3865356
97.1645233333333	11360169.7589111
97.19674	13302472.7121582
97.2287266666667	2104109.09938812
97.26919	11380112.2224121
97.3025316666667	8003436.69143677
97.3374166666667	5779453.99264526
97.3731316666667	11145800.0796509
97.4025716666667	12508375.899292
97.434705	6786266.53710938
97.4666983333333	11463897.7650146
97.499225	7369507.10656738
97.5329283333333	5188497.05786133
97.56745	7571509.56399536
97.6003133333333	5360503.11956787
97.6350316666667	6738304.83282471
97.6678383333333	7221884.13592529
97.7024966666667	4223234.60935974
97.737795	7623941.9597168
97.7704516666667	5599406.55661011
97.8037016666667	5943044.5319519
97.8367383333333	6593219.47509766
97.8691666666667	7782626.93322754
97.903215	5698952.39743042
97.9359633333333	3954811.73959351
97.96848	6601769.63009644
98.0003116666667	12297606.473999
98.0344766666667	8316030.84729004
98.0683616666667	9965923.78662109
98.1014183333333	7965463.69821167
98.1350683333333	12499564.7026367
98.1668866666667	7116548.46282959
98.1999733333333	11409128.3729248
98.2321983333333	13601934.4691772
98.2662433333333	12999782.5283203
98.2985983333333	5869569.60079956
98.3309566666667	7018782.0302124
98.36358	3894372.8086853
98.3997066666667	9683354.64239502
98.4335533333333	9243995.08728027
98.468385	11731187.680481
98.5009333333333	2232332.21105194
98.5407216666667	7975474.36520386
98.57376	8692301.72094727
98.6066366666667	10772048.9019775
98.63844	2294554.61568451
98.67824	10923394.8566284
98.7118033333333	7237286.83154297
98.7440283333333	10272779.3026123
98.7789166666667	7993230.41427612
98.8133566666667	10350405.8890381
98.84347	10246159.7420654
98.876395	10875624.7850952
98.904895	8321039.15936279
98.9401833333333	9891640.47857666
98.9716366666667	9924052.26599121
99.0024016666667	6119128.38955688
99.036175	8137813.84832764
99.0676916666667	9405697.35736084
99.0995633333333	8703564.68353271
99.1322466666667	9070075.42285156
99.1649983333333	7570805.19723511
99.19801	6752126.73413086
99.2329983333333	7000467.50814819
99.2671966666667	8821493.66873169
99.3023116666667	5790655.24679565
99.33648	12855885.2593994
99.3667466666667	5347525.31515503
99.4012416666667	5449941.82775879
99.4376983333333	10320197.7827759
99.47088	7234235.10327148
99.5051066666667	9267071.69134521
99.53872	6724875.26721191
99.5691866666667	8080895.2019043
99.6015966666667	8287846.78491211
99.635215	8593756.53479004
99.667675	5393941.93554688
99.6997416666667	7880382.71032715
99.7328	10641836.3644409
99.7631166666667	10014685.8259277
99.79493	10867933.8828125
99.8288366666667	8978218.04177856
99.8608583333333	10614431.1715698
99.89466	11111785.3909302
99.92378	7257916.4095459
99.95703	12760727.2893066
99.989725	10082876.9171143
