RetentionTime	Intensity
0.00507666666666667	2911904.75970459
0.04534	2625243.34130859
0.0873816666666667	2649526.12701416
0.130651666666667	2628602.31280518
0.173838333333333	2762653.37762451
0.217613333333333	2699870.18041992
0.260723333333333	2674319.6619873
0.303181666666667	2641620.81958008
0.346093333333333	2819008.85443115
0.389625	2438507.01861572
0.432756666666667	2433770.79574585
0.476383333333333	2793137.66320801
0.518996666666667	2902705.72802734
0.561808333333333	3198894.54571533
0.604786666666667	2751246.57202148
0.647976666666667	2638756.68444824
0.691318333333333	2680233.82653809
0.734198333333333	2794386.72235107
0.777043333333333	2907901.39941406
0.820415	3057939.22521973
0.863496666666667	3128114.92822266
0.906485	2548373.10253906
0.94942	2723861.56716919
0.992746666666667	2059355.02124023
1.03609833333333	2752766.28637695
1.079695	2773682.74841309
1.12260166666667	2431584.24993896
1.16622833333333	2772460.18460083
1.20881833333333	2890469.60510254
1.25105166666667	2836205.25292969
1.29439166666667	2805937.90655518
1.33691666666667	2679253.15710449
1.38008166666667	2428496.09594727
1.423305	2150782.46691895
1.46670666666667	2253632.90933228
1.51028333333333	2393889.05090332
1.55412333333333	2436757.88476563
1.59738833333333	2250565.62127686
1.64011666666667	2527550.20776367
1.68328	2186024.61102295
1.72656166666667	2115412.31719971
1.77012666666667	2322674.79663086
1.81306166666667	2362612.9418335
1.85673833333333	2223613.60440063
1.89964	2427940.41827393
1.94307666666667	2364489.71887207
1.98564	2413278.36816406
2.02897	2056864.01864624
2.07234666666667	2388022.43121338
2.11604	2333183.89276123
2.15943333333333	2553366.66168213
2.20282333333333	1929435.44128418
2.24578	1928291.26782227
2.28946833333333	2128792.04077148
2.33240666666667	2145782.7769165
2.37549333333333	1975163.22998047
2.418045	1917125.40151978
2.46132333333333	2060027.30908203
2.504135	2108671.45062256
2.54822833333333	2202335.14300537
2.591425	2108142.62744141
2.63457333333333	1958868.02874756
2.67736333333333	2098831.67028809
2.720945	2156812.70037842
2.76438166666667	2004796.70239258
2.80796	2145425.93554688
2.85139833333333	1958297.16091919
2.89396333333333	2258607.96640015
2.93715	2210486.4453125
2.981055	2503588.02178955
3.02408333333333	2194920.91378784
3.067715	2076744.09692383
3.110955	2197414.34017944
3.15551833333333	2600454.86273193
3.19825166666667	2127173.99176025
3.24247333333333	2528513.90679932
3.28683333333333	1951959.24911499
3.32984	2237046.88183594
3.373405	2322829.29043579
3.416645	2619177.92486572
3.46036166666667	2660887.83068848
3.50349	2406186.69494629
3.545935	2326845.43667603
3.58990833333333	2058180.89065552
3.63282833333333	2064894.8399353
3.67662833333333	2297089.93875122
3.72102833333333	2156632.92803955
3.764675	1993651.2885437
3.80847166666667	1963650.94921875
3.85218	2007021.11654663
3.89597666666667	1881289.12075806
3.93966833333333	1916782.16369629
3.98347833333333	2039219.69580078
4.02686666666667	1831441.79684448
4.07052666666667	1839459.58166504
4.11449	1893347.52954102
4.15822833333333	1690689.58355713
4.20246	1569078.78143311
4.246285	1793229.76370239
4.29027	1595704.6050415
4.33426166666667	1644485.66558838
4.37741	1299234.56811523
4.42126	1586638.85247803
4.46432166666667	1640882.92810059
4.50829333333333	1747682.97918701
4.55175333333333	1650946.60757446
4.59465166666667	1758793.08511353
4.63801666666667	1860516.30761719
4.68205333333333	1930124.3034668
4.72569	2350674.54675293
4.768615	2374544.61706543
4.81189833333333	2574119.95373535
4.855545	2903470.07067871
4.899375	2736675.00115967
4.94222333333333	2765512.54211426
4.98536333333333	3327205.16430664
5.02835166666667	3399444.41101074
5.070875	3399009.637146
5.11388333333333	4261163.65289307
5.15581333333333	3889598.38272095
5.19894666666667	5589083.71856689
5.24176833333333	5868966.74481201
5.28425666666667	5819750.85241699
5.328665	6117477.51391602
5.37182166666667	7998696.56115723
5.413285	9019885.44287109
5.45723	9160183.42480469
5.50003333333333	11649832.7221069
5.54270166666667	12416105.4631958
5.58768833333333	13750887.4002686
5.63191666666667	13816192.3048096
5.67561	17201254.6624756
5.72084333333333	17671046.8388672
5.765025	19395885.6516113
5.807445	21401460.2615967
5.85328166666667	29464764.6193848
5.89673166666667	32632271.3426514
5.94033	37797255.8740234
5.98332166666667	44705915.3500977
6.02549166666667	59459245.2219238
6.07145	74749996.6201172
6.11187	92187628.0100098
6.15365333333333	115680269.564453
6.18679	129888514.576172
6.22326833333333	140691107.703613
6.25750666666667	159156659.887695
6.29322166666667	160063664.937012
6.32799666666667	167716144.84375
6.37001	180706395.488281
6.40233666666667	186690152.146484
6.43362333333333	197902098.265625
6.46615166666667	213782743.958984
6.49929166666667	216332035.801758
6.541555	231937362.227539
6.57410666666667	265039235.448242
6.60894666666667	285225381.49707
6.64333166666667	293632190.442383
6.67928333333333	328905860.291992
6.71915666666667	335489395.741211
6.75343666666667	371659018.136719
6.78829666666667	446702413.671875
6.821825	466623860.757813
6.854755	460886939.072266
6.89177166666667	477333501.009766
6.92322833333333	514053841.310547
6.95720833333333	480392367.630859
6.99308	485342888.9375
7.02768166666667	462695300.300781
7.066095	470272375.933594
7.10226833333333	453236671.736328
7.13648333333333	451767655.386719
7.17253166666667	455055555.228516
7.20362166666667	459422297.841797
7.236285	471004942.166016
7.27167666666667	496337165.765625
7.30579333333333	490051396.238281
7.33622333333333	506630970.28125
7.37750333333333	519356425.009766
7.41055833333333	511418033.097656
7.44252166666667	471479175.300781
7.47400166666667	488786096.158203
7.50651333333333	518649194.773438
7.542655	492197395.78125
7.57805833333333	461941368.740234
7.61452833333333	473933465.246094
7.64444666666667	457484947.179688
7.67721333333333	443440701.056641
7.71060666666667	434734756.925781
7.74417	388339804.619141
7.77744166666667	388235156.417969
7.80922	369035821.044922
7.84667833333333	379359204.892578
7.88198	382183952.193359
7.91366	353801339.160156
7.94836833333333	369885516.451172
7.98267333333333	383822155.306641
8.020345	390972684.986328
8.05565833333333	388287837.212891
8.092365	388753556.455078
8.12802333333333	416002509.289063
8.16084333333333	434811830.234375
8.19311833333333	423136717.566406
8.22681166666667	449236450.734375
8.258185	481930730.210938
8.29209666666667	472595837.179688
8.32469833333333	548261390.349609
8.35619833333333	536871360.824219
8.39219333333333	549576856.083984
8.42671666666667	553570834.179688
8.45882666666667	578106510.064453
8.49191833333333	575940782.326172
8.52353333333333	552217146.15625
8.55824	534253572.226563
8.59353	512342457.550781
8.62458333333333	509254124.625
8.65788	467105441.773438
8.69088666666667	490153959.277344
8.723615	453964451.421875
8.75984666666667	432515012.873047
8.7973	413646872.587891
8.82936833333333	380317658.542969
8.86354166666667	363617744.628906
8.89696666666667	363278287.71582
8.93055833333333	336880276.925781
8.96374666666667	346767808.663086
8.99995333333333	337952174.126953
9.030105	339219831.462891
9.06263833333333	335709638.640625
9.101065	369469196.742188
9.13201	371657605.675781
9.16820833333333	384394521.540039
9.20306833333333	379553568.673828
9.23278666666667	413265513.029297
9.26659166666667	414745967.462891
9.29936	432729646.521484
9.33631333333333	474078516.587891
9.36530666666667	518495087.494141
9.39885833333333	496838533.408203
9.439515	540858087.429688
9.47278833333333	560658402.306641
9.50716666666667	610619390.365234
9.54033	596419314.441406
9.57494	628608504.390625
9.610985	572078417.439453
9.64761666666667	605963319.806641
9.68550833333333	596530152.072266
9.72142333333333	559208688.441406
9.75329333333333	569547905.179688
9.78450333333333	516332095.363281
9.81687833333333	520637128.34375
9.85212166666667	466331475.001953
9.886515	406145967.521484
9.91669333333333	420168731.535156
9.94888666666667	420423563.558594
9.98065	389628355.705078
10.0159616666667	374739363.77832
10.0494066666667	361302477.03418
10.08273	335377618.552734
10.1196966666667	326935780.823242
10.15134	349677047.484375
10.1866	311429600.076172
10.2173266666667	338503626.744141
10.2479216666667	319186234.943359
10.2791333333333	317651751.770508
10.3092083333333	318143433.643555
10.342815	342720024.75
10.3732716666667	314170615.666016
10.4125083333333	344894945.477539
10.4443583333333	344579381.380859
10.4821416666667	335712896.90332
10.5106216666667	344177795.416992
10.544015	348788280.211914
10.5761933333333	341475713.109375
10.60893	362644247.245117
10.6430383333333	359693182.668945
10.6809083333333	353803436.87793
10.7164833333333	402272781.262695
10.7571283333333	396176801.415039
10.7940266666667	416800249.634766
10.828235	419254680.009766
10.862765	385739107.644531
10.901385	404072724.611328
10.9345633333333	411026288.833984
10.973375	411462202.677734
11.0060383333333	425232947.064453
11.041125	428170487.083984
11.0749183333333	455243458.267578
11.1084916666667	439417479.253906
11.146455	393441966.574219
11.179425	403426219.886719
11.2116433333333	396731227.515625
11.2438416666667	414381496.998047
11.2814983333333	383551428.861328
11.313835	380476300.691406
11.3471233333333	340423970.378906
11.3834816666667	361658333.294922
11.4146116666667	325341420.53125
11.45586	347043284.116211
11.4842916666667	324981777.250977
11.51935	336790395.556641
11.5488683333333	340384268.124023
11.58279	359682956.881836
11.6163516666667	340502891.233398
11.64834	332415045.353516
11.684085	352010102.28418
11.7191983333333	361632643.130859
11.753115	359209960.277344
11.7900466666667	357560128.058594
11.82306	374269210.143555
11.854055	348182800.296875
11.8893783333333	385976527.707031
11.9228066666667	366204020.014648
11.95826	346908748.883789
11.9916433333333	364408635.865234
12.0256066666667	355190352.90332
12.0605	339901457.983398
12.0940016666667	330185737.291992
12.12983	349445599.390625
12.165885	333960871.732422
12.202385	329739931.092773
12.23669	339675036.849609
12.2711666666667	324614752.547852
12.3067566666667	335414858.248047
12.3421483333333	390247812.59375
12.375615	421881719.521484
12.412155	436668158.378906
12.44587	441306146.916016
12.489995	422675865.480469
12.5224783333333	420973896.845703
12.554645	423918927.347656
12.5886766666667	424934206.892578
12.6250033333333	441286467.039063
12.6548766666667	410253733.551758
12.6880366666667	376345792.75293
12.7208316666667	351760435.426758
12.7574766666667	363134494.72168
12.7900216666667	330561709.817383
12.82377	341212694.338867
12.8571033333333	330696976.951172
12.8928133333333	336439653.774414
12.9238816666667	329841648.712891
12.95848	325847816.328125
12.994675	348948624.908203
13.025625	335085710.667969
13.05819	344287705.013672
13.091715	352080052.591797
13.129525	359227158.141602
13.1640016666667	387294477.033203
13.19606	395744062.708984
13.2294533333333	364781845.22168
13.2602833333333	372678487.642578
13.290585	364944929.18457
13.32427	356208835.928711
13.358645	354731477.508789
13.3920566666667	380047361.982422
13.425995	405445262.623047
13.4589	409950339.433594
13.4960516666667	433785712.755859
13.5340383333333	413443672.517578
13.5635916666667	400474961.375977
13.5997533333333	404536819.414063
13.6354466666667	387906666.591797
13.6681583333333	401442235.626953
13.7034383333333	376106497.964844
13.7351033333333	385607869.09082
13.773475	384463042.580078
13.8103983333333	371735704.045898
13.85006	364638165.541992
13.88434	399311026.693359
13.9186	459621860.083008
13.9544366666667	486780636.478516
13.9868366666667	536686446.697266
14.0185533333333	544113994.873047
14.0514916666667	529012685.753906
14.0837383333333	555116479.90625
14.1140033333333	589122494.462891
14.1484683333333	547153260.695313
14.1864633333333	521824912.269531
14.2186016666667	521444088.427734
14.2548	530546523.814453
14.2883083333333	486523535.941406
14.3223866666667	461367497.974609
14.3571816666667	442748872.007813
14.3910166666667	431184136.667969
14.4262416666667	432581120.213867
14.4615316666667	421092854.410156
14.4957116666667	433259738.570313
14.5294083333333	459372633.308594
14.5640066666667	421968540.388672
14.59527	437730552.138672
14.6287266666667	470504804.898438
14.65849	475633844.697266
14.6903116666667	487515921.140625
14.721425	460733541.464844
14.7549516666667	447998259.021484
14.7889983333333	463934330.292969
14.8215516666667	437795886.238281
14.8556066666667	503840050.076172
14.8904866666667	480234505.376953
14.92111	456168437.220703
14.9546983333333	438143321.748047
14.986355	427731630.328125
15.019885	420708137.580078
15.0549833333333	374960654.537109
15.08851	348957115.356445
15.123005	356136170.154297
15.1519683333333	367962160.563477
15.1859966666667	361248306.743164
15.221285	359059392.614258
15.2561	338659475.470703
15.2901183333333	344098475.072266
15.3213166666667	340575840.84668
15.353735	354571097.420898
15.3869483333333	371109281.607422
15.420025	333141439.732422
15.4525583333333	332557353.400391
15.49005	382885140.421875
15.523165	348333043.115234
15.5555866666667	365929224.737305
15.5895816666667	360042093.986328
15.6208616666667	374355353.650391
15.6547433333333	370423573.236328
15.6892816666667	343895424.848633
15.7265066666667	316592185.527344
15.7649166666667	336713249.473633
15.7972166666667	312144406.830078
15.831445	311550794.078125
15.8650716666667	312796860.863281
15.9005716666667	304463105.457031
15.9373233333333	305269427.985352
15.9701216666667	314540838.742188
16.00571	319876223.113281
16.03771	319187316.418945
16.0706666666667	334042944.167969
16.1032783333333	332127790.830078
16.13434	340020242.179688
16.1660866666667	345245441.604492
16.2011766666667	357756306.211914
16.2378966666667	417004939.208008
16.2737333333333	409935972.193359
16.310885	451418804.894531
16.34715	469509400.447266
16.383395	468443628.023438
16.4177866666667	459763175.910156
16.454985	471359582.775391
16.4888966666667	450285543.087891
16.52719	440129199.574219
16.5609833333333	440311271.066406
16.5928216666667	482157848.275391
16.6275783333333	451531453.958984
16.6641216666667	448956234.982422
16.6933716666667	454284591.181641
16.7327116666667	467980534.119141
16.7663783333333	426502683.40625
16.8031116666667	449543962.990234
16.8394733333333	468905782.5625
16.87367	453038551.123047
16.9038566666667	424447622.900391
16.9371216666667	419069211.330078
16.9667316666667	444211306.591797
16.999055	400978153.539063
17.029295	450616740.992188
17.06147	421231895.644531
17.09411	410901570.287109
17.1282233333333	380282262.249023
17.1603216666667	356331083.641602
17.1932016666667	355898304.875
17.22922	367963251.80957
17.2630333333333	350549669.951172
17.2968133333333	347289038.175781
17.333585	351333194.636719
17.3699866666667	344759608.964844
17.4056316666667	368705485.920898
17.44023	347178842.196289
17.4733933333333	356889839.674805
17.50813	389043819.336914
17.5431083333333	379933861.036133
17.5764683333333	393176398.875
17.6084816666667	397235991.591797
17.644445	405577789.865234
17.67783	436042264.646484
17.70901	407047615.78125
17.74632	469867332.765625
17.7798583333333	436685867.425781
17.8140883333333	434965211.855469
17.8479216666667	422262282.697266
17.8785833333333	461912141.951172
17.9168133333333	436391482.285156
17.948315	456320246.689453
17.981795	494145048.177734
18.0159133333333	495831945.453125
18.0511616666667	519302785.310547
18.086895	557139545.396484
18.120685	568552821.041016
18.1537633333333	577040818.974609
18.1858633333333	596226122.798828
18.21915	616667007.783203
18.25306	583512489.080078
18.2864016666667	629505632.050781
18.32223	629864192.568359
18.356145	636026606.689453
18.39126	632800322.308594
18.42684	648018964.46875
18.4640666666667	634661562.892578
18.4993466666667	589813589.705078
18.5346533333333	589304735.224609
18.57055	602560526.783203
18.6005933333333	549154120.537109
18.633085	588628006.197266
18.6670183333333	567002400.552734
18.7019366666667	525488043.757813
18.7363966666667	533582347.117188
18.77193	496692672.111328
18.8042816666667	468844226.75
18.8363316666667	468239865.050781
18.8727566666667	479197414.578125
18.9046833333333	428019160.900391
18.94112	407429839.263672
18.97452	381391386.360352
19.0104166666667	398756061.359375
19.0469016666667	359785973.563477
19.08001	329762944.092773
19.115725	356440626.426758
19.1489083333333	370202503.342773
19.18549	329957904.120117
19.22153	347063058.633789
19.2536733333333	334190297.526367
19.2900033333333	345842520.791992
19.3223133333333	350290538.160156
19.3568466666667	356688696.499023
19.3893216666667	384323432.151367
19.42411	371568619.897461
19.4582616666667	364530352.472656
19.497005	379951200.095703
19.5296866666667	396399896.921875
19.5652166666667	410788273.310547
19.6023233333333	463996743.480469
19.6344533333333	433835280.115234
19.6690016666667	434925655.330078
19.7030783333333	461447284.34375
19.7359166666667	473231143.947266
19.7688866666667	460127733.539063
19.8031066666667	441306499.513672
19.8388416666667	435525085.265625
19.8745033333333	433276852.898438
19.90955	399297587.151367
19.948635	424735326.34375
19.9837483333333	414959810.5
20.0112766666667	406235700.530273
20.045575	420082734.123047
20.0809316666667	414074712.101563
20.1176033333333	420602911.167969
20.1549533333333	454266755.224609
20.1876433333333	475594476.193359
20.2238	428539956.492188
20.2585183333333	462122368.689453
20.2925066666667	447284118.880859
20.3268933333333	477767460.226563
20.361325	484223975.0625
20.3943533333333	455959390.882813
20.4278066666667	418342035.425781
20.45996	465066966.623047
20.4962266666667	479804982.740234
20.5274166666667	430844516.194336
20.5579233333333	454469463.410156
20.5896733333333	441992878.158203
20.6224833333333	445024699.890625
20.657265	456137219.197266
20.6888383333333	457439067.066406
20.72461	486224032.105469
20.7596233333333	499352753.183594
20.7928616666667	487679795.257813
20.8257666666667	494492059.541016
20.85989	502854421.095703
20.8933483333333	427295044.478516
20.9254883333333	421483851.998047
20.959195	428993049.825195
20.992235	429440508.078125
21.0234066666667	420936011.762695
21.05481	382835077.59082
21.0866683333333	432654730.697266
21.1246266666667	424766881.59375
21.1622166666667	429359450.272461
21.1941816666667	425344114.371094
21.2266866666667	455462837.3125
21.26166	425875509.1875
21.296455	402989671.369141
21.3291433333333	396220863.833984
21.3630566666667	399529157.69043
21.39849	426385193.650391
21.4332566666667	401367326.811523
21.4704866666667	407185286.253906
21.50021	401613842.169922
21.5370983333333	388024434.119141
21.5676133333333	392054199.605469
21.6002333333333	423990579.214844
21.638945	397865951.49707
21.6783316666667	427802023.519531
21.7115183333333	434275228.383789
21.746735	473282282.814453
21.7820516666667	507058131.396484
21.8156716666667	498396987.892578
21.851885	520694580.34375
21.883615	492677524.201172
21.91522	545693902.707031
21.950605	552417382.298828
21.9835366666667	529010734.566406
22.01499	532783157.730469
22.04545	517158222.197266
22.0816983333333	505228313.121094
22.1149	499575886.328125
22.14865	476899560.529297
22.18167	451158683.925781
22.21582	498916154.306641
22.2450466666667	483614886.984375
22.2775833333333	458872351.542969
22.3139783333333	444806344.87793
22.343735	453908161.146484
22.3786283333333	408490813.871094
22.41141	433072855.322266
22.4467866666667	429851657.546875
22.4788933333333	410299245.081055
22.5112883333333	437501190.023438
22.54486	413410554.063477
22.5814683333333	407571971.004883
22.61204	373202122.152344
22.6457883333333	348086150.617188
22.6851216666667	404895309.760742
22.7189866666667	394614246.957031
22.753435	384774237.333008
22.7888166666667	407876333.951172
22.8262433333333	436740858.764648
22.8579133333333	423136131.624023
22.9016233333333	433944868.176758
22.9300116666667	443635914.75
22.963575	445706478.830078
22.9974433333333	479111757.847656
23.0292066666667	459996153.064453
23.0636033333333	512211632.291016
23.095655	502997691.542969
23.1284216666667	492294187.681641
23.160525	524280439.607422
23.1945233333333	562829283.462891
23.2269116666667	550417735.974609
23.2585	566706536.576172
23.2894983333333	539861910.763672
23.3210683333333	561770139.833984
23.35943	591084870.996094
23.3911383333333	580959449.802734
23.422435	646224454.335938
23.4553583333333	604521517.675781
23.4870883333333	571738282.662109
23.5193466666667	564140729.128906
23.5594183333333	597920373.892578
23.59366	563776079.310547
23.6266416666667	562278948.78125
23.6607133333333	588502276.658203
23.6973783333333	566363648.246094
23.73208	612935350.441406
23.7661483333333	535141466.472656
23.7981683333333	557802471.03125
23.8359933333333	546407388.769531
23.8695383333333	510279136.646484
23.905835	549618655.416016
23.9468016666667	520701337.449219
23.9783366666667	560160933.994141
24.0099883333333	529926993.541016
24.0413083333333	480598750.292969
24.0753333333333	496219834.855469
24.1108733333333	541152306.376953
24.14752	535916207.136719
24.184835	499122870.992188
24.2200416666667	516785451.113281
24.257335	515996757.761719
24.2938516666667	515698488.228516
24.3271133333333	513007130.953125
24.361405	558703174.070313
24.39627	578405334.666016
24.4302483333333	546022319.449219
24.4618766666667	539209119.087891
24.49835	519861061.931641
24.5285066666667	555989880.791016
24.5614783333333	532034032.458984
24.59823	566195219.457031
24.63212	584817710.574219
24.6665416666667	531441470.679688
24.6971716666667	569823327.195313
24.7306083333333	552945550.408203
24.7651566666667	569731606.619141
24.797745	561683430.435547
24.833525	530658949.679688
24.868915	549622659.302734
24.9033883333333	502959784.865234
24.9349	460058287.195313
24.9697683333333	515056904.007813
25.0028766666667	464937294.573242
25.0363766666667	477046130.448242
25.0689716666667	465986659.678711
25.101835	486818743.871094
25.1356633333333	505709317.025391
25.1720166666667	517493360.355469
25.2087583333333	544775321.101563
25.2440116666667	551352119.160156
25.2792283333333	559021249.03125
25.3124866666667	565730555.248047
25.3449966666667	545444749.955078
25.3802233333333	557862574.433594
25.4157233333333	529230004.671875
25.4525466666667	577021871.335938
25.4848083333333	566651786.158203
25.5186166666667	597429663.699219
25.5525483333333	560319747.085938
25.5858966666667	529051997.154297
25.6203333333333	530521810.681641
25.654415	542995566.458984
25.687965	533883660.984375
25.72041	544890829.789063
25.7518283333333	583857325.863281
25.7843533333333	571401752.488281
25.8155716666667	545285374.226563
25.8498216666667	519744992.375
25.8818733333333	508007935.876953
25.9142233333333	532432100.748047
25.9445483333333	503779784.394531
25.9784766666667	483970407.011719
26.013515	464924719.638672
26.050765	443835923.294922
26.0834033333333	422399913.441406
26.1156333333333	429799365.881836
26.14715	467870459.265625
26.181275	478455081.609375
26.2173233333333	468410529.482422
26.252765	483582499.419922
26.2865166666667	464427229.408203
26.3186333333333	437232374.705078
26.3531533333333	482943794.712891
26.3883566666667	485684927.742188
26.421735	506911739.695313
26.456585	418833290.326172
26.49122	463565655.662109
26.5249166666667	512270580.378906
26.5585066666667	428223375.869141
26.5946083333333	425813843.734375
26.6234033333333	435161278.908203
26.6607183333333	416668033.845703
26.695085	442333218.507813
26.7271433333333	438614472.328125
26.759765	473573547.527344
26.79229	449405299.943359
26.8236033333333	489360993.708984
26.8561316666667	496485208.490234
26.8894783333333	488353657.429688
26.9210283333333	497248294.722656
26.955895	446781281.740234
26.9873683333333	435802322.181641
27.0206766666667	483273526.503906
27.0575216666667	514702055.714844
27.09128	533630646.109375
27.125635	462521940.550781
27.15416	480628779.091797
27.1881383333333	502702816.667969
27.2214083333333	525722140.363281
27.2553566666667	508378169.486328
27.2914066666667	523941131.875
27.3243766666667	523584198.017578
27.3582166666667	548172313.519531
27.3911083333333	547314381.695313
27.4262016666667	548146811.429688
27.4617	568570542.351563
27.4968883333333	528481775.894531
27.530665	529632206.222656
27.5644366666667	554885693.060547
27.5975383333333	560673096.880859
27.6320116666667	511666121.707031
27.6628666666667	561682984.390625
27.69563	546494910.892578
27.727565	552324158.806641
27.7618966666667	610855921.5
27.794135	614664340.306641
27.8275033333333	584838470.427734
27.8585983333333	569980910.908203
27.8917866666667	625662743.669922
27.9221666666667	569885723.095703
27.954495	624012597.662109
27.987855	599337966.244141
28.019165	611016243.935547
28.0511983333333	615327770.779297
28.08322	604326385.412109
28.1152133333333	636511372.736328
28.1501583333333	599361963.808594
28.1815983333333	594391189.523438
28.2148783333333	595439792.462891
28.2496433333333	618824692.025391
28.28238	608293481.324219
28.3150883333333	591758349.214844
28.3477166666667	578767074.400391
28.3790933333333	618948431.136719
28.4116683333333	535583437.3125
28.44459	555683038.533203
28.4778683333333	499630877.705078
28.5111633333333	481545746.533203
28.5451233333333	556921602.802734
28.5773833333333	564746410.78125
28.6097283333333	537227172.865234
28.64302	538459272.625
28.6758133333333	532737229.310547
28.7083533333333	475367973.761719
28.741175	515235179.390625
28.7738333333333	528316496.972656
28.80622	570902755.521484
28.8379116666667	534306800.771484
28.871225	554929860.203125
28.9030833333333	556190898.990234
28.9353583333333	524657485.130859
28.966835	527607046.902344
29.0008216666667	522840321.580078
29.0331866666667	461949411.623047
29.0629183333333	555430912.628906
29.0944466666667	577140765.449219
29.12457	547260493.757813
29.1566983333333	553136772.310547
29.18956	599111361.724609
29.2225216666667	561415960.902344
29.25395	592150080.326172
29.28688	619481551.773438
29.3188683333333	647132114.453125
29.3529166666667	571744598.439453
29.38634	654569748.630859
29.4194966666667	594043224.152344
29.4514583333333	613173349.080078
29.4838816666667	593462726.494141
29.51703	652304391.255859
29.54997	618780018.292969
29.5847616666667	653302218.390625
29.6178166666667	641525318.474609
29.64905	655078645.824219
29.6833666666667	645535771.667969
29.7164183333333	667956528.507813
29.7444366666667	724008826.886719
29.77751	684515554.046875
29.8106433333333	671332034.017578
29.8423283333333	675124833.134766
29.8772133333333	693657817.966797
29.9112266666667	692131082.943359
29.9421716666667	699887839.1875
29.9774666666667	720831110.142578
30.0089683333333	738842804.072266
30.04284	689426133.402344
30.0740366666667	695088007.164063
30.10584	705582220.894531
30.13897	687939198.191406
30.1745066666667	693434411.595703
30.20684	667536307.972656
30.239815	636099671.751953
30.2725883333333	607152556.464844
30.3048516666667	638877034.255859
30.3368466666667	623115135.060547
30.3731466666667	631156671.417969
30.4078283333333	612927940.400391
30.4380216666667	574250718.804688
30.4684933333333	585685540.525391
30.5010883333333	557790880.017578
30.53445	611161311.763672
30.56751	555729409.337891
30.59905	583938932.345703
30.6285633333333	609747273.484375
30.6585366666667	617744308.357422
30.6887983333333	622976266.986328
30.722715	612655036.349609
30.753135	599203567.949219
30.7847816666667	610366657.699219
30.819375	588082822.033203
30.8478016666667	557908160.074219
30.88185	547759866.105469
30.91573	594390077.921875
30.95007	569108685.208984
30.9834683333333	488541358.03125
31.01469	564918308.347656
31.046125	549572350.722656
31.07684	514875126.923828
31.10963	514661593.660156
31.1426533333333	536400028.390625
31.1750383333333	529213771.365234
31.20765	548254710.429688
31.2412683333333	542177251.658203
31.2741133333333	560284944.919922
31.307035	519123695.990234
31.339535	551983066.423828
31.3717016666667	569390167.304688
31.4064133333333	539553376.408203
31.4407466666667	557658231.925781
31.472955	601863469.658203
31.5040483333333	606253609.875
31.5360683333333	620937955.949219
31.56976	648286365.46875
31.601735	550711816.378906
31.6341933333333	681056216.070313
31.6654966666667	697963478.285156
31.6970333333333	740998502.681641
31.7286216666667	653552470.03125
31.762335	660652942.181641
31.79282	685810120.796875
31.8268416666667	678626636.708984
31.857605	627558840.701172
31.8883616666667	659630679.404297
31.92534	659661458.291016
31.9553183333333	608510123.650391
31.9884066666667	625666091.210938
32.02087	620897800.876953
32.0540633333333	658383602.849609
32.0866283333333	647126472.1875
32.1160116666667	655774825.078125
32.150175	650380216.007813
32.1841866666667	656459509.238281
32.2138266666667	662058171.630859
32.2458833333333	655233715.65625
32.278185	674706847.708984
32.3100883333333	640092479.609375
32.3430316666667	644540122.519531
32.3746066666667	662514084.427734
32.4076333333333	617777643.533203
32.4399083333333	675580867.632813
32.4721983333333	702603087.621094
32.5040533333333	695756314.160156
32.53635	651138382.613281
32.5681466666667	675598483.630859
32.59987	634174541.568359
32.6315433333333	605106977.201172
32.6663916666667	555260126.804688
32.7015616666667	579027300.376953
32.7321666666667	577477906.359375
32.765385	543314822.896484
32.797635	554628034.023438
32.8291483333333	609846405.345703
32.8601383333333	562284407.685547
32.8905566666667	553223550.517578
32.9236833333333	582873240.697266
32.957115	556868677.435547
32.99053	544969187.539063
33.0242366666667	577552384.835938
33.0575666666667	566680647.705078
33.0919216666667	563549617.798828
33.1229666666667	571585043.091797
33.15732	574784424.878906
33.1913266666667	587037139.1875
33.22247	574253327.712891
33.253615	594971380.447266
33.2881566666667	595306022.013672
33.3190366666667	586498315.769531
33.3512733333333	595170951.947266
33.381635	587545465.732422
33.4171433333333	564276309.179688
33.44819	578946396.974609
33.4816166666667	609771472.082031
33.5137716666667	589511939.335938
33.5449683333333	569841967.904297
33.5776	620728214.220703
33.6109133333333	606028906.951172
33.64457	597362339.039063
33.677345	588414607.326172
33.7097133333333	592301479.982422
33.7394583333333	609078589.302734
33.7734983333333	588552731.679688
33.8073066666667	653344218.324219
33.8411816666667	655428752.667969
33.872735	635717640.080078
33.9044616666667	633442522.800781
33.93654	618587135.861328
33.968445	623056557.642578
33.9991033333333	613436658.574219
34.0322733333333	596897427.060547
34.06723	564375764.910156
34.0971316666667	543506760.345703
34.1325816666667	640259009.769531
34.162235	724930344.769531
34.197755	665644691.333984
34.2302783333333	645153473.341797
34.2621083333333	634008646.710938
34.2973966666667	673040865.544922
34.3278633333333	702895260.179688
34.35824	701896637.501953
34.391425	700439461.763672
34.4249083333333	689176364.650391
34.4601833333333	632358557.25
34.4923766666667	692524141.191406
34.5257633333333	635350570.074219
34.55597	657627068.583984
34.5884216666667	671256193.378906
34.6208183333333	591558503.445313
34.651955	697432973.416016
34.6856	646181592.214844
34.718145	641498273.541016
34.7504733333333	627132570.251953
34.7835883333333	606899955.052734
34.8170116666667	562264248.697266
34.8477916666667	686398754.818359
34.8799033333333	673628323.783203
34.9141733333333	643380343.189453
34.944545	590268123.324219
34.9782983333333	662572812.078125
35.00906	656161251.607422
35.0413433333333	614017097.400391
35.0757483333333	585634940.230469
35.1054383333333	609597628.224609
35.138615	585286626.326172
35.171945	575921958.839844
35.2028016666667	636411899.548828
35.23502	540869570.169922
35.2673633333333	554250424.738281
35.2981916666667	537155554.414063
35.330135	553594607.056641
35.36112	611861112.925781
35.39127	582088420.931641
35.4223	647470641.865234
35.4563	575044379.373047
35.4880816666667	601885264.320313
35.5188016666667	625080573.041016
35.5513216666667	621221212.517578
35.5812833333333	634366151.388672
35.615245	670059623.078125
35.6458916666667	647419570.164063
35.6788066666667	631025486.882813
35.7124083333333	684628341.533203
35.746385	633959105.136719
35.7781366666667	677391793.783203
35.8104483333333	618744341.679688
35.8404133333333	617710407.673828
35.8694916666667	654324081.140625
35.90035	608711046.507813
35.933245	584137237.808594
35.9646133333333	637009729.486328
35.99544	636719339.484375
36.0285766666667	617257139.326172
36.061395	623322679.824219
36.0926816666667	596584337.486328
36.1236833333333	577801911.689453
36.1558983333333	559594866.925781
36.1888466666667	579588437.554688
36.2210316666667	555233034.613281
36.2540233333333	569492435.570313
36.2870766666667	508087479.011719
36.31932	512510503.544922
36.35108	556327269.970703
36.3826566666667	557658856.736328
36.4156466666667	579654872.728516
36.447815	550656512.027344
36.480365	584718023.484375
36.51198	560382116.351563
36.5452216666667	561683565.429688
36.5789616666667	553345165.275391
36.6134183333333	501275415.671875
36.6473583333333	493704071.646484
36.6805233333333	581765936.007813
36.712	555620099.992188
36.74447	540597126.595703
36.77901	569244280.152344
36.8099566666667	541965270.023438
36.84101	580561748.949219
36.8730016666667	576007710.417969
36.9046066666667	493485406.884766
36.9348666666667	537736863.90625
36.9659583333333	519165691.349609
36.9990616666667	534151583.800781
37.03016	543818348.068359
37.0622583333333	623209103.654297
37.0925566666667	577480969.232422
37.12312	574134422.982422
37.155025	618352040.945313
37.1863133333333	627033987.740234
37.2174466666667	682247546.533203
37.2497816666667	705660698.382813
37.2818783333333	612987697.429688
37.3136416666667	605094246.035156
37.344615	614868035.041016
37.3778916666667	642269635.966797
37.410695	659192527.015625
37.4436733333333	602449338.46875
37.47583	574643134.023438
37.5090083333333	619871145.972656
37.5414316666667	592731412.65625
37.5724383333333	623611956.548828
37.6049516666667	606257259.869141
37.63892	655507080.675781
37.6717516666667	656398931.560547
37.7054633333333	606176317.833984
37.7359133333333	613981781.167969
37.7684366666667	646046883.660156
37.7999616666667	654550203.082031
37.8308	626471176.333984
37.86244	589268976.820313
37.89466	589063060.628906
37.9273316666667	608863687.107422
37.958975	672771703.205078
37.9944666666667	664883189.53125
38.0261983333333	641386148.416016
38.057095	669609673.78125
38.0899583333333	656374273.226563
38.12301	622711194.4375
38.15427	700102367.265625
38.18598	650342608.820313
38.2186616666667	580971271.876953
38.2505766666667	658618574.533203
38.28433	688907737.476563
38.3173566666667	717388522.263672
38.35062	677479596.623047
38.3832166666667	698175436.011719
38.4158266666667	674884874.339844
38.4486983333333	683492970.894531
38.48003	671840076.033203
38.513	615396183.064453
38.5469133333333	630974761.652344
38.578535	607881490.113281
38.6137933333333	647411090.40625
38.6448766666667	614056751.404297
38.6787283333333	687000329.308594
38.7116266666667	620850580.449219
38.7448816666667	654387734.685547
38.7752966666667	647483323.037109
38.80799	654954109.357422
38.8381166666667	607071365.439453
38.8709883333333	660598804.236328
38.903015	650498318.908203
38.9368783333333	649387340.822266
38.9662766666667	623860782.328125
39.0007266666667	650066432.277344
39.0328266666667	627620808.59375
39.0654266666667	568465927.626953
39.09672	599766203.892578
39.1295233333333	554233990.041016
39.1630816666667	535775515.488281
39.192385	616988362.5
39.2248083333333	600178859.314453
39.2555766666667	618363099.009766
39.28801	589395095.722656
39.32119	606150541.966797
39.3522833333333	572100347.914063
39.3846483333333	597811783.792969
39.4154266666667	614760360.695313
39.4470866666667	645931038.080078
39.4773233333333	580772745.701172
39.5093816666667	667306257.863281
39.5413633333333	627124555.707031
39.573405	603319165.896484
39.6064266666667	665894071.410156
39.63964	649144676.5
39.67341	694011939.898438
39.7047216666667	703279724.673828
39.7356383333333	667158632.550781
39.768385	740179181.240234
39.7998483333333	699554998.695313
39.8317833333333	766094249.652344
39.8643666666667	676928073.271484
39.895425	736049117.224609
39.92931	741387536.488281
39.9609433333333	754013976.136719
39.9926733333333	726958107.535156
40.02613	686057848.955078
40.0578416666667	734060746.529297
40.0910883333333	765948768.785156
40.1236666666667	729676278.291016
40.1549083333333	752125674.806641
40.1871766666667	775358030.972656
40.2195566666667	757604451.074219
40.2508733333333	728715636.134766
40.2831133333333	713831513.558594
40.3156466666667	705850309.425781
40.347405	727715101.595703
40.3795366666667	703359468.050781
40.4120366666667	687433477.681641
40.4431766666667	623263004.746094
40.473945	657241628.099609
40.505515	653706550.099609
40.5380983333333	638112265.214844
40.5708116666667	605552710.107422
40.60401	648856052.777344
40.63742	701077185.324219
40.6703433333333	645020072.125
40.7034366666667	664277637.275391
40.7374466666667	698487579.533203
40.7699633333333	743135325.775391
40.8039716666667	716135616.941406
40.8349466666667	712674690.066406
40.8675583333333	732612352.296875
40.8988166666667	692709837.693359
40.931205	703839882.792969
40.9639966666667	735489553.386719
40.9982866666667	711972615.226563
41.0304666666667	808220271.367188
41.0633683333333	713329005.105469
41.09593	650926300.664063
41.129645	746379093.332031
41.162545	756662393.832031
41.192175	726524453.976563
41.2240766666667	737588888.816406
41.255595	727975112.140625
41.2899683333333	717773896.179688
41.3216733333333	734633901.726563
41.3525333333333	753043854.453125
41.3841233333333	742814089.253906
41.4161416666667	720038553.574219
41.447105	697455483.814453
41.47935	720159023.242188
41.5105266666667	651166581.097656
41.5443366666667	638881600.800781
41.57483	624427672.75
41.60646	666802561.429688
41.6383516666667	635611171.591797
41.6702783333333	557019362.263672
41.7024266666667	530004199.173828
41.734395	588201762.650391
41.7656833333333	649034716.871094
41.7976916666667	643116311.259766
41.8296683333333	579639555.238281
41.861415	534808372.501953
41.8927666666667	593210078.855469
41.9246266666667	588266485.333984
41.9563216666667	559878855.740234
41.9904066666667	687211101.132813
42.0242283333333	694930964.222656
42.0570416666667	706070495.421875
42.0907183333333	616206429.484375
42.12322	665125787.818359
42.1559883333333	684396389.775391
42.1860633333333	621917388.007813
42.2191983333333	634594172.03125
42.2505733333333	643180776.007813
42.2844716666667	724439097.1875
42.316825	639642231.042969
42.3475883333333	673393234.429688
42.3784066666667	583105762.748047
42.4113433333333	604796440.236328
42.4438666666667	634398299.193359
42.4757966666667	653972010.931641
42.507905	656437830.203125
42.54075	620884332.787109
42.5714333333333	647763285.439453
42.6023733333333	634962333.417969
42.6331533333333	652863864.761719
42.665635	662770523.431641
42.6971416666667	649073741.246094
42.7284033333333	645070584.160156
42.7598233333333	634345760.511719
42.7910233333333	625042379.085938
42.8229216666667	704497322.480469
42.8548266666667	675452055.859375
42.88622	670693754.005859
42.9169333333333	684722659.458984
42.946945	670674231.050781
42.9788266666667	657022009.181641
43.0111716666667	704525039.333984
43.0445866666667	711807496.931641
43.0789616666667	685869868.865234
43.11131	776108847.269531
43.14356	725719812.65625
43.1744183333333	808671417.152344
43.2071266666667	716300602.535156
43.23826	726142028.269531
43.2686833333333	647952520.138672
43.301295	640326615.621094
43.3333516666667	666965464.488281
43.3645866666667	640956836.068359
43.395855	616108253.111328
43.4284316666667	570553316.988281
43.4604816666667	616647011.191406
43.4926733333333	633746612.40625
43.528235	531181646.066406
43.56075	580765086.472656
43.5910833333333	582545186.033203
43.6215416666667	559900924.783203
43.65325	571809110.691406
43.6846966666667	594668046.970703
43.716795	607796966.25
43.7477816666667	569366025.15625
43.778845	558749387.318359
43.810715	585204923.351563
43.843585	641714232.363281
43.877	644302244.845703
43.90714	599165083.597656
43.9392883333333	599622763.011719
43.974255	589625511.074219
44.009565	677922698.384766
44.0429866666667	559896263.435547
44.076725	639491307.005859
44.1098583333333	585451937.478516
44.14267	632052532.322266
44.1745166666667	642508139.46875
44.2080483333333	688073046.480469
44.2405066666667	634677858.382813
44.27168	662568322.734375
44.3048216666667	581542282.195313
44.33756	597992695.048828
44.3696516666667	537596058.728516
44.4011533333333	649531985.5625
44.4345383333333	581238907.123047
44.4683	534652184.726563
44.502245	590203397.148438
44.5329633333333	572478965.792969
44.5675833333333	666103652.914063
44.6011233333333	674462888.941406
44.6316666666667	663379604.195313
44.66524	616189124.425781
44.6968183333333	625387784.173828
44.7299183333333	641093175.447266
44.760765	615438929.386719
44.7926716666667	646504822.007813
44.82461	692134023.460938
44.8572616666667	746399309.800781
44.8896866666667	682230810.636719
44.92148	672691744.136719
44.9543016666667	658977727.251953
44.9855	591626199.464844
45.0199466666667	646362328.042969
45.0528516666667	601168125.3125
45.0848333333333	684367935.351563
45.1183716666667	670897015.746094
45.1489883333333	634730883.675781
45.1835016666667	634764043.257813
45.2152333333333	633387144.953125
45.2486783333333	653252210.515625
45.280375	603788406.320313
45.3121516666667	581594566.994141
45.3460583333333	654461125.537109
45.3766416666667	615266610.220703
45.4083516666667	599348417.898438
45.4419883333333	644609058.085938
45.47566	601270085.953125
45.5090633333333	694535222.449219
45.540695	690386059.035156
45.5764233333333	624121146.447266
45.60924	679820680.683594
45.6416566666667	690682425.142578
45.6746166666667	644337502.789063
45.7057216666667	682882212.617188
45.7383166666667	728085362.597656
45.7705866666667	701658183.453125
45.802625	762101242.824219
45.8364866666667	660295932.978516
45.8681166666667	660608776.037109
45.8987516666667	704607287.828125
45.9307116666667	670781523.255859
45.9615233333333	674491927.933594
45.9948416666667	642151736.699219
46.0295533333333	580922938.65625
46.0641166666667	690654576.265625
46.09755	678506015.832031
46.1322266666667	618663179.505859
46.1638266666667	595935595.203125
46.1983733333333	618302088.423828
46.2309883333333	580840129.806641
46.2648066666667	614132984.667969
46.2970766666667	640861069.234375
46.3302883333333	607312689.539063
46.3655666666667	637454916.273438
46.4011766666667	646306161.775391
46.4324266666667	635752150.896484
46.465725	702505075.746094
46.4983166666667	672811749.369141
46.5307333333333	647163635.957031
46.563335	685198195.257813
46.5985866666667	650306683.980469
46.6315333333333	785508661.492188
46.6646783333333	731328845.707031
46.69758	713334017.375
46.7284216666667	652273228.382813
46.7603316666667	622174048.357422
46.7922966666667	711436349.199219
46.8241766666667	641363762.929688
46.8571216666667	633220356.380859
46.89043	605354380.960938
46.9250683333333	503119680.904297
46.957665	630026790.007813
46.9897633333333	639418648.25
47.021365	609688443.675781
47.0515883333333	619809927.802734
47.0826383333333	601296690.099609
47.11402	565356943.679688
47.1466416666667	587435043.875
47.1790216666667	589401954.181641
47.211475	558484671.431641
47.2460566666667	510573476.826172
47.2776116666667	649794658.044922
47.3098233333333	533932605.898438
47.3411533333333	560338584.533203
47.375125	570868964.107422
47.4063783333333	570644475.683594
47.440375	564802527.117188
47.4720916666667	579878901.203125
47.505445	518204954.0625
47.5387516666667	542703883.244141
47.5713783333333	511021739.289063
47.6043233333333	481531440.828125
47.6381483333333	539411351.470703
47.6719066666667	483161038.53125
47.70691	527218874.298828
47.7376233333333	531852547.726563
47.76965	484432222.982422
47.801025	585750308.882813
47.8329383333333	645808544.607422
47.8650316666667	605454541.695313
47.8972666666667	632066214.265625
47.9308583333333	594080731.783203
47.96304	592887091.875
47.9966483333333	655631956.367188
48.0313183333333	704876591.066406
48.0620116666667	671302077.214844
48.0930416666667	635445939.871094
48.1243083333333	644680337.148438
48.1553783333333	674720113.128906
48.1895816666667	693100410.835938
48.22282	649253324.363281
48.2538433333333	620127359.257813
48.2848933333333	659307284.121094
48.3199666666667	683670710.972656
48.3507216666667	657223705.179688
48.3836916666667	589291831.658203
48.41656	586996903.779297
48.4499616666667	600008718.263672
48.481495	560107402.056641
48.51405	589775147.339844
48.5459066666667	580150090.839844
48.57988	580754564.679688
48.611385	579567440.544922
48.6454516666667	549835770.0625
48.6766733333333	547397347.566406
48.7098083333333	552978566.007813
48.7416733333333	538305686.316406
48.7734633333333	581850077.623047
48.8050016666667	641510763.761719
48.8361516666667	608581297.984375
48.8683216666667	583485653.978516
48.8996366666667	590972306.029297
48.932845	572167575.009766
48.9646833333333	552635574.265625
48.9979933333333	548283456.650391
49.03145	555495273.439453
49.0643433333333	518907835.25
49.098175	555794955.894531
49.1313316666667	571580031.373047
49.1640166666667	542574446.251953
49.198705	508097920.089844
49.23123	582713050.207031
49.2639733333333	572735256.589844
49.296085	551405409.916016
49.329485	564032417.158203
49.362845	568335196.705078
49.3954133333333	637112288.917969
49.428005	594628477.539063
49.46229	550960111.802734
49.4958233333333	572653802.308594
49.5295883333333	607956097.449219
49.5629733333333	552889117.515625
49.5964416666667	584386552.958984
49.630745	588493398.910156
49.662465	639528342.042969
49.6933433333333	556491796.470703
49.7275416666667	601616093.796875
49.7609166666667	599842122.417969
49.7941383333333	612049608.914063
49.8274533333333	630314612.0625
49.859	604154835.076172
49.8898316666667	542972883.570313
49.92143	583749847.550781
49.9538483333333	526529508.429688
49.9866766666667	557150920.027344
50.018315	558060992.828125
50.0498233333333	549553494.917969
50.083485	528182731.605469
50.1182083333333	625570867.560547
50.1506983333333	610568316.701172
50.1823983333333	590236811.296875
50.2178133333333	618146061.609375
50.2497283333333	579680756.953125
50.2831266666667	631241624.128906
50.3160683333333	550238710.125
50.349135	581171063.091797
50.382415	553525708.265625
50.4166066666667	553942832.458984
50.4488066666667	534325757.710938
50.4814533333333	538331878.917969
50.5150016666667	557550055.158203
50.5487183333333	607279290.763672
50.5810033333333	489365548.861328
50.6133533333333	527625650.115234
50.6454016666667	504031023.917969
50.6776916666667	510858665.119141
50.7101933333333	524302346.005859
50.742985	551810878.525391
50.7757883333333	533453941.654297
50.8088666666667	535314808.033203
50.8408516666667	554871151.646484
50.8732833333333	533143785.779297
50.9049583333333	565250052.835938
50.9392616666667	592034704.072266
50.9727633333333	569198198.482422
51.0057966666667	596748485.507813
51.0396316666667	549081334.345703
51.0719666666667	581736649.226563
51.10408	550976500.636719
51.1383683333333	584856117.046875
51.170325	553523620.603516
51.2028566666667	580138522.542969
51.23595	641938913.300781
51.2688216666667	597660426.242188
51.3005333333333	596731032.763672
51.331145	643724639.566406
51.3640583333333	609882561.900391
51.3947683333333	638631481.994141
51.4263133333333	576589310.582031
51.457455	575287937.310547
51.4881783333333	575767157.042969
51.5225033333333	579911708.515625
51.5557783333333	586721856.433594
51.5878916666667	589415877.472656
51.6205433333333	546751471.244141
51.6516733333333	609244870.25
51.68243	609614162.306641
51.7141066666667	605021470.496094
51.745485	587810149.101563
51.7798416666667	529043647.1875
51.81474	493958532.578125
51.8468866666667	499078037.382813
51.8792183333333	519045673.953125
51.9138116666667	529629623.037109
51.945545	515976335.900391
51.979945	562101357.748047
52.0126783333333	603973325.441406
52.0454116666667	590415363.550781
52.0778433333333	576691960.080078
52.1109316666667	578945587.111328
52.1445033333333	612499320.347656
52.17648	582007581.707031
52.21068	645274227.369141
52.2431983333333	573655615.134766
52.2775383333333	627033405.089844
52.3095116666667	632787107.255859
52.341165	592289865.875
52.3732633333333	651631088.875
52.4057783333333	597043973.349609
52.43782	680040505.84375
52.4690216666667	596387566.753906
52.50206	610036035.335938
52.535145	591561227.197266
52.5703333333333	640488539.503906
52.60256	627884444.300781
52.6349483333333	556798098.654297
52.669485	573778969.775391
52.704665	497437167.730469
52.7368183333333	587130217.128906
52.772065	585086325.59375
52.8049733333333	563868770.699219
52.83976	510651135.394531
52.8733483333333	516255541.773438
52.907605	512043256.173828
52.94202	487912030.09375
52.9767633333333	509290554.509766
53.011235	477222902.175781
53.0449266666667	479580256.685547
53.0795233333333	465336297.408203
53.1114416666667	467342144.640625
53.1457183333333	452480478.597656
53.179485	435989379.751953
53.2122933333333	429596162.222656
53.2447916666667	447558831.431641
53.2771283333333	418099864.021484
53.3104366666667	433398302.626953
53.34358	415928223.558594
53.3757866666667	438501364.832031
53.4086866666667	426286043.197266
53.442045	475717537.632813
53.4750666666667	478500077.515625
53.50761	480278385.552734
53.5397916666667	456624452.021484
53.5728533333333	473395889.621094
53.6048883333333	481343504.375
53.637875	460332023.236328
53.67054	479720678.560547
53.7031816666667	453184819.044922
53.736395	449893998.982422
53.7681966666667	491266515.585938
53.8017366666667	485473505.193359
53.8350083333333	451433131
53.8675716666667	455331563.09375
53.898605	485438755.556641
53.930375	475204932.673828
53.9631583333333	463741317.443359
53.9956383333333	478793550.339844
54.0288266666667	463262162.060547
54.0609866666667	549336588.476563
54.093625	461816182.486328
54.1270883333333	591664759.355469
54.1599166666667	582741973.982422
54.1923466666667	558663528.242188
54.226255	648462568.255859
54.25882	588289869.550781
54.2937316666667	647776722.408203
54.3271783333333	642271230.039063
54.3606116666667	748831706.199219
54.393945	728420450.863281
54.4260433333333	714787476.953125
54.4573116666667	715129046.142578
54.4905683333333	791393323.394531
54.5221083333333	746118581.503906
54.5540516666667	693689606.03125
54.586805	689508841.490234
54.6193833333333	658368522.025391
54.652495	669699844.669922
54.6864716666667	648594213.183594
54.7176766666667	647915072.427734
54.74953	678595876.552734
54.7824133333333	617696913.919922
54.8166583333333	543842211.035156
54.8503183333333	630221822.851563
54.8817366666667	533465719.050781
54.913985	541801459.623047
54.9455416666667	486557992.332031
54.9799933333333	460730471.65625
55.0141783333333	464629732.789063
55.0465016666667	461443378.779297
55.079315	444132937.763672
55.1122383333333	426051621.914063
55.1443116666667	387765772.089844
55.176605	409541198.945313
55.210165	421454149.572266
55.2440016666667	370118131.224609
55.2760616666667	389262978.894531
55.30886	445845128.113281
55.3413033333333	437308633.736328
55.3745616666667	392322693.021484
55.4068066666667	471765553.546875
55.4406616666667	478663038.167969
55.4724483333333	420371224.458984
55.5067666666667	423987282.117188
55.5403133333333	487704056.585938
55.57248	488918415.765625
55.6050366666667	471071438.347656
55.6376733333333	423839435.226563
55.6695	438715065.910156
55.7030283333333	472663547.623047
55.7354366666667	490173464.960938
55.76869	508216487.009766
55.8007416666667	481188273.023438
55.8337183333333	545303482.394531
55.865495	521225234.025391
55.8999883333333	571723612.882813
55.9334633333333	455458445.261719
55.9667316666667	572513960.447266
55.9995633333333	562910801.375
56.0327066666667	566568093.232422
56.0664416666667	560688499.492188
56.0986116666667	561685188.701172
56.1326466666667	519938338.216797
56.16698	537987374.503906
56.2012016666667	545199955.404297
56.234385	452519459.179688
56.2664766666667	481056527.724609
56.2982033333333	470775040.986328
56.3289633333333	528739675.958984
56.3613433333333	486252468.677734
56.3950933333333	424124295.029297
56.4286066666667	517840295.65625
56.462255	492834185.621094
56.497	434843879.126953
56.5311483333333	441157539.013672
56.56425	476435066.527344
56.59632	498539148.179688
56.6286933333333	452401152.328125
56.661275	470820318.560547
56.693505	494940062.285156
56.7260633333333	481265036.785156
56.7588333333333	469674415.357422
56.7900916666667	481720475.537109
56.8219683333333	512659432.539063
56.8548183333333	459768030.117188
56.8870966666667	476176654.404297
56.91914	488763267.767578
56.950995	475218212.169922
56.9835483333333	499070748.34375
57.0144016666667	519476946.615234
57.047275	509267415.675781
57.0790433333333	509940234.058594
57.1119066666667	549688031.246094
57.1460416666667	485612983.744141
57.1780333333333	543727984.685547
57.212475	535181429.595703
57.2471316666667	468908022.087891
57.2820266666667	494106142.414063
57.3139883333333	472607304.380859
57.3454433333333	490688643.554688
57.377975	428501350.595703
57.4159433333333	520747100.712891
57.447875	530223730.705078
57.481355	490106049.044922
57.5131783333333	501343023.525391
57.5468266666667	429241702.191406
57.5809933333333	452095265.828125
57.612395	396644581.462891
57.6454066666667	491515081.947266
57.677605	423979573.162109
57.7098383333333	458779299.335938
57.7446683333333	429893307.865234
57.7807083333333	469078864.505859
57.8133783333333	517944028.445313
57.8469466666667	450044809.9375
57.88239	493744141.529297
57.9148283333333	474894760.167969
57.948245	513529303.439453
57.98072	551105768.994141
58.0150483333333	465933319.025391
58.0481233333333	543479885.785156
58.0823233333333	472821333.693359
58.1143183333333	525887063.912109
58.1479483333333	516669420.21875
58.1808333333333	496244967.982422
58.2131333333333	522429446.470703
58.246055	522335064.119141
58.2784033333333	492609938.181641
58.3124983333333	505933654.224609
58.3456766666667	427551441.273438
58.3808083333333	474908843.070313
58.414185	485630648.847656
58.4481033333333	489387186.886719
58.48005	482049752.570313
58.5123516666667	510023488.480469
58.5447966666667	496082518.125
58.5778283333333	457570111.509766
58.6130683333333	487420035.099609
58.648695	419750677.544922
58.6813616666667	420744527.765625
58.7172866666667	454907589.720703
58.7507983333333	521912343.773438
58.7822633333333	451107334.054688
58.8159133333333	443673436.927734
58.8510333333333	464783653.75
58.8819966666667	463055461.560547
58.914725	467314515.416016
58.949345	473452998.75
58.981995	446509907.128906
59.01529	441191714.863281
59.0494533333333	477723394.541016
59.0837666666667	417939514.615234
59.1188266666667	404037639.587891
59.154065	404519104.771484
59.1881033333333	426835304.878906
59.2189416666667	403113755.777344
59.255255	396899607.71875
59.2868983333333	383661851.255859
59.31921	354760782.853516
59.3561816666667	380367646.693359
59.3880133333333	496461306.863281
59.4215583333333	430278147.042969
59.4518366666667	364151393.101563
59.4855316666667	398213567.195313
59.519285	373194770.572266
59.5531733333333	396604845.179688
59.5856466666667	385286939.677734
59.6210633333333	369751376.433594
59.6521583333333	412819798.492188
59.6857416666667	451909106.486328
59.717835	388822368.679688
59.7510716666667	411638320.302734
59.7830183333333	382793098.091797
59.81522	376284801.773438
59.8481033333333	460515281.941406
59.88094	472631561.761719
59.9147116666667	457246516.939453
59.9478233333333	488792922.751953
59.9811083333333	446461567.748047
60.013085	410878966.113281
60.0455766666667	426468687.185547
60.0785983333333	402333396.402344
60.1125966666667	435735598.068359
60.146145	415890835.113281
60.1799766666667	438502290.214844
60.2127466666667	406426598.816406
60.24611	406544561.447266
60.280425	378731232.130859
60.3122366666667	385544297.484375
60.3452466666667	420510876.417969
60.3772683333333	352530849.054688
60.4106616666667	402451442.613281
60.4428216666667	384625604.861328
60.4741183333333	352058189.601563
60.5072933333333	382670032.650391
60.5415866666667	347260424.666016
60.576145	288514787.697266
60.6086	379968719.257813
60.6423816666667	334296317.074219
60.6745733333333	367307241.599609
60.709805	364711977.564453
60.74095	319033482.380859
60.7754233333333	347216357.447266
60.8092316666667	376076910.949219
60.8418683333333	369263136.056641
60.875785	363235859.023438
60.9085166666667	359798935.074219
60.9434066666667	403151803.783203
60.9749916666667	431764546.269531
61.0091233333333	465252762.052734
61.044925	407774321.113281
61.08214	426914698.785156
61.1182133333333	477491264.818359
61.1518466666667	471734803.097656
61.1866516666667	450567417.279297
61.221365	467818806.861328
61.2527416666667	447940501.962891
61.287805	511210079.53125
61.31844	470082371.603516
61.352495	464514499.166016
61.3848833333333	458199317.558594
61.41744	490936166.423828
61.452655	494713588.515625
61.4840383333333	511392687.269531
61.51572	438010115.779297
61.545935	473312711.644531
61.57905	467330925.955078
61.6132266666667	431539046.623047
61.647695	485896541.869141
61.681525	459169090.595703
61.71493	477541470.513672
61.7468883333333	415818329.957031
61.779825	421411992.335938
61.8122983333333	449253618.289063
61.8467733333333	361513805.462891
61.8819616666667	391019353.634766
61.9146833333333	396693973.734375
61.9474666666667	400384569.117188
61.9834533333333	383215785.691406
62.01725	375716253.869141
62.050075	389296450.134766
62.0865466666667	390232302.115234
62.120855	398704448.064453
62.1542333333333	438859985.376953
62.187355	405049595.443359
62.2203483333333	430951729.666016
62.2556933333333	450701685.060547
62.28954	490414799.818359
62.3220333333333	463415923.353516
62.3556916666667	490452267.871094
62.3881683333333	547161917.824219
62.4214666666667	513106396.404297
62.4540566666667	553176237.916016
62.4885783333333	484715791.128906
62.5197033333333	521914785.171875
62.554455	531685551.478516
62.5866516666667	505360072.949219
62.6210783333333	523064763.962891
62.6540266666667	480135923.103516
62.69128	452718087.8125
62.724895	505857805.169922
62.7595216666667	467005588.507813
62.7931083333333	427962324.826172
62.8283933333333	457431581.078125
62.8624283333333	421359306.333984
62.89518	367277108.150391
62.929145	382340302.392578
62.9604183333333	352442372.460938
62.9935483333333	375469424.53125
63.0273366666667	405235398.927734
63.060125	371777976.728516
63.0924633333333	345892650.740234
63.127395	357040795.578125
63.1591116666667	399411464.125
63.1912266666667	344964255.648438
63.223805	336851101.208984
63.2560783333333	379203826.707031
63.2883216666667	408249976.271484
63.321205	372273423.742188
63.3528066666667	388953439.322266
63.385535	407290478.748047
63.4203866666667	390847251.566406
63.4546783333333	425529096.248047
63.4872383333333	400839530.232422
63.5216233333333	356678814.634766
63.5528433333333	400883188.337891
63.58719	401812654.183594
63.6215966666667	432040460.738281
63.6564916666667	419513854.685547
63.68817	444312937.992188
63.7231716666667	386896804.767578
63.75597	465109628.330078
63.7874666666667	434918468.318359
63.8233816666667	420830934.425781
63.8595233333333	447135450.058594
63.8932166666667	382678042.066406
63.925165	409697766.304688
63.958905	385576342.580078
63.993195	406185661.070313
64.024785	375066878.259766
64.05931	390111069.292969
64.0916483333333	371934200.884766
64.1259316666667	364463292.255859
64.1614983333333	370116073.607422
64.1932333333333	325832229.320313
64.2269333333333	372955364.580078
64.259615	368488171.503906
64.2935666666667	366162075.580078
64.32972	389371657.392578
64.3616083333333	400412492.847656
64.394115	415120250.900391
64.4276833333333	390260571.902344
64.4606483333333	378076104.769531
64.4924316666667	349925037.888672
64.5267933333333	337010393.978516
64.5633	336362039.083984
64.5950483333333	334459215.072266
64.6284266666667	382832189.888672
64.6643916666667	386172445.3125
64.6974283333333	382836437.476563
64.72876	408639988.121094
64.76381	470493793.853516
64.7961533333333	434096478.974609
64.8290866666667	361997607.525391
64.8642866666667	446623040.169922
64.8991266666667	444046091.535156
64.9343	442518076.292969
64.9660666666667	420100857.859375
65.0013216666667	408162582.552734
65.0337183333333	454273464.748047
65.0652116666667	411793049.736328
65.1000533333333	350797036.123047
65.1337316666667	385322028.158203
65.1671333333333	361131624.955078
65.20248	394655051.792969
65.2365216666667	376345859.701172
65.270345	342035987.855469
65.3028716666667	323337664.376953
65.3400483333333	338976647.535156
65.3732983333333	297230354.236328
65.4071683333333	377150068.808594
65.43983	338727245.238281
65.4731366666667	325378918.585938
65.5071016666667	339628626.912109
65.54122	380305785.105469
65.5756633333333	300847261.806641
65.6093716666667	320355362.572266
65.64424	320040741.791016
65.6770516666667	338493007.613281
65.7094533333333	362176817
65.74378	437951866.857422
65.7765783333333	414423953.966797
65.809385	405834877.742188
65.8419733333333	395259901.335938
65.8761816666667	388122027.431641
65.9096466666667	458229821.666016
65.9436033333333	410657978.195313
65.9765933333333	457908840.46875
66.0091733333333	498696300.583984
66.0411916666667	482380890.289063
66.07216	515120983.046875
66.10421	515688325.816406
66.1373983333333	459113628.966797
66.1689716666667	452096272.734375
66.2035466666667	474925784.455078
66.2378133333333	523684676.167969
66.2691316666667	520816456.189453
66.30298	476737074.580078
66.336005	485778646.015625
66.3702016666667	442171374.236328
66.4056	434366249.107422
66.44048	463295506.9375
66.4739466666667	485811400.84375
66.5091966666667	369448616.166016
66.54265	378418977.105469
66.5760516666667	352969833.201172
66.6101233333333	353809703.96875
66.6464933333333	327677547.871094
66.6810216666667	335711455.941406
66.7155333333333	325077285.390625
66.7504733333333	370659539.263672
66.78696	334762760.074219
66.8184833333333	346136694.923828
66.8524166666667	349694116.085938
66.8838216666667	441134797.677734
66.9156866666667	311436718.679688
66.9507316666667	367251621.652344
66.9820566666667	356178994.613281
67.0163883333333	375935235.699219
67.0485233333333	402619902.591797
67.0801816666667	353477749.96875
67.113655	301035855.685547
67.1485633333333	317929442.263672
67.1836633333333	302633130.896484
67.21701	344705168.882813
67.2509866666667	334898573.052734
67.2878716666667	310625124.695313
67.3213783333333	331923372.417969
67.3544166666667	365189486.097656
67.3896866666667	398024931.117188
67.4231683333333	368259274.824219
67.4576933333333	329635642.726563
67.4903066666667	317290157.294922
67.5245983333333	317182539.681641
67.5596083333333	290757156.857422
67.5995233333333	295148329.150391
67.6362966666667	275099850.119141
67.6712383333333	295268679.244141
67.70493	337234259.777344
67.74071	356194201.527344
67.773945	328826932.195313
67.8093633333333	311819346.423828
67.843645	272587856.058594
67.88365	355860272.212891
67.9181716666667	331098859.998047
67.9526883333333	353536546.3125
67.98542	314496390.175781
68.01934	323377402.988281
68.0540133333333	405196147.421875
68.0864766666667	392245958.845703
68.1210033333333	394098687.123047
68.1528283333333	348690512.826172
68.186995	419265543.582031
68.2205333333333	407049381.029297
68.2557016666667	405116587.554688
68.28903	446392826.091797
68.3222583333333	335250583.990234
68.3545066666667	358589713.292969
68.38617	337855823.267578
68.41849	366442417.425781
68.4539433333333	379673301.701172
68.4873666666667	387321233.185547
68.5232766666667	307644435.974609
68.559015	419204332.333984
68.5915516666667	378169227.669922
68.6235583333333	388198833.400391
68.6559	401555513.828125
68.6896533333333	394797340.542969
68.7217033333333	388071686.318359
68.75728	403412593.064453
68.7900533333333	382890996.697266
68.8238166666667	373843600.023438
68.85714	459078936.876953
68.8905566666667	374723748.558594
68.9273416666667	391461695.484375
68.9578783333333	470522978.234375
68.9943316666667	444793871.402344
69.0275833333333	506418726.083984
69.060105	521235997.800781
69.0952433333333	449550724.435547
69.1265166666667	476169318.179688
69.1605433333333	471029655.15625
69.1917216666667	417309400.685547
69.2275233333333	486086038.960938
69.2606516666667	407240011.03125
69.2982433333333	390115146.611328
69.33164	389696804.177734
69.3666483333333	416170684.634766
69.4007733333333	350240187.658203
69.43495	378794858.613281
69.467915	325627522.865234
69.5054183333333	320485200.300781
69.5402716666667	338579970.992188
69.5739733333333	353485145.292969
69.607865	383766055.945313
69.6420383333333	368802625.488281
69.6757333333333	404264716.742188
69.710905	387448642.472656
69.7466866666667	393312307.603516
69.7797533333333	413866684.912109
69.8149416666667	418175475.496094
69.8495216666667	412096664.519531
69.8835766666667	397982356.121094
69.92006	389226235.515625
69.9545266666667	391974005.525391
69.9884016666667	384613508.863281
70.0242683333333	397904998.636719
70.060395	422219247.652344
70.09617	372463530.486328
70.1318133333333	294567709.498047
70.1643983333333	334683653.191406
70.2009583333333	338213566.886719
70.2343283333333	320839889.035156
70.2678466666667	329121221.648438
70.3013633333333	337567260.771484
70.3358066666667	294066110.931641
70.3690633333333	317194177.269531
70.4023866666667	292106722.591797
70.43734	284299648.128906
70.471225	303930005.046875
70.5057	295202997.642578
70.5395216666667	338855889.5
70.572995	307865969.648438
70.6081516666667	331876329.347656
70.6425533333333	342902411.318359
70.6775133333333	387893338.462891
70.710985	409498396.023438
70.745575	368052194.371094
70.7808566666667	373964561.693359
70.81553	369641344.570313
70.84977	390542587.898438
70.88368	357089222.412109
70.91695	382705035.171875
70.95471	372602413.386719
70.9887883333333	403319188.679688
71.02121	368633034.589844
71.055425	313710441.554688
71.08907	282118500.267578
71.1235266666667	365609134.974609
71.1596333333333	318590516.927734
71.1939033333333	334932771.470703
71.2286683333333	256119003.328125
71.2631283333333	256428505.788086
71.2955516666667	273298305.5
71.32922	241909619.530273
71.3636083333333	253393734.388672
71.3999716666667	295123026.423828
71.4350333333333	249312177.725586
71.4719	266375736.900391
71.5086133333333	270505897.609375
71.54369	277984014.978516
71.5802466666667	301002010.376953
71.6128666666667	254795799.989258
71.651255	276434265.860352
71.6857433333333	271491839.422852
71.7213183333333	280075189.910156
71.7566916666667	319773362.271484
71.7918833333333	267650942.439453
71.8286233333333	263721928.878906
71.863295	257121278.299805
71.900285	245459610.78418
71.93574	251110089.496094
71.9723866666667	245547234.444336
72.008265	235369434.863281
72.04082	251531032.902344
72.074245	215128573.65625
72.1084683333333	224498060.185547
72.14194	217940560.03125
72.1763483333333	239343042.927734
72.21132	235701463.732422
72.245795	237108645.459961
72.2786666666667	205248316.213867
72.3155583333333	198342850.288086
72.3485433333333	195059996.699219
72.3827233333333	191044723.539063
72.4207933333333	196633194.09375
72.454915	197946892.22168
72.4905916666667	183822814.672852
72.5269316666667	197304346.828125
72.5643183333333	215416773.635742
72.599195	225108809.323242
72.6343416666667	229356590.852539
72.667695	191889212.957031
72.7028533333333	211020437.853516
72.7390066666667	207709657.955078
72.7776416666667	227675313.395508
72.81158	230534945.864258
72.8459533333333	205652320.160156
72.88012	190048934.62793
72.918205	172148613.292969
72.9561733333333	186818947.318359
72.9909583333333	222038030.583008
73.02625	229140323.430664
73.0600233333333	243394247.895508
73.0944416666667	206888100.276367
73.13328	260868257.806641
73.1667216666667	269046272.618164
73.2009566666667	292170196.875977
73.23501	281235864.59375
73.2698916666667	305498566.537109
73.3024066666667	290213400.490234
73.3366016666667	294961257.611328
73.3710283333333	279554351.652344
73.40532	286332395.719727
73.440045	290368445.464844
73.4728683333333	292612427.388672
73.5084116666667	318026093.890625
73.54329	264467044.332031
73.57817	258146449.353516
73.6135883333333	234193033.75293
73.6500766666667	255894827.646484
73.684075	221921784.875977
73.7187483333333	225025002.432617
73.75644	213420731.530273
73.7931416666667	228301991.633789
73.829035	234312949.825195
73.8665283333333	208259820.46875
73.9012183333333	214329479.378906
73.939735	201745783.564453
73.9763816666667	226813126.728516
74.0095316666667	199672261.914063
74.04499	213930492.669922
74.0798016666667	181682854.458008
74.1166433333333	166303078.203125
74.154685	186565846.481445
74.1894683333333	181106007.106445
74.227755	166377590.120117
74.2609283333333	188652278.492188
74.296375	190808076.176758
74.3297383333333	188252144.195313
74.3621066666667	184050086.450195
74.3986466666667	196024510.541016
74.433235	218454189.739258
74.4691016666667	186777233.421875
74.50533	202942015.663086
74.5414316666667	230785492.322266
74.5765266666667	211305625.275391
74.6157133333333	200195032.335938
74.6538516666667	196880121.504883
74.6882833333333	210840899.09375
74.7233233333333	201496584.265625
74.7584683333333	218500981.480469
74.7960083333333	207317442.689453
74.831255	210437779.56543
74.8656833333333	209377466.298828
74.9027816666667	188335799.133789
74.9415166666667	201834490.011719
74.97712	237505755.510742
75.0149733333333	221060493.263672
75.0508366666667	222893154.866211
75.0881516666667	213474859.271484
75.1220816666667	214601388.644531
75.160535	229571862.34375
75.1949	211292627.55957
75.2292733333333	243567184.140625
75.2663	220211924.779297
75.30268	213230246.716797
75.336395	206969393.521484
75.3714333333333	225251396.489258
75.404235	219618215.37793
75.440375	224398489.151367
75.4730316666667	202605044.222656
75.5102316666667	207999794.908203
75.545625	187852475.989258
75.5807783333333	176992106.139648
75.6154366666667	180018283.469727
75.6514966666667	179513369.209961
75.6872433333333	189790969.836914
75.7221416666667	182429492.770508
75.7553683333333	166488562.875977
75.7922466666667	152090712.473633
75.8341633333333	150416244.625
75.8702833333333	168620480.410156
75.9032733333333	169602727.124023
75.9415166666667	163710432.370117
75.9813416666667	162763275.428711
76.020555	142087890.438477
76.06091	150395615.258789
76.097745	146986988.432617
76.1350683333333	148133904.442383
76.1734933333333	158277839.489258
76.2083966666667	136858162.338379
76.2480516666667	165917112.634766
76.2848766666667	151966225.660156
76.3189883333333	140195433.129395
76.3540366666667	158977074.157227
76.391255	151144130.094727
76.428065	136475770.003906
76.4690633333333	146387456.848633
76.5046683333333	168004666.524414
76.5409316666667	158712505.111328
76.5794166666667	131905466.025391
76.6138733333333	161805765.355469
76.6521283333333	130475828.992188
76.689975	129190663.412109
76.728395	159195736.976563
76.7668866666667	166774375.956055
76.7994416666667	154973716.724609
76.8396783333333	156228454.863281
76.8788366666667	132375685.362305
76.91527	131711149.90918
76.95447	143022982.949219
76.9919716666667	136706768.848633
77.0292466666667	148191028.172852
77.0646183333333	154293652.398438
77.1040366666667	138470360.772461
77.1413216666667	130253300.274902
77.1790633333333	143438267.21875
77.2146916666667	134729767.319824
77.2525383333333	132775674.578613
77.293365	159684284.900391
77.326335	143937858.257813
77.36293	134012641.787598
77.39897	114262064.575195
77.4361366666667	128413856.561035
77.4750533333333	140553396.431641
77.51276	160075798.490234
77.5491333333333	149851394.932617
77.583885	136657232.741211
77.6215166666667	121216681.158203
77.6543666666667	120032218.001953
77.6946783333333	140541036.073242
77.7309133333333	140307527.623535
77.7700266666667	117390566.403809
77.806365	131098915.736328
77.84034	143509424.06543
77.8738383333333	150080793.196289
77.9127833333333	147465883.678711
77.9526833333333	151669681.254883
77.9902483333333	153748154.228516
78.02527	146391886.599609
78.059365	168887538.748047
78.0953483333333	172532849.214844
78.1315783333333	174059694.240234
78.169305	176760135.771484
78.207545	181104907.625977
78.242925	216809728.932617
78.2774633333333	193850629.407227
78.3155383333333	186856983.514648
78.3515016666667	192652755.65332
78.3878666666667	187356865.355469
78.4250883333333	193184900.186523
78.4589466666667	226834621.037109
78.4956583333333	177103131.285156
78.5325616666667	199443962.818359
78.5684433333333	170060068.373047
78.6050716666667	174054339.016602
78.6411333333333	180323813.905273
78.675185	173048358.359375
78.7140833333333	173287245.908203
78.751825	138819348.043457
78.7877616666667	160308225.887695
78.8247766666667	144099425.18457
78.8605616666667	150064777.782227
78.897375	177635481.759766
78.932655	183658629.125
78.9682466666667	177502634.470703
79.0055316666667	167660652.674805
79.0423233333333	189574991.232422
79.076855	174818702.080078
79.112325	164524203.035156
79.1504366666667	169313110.727539
79.1862466666667	187810707.825195
79.2231583333333	178430560.181641
79.2607833333333	204544721.360352
79.295185	231284559.662109
79.32919	209799713.485352
79.3676283333333	235397046.832031
79.40382	228027837.407227
79.4369966666667	229081469.969727
79.4696433333333	281448448.728516
79.5023066666667	302629178.151367
79.5375866666667	293762007.097656
79.5762133333333	306345888.048828
79.60946	344659762.933594
79.6426783333333	284344177.020508
79.67772	265584216.868164
79.7106266666667	267356243.286133
79.7461416666667	218856980.131836
79.78366	285655721.070313
79.8215983333333	229824914.34375
79.857045	251383525.05957
79.890295	196512025.253906
79.927015	212010723.770508
79.9623366666667	273046912.001953
79.9954516666667	211542088.601563
80.02964	224255595.679688
80.0646233333333	209831865.975586
80.0997816666667	197478016.336914
80.1353616666667	194263708.348633
80.1745316666667	200860741.175781
80.21009	258483089.02832
80.2457233333333	218453874.362305
80.2839133333333	213289582.443359
80.3177416666667	203212849.677734
80.352335	192122794.741211
80.391565	206530420.738281
80.4314533333333	194871048.948242
80.4686983333333	203222682.960938
80.5080816666667	189530717.612305
80.5432266666667	185919017.828125
80.5790316666667	225046491.001953
80.6150283333333	179135911.651367
80.65188	181295635.357422
80.6870266666667	207473951.285156
80.722505	188495864.789063
80.7576016666667	184555316.832031
80.7933	155970468.4375
80.830935	176732554.959961
80.86936	168121642.196289
80.9009933333333	155895595.899414
80.934215	153912575.922852
80.968595	185352312.401367
81.0056766666667	221679205.776367
81.0376666666667	172586921.896484
81.0707316666667	158557132.533203
81.1103283333333	152880549.420898
81.1442066666667	171785011.105469
81.1801766666667	192754838.40332
81.2159266666667	204693493.380859
81.25047	192813841.867188
81.287665	185247966.137695
81.3236883333333	172110157.848633
81.3601333333333	188519712.262695
81.3928016666667	171404855.486328
81.43056	211920677.612305
81.4661183333333	215660812.553711
81.5010516666667	215181674.767578
81.5381166666667	189488210.572266
81.5729166666667	194199187.780273
81.6085933333333	206932187.911133
81.6442666666667	190494623.675781
81.6782633333333	198612253.177734
81.7117383333333	211977653.751953
81.7483333333333	205028731.058594
81.78457	180873808.480469
81.820825	168585320.139648
81.8560966666667	168105426.563477
81.89286	170379662.925781
81.927355	181421712.364258
81.9630133333333	199326297.168945
81.9980633333333	169477935.902344
82.03294	157097943.648438
82.0713083333333	147775742.02832
82.10932	132121931.313477
82.1444916666667	137477851.9375
82.1787966666667	145240326.859375
82.2142866666667	141728481.226563
82.250565	158870018.163086
82.2856516666667	147908497.75293
82.317935	151780272.62793
82.354715	127721470.901367
82.393095	161597542.942383
82.4274383333333	172847780.189453
82.46156	166614291.378906
82.497345	164784210.830078
82.5329266666667	160954923.041016
82.5691283333333	181118905.145508
82.6032533333333	142161302.394531
82.6448983333333	175445807.376953
82.6821166666667	156459139.185547
82.71826	166053013.922852
82.7503283333333	176836947.488281
82.78753	182079967.120117
82.8258416666667	183979514.577148
82.8622883333333	162484177.577148
82.896585	165490589.157227
82.9324733333333	149650644.128906
82.9682433333333	156423259.272461
83.0044016666667	151018248.069336
83.03909	141466572.661133
83.0772416666667	174577339.730469
83.11384	149901814.200195
83.1506266666667	124189081.658203
83.1920933333333	125022959.344727
83.2260816666667	159266409.991211
83.2623466666667	157535229.144531
83.2975933333333	156922762.911133
83.3306966666667	145936126.717773
83.3670416666667	133685880.430664
83.40254	126606842.77832
83.4425533333333	149087066.676758
83.4809166666667	157773264.424805
83.516995	140720603.486328
83.5543166666667	143056205.197266
83.5935933333333	140418005.4375
83.6344433333333	118547126.398438
83.670765	128703537.836426
83.7095266666667	128178720.372559
83.7487866666667	134563327.970215
83.78731	134062250.97168
83.82357	115652951.477051
83.86255	124380679.478516
83.89981	127440999.685059
83.93594	111134481.058594
83.9736016666667	119022507.132324
84.0125066666667	114343061.555664
84.047625	112089487.12207
84.0839966666667	108021522.389648
84.1258266666667	119140302.430664
84.1616816666667	146452975.139648
84.1997	127553975.799805
84.2363783333333	113789416.037598
84.278515	122519962.737793
84.314455	117951373.48584
84.3514216666667	128642624.992676
84.3888416666667	122469494.731934
84.4227583333333	120778271.73584
84.45792	131641660.824707
84.4959216666667	115066361.819824
84.5331466666667	95210705.1552734
84.5705966666667	118346013.126953
84.6109683333333	95730638.1054688
84.6519516666667	99478631.5766602
84.6910316666667	102502044.314453
84.729675	103923556.678711
84.7675516666667	98353746.081543
84.8063216666667	105468117.839844
84.84756	114877181.118652
84.88794	107680957.558594
84.9270316666667	115461000.520508
84.9676616666667	103855174.682617
85.0038066666667	102990557.600098
85.04448	99687375.2744141
85.0813766666667	99276854.137207
85.1231966666667	107886116.753418
85.16263	91257628.140625
85.202985	87682449.2138672
85.2457216666667	105275491.833984
85.2806716666667	99503074.9912109
85.3229483333333	97661726.9492188
85.3562816666667	101077989.500977
85.3926866666667	103359421.681641
85.4305283333333	100108369.21582
85.4640283333333	89326423.847168
85.5085783333333	92137569.8383789
85.545535	92753142.6293945
85.5827366666667	101906207.270508
85.6215266666667	88337474.6621094
85.6629266666667	87894513.8642578
85.701905	87991858.2202148
85.7428966666667	90891900.425293
85.7815816666667	90051715.1518555
85.8186666666667	90832684.2587891
85.8590633333333	88634250.1591797
85.8968166666667	84187301.5151367
85.93246	84513502.2841797
85.977155	84587889.097168
86.01416	99899479.0698242
86.0543766666667	83761485.078125
86.0948516666667	96041897.4091797
86.13336	83230068.0234375
86.175155	75992657.8076172
86.2136333333333	70874461.6430664
86.2581216666667	76460789.8452148
86.2973333333333	68454282.690918
86.339555	78820991.28125
86.3747366666667	73546045.0454102
86.4138733333333	72646164.7817383
86.4533916666667	80327442.8857422
86.49164	100011633.541992
86.5313533333333	86103639.6171875
86.5687783333333	89844753.1967773
86.6059233333333	83956113.5029297
86.644515	85260368.65625
86.687275	82621804.6831055
86.72331	80166520.7412109
86.7661783333333	89059388.1000977
86.8033633333333	82741018.5507813
86.8438233333333	78153730.7636719
86.886745	84110391.3920898
86.9263716666667	72578624.0678711
86.9635566666667	72013509.1240234
87.00402	79046198.9116211
87.0402216666667	79157146.4306641
87.079085	79609831.5849609
87.1188383333333	90720224.6435547
87.16102	86279567.3007813
87.199555	74371862.9375
87.238445	77094729.1967773
87.2809183333333	76999929.3417969
87.3201583333333	86046124.8540039
87.3628516666667	80811818.3813477
87.3992833333333	76259799.1293945
87.4383316666667	74847097.2431641
87.47833	71075362.6704102
87.5197783333333	72196666.7651367
87.561675	72954034.7832031
87.60106	81110119.7958984
87.6386283333333	68673431.659668
87.677145	69163369.1640625
87.72	74134138.3515625
87.757975	64083965.9604492
87.79927	62738685.1748047
87.840105	74260054.1918945
87.8795616666667	79328644.5380859
87.9197716666667	63786824.2006836
87.9594433333333	75675153.605957
87.995645	58889926.578125
88.0373316666667	67276271.121582
88.0782666666667	54491130.4418945
88.1226166666667	79326736.0200195
88.1589083333333	69271267.5688477
88.202495	74027738.140625
88.2437283333333	82655912.5234375
88.281365	76469721.4106445
88.3233916666667	66581667.1113281
88.3637283333333	65905639.5507813
88.4089433333333	65028207.2485352
88.4432433333333	70476612.8427734
88.4856516666667	78443061.4140625
88.52602	68363876.7163086
88.56454	67079825.2944336
88.60501	70182122.2993164
88.64802	75044131.3422852
88.6835733333333	71648174.7700195
88.7253983333333	59817743.8481445
88.7708533333333	63243125.8696289
88.812715	69950865.5820313
88.8530916666667	81458822.4677734
88.89115	72500415.5517578
88.93094	79736303.1459961
88.9664616666667	76289246.847168
89.0038433333333	65861034.1625977
89.045265	65320879.0537109
89.086815	68825042.1552734
89.129935	60769200.6894531
89.1705183333333	68071839.4321289
89.21096	64893071.1655273
89.2515683333333	68440772.8154297
89.28991	57417961.9663086
89.3327316666667	54353734.6459961
89.374375	64119928.6499023
89.4172733333333	65020190.5258789
89.4560816666667	87036687.199707
89.4942266666667	60328239.6428223
89.5362083333333	58660327.0095215
89.5772716666667	61549019.6914063
89.6192	71565596.0673828
89.659975	57875707.255127
89.699955	58131570.845459
89.7419283333333	54944451.9873047
89.78594	60249304.5561523
89.8293233333333	56451861.4321289
89.8734983333333	58162537.8457031
89.91488	64807549.0043945
89.9565683333333	63790886.286377
89.99597	59214123.6223145
90.0354666666667	62815181.7695313
90.0760933333333	77637155.9311523
90.11177	74611109.5581055
90.1526533333333	63185417.9775391
90.1923966666667	71057920.8417969
90.23219	57315301.2907715
90.27236	73291552.0146484
90.3093516666667	64720376.0483398
90.3520483333333	56158787.0266113
90.3932016666667	62039563.8022461
90.4338366666667	73502029.6157227
90.4706183333333	78543475.8686523
90.5078633333333	74334095.0629883
90.5483183333333	61164748.3701172
90.5887733333333	74964709.4794922
90.6316116666667	67084707.5766602
90.67373	60837363.5539551
90.71111	61123487.2255859
90.7542216666667	70890343.8930664
90.795445	55389831.2219238
90.8374366666667	62583714.7888184
90.8788266666667	69369925.3081055
90.923735	71241078.3232422
90.9626716666667	64595574.2817383
91.0009383333333	62615585.8227539
91.04664	56714030.4550781
91.0887066666667	60498052.1813965
91.1279066666667	66040209.1064453
91.1681983333333	66131677.7109375
91.21022	61557688.4909668
91.2490083333333	69736632.6220703
91.2895883333333	60609239.7158203
91.3282916666667	70189202.9301758
91.3699616666667	65253885.1005859
91.409965	56570439.4592285
91.4532866666667	64601777.1977539
91.4919216666667	65362793.6293945
91.5314433333333	60061993.8149414
91.5742716666667	68761222.5766602
91.6126566666667	66571798.8930664
91.6562216666667	60901885.8483887
91.7016566666667	64043308.161377
91.7407916666667	60534729.390625
91.7821283333333	56962363.7529297
91.8267383333333	46782680.1181641
91.87038	62544892.6455078
91.9133183333333	62326805.6474609
91.95749	65777646.7211914
91.9976816666667	73911787.9008789
92.036195	60575247.9433594
92.0807883333333	55034994.3425293
92.122005	62748513.7373047
92.1628766666667	55730334.8571777
92.207675	59965211.6743164
92.2506566666667	55980864.1188965
92.288685	58768585.970459
92.328385	46677782.3776855
92.367605	51050066.1049805
92.4116166666667	53099204.907959
92.4514633333333	55572238.4631348
92.4947416666667	57183989.0876465
92.5319666666667	59091207.9575195
92.5730566666667	62779266.0205078
92.613545	59252886.3833008
92.6519833333333	57850380.4072266
92.695695	61680639.800293
92.7388116666667	63668848.032959
92.7789116666667	53558970.0480957
92.8213116666667	55934482.9711914
92.8648416666667	62490541.8164063
92.9072133333333	58775734.814209
92.9487666666667	60507891.5925293
92.989595	55598370.9262695
93.0319	51993921.6572266
93.073415	54640158.6774902
93.11633	42528474.854248
93.158055	57922570.5925293
93.19699	57681158.1442871
93.239605	59819649.1538086
93.280495	54316144.2453613
93.3215766666667	58978183.4223633
93.3619716666667	55658991.1362305
93.4015166666667	52233265.5939941
93.4440283333333	54731725.9345703
93.4854016666667	46387723.9221191
93.5294416666667	54588150.4660645
93.5650083333333	60268616.2543945
93.60489	56497919.6069336
93.6489733333333	54985523.706543
93.6899133333333	53336492.8395996
93.73331	51614039.5283203
93.7760133333333	54657251.3808594
93.816845	52027380.0720215
93.8588783333333	52975748.6691895
93.9010183333333	48911664.4912109
93.9440883333333	46371506.6901855
93.9883066666667	47821127.6137695
94.0322883333333	43721235.2932129
94.076265	55115905.378418
94.1191816666667	41390090.2670898
94.164175	44957246.6606445
94.202345	46911673.0537109
94.2460716666667	50436224.4077148
94.28742	52386286.2924805
94.3322533333333	46426643.7932129
94.3732666666667	55915277.4956055
94.4090383333333	57979897.8461914
94.4504383333333	45448319.8022461
94.4953816666667	43658713.3398438
94.5355033333333	42713953.3027344
94.5731083333333	50537430.2993164
94.61393	49963020.9521484
94.6586783333333	46262270.380127
94.7012483333333	52167256.2702637
94.7448	47767150.6608887
94.7848966666667	54906926.1901855
94.82777	52132114.0090332
94.871105	53931925.1513672
94.9130383333333	55880351.5339355
94.9547033333333	36689920.0786133
95.0004466666667	42144505.4934082
95.0454666666667	46569337.4572754
95.088785	48723897.7663574
95.1330616666667	56693046.3161621
95.1776266666667	48579392.7736816
95.215235	46666090.590332
95.25828	43996119.2045898
95.3008366666667	44715689.6101074
95.3442716666667	50379384.0263672
95.3876733333333	40773507.5124512
95.4301766666667	50456486.7524414
95.4725733333333	49199107.1689453
95.5150166666667	41022996.8850098
95.5591866666667	57551487.6616211
95.59591	54703524.8334961
95.636815	51640633.355957
95.6802616666667	42697795.2272949
95.7225	40601570.5834961
95.7647016666667	40009565.5656738
95.807945	37165737.2583008
95.8507283333333	43150342.1933594
95.8926866666667	43895608.8300781
95.9361883333333	44001760.458252
95.98054	45822508.9204102
96.0238833333333	40600661.8393555
96.0681883333333	45488753.9729004
96.1118916666667	43391823.5192871
96.1556633333333	46026191.1716309
96.1985383333333	43952063.0222168
96.2397516666667	46314266.3864746
96.2845333333333	43407974.6740723
96.325835	35317361.630127
96.3704483333333	45131196.1223145
96.4139033333333	42503195.604248
96.455225	42208580.3308105
96.499225	35660964.8098145
96.5440333333333	36222974.1086426
96.5900016666667	44191076.935791
96.6275316666667	42288765.998291
96.6712716666667	35347396.5742188
96.7162433333333	40796987.4265137
96.7594916666667	42945650.690918
96.799795	43569999.8720703
96.8429316666667	37078402.8005371
96.887125	36765457.1108398
96.931145	33638163.5812988
96.97502	39754653.1787109
97.021895	45648858.223877
97.064	41748813.0537109
97.1076283333333	38524283.5302734
97.1525483333333	40870982.3967285
97.1944083333333	36972210.7443848
97.2395133333333	33875515.5427246
97.2832283333333	37547249.6159668
97.3273866666667	37614682.2983398
97.370705	31182677.3078613
97.4148333333333	31164568.3575439
97.4597	36920770.3317871
97.503315	30422770.1334229
97.5488583333333	32983808.1164551
97.5924966666667	35766095.838623
97.6369483333333	26707911.9260254
97.6798983333333	31423762.1878662
97.7258183333333	31290909.1661377
97.7694033333333	33900579.3171387
97.812625	36306443.0686035
97.8565783333333	39045881.3493652
97.89907	32624978.7043457
97.9413766666667	30327083.7481689
97.9858983333333	30820968.7822266
98.03069	35430176.7666016
98.0731783333333	40152491.9418945
98.1183283333333	36667407.1960449
98.16419	34476745.7644043
98.2073983333333	37735014.2268066
98.2517133333333	37866407.9865723
98.2940016666667	36173650.9968262
98.33911	35392211.6914063
98.3815383333333	36419522.3244629
98.427275	30248237.8200684
98.4701333333333	28996982.4581299
98.5133816666667	30193760.0228271
98.5587633333333	29216270.296875
98.6020533333333	31243659.9804688
98.64802	30871152.060791
98.6898183333333	28623006.1375732
98.7360066666667	31926952.9562988
98.7787233333333	25217221.1132813
98.82366	31336605.3781738
98.86719	30283371.8325195
98.9118366666667	34632325.4587402
98.95538	29337319.1162109
98.9990066666667	27198581.567749
