RetentionTime	Intensity
0.00539166666666667	112572.140586853
0.0250816666666667	107944.373600006
0.0374066666666667	103807.387363434
0.0569533333333333	82530.4199867249
0.0790633333333333	110221.050876617
0.097265	92320.3283920288
0.116713333333333	85238.9851284027
0.138901666666667	96013.5152015686
0.158383333333333	84750.1533164978
0.17799	91453.4215583801
0.198066666666667	119264.079544067
0.231136666666667	76269.886762619
0.243783333333333	111568.482536316
0.261156666666667	80289.9508724213
0.283288333333333	79002.9743804932
0.302855	81983.6045188904
0.324966666666667	86149.9816474915
0.346593333333333	75300.0282745361
0.368586666666667	78529.3641281128
0.388188333333333	76859.2385406494
0.409095	80140.2973670959
0.429168333333333	77461.994052887
0.449068333333333	74128.756111145
0.471276666666667	72251.10962677
0.49338	70570.9602527618
0.515683333333333	80145.4875278473
0.536708333333333	81825.656955719
0.561046666666667	85500.8610477448
0.579391666666667	101881.364810944
0.598883333333333	100826.044876099
0.618856666666667	90781.8202857971
0.638826666666667	101768.727577209
0.658183333333333	112346.197212219
0.676161666666667	94715.6174697876
0.696795	83242.2135639191
0.718721666666667	77299.7203922272
0.740835	85410.3435821533
0.761073333333333	76868.3786525726
0.7832	86158.1941833496
0.80314	68967.8938655853
0.825241666666667	86050.8299674988
0.84558	74932.0204029083
0.867386666666667	66143.0356407166
0.889488333333333	65166.1529121399
0.91144	71500.8212356567
0.933583333333333	85554.308839798
0.954251666666667	70280.9209442139
0.976463333333333	84511.8331031799
0.996005	66190.1367149353
1.01632333333333	76007.2161312103
1.04003833333333	66053.3606109619
1.05901666666667	90275.181350708
1.08353666666667	66455.6464557648
1.10191166666667	86018.1953315735
1.121995	88022.4491577148
1.14211833333333	76761.1550292969
1.16422833333333	72701.443145752
1.18473166666667	92186.0107078552
1.20497833333333	89444.349445343
1.22471333333333	75955.7209186554
1.24579666666667	76920.1548061371
1.268	81937.3783340454
1.288165	94301.1233024597
1.3075	71575.5894699097
1.32909	90060.8545589447
1.35022666666667	77990.5539016724
1.37218666666667	91543.2072296143
1.39848833333333	85609.2626857758
1.41712333333333	88388.4731502533
1.43552666666667	88448.2468090057
1.46273166666667	83918.5964794159
1.47867833333333	76664.3836326599
1.500275	94026.6929588318
1.51962833333333	83870.6689071655
1.54162166666667	108904.440093994
1.56081	85996.2609710693
1.58169666666667	104343.427848816
1.60023666666667	110785.507007599
1.61936166666667	83907.9423027039
1.64156166666667	100436.897022247
1.66055833333333	96508.1757240295
1.680215	78360.9398365021
1.70137666666667	95813.2220077515
1.72138666666667	77148.8122749329
1.74337833333333	76083.9134254456
1.76558666666667	77783.5578708649
1.78765833333333	82750.5867366791
1.80906833333333	103795.296134949
1.82951166666667	131908.537246704
1.84782333333333	100044.736553192
1.87210333333333	84585.2682857513
1.89058	85958.2799968719
1.91643333333333	70903.0639514923
1.93476	110201.569862366
1.95437166666667	94605.0382995605
1.972605	75132.6572093964
1.993295	94032.9260387421
2.013795	103380.634654999
2.03275	73308.6807250977
2.05645166666667	72655.7769947052
2.07551833333333	94671.7916984558
2.09606833333333	79029.2592658997
2.11874333333333	76986.4569091797
2.137165	89461.5588264465
2.15917	85773.6649017334
2.180135	94807.8979320526
2.20205	104938.23783493
2.22425833333333	107410.483325958
2.244435	94484.448884964
2.265825	100685.598096848
2.28710833333333	87884.878704071
2.3093	74432.4900627136
2.32888666666667	74712.0945701599
2.35110166666667	64522.4126701355
2.373195	70609.356218338
2.39451333333333	69623.4920063019
2.41525333333333	69959.3587360382
2.44371	68459.9289207458
2.46272166666667	63373.0741004944
2.48104166666667	74029.0015869141
2.50440833333333	70286.9941902161
2.52350833333333	68468.8470401764
2.54522166666667	59606.2521781921
2.56741166666667	69648.4603252411
2.588845	65301.1808490753
2.60983833333333	68674.0814819336
2.63193333333333	65831.4255981445
2.65413	54651.7409629822
2.67624833333333	63693.0367546082
2.69845166666667	56828.1025009155
2.72054166666667	56131.3580627441
2.74269166666667	55368.8448829651
2.76491166666667	56362.2492771149
2.786345	59376.6722660065
2.80846166666667	68749.9654026031
2.82944833333333	70473.3156833649
2.85134333333333	61534.3458938599
2.87352333333333	58263.6121044159
2.89564166666667	63295.6983184814
2.91630833333333	60410.0042896271
2.942285	67992.5897655487
2.95989333333333	57793.0971374512
2.98045666666667	60565.7264251709
3.00266166666667	67871.0522708893
3.02476833333333	75217.3172149658
3.044775	62380.3788051605
3.06996166666667	70347.6319026947
3.08846	68924.1262016296
3.10944666666667	65692.5382900238
3.135345	57168.2341651917
3.153655	53260.0595779419
3.175845	57120.4807853699
3.197975	68109.6884174347
3.22016333333333	70487.6507778168
3.24145	65558.0601119995
3.26161166666667	54293.2251663208
3.28382166666667	63484.7601985931
3.30591166666667	59770.4956741333
3.32804	61599.1276683807
3.349405	56832.4287700653
3.37151666666667	56498.2239704132
3.393725	66813.3350849152
3.41606166666667	58369.3872070313
3.43802	56751.6408004761
3.46023333333333	61808.8685340881
3.48232333333333	59192.1787834167
3.50321666666667	51638.8701953888
3.52542166666667	53073.3045959473
3.546725	63838.1944847107
3.56841166666667	55358.2991962433
3.59052666666667	57043.0692253113
3.61272	65184.1951446533
3.63493166666667	62823.2170886993
3.660835	72975.1225509644
3.67914166666667	72940.5005435944
3.70042833333333	65491.7174606323
3.72753833333333	59590.8451061249
3.74273	53063.4079875946
3.76483166666667	60068.9848213196
3.78521166666667	63976.6059455872
3.80614333333333	59423.9079551697
3.82823833333333	80038.2027397156
3.84784666666667	54085.6392765045
3.87004166666667	65691.005033493
3.89214333333333	51498.8927764893
3.91435166666667	59666.8187484741
3.936455	57670.2387237549
3.95865666666667	69986.0813007355
3.98234166666667	61705.8776988983
4.000635	57199.6229877472
4.025885	58981.9801654816
4.04494333333333	65788.7024784088
4.06628666666667	58229.1518955231
4.09104833333333	58285.4460945129
4.110045	59696.5773162842
4.13013	54388.2667751312
4.15231333333333	51417.3301391602
4.17438166666667	58770.6441383362
4.19648	60516.3784828186
4.21867833333333	57233.5255527496
4.24010833333333	57718.8611221313
4.26101	64871.9334087372
4.28311666666667	62686.2919750214
4.30531833333333	56862.7601642609
4.32752333333333	52825.2733478546
4.34961666666667	63333.1689491272
4.37172833333333	55083.3599033356
4.39394333333333	59626.3923740387
4.41622666666667	57389.9262943268
4.438235	58154.4143161774
4.46415666666667	49884.1650772095
4.482875	51836.6811389923
4.50474333333333	61213.9749774933
4.52684833333333	57685.4077320099
4.54929833333333	66560.8850212097
4.56929333333333	49647.3209381104
4.59136833333333	59712.3116359711
4.61307833333333	52700.7710475922
4.635195	52630.9569835663
4.65738	57631.2802696228
4.67957666666667	57752.4842987061
4.70168	52823.2494754791
4.723785	51574.183139801
4.74599	53510.6663761139
4.76811	57983.0033245087
4.79027166666667	55245.7164306641
4.8124	61023.4393939972
4.83460166666667	62823.0686378479
4.85666	58719.0929851532
4.87876333333333	66204.7241420746
4.90088	53963.7875518799
4.92194166666667	54107.5053539276
4.94406	65097.2309112549
4.96625666666667	64865.2902202606
4.99215666666667	80250.5401916504
5.01477833333333	52982.2735404968
5.03047166666667	71525.659576416
5.04947	57835.6012153625
5.071575	67007.4325141907
5.09693	61565.7684516907
5.11623833333333	52883.9612922668
5.13807333333333	73725.0339393616
5.15759	61220.0763282776
5.17938666666667	64201.3557662964
5.201595	57824.9169979095
5.22370833333333	66896.9566822052
5.24967166666667	65898.0479450226
5.26636333333333	62131.4799404144
5.28792666666667	64780.4626712799
5.31013833333333	52587.5108184814
5.33134	59402.8237628937
5.35354833333333	56702.3574733734
5.37407166666667	52503.9984931946
5.39616666666667	58274.2741622925
5.41827166666667	63586.6466560364
5.44049166666667	59077.7855110168
5.46226	52817.1431713104
5.48444166666667	57657.8826656342
5.50655	56623.3477611542
5.528775	48073.9610843658
5.55095166666667	61695.6216278076
5.57040666666667	57410.6824645996
5.59252	52129.8587627411
5.61357833333333	54461.2113780975
5.63567833333333	50754.8830986023
5.65787	57987.1309604645
5.679995	47510.0227031708
5.70494	63899.5393695831
5.72336166666667	55316.5975589752
5.74547333333333	54166.994222641
5.767545	57336.872127533
5.78977	55989.8622188568
5.81187666666667	51573.6177196503
5.83406833333333	60778.0660324097
5.85620666666667	55736.4377155304
5.87838	63813.8452339172
5.90061666666667	54859.2506961823
5.92269666666667	57517.8568153381
5.94480333333333	69415.1431560516
5.96699166666667	56011.230512619
5.98814833333333	55842.3279190063
6.01035833333333	53897.9535884857
6.03245833333333	52328.0931415558
6.05463666666667	54490.9754924774
6.07687	53231.456407547
6.102115	53865.9338035583
6.121065	47804.549041748
6.143275	49788.7902145386
6.16538666666667	56286.6947879791
6.18756833333333	52791.7982349396
6.20969333333333	51959.4537620544
6.23106	55519.7049026489
6.25324666666667	48114.9820079803
6.27535333333333	50043.3261375427
6.29747333333333	54668.768907547
6.319655	62919.469247818
6.34488666666667	62462.7754230499
6.367775	56784.4406108856
6.38608833333333	63639.4766540527
6.40649833333333	74671.0570640564
6.42947333333333	58810.3123683929
6.44843666666667	63047.929063797
6.47226666666667	54321.9547405243
6.49133	52266.0761814117
6.51343166666667	55464.5536155701
6.535635	53794.5097541809
6.557455	51642.4571781158
6.57965	56964.6156177521
6.601895	55174.4466133118
6.623955	48192.7559070587
6.64606333333333	49127.9072036743
6.668265	57521.8743972778
6.690365	57055.1893959045
6.711925	49442.2841453552
6.73401333333333	57108.8302383423
6.75623	54396.3035869598
6.78222833333333	61840.3145332336
6.80055	62661.4617424011
6.82266166666667	68291.9893455505
6.84736833333333	49349.4237632751
6.86629833333333	52391.0961971283
6.88848333333333	56145.5942955017
6.9106	64577.3532409668
6.932805	58365.1437072754
6.95499333333333	58148.8406009674
6.97709666666667	63916.625289917
6.99791166666667	65127.9238929749
7.02009833333333	65948.6309146881
7.04220166666667	61470.2346496582
7.06441166666667	73454.6731872559
7.08418333333333	63042.2329444885
7.109505	63021.4345684052
7.128595	58947.2010974884
7.15068166666667	64036.3901443481
7.17282	67995.6106071472
7.19501333333333	69660.1814956665
7.21713666666667	56671.6197376251
7.23783666666667	64147.8805961609
7.259965	75110.5770282745
7.28093	57671.7309608459
7.30309833333333	65822.301776886
7.32519166666667	66871.7946071625
7.34729833333333	77999.5159759521
7.370865	57647.2532043457
7.38913333333333	68489.4411869049
7.40994666666667	57162.9629421234
7.43202666666667	61916.0616703033
7.45366666666667	61640.1002807617
7.475875	54958.9016456604
7.49798333333333	73415.0338840485
7.523885	56076.8449363708
7.54606833333333	69518.0413360596
7.56441833333333	56321.9668731689
7.58657833333333	64598.3486404419
7.60869	64807.01288414
7.63088	57358.9659442902
7.65308333333333	62516.9771900177
7.67471833333333	67507.0813846588
7.696835	61510.6242084503
7.71886166666667	57064.5789356232
7.74096166666667	69812.2321243286
7.763175	69762.1292114258
7.785145	82014.0098571777
7.80774666666667	79543.0337810516
7.82927833333333	75689.0329017639
7.84828833333333	91116.4645271301
7.86933666666667	131758.974533081
7.88850333333333	163973.74728775
7.91064333333333	245184.252441406
7.93672666666667	278623.571205139
7.95233666666667	377542.250434875
7.981675	547291.955505371
8.027305	630304.830970764
8.07223166666667	465978.521903992
8.11842666666667	584424.440200806
8.16370333333333	721282.425743103
8.20802333333333	919514.55040741
8.25235833333333	1070560.10945129
8.29738	893804.75769043
8.342575	1527058.92147827
8.38582	1686197.66603088
8.42876833333333	1507767.29150391
8.47261833333333	1679588.11564636
8.514755	2397796.17286682
8.55666	3210435.85700989
8.59936	2152600.49917603
8.64476833333333	2420533.69096375
8.68739166666667	2471219.41748047
8.72998333333333	2773732.83999634
8.77301	3969589.87710571
8.81682333333333	5199777.42489624
8.85894	5998768.04376221
8.90017833333333	4243192.61618042
8.94525166666667	4154835.4442749
8.98749666666667	3844493.31060791
9.030065	3583602.04083252
9.074125	2665107.88362122
9.11824666666667	3558848.77719116
9.16070666666667	3464603.29997253
9.20335166666667	3430209.13957214
9.247075	3626746.09196472
9.29128166666667	3412659.32136536
9.33359166666667	4851481.3934021
9.37521833333333	4185183.91468811
9.41763666666667	3943319.42230225
9.45996333333333	3876340.75772095
9.50376666666667	3011144.10583496
9.54572	3852049.75537109
9.58847833333333	4892771.43032837
9.63149	3770657.01641846
9.67396666666667	5168256.46160889
9.716	4300765.19296265
9.75941333333333	5071980.85202026
9.80246	7303089.2616272
9.84443833333333	8019905.28991699
9.88863666666667	6278973.04177856
9.931405	4595288.60385132
9.97337333333333	5805927.35736084
10.016595	7154239.98413086
10.0596533333333	7104262.26898193
10.1017133333333	7724357.45916748
10.1431266666667	11459394.3947754
10.186215	7856282.38217163
10.2273283333333	9399063.92028809
10.2695166666667	8982557.14587402
10.3117833333333	5934594.06349182
10.3549533333333	6504759.92401123
10.3977566666667	6969146.46072388
10.4391333333333	8504225.01184082
10.4804	9421187.353302
10.522805	6315441.97607422
10.5670233333333	6297676.07208252
10.6100566666667	8170118.41931152
10.6528283333333	7399532.54995728
10.694875	14973364.3883667
10.7357566666667	13431433.065979
10.777175	13590973.7653503
10.822225	8788942.08102417
10.8638166666667	6577224.59394836
10.9063883333333	7832814.64611816
10.9494566666667	9781417.8711853
10.992245	5949241.83688354
11.03532	5650804.84214783
11.07632	9319124.55014038
11.1182416666667	11743531.535553
11.1601116666667	11194138.6220703
11.204385	12446777.3307495
11.2476	12169197.0964355
11.290685	11385950.8635254
11.334005	11212023.6409607
11.376045	16547092.057251
11.41979	17901703.8619995
11.463105	19210854.0504456
11.5045216666667	14057344.0192566
11.5460866666667	22780069.7580566
11.58849	20631092.1378174
11.6325166666667	23869784.647644
11.6740416666667	16528947.5860901
11.7180233333333	9735870.04327393
11.76021	9613027.27008057
11.8022566666667	14265934.9966431
11.84379	9533607.90298462
11.8873833333333	8965062.04452515
11.9299883333333	7446297.09817505
11.9738083333333	8789455.44677734
12.0158533333333	6869445.50772095
12.0566083333333	8987990.71313477
12.0992266666667	11948577.2282104
12.14081	7353637.69866943
12.1838016666667	10533992.7076721
12.22622	10759005.4901123
12.269205	6676820.20861816
12.31413	7319700.89727783
12.3581466666667	9041669.13519287
12.4004966666667	6112710.01490784
12.44376	9307378.67376709
12.48607	10420039.3936157
12.5282866666667	11130422.9434204
12.57027	10875909.4857178
12.6108716666667	14043395.5363159
12.6546116666667	12145714.4277039
12.6983516666667	12335543.5918884
12.7400516666667	9772686.33639526
12.7823	11064107.2073364
12.8252633333333	10295358.9058838
12.869095	12651577.3551941
12.912135	9725664.53234863
12.9553866666667	22532229.208313
12.997255	20366476.5747681
13.0374233333333	14843059.2493896
13.0790683333333	14709070.1569214
13.1228533333333	15171811.4590149
13.1649816666667	22987714.0540161
13.2067183333333	28232803.3707275
13.2447016666667	19923780.7901001
13.2890383333333	27465324.8070679
13.3291433333333	30616330.118042
13.3686466666667	28168161.9190674
13.4096283333333	21746531.482666
13.4516933333333	19642446.308075
13.4940633333333	25153224.883606
13.53724	27127359.2166138
13.5808833333333	18171885.1445923
13.623255	25996531.237915
13.6656933333333	37232365.0114746
13.7064883333333	23536132.013916
13.7482383333333	19612585.3115845
13.7908133333333	32928733.1724854
13.83093	21482465.1907349
13.874155	25295109.973938
13.9161116666667	27445071.5985718
13.95551	19750566.6716309
13.997485	18655683.5372314
14.038015	16026597.9746094
14.0798966666667	23904894.1925659
14.1221616666667	30199241.5870972
14.16506	36457834.3549805
14.2061716666667	31073395.1239014
14.24728	29004669.4488525
14.2865033333333	20345451.62854
14.3298066666667	14604392.8417053
14.3733033333333	27494138.7918701
14.4139	15802894.5033264
14.4558916666667	14190315.4277954
14.4980483333333	13956063.3204041
14.5389316666667	15296205.9354248
14.5821033333333	26722435.2075195
14.621625	18739559.7225647
14.6602083333333	18791055.2072754
14.7023766666667	13262679.9721375
14.742205	12234234.8589783
14.7864566666667	13751690.2239075
14.8290716666667	29935583.116394
14.8710783333333	18125141.1170654
14.91263	26299284.4465942
14.9525916666667	20297484.5149536
14.9936916666667	31138410.1357422
15.0330066666667	39964785.6671143
15.076925	38454537.7911377
15.1181166666667	46632531.9737549
15.1540816666667	30444924.8991699
15.1959416666667	19178690.2609253
15.2365216666667	36264474.7667236
15.2769966666667	35473355.3297729
15.3168366666667	36461924.1505127
15.3567733333333	25704868.4401855
15.3968266666667	26554929.5602417
15.4379783333333	37339303.2335205
15.4799933333333	60614225.4229736
15.5216216666667	34873969.7651978
15.5624483333333	54344195.2381592
15.6036166666667	38070113.0447998
15.648135	49474052.4490967
15.689175	44072327.7906494
15.73511	31614176.6040649
15.7776466666667	25543812.887207
15.82266	21014364.5939331
15.864995	15758310.9196167
15.9095966666667	13205157.1659851
15.9530933333333	12770512.2495117
15.99441	23639020.9584351
16.03186	18289866.1954956
16.0735333333333	14501359.9587402
16.11505	22055389.7340088
16.1536216666667	20685352.0684204
16.19231	35235245.758667
16.2329	29805164.8336182
16.2768783333333	40011944.7004395
16.319055	24634096.4973145
16.3599283333333	21804829.843689
16.4023383333333	13121160.9520264
16.4448666666667	14585737.4530029
16.4867266666667	10332678.1707458
16.5308666666667	13269623.9064331
16.5741883333333	17972013.828064
16.613965	11409616.4195557
16.65913	15031883.0552673
16.70166	22101281.3057861
16.7414633333333	15652176.7006531
16.7837883333333	18694602.0516968
16.8248383333333	24528886.6920166
16.868435	15705829.5293884
16.9105683333333	17657730.2471008
16.9560416666667	23523075.9110718
16.9981433333333	21511336.3329468
17.0412816666667	18977252.864624
17.0773733333333	22278153.5403442
17.122555	25877925.2352905
17.1592716666667	26190016.9855957
17.20178	26298990.7988281
17.2430716666667	40203206.5297852
17.2829166666667	74155019.3843994
17.3216683333333	72382867.0656738
17.361445	71140267.2712402
17.4038333333333	73679731.9599609
17.4443216666667	60138291.142334
17.48716	52178640.2006836
17.5303316666667	87854623.9523926
17.5690033333333	62225142.9870605
17.6120583333333	49215414.2426758
17.654645	55614322.0407715
17.6967433333333	27434358.2689209
17.7407383333333	27896815.4526367
17.7842233333333	23212319.4000244
17.8230183333333	20301220.546875
17.8623316666667	22941514.8284912
17.9027333333333	25660111.5679932
17.9419716666667	24105205.7336426
17.98275	31975825.1798706
18.0223283333333	22112665.0490723
18.0622383333333	17551833.7574463
18.1060266666667	19627559.2833862
18.1467316666667	13445068.0256042
18.1882083333333	24435962.8317871
18.2285033333333	16869582.403595
18.2723133333333	19956604.7730103
18.312815	16507323.117981
18.355095	15322212.4036865
18.3968516666667	21363337.7828979
18.4412716666667	17505424.181366
18.481345	13586026.584259
18.523145	13106502.1768494
18.567155	18157439.0869446
18.60805	14533449.3058472
18.6494	17827313.6516113
18.693045	28459438.1912842
18.7356833333333	21513895.086731
18.7747366666667	18526553.1237488
18.8170316666667	25506087.7752075
18.8558366666667	18404014.3138733
18.89615	20420034.9824219
18.9364566666667	25824775.0487671
18.975095	25928448.2527466
19.0191633333333	18176758.0162964
19.0596483333333	22013510.7033081
19.102855	20730042.0055542
19.1430183333333	18668197.4005737
19.1850633333333	24075895.3179321
19.2291166666667	21730940.2843628
19.2726783333333	20637087.630249
19.3148816666667	27352357.5627441
19.35421	27368043.0281372
19.396285	27520071.6113281
19.43763	33912188.6900635
19.478395	44100672.3289795
19.5191033333333	54807464.751709
19.55998	57595235.1765137
19.6015016666667	45128764.8415527
19.643575	43536556.2932129
19.685935	47717680.5603027
19.7244283333333	37328623.6594238
19.7695916666667	30162255.208252
19.8125616666667	30553210.0838623
19.8563083333333	28447368.9376221
19.9001966666667	36249207.96875
19.9431566666667	28286792.6831665
19.9840416666667	25923225.2389526
20.0249316666667	24347115.2619629
20.0680133333333	21876598.2576294
20.1111666666667	28615046.4331665
20.1517883333333	22242416.4282227
20.1930333333333	22578870.7527466
20.23509	20150899.5608521
20.2770766666667	21204809.2305298
20.31996	24829852.2866821
20.3619116666667	30143333.6462402
20.39852	18940707.2876282
20.443155	35613559.9832764
20.481725	21851361.2730103
20.5228466666667	29194406.8118286
20.5662466666667	31234373.3182373
20.6053566666667	40158176.4710693
20.6445083333333	49260395.0654297
20.6872866666667	37863352.6595459
20.7290083333333	34497048.9365234
20.76886	36604462.4034424
20.8110516666667	30604863.0950928
20.8520333333333	28445785.3718262
20.89513	38925005.2868652
20.9369633333333	23211528.6119385
20.9786966666667	19246373.1287842
21.02023	21410073.8790894
21.0612033333333	23824141.7932739
21.10201	28492818.3290405
21.1420733333333	24097157.0408936
21.1838066666667	31755210.0336914
21.222985	40700022.2188721
21.2613733333333	39763489.6813965
21.3005616666667	34839171.8226318
21.3381416666667	25439898.6877441
21.3772233333333	19040695.2614136
21.420005	25096896.6696777
21.4614383333333	16056256.7145691
21.5048	17935100.8325195
21.54805	17113886.5649719
21.5885566666667	24125436.8635254
21.628685	29216478.4800415
21.6693716666667	54079008.0540771
21.7106916666667	32538910.7946167
21.752575	43817981.0836182
21.7962183333333	41910125.8187256
21.84125	45351958.2258301
21.88613	34609462.4180908
21.9291083333333	34229963.5211792
21.9703983333333	29671548.7492065
22.0119766666667	36287195.5081787
22.05247	34751379.7407837
22.0932083333333	28579449.572876
22.1312233333333	39918874.9625244
22.1721383333333	27661142.192749
22.2139533333333	34784145.6729736
22.2537766666667	23135472.1055908
22.29352	42434081.2772217
22.3358083333333	31301841.9953613
22.3793666666667	48724794.7490234
22.417275	33472732.4234619
22.459675	40095246.3654785
22.5013383333333	33625131.4898682
22.54283	44271641.5981445
22.5842133333333	27252358.4386597
22.6270716666667	24866553.4869995
22.6708883333333	25918063.0866699
22.710175	26390710.6661987
22.7494733333333	16302458.5317688
22.7942716666667	15174726.344635
22.8343283333333	21210655.1016235
22.8756266666667	14307415.2835083
22.9210366666667	14318990.6261597
22.9643566666667	17323804.4527588
23.00714	20149954.5803223
23.0477916666667	25758649.1203003
23.08809	17222891.7692261
23.1317216666667	21092294.1512451
23.1736533333333	20745025.62323
23.2171583333333	23340698.9840698
23.2593666666667	24070165.6245728
23.29605	24118301.9492798
23.33942	35008644.7969971
23.3794566666667	24057868.7730103
23.4208866666667	24727404.7040405
23.4628966666667	22964753.3764648
23.50254	16584262.6555176
23.545945	18890720.8007813
23.58828	24579810.0419922
23.626875	35142159.7711182
23.6657766666667	21084828.3062744
23.70819	24039472.4002686
23.7479683333333	23550126.2512207
23.7903516666667	19226572.8878174
23.8328966666667	22876199.1400146
23.8730066666667	19813811.7609253
23.91309	24708097.1914063
23.9538933333333	31997428.5507813
23.9935766666667	35072790.7347412
24.0346816666667	42614059.487793
24.07641	52155002.5070801
24.11726	35457192.0198975
24.158155	48215953.9488525
24.19932	33733619.6395264
24.241	43856363.8737793
24.2847466666667	30302205.8260498
24.32358	26972693.3175659
24.3645483333333	29907211.1466064
24.4052966666667	19820150.7276611
24.4472433333333	23839276.338562
24.48666	28282224.5281982
24.523825	19018153.7104492
24.5670416666667	20610979.2675781
24.6114516666667	33915577.6988525
24.651405	33911315.661499
24.6934633333333	42190281.7043457
24.733165	49095044.677002
24.7743483333333	42856119.9411621
24.8144733333333	49605516.6239014
24.8510816666667	54602667.427002
24.89158	57965759.6235352
24.93311	41423052.7416992
24.9762066666667	40826324.8410645
25.01987	40391527.9179688
25.0620683333333	46528747.1374512
25.10091	49264640.6739502
25.1434116666667	31243364.0772705
25.1858583333333	31689550.8287354
25.2279516666667	36733323.6842041
25.2663233333333	30958800.3943481
25.30921	27897923.5936279
25.3497133333333	26080903.7111816
25.3928116666667	15243154.2843933
25.4338066666667	20862655.6705322
25.4765866666667	23407948.4910278
25.5147916666667	21779895.399292
25.55574	23184307.1165161
25.5946633333333	34658351.1029053
25.6352483333333	27835158.7788086
25.6739033333333	34679656.8695068
25.7156583333333	27888199.6121826
25.7573416666667	36744243.8797607
25.7978033333333	32863782.1907959
25.839125	41428885.6174316
25.881735	32296916.3015137
25.9228333333333	33009131.4638672
25.9643866666667	28264061.7647705
26.00628	40018530.362915
26.045275	31604313.7007446
26.0860033333333	34700227.7624512
26.1285833333333	38361991.279541
26.169725	40206650.9818115
26.212265	41749377.9619141
26.2537533333333	53578986.1112061
26.2970916666667	32806839.9647217
26.3373766666667	33584282.9379883
26.381165	40623968.3312988
26.4248666666667	30201484.7268066
26.4656	38675056.3105469
26.5048616666667	46797005.9743652
26.5408666666667	34322663.2908936
26.5825716666667	24661880.6849976
26.6232416666667	24361021.3387451
26.666955	23649607.0319214
26.7079483333333	23869683.8790283
26.7500766666667	47794941.1977539
26.7875183333333	42090407.8400879
26.8263716666667	37994536.5145264
26.8687583333333	33366489.5770264
26.911215	33688935.7115479
26.9495066666667	38724788.6921387
26.9912833333333	30440066.5152588
27.032595	23338831.2192383
27.0740566666667	26900990.6132202
27.114645	26876798.3349609
27.1573616666667	28506365.0674438
27.1992283333333	27876498.7737427
27.2376666666667	32324303.5879517
27.2785616666667	36040718.1796875
27.3171283333333	26091314.6752319
27.35719	22589011.4817505
27.397725	27456648.3544922
27.4374016666667	24737915.8237305
27.480145	24691591.2652588
27.5216116666667	25862505.3563843
27.562395	34204420.9354858
27.6024566666667	59264689.0130615
27.6427016666667	55633786.9976807
27.6809966666667	66350435.3640137
27.72031	53112141.0631104
27.7607766666667	47238633.0001221
27.8045733333333	50436093.7923584
27.8471633333333	45413133.4143066
27.889665	35003910.4869385
27.9300233333333	29575662.7675781
27.9704633333333	39056364.3837891
28.0111133333333	36839184.5117188
28.0519816666667	41266141.3641357
28.0902383333333	41617800.2854004
28.12675	36728833.8118896
28.1651583333333	49903121.2216797
28.201035	36893301.9313965
28.2438533333333	29981818.9979248
28.27968	32389686.1247559
28.32062	43428329.5823975
28.3562783333333	33527879.6436768
28.3960016666667	31109164.7695313
28.4383866666667	21002486.3728027
28.4803316666667	21521899.62854
28.5207933333333	16880691.250061
28.5601466666667	25461965.4204712
28.602105	33210979.3594971
28.6416983333333	30662290.4765015
28.6810766666667	24182914.5279541
28.723905	31609114.8985596
28.76298	31526490.8867188
28.8015916666667	43019271.9202881
28.8409983333333	34769240.380249
28.8830983333333	50754523.7869873
28.9232733333333	49235448.2443848
28.9609533333333	54390395.0617676
28.9983516666667	68439650.5683594
29.035655	69908857.5026855
29.07547	80552113.7958984
29.1147533333333	85612335.956543
29.1538	125916713.050781
29.1898716666667	88868400.7563477
29.22737	94690974.6015625
29.266	86835033.4804688
29.3014233333333	88786825.8789063
29.3432616666667	95861755.2526855
29.379655	84734318.4228516
29.4221633333333	137115755.986328
29.4590916666667	77815827.9997559
29.5038566666667	74091419.4702148
29.5455433333333	45065395.2841797
29.5876416666667	66558579.1118164
29.6296933333333	54325143.791748
29.67097	47493093.2424316
29.7122366666667	33290513.6407471
29.7548083333333	32954730.9749756
29.7970266666667	34970920.9764404
29.8346266666667	43111330.897583
29.8749983333333	78565923.4584961
29.9116866666667	44677062.8157959
29.949705	43582960.2108154
29.9876066666667	58394925.078125
30.027175	68277454.3078613
30.0651933333333	60356642.0512695
30.1026416666667	42878019.2493896
30.1425783333333	40663244.6876221
30.1851916666667	64285313.6608887
30.220875	54442517.6520996
30.2622733333333	51091195.7741699
30.3023333333333	56306845.0163574
30.3420933333333	46635655.9219971
30.38192	35663906.2655029
30.4202133333333	46444740.5634766
30.46068	70839942.5134277
30.4974533333333	81627321.7329102
30.5302766666667	38537653.0302734
30.5703566666667	34425721.2036133
30.6106183333333	40647924.5544434
30.6500816666667	31380691.805542
30.6891316666667	36516994.0742188
30.7272966666667	51813261.5021973
30.7605733333333	71700480.857666
30.7938833333333	63491560.2485352
30.83306	99557596.8813477
30.8674866666667	90921166.1003418
30.9017833333333	111799888.701172
30.9347083333333	116451612.374023
30.967355	108277575.597168
31.002325	121148034.718262
31.0401333333333	128818233.850098
31.0766383333333	94184512.9511719
31.11479	88443384.4643555
31.152255	105757349.985352
31.1900333333333	77612903.1550293
31.23051	84438927.7119141
31.2643366666667	65798907.0197754
31.30418	78765881.6289063
31.3433866666667	71368340.6650391
31.383035	73413555.6967773
31.421215	66186097.2172852
31.4632716666667	56411162.6584473
31.5057666666667	80252747.720459
31.5418183333333	72391120.0061035
31.58188	47787068.3096924
31.623425	63321687.6071777
31.6658916666667	81819611.451416
31.7062933333333	53734035.479248
31.7459533333333	50930356.3236084
31.7883283333333	61668154.5812988
31.823995	52880681.8046875
31.86247	71396636.2978516
31.8994733333333	81824103.862793
31.9362666666667	67372264.4177246
31.9784583333333	56935103.411499
32.0131916666667	42947690.8543701
32.0514983333333	41039672.0112305
32.093385	76567178.4560547
32.1300766666667	50549634.4041748
32.1686	83496061.1748047
32.2049333333333	73167729.2331543
32.2414966666667	84911486.2429199
32.2767316666667	83576350.5415039
32.3172416666667	88219831.5842285
32.3556283333333	98956241.2282715
32.3951066666667	170883340.10376
32.4272283333333	113147220.890625
32.4656133333333	102428682.624023
32.5026133333333	113106246.932129
32.5414966666667	64739972.5932617
32.5817916666667	59967305.4599609
32.6234233333333	91084228.637207
32.658385	80403320.1020508
32.6927616666667	71859614.1259766
32.7301533333333	68101458.6704102
32.7659366666667	76283153.3024902
32.80011	119413067.540527
32.8342433333333	105055124.193604
32.8701633333333	100100328.196289
32.9068083333333	71056516.3544922
32.9412966666667	84549754.9291992
32.9796583333333	80628160.7849121
33.0208616666667	98680548.5776367
33.055575	70061462.8713379
33.09327	97316346.6364746
33.1294016666667	102932907.184326
33.1649166666667	97325218.1870117
33.2023633333333	64304975.4074707
33.2413616666667	77049938.9411621
33.280905	67864264.1176758
33.3172733333333	74201677.5214844
33.3552716666667	52470189.0300293
33.3936383333333	51343832.4862061
33.427205	59520709.9876709
33.4613766666667	48856610.8378906
33.5001466666667	68840578.6604004
33.5377083333333	86106454.4350586
33.5750116666667	50181072.5893555
33.6141783333333	76136925.4238281
33.6500683333333	68343975.5268555
33.68728	63046283.7578125
33.7260816666667	62363889.59375
33.76491	55616650.7868652
33.8036666666667	47626536.5687256
33.8435816666667	85005017.8535156
33.8784716666667	96602461.0969238
33.9145533333333	92734512.9130859
33.9497033333333	70131896.6176758
33.9912316666667	65497371.4072266
34.0315366666667	68482052.0285645
34.07201	63624503.659668
34.111625	74856315.217041
34.1503616666667	91565025.2316895
34.1858583333333	92243105.3684082
34.2244066666667	78117591.1325684
34.2618866666667	74023879.7158203
34.29986	65566277.0922852
34.33995	43695462.9178467
34.3818783333333	58368309.2241211
34.4173983333333	68584082.7180176
34.4580983333333	54510465.4528809
34.49794	67377951.2727051
34.5324583333333	73968678.232666
34.5702316666667	53812642.1069336
34.6105983333333	73786239.4770508
34.6469883333333	58414129.2001953
34.68578	53513416.3730469
34.7230716666667	57018613.6525879
34.760045	62695916.5117188
34.79645	92602854.0512695
34.8323383333333	75252112.7919922
34.8732	71026647.3974609
34.9115716666667	76319843.623291
34.9510383333333	83755399.9069824
34.9856233333333	43614155.840332
35.02746	54767737.8468018
35.0680316666667	64755690.4277344
35.10578	58344800.3562012
35.1432566666667	69164390.0246582
35.17995	71801405.8674316
35.2192966666667	71313210.574707
35.25693	63374534.032959
35.2941766666667	62527186.904541
35.3297933333333	53153467.4863281
35.367575	60312360.6379395
35.40428	79428309.8969727
35.43585	93601713.1882324
35.4713033333333	77298545.6428223
35.5077466666667	99607019.5534668
35.54268	83491721.0251465
35.578615	73193660.8227539
35.6174016666667	135468070.481934
35.65331	166550216.924316
35.6905383333333	85861884.9248047
35.7283216666667	99443697.0917969
35.7656183333333	114070143.512207
35.7995616666667	110288822.404297
35.8399066666667	91547482.1108398
35.8766666666667	124138126.645996
35.9129733333333	82638597.5593262
35.9509333333333	82064384.9377441
35.989615	66749211.3125
36.0245166666667	49607334.5144043
36.0631233333333	60108177.012085
36.1004083333333	60648795.2224121
36.13794	48185463.8010254
36.1791116666667	75782891.8347168
36.2174833333333	56577899.6640625
36.2590133333333	45950814.7564697
36.2996683333333	76292338.4987793
36.331795	51898778.6542969
36.3697733333333	58600090.1428223
36.4081116666667	40941206.9580078
36.45064	65141470.6546631
36.4854333333333	73551114.8195801
36.5212333333333	86214799.1743164
36.5539116666667	96249283.0473633
36.59056	98921994.9082031
36.6232783333333	107727879.320801
36.659665	102426391.455078
36.69471	101760477.88623
36.732635	90475838.4211426
36.7693683333333	106006152.620361
36.803655	71244381.8200684
36.8392966666667	79766898.2397461
36.8746383333333	63194187.5927734
36.9130066666667	50808415.6772461
36.9520316666667	58576126.2775879
36.99227	42180546.6695557
37.0317033333333	35821841.5733643
37.0736266666667	48137069.8266602
37.1172816666667	37765932.229248
37.1579916666667	73962144.7175293
37.1921516666667	42501243.484375
37.23134	48382645.7995605
37.271455	58755266.3840332
37.3118016666667	73824633.9116211
37.3454466666667	57540984.7580566
37.38163	67937592.7080078
37.416875	63034596.4411621
37.4534116666667	94728080.0524902
37.4883716666667	76734483.5249023
37.52708	75145899.7978516
37.564855	111492070.195313
37.5994316666667	111589179.094971
37.6377016666667	81242762.1049805
37.6789966666667	72144793.2434082
37.71855	70730987.9978027
37.7555983333333	54768782.1381836
37.7934266666667	67789342.3110352
37.8305616666667	59565980.8183594
37.867015	60312021.1071777
37.902885	53018950.3920898
37.9411333333333	48766069.1481934
37.9806266666667	51210409.4555664
38.017645	56787357.1619873
38.0497016666667	87703568.1740723
38.0845516666667	82455475.8061523
38.1222416666667	60411469.3579102
38.1621966666667	71148725.1772461
38.2007916666667	94911427.6611328
38.23908	67797657.8483887
38.277155	58876539.7351074
38.3181183333333	64911949.8220215
38.358255	50168008.2811279
38.39969	52815595.4898682
38.4413833333333	64975248.142334
38.4824683333333	52314344.1225586
38.5245383333333	44920542.536499
38.566985	46968623.2823486
38.60998	57742210.0793457
38.6447366666667	60310519.3361816
38.6812333333333	53030023.0258789
38.72188	67632199.2224121
38.759885	72578394.7080078
38.79732	78071337.4943848
38.833385	88037607.3041992
38.8673366666667	59847642.734375
38.904725	72342399.4833984
38.9395033333333	104911678.802979
38.9745316666667	86514200.0070801
39.008925	75206811.0114746
39.0496083333333	80523659.345459
39.085155	77389294.9689941
39.1227366666667	80257041.159668
39.1572616666667	64698118.9987793
39.2005616666667	68587605.7773438
39.2388283333333	72849040.6479492
39.27566	57442365.0825195
39.315655	48323876.5620117
39.3558633333333	52429071.8311768
39.3953533333333	57472723.5681152
39.43415	48742286.6611328
39.4706516666667	61591456.1535645
39.5099866666667	56363687.0314941
39.5449583333333	55334803.6745605
39.5815566666667	59742655.2470703
39.6184433333333	64198487.3730469
39.653575	73865097.6435547
39.6881816666667	59246940.3815918
39.72639	75127027.6308594
39.765055	60847488.713623
39.8040316666667	86805907.963623
39.835955	51250531.0991211
39.87735	55042442.6303711
39.9118633333333	66873787.5053711
39.9476933333333	54542806.4838867
39.9872483333333	57889928.2866211
40.0258183333333	52167639.8569336
40.0650783333333	82933617.9257813
40.101815	54230871.3540039
40.140045	44841436.6409912
40.1804433333333	43667878.8436279
40.2218033333333	62048989.939209
40.259895	57700278.3764648
40.2978116666667	50242440.9384766
40.3385633333333	57138551.1311035
40.3755983333333	64876909.1196289
40.4137966666667	63475310.8967285
40.4495783333333	50430367.5976563
40.48703	59783030.5690918
40.5237766666667	54406075.7104492
40.55898	50870000.4899902
40.5944166666667	49780656.8966064
40.631175	53055432.6524658
40.670285	73096715.545166
40.7069583333333	69329653.8630371
40.7429133333333	79090272.8623047
40.7787916666667	56388859.4289551
40.81895	71655626.5522461
40.8564366666667	63269293.4355469
40.8935733333333	64481839.7766113
40.93189	95215025.7446289
40.9655333333333	85306037.9541016
41.00335	71643969.4931641
41.0421333333333	65540380.5092773
41.08149	97475557.1381836
41.1154116666667	117454905.148926
41.1495966666667	116020641.496582
41.1862833333333	98759851.1494141
41.22136	102401109.616699
41.2568933333333	74700398.713623
41.29665	115714683.334473
41.3319883333333	69096577.1303711
41.37342	70045366.6118164
41.4161983333333	64817605.9345703
41.457375	54854588.4989014
41.49624	61852696.9604492
41.534655	80822416.4433594
41.5714816666667	59351517.5058594
41.6113483333333	64507966.3879395
41.648915	62221598.2197266
41.6884033333333	52275662.935791
41.7279533333333	54149975.7443848
41.7672866666667	72894247.7329102
41.802425	63140568.2253418
41.8441783333333	85735906.484375
41.8788916666667	87496066.3012695
41.9163166666667	83139350.8466797
41.9527583333333	85596344.043457
41.98868	61335250.5319824
42.02503	60835990.081543
42.062955	55993991.2727051
42.100575	56954038.7692871
42.1352283333333	52390801.0866699
42.1728616666667	54185763.0305176
42.2088983333333	35443791.4387207
42.2510616666667	41915310.2366943
42.287085	51058089.4208984
42.3242866666667	66864152.1101074
42.35904	57524912.262207
42.3943616666667	58266864.2695313
42.4305733333333	73913606.6235352
42.4628166666667	72408728.6955566
42.500285	59233045.0275879
42.53874	64692659.6196289
42.5763966666667	85485579.901123
42.61071	73478940.8666992
42.648975	102816542.522461
42.6824583333333	111144903.436035
42.7173783333333	90479253.2670898
42.7539483333333	73547440.5153809
42.79278	88432121.3654785
42.8288516666667	99783183.2321777
42.86428	139295162.008301
42.8970166666667	131097996.452148
42.932445	123876510.279785
42.9654	129857824.378906
43.0004383333333	122896452.254883
43.033935	98508646.3759766
43.07037	95434495.1157227
43.10417	84831168.480957
43.1439116666667	106283366.249512
43.1775116666667	81101606.5944824
43.2139233333333	71677493.7209473
43.252645	81320604.4692383
43.291035	79589405.7380371
43.328025	62970650.3393555
43.3680666666667	86928449.7617188
43.4006983333333	58030728.628418
43.4351866666667	64716056.1872559
43.4722833333333	44061245.1896973
43.5080966666667	55950009.8962402
43.54867	62240463.0200195
43.5854083333333	66909336.1193848
43.6213983333333	59067306.9750977
43.6592183333333	64095588.1237793
43.699995	105177792.394531
43.7338366666667	108671535.237305
43.7703833333333	80511275.5737305
43.8042866666667	92926301.7497559
43.840535	65973665.9223633
43.8773333333333	72379873.2084961
43.9119366666667	56589330.4814453
43.951455	45374525.592041
43.9911583333333	79154512.7692871
44.0277333333333	105600787.291504
44.0633566666667	124666420.923828
44.0983166666667	67009364.8430176
44.1367966666667	50339957.0344238
44.1754366666667	75074362.0698242
44.2120366666667	58030142.8293457
44.2522116666667	57324692.0942383
44.2896466666667	56028145.2006836
44.3277833333333	94828422.0820313
44.3623216666667	118258464.436035
44.3972516666667	118741425.075195
44.4342883333333	80964831.5839844
44.4711166666667	89987639.0947266
44.50799	82817334.3347168
44.54512	57006969.5593262
44.5866983333333	79183031.3232422
44.6210966666667	97623353.6999512
44.65448	88334955.4528809
44.69316	105955018.49707
44.72941	89905590.5693359
44.766655	74979580.3095703
44.8029716666667	69209628.7646484
44.842035	64258318.7453613
44.8796516666667	55658411.5432129
44.9197233333333	56703068.2365723
44.957685	47437096.8950195
44.9936533333333	110220726.766846
45.0263683333333	89370326.0712891
45.060755	74495534.2214355
45.1009783333333	67582146.6872559
45.1341683333333	65582708.0002441
45.1701566666667	70574455.3825684
45.207295	98873572.3278809
45.2437116666667	119441665.133789
45.2767083333333	114051439.45459
45.31068	103144274.032227
45.3466083333333	148540697.05127
45.3814683333333	115693628.799316
45.416265	73574075.5234375
45.455785	117887975.089355
45.4899883333333	91682311.0046387
45.5274566666667	121356935.476563
45.5649333333333	147836093.310059
45.60006	121589334.107422
45.6359833333333	129473089.098145
45.6708333333333	123618835.209961
45.7062533333333	128393314.158691
45.7402716666667	175884937.875
45.7732116666667	107997778.158203
45.81129	114490015.319336
45.8484716666667	112670002.246094
45.8843683333333	103497442.853516
45.921385	85228872.1713867
45.9586816666667	87525678.6223145
45.9940216666667	53422149.3393555
46.033585	55289377.5256348
46.0703416666667	61077657.6623535
46.108265	89714859.8601074
46.144785	67772760.8151855
46.1815766666667	68003969.5153809
46.2204433333333	102391970.124512
46.2548783333333	94806386.0625
46.288885	95705087.1201172
46.3214216666667	84874912.4411621
46.3551433333333	72634120.8703613
46.3898116666667	96675997.8620605
46.4229483333333	78965596.1928711
46.4622316666667	90436672.5512695
46.4999583333333	89268135.0761719
46.535975	151131762.360352
46.567345	121558031.42627
46.6007766666667	99539645.9658203
46.6371983333333	71047033.9648438
46.6748516666667	66458134.1442871
46.7145533333333	83595211.3349609
46.750455	92593922.925293
46.7864266666667	83961027.6584473
46.8239566666667	71461623.8325195
46.8646383333333	66770726.1235352
46.9038516666667	67836841.1760254
46.9462166666667	59311540.0559082
46.9863683333333	59545778.263916
47.02315	67841963.6884766
47.059545	85957898.199707
47.0968366666667	80192131.2895508
47.1340366666667	62710453.439209
47.1737616666667	111414947.106934
47.2087683333333	99253623.2607422
47.24563	124618595.946777
47.2789183333333	91397123.1855469
47.3145416666667	106188411.278809
47.351145	106920712.618652
47.38463	130041658.935547
47.4168566666667	97047461.2407227
47.4501416666667	91348171.1386719
47.4857666666667	68833864.1464844
47.5228666666667	84438744.347168
47.5565233333333	115571521.844238
47.5890916666667	79588278.6240234
47.6247716666667	82633256.4853516
47.6589816666667	126768325.140625
47.69459	175941065.005371
47.7284266666667	138921924.348633
47.7617033333333	173613800.840332
47.7963933333333	136984234.171875
47.832375	176812241.396973
47.8672333333333	162209392.453613
47.9061133333333	78637836.8945313
47.9463933333333	112007676.185059
47.9820533333333	89034821.317627
48.0227183333333	100689879.259277
48.057995	61934277.2438965
48.0992366666667	61492016.5849609
48.1365633333333	68126715.861084
48.1748866666667	57586175.6623535
48.2147166666667	52035028.7783203
48.2543183333333	80981520.8417969
48.2916966666667	65177920.5725098
48.3289466666667	63789603.9831543
48.3675933333333	63999143.9311523
48.4076216666667	61524109.8903809
48.4483	56150104.380127
48.48832	78070957.6445313
48.5253283333333	80367392.2590332
48.5616483333333	89784872.7875977
48.5963883333333	92870605.6137695
48.63091	105437890.266113
48.6673333333333	82951874.1748047
48.7055283333333	90477205.7250977
48.74113	105289272.269043
48.7757066666667	120356042.579102
48.8094066666667	75926088.9067383
48.8499783333333	89280071.8112793
48.890685	86793131.973877
48.9297166666667	65202683.0810547
48.9692583333333	52245224.6374512
49.0079716666667	55128590.4443359
49.0471466666667	48538560.163208
49.0855616666667	69967339.3337402
49.12342	63789663.8339844
49.1622733333333	70388917.1560059
49.1983783333333	78265164.1062012
49.2332016666667	71843092.6818848
49.27013	77282049.9594727
49.3068933333333	81676141.0046387
49.34555	68503992.9997559
49.3839716666667	82561705.1853027
49.4243183333333	77898437.0371094
49.46257	82896180.2006836
49.5016483333333	120743797.882324
49.53682	109181383.229248
49.5759633333333	105248028.873779
49.6130716666667	129464840.334961
49.6464383333333	118285855.535156
49.68263	125478925.129883
49.7178816666667	119244319.666016
49.7531116666667	128903930.295654
49.7871	157498350.73291
49.8195316666667	171178458.791504
49.85247	130192346.95752
49.8884933333333	166598299.103516
49.9223866666667	161604168.160645
49.9591266666667	135651794.488281
49.994375	134092281.581543
50.0309	137350228.539551
50.067905	153950873.557617
50.10322	121674381.845703
50.144545	130321065.347168
50.1814366666667	110969757.462402
50.22004	101951278.57373
50.2598616666667	96031788.0664063
50.2985766666667	87577167.3295898
50.33917	111934666.520996
50.3736033333333	92279043.6035156
50.41187	70701155.7995605
50.4484066666667	83291136.2880859
50.4818283333333	88730449.7087402
50.51716	91962040.8415527
50.5529183333333	87398214.3771973
50.5903833333333	111279880.707764
50.6246616666667	68199510.2521973
50.6631466666667	76727733.9057617
50.6997066666667	83299479.6674805
50.7372933333333	69228865.916748
50.778035	56569203.5327148
50.81938	79085647.0690918
50.8573216666667	79307397.8803711
50.8950583333333	69734301.0048828
50.9303066666667	100190010.096191
50.9675233333333	88281998.3547363
51.00448	108122706.57666
51.0421616666667	113638740.21875
51.0771716666667	82463296.2634277
51.1145616666667	80871307.9414063
51.1510433333333	79745709.4030762
51.1878616666667	77821845.3637695
51.2243666666667	63674523.2387695
51.26397	88237849.6291504
51.305185	66213752.1186523
51.3455883333333	70225589.0280762
51.3875083333333	58757676.480957
51.425835	71010383.6821289
51.4634933333333	66344117.1359863
51.5013683333333	65724958.5961914
51.5410016666667	75262553.7980957
51.58105	67558204.1096191
51.61996	70306598.590332
51.6581	78291194.5012207
51.6939733333333	86919777.2512207
51.73011	92290457.6367188
51.7699166666667	76940692.1208496
51.8069483333333	69744742.1091309
51.8500083333333	69572195.9694824
51.8880166666667	66097177.3937988
51.9227833333333	67665571.2128906
51.9570266666667	92724371.1921387
51.9919983333333	89784310.7941895
52.027985	102057496.202881
52.065545	83248776.6367188
52.1029316666667	87157698.1796875
52.1396266666667	115137307.378174
52.17386	77954882.4538574
52.213985	87640336.6088867
52.25205	59773473.6298828
52.2928116666667	57462085.1733398
52.334515	56095729.3620605
52.3729933333333	57738622.2844238
52.4140016666667	67138466.6018066
52.45403	60854120.9897461
52.4908316666667	61008859.1640625
52.5310833333333	112216257.799316
52.5635433333333	60665607.0983887
52.602555	69140941.2351074
52.6389816666667	69360126.1958008
52.6782633333333	77632925.4978027
52.7141916666667	70883877.7751465
52.7523683333333	74809426.3251953
52.7875666666667	69175379.5922852
52.8295133333333	67639139.5605469
52.86746	81142046.7241211
52.9030333333333	102301243.911865
52.9368816666667	83290742.4433594
52.9732683333333	94030646.4116211
53.009545	90892914.1652832
53.0479816666667	119769334.254395
53.081865	106896686.270996
53.1170433333333	105106715.359131
53.1539533333333	94932531.8618164
53.1932483333333	106968378.612305
53.22862	69327099.6669922
53.2677183333333	72693533.3134766
53.30773	45892585.1019287
53.3524933333333	63831608.7487793
53.3916833333333	50529428.3530273
53.433435	66670143.623291
53.4705683333333	88256450.8017578
53.5052483333333	79523935.6906738
53.5403283333333	61459051.3461914
53.5792433333333	64919374.560791
53.6172933333333	70125448.6850586
53.6547683333333	98069199.6816406
53.6897216666667	57210392.4418945
53.7316566666667	44375085.6523438
53.7739633333333	67337979.2775879
53.8110466666667	50146332.2580566
53.852595	86542681.6772461
53.8879816666667	68738827.6557617
53.9269183333333	61243464.579834
53.9676133333333	60443292.5537109
54.0107366666667	171246152.19873
54.041495	90349406.3640137
54.0782483333333	94839002.8122559
54.1153433333333	76405227.9265137
54.151575	82164397.0507813
54.1917833333333	103411903.681641
54.2285533333333	129077694.677734
54.2620033333333	106208208.710205
54.29859	123886499.333496
54.3326433333333	89470907.0524902
54.37108	100825351.066162
54.4097316666667	59681128.199707
54.4520066666667	73514689.348877
54.4893783333333	70394443.1977539
54.52756	96464451.296875
54.5632233333333	75541270.0671387
54.60173	77018426.8256836
54.6389716666667	102217181.329102
54.6727	94496058.2976074
54.7071016666667	85066077.9675293
54.74369	84275987.2028809
54.777395	63284051.2045898
54.818805	65153459.8945313
54.8565933333333	70632651.435791
54.8936033333333	56827859.3664551
54.9320433333333	55272283.9106445
54.9720666666667	89493451.8811035
55.00751	150302078.021484
55.0408	110676172.659668
55.0734733333333	154260765.867676
55.1057	195126434.977051
55.1383916666667	106911939.973633
55.1761316666667	93927788.7966309
55.21637	97001552.2609863
55.2511866666667	141839440.188477
55.2845783333333	92799376.3894043
55.3218783333333	87764238.6911621
55.3600083333333	107966533.445557
55.3949883333333	92446359.3083496
55.4313066666667	123147906.157715
55.4651483333333	116280109.363281
55.501745	104515701.140137
55.5370466666667	166014548.567871
55.5710266666667	153077591.647949
55.6072	83548303.8061523
55.6474416666667	93973232.1784668
55.683975	93379175.4316406
55.7210633333333	108690452.004883
55.7542516666667	86115446.1520996
55.7914933333333	95111282.4916992
55.8264083333333	103908664.548584
55.8617466666667	69923463.0107422
55.9005733333333	52472936.1699219
55.9437583333333	99695752.6018066
55.97918	100045361.921875
56.0133483333333	62356614.595459
56.052375	68737100.1228027
56.0877	71510791.0683594
56.126485	89758852.7004395
56.1622766666667	92144879.1425781
56.1984166666667	92237929.3918457
56.2351483333333	167521086.407715
56.2673566666667	97476934.0957031
56.3047166666667	89052202.8864746
56.3410183333333	92691079.4782715
56.379325	79050480.5617676
56.4190733333333	96337930.1853027
56.4537766666667	159135025.431152
56.4855483333333	140911829.467773
56.518925	66153034.6174316
56.5556983333333	60216766.1604004
56.5952766666667	61976122.857666
56.63451	95775813.7780762
56.6696566666667	95892019.6137695
56.7061983333333	91185459.5859375
56.7454916666667	110619373.169189
56.7785716666667	105576377.752686
56.8139033333333	133623424.912598
56.84833	164454777.885254
56.881615	117420484.77002
56.9194616666667	91245494.4343262
56.9554	84528444.9069824
56.9952866666667	80287968.6464844
57.0359816666667	89022504.6032715
57.0714116666667	79506356.6818848
57.1072383333333	81235221.0646973
57.1424733333333	112617645.084473
57.176245	65959276.1918945
57.215395	94112106.090332
57.2498	104253070.102539
57.2841233333333	96773211.1931152
57.3187966666667	72599305.2497559
57.3574	69093050.2944336
57.39236	77674468.3259277
57.4294183333333	94474173.9853516
57.4638466666667	80891005.9470215
57.4990133333333	100043963.210449
57.5340066666667	73055959.942627
57.575575	62001581.767334
57.6197116666667	110585572.390625
57.6565216666667	88873344.2695313
57.6952866666667	110670889.787109
57.7295366666667	99727408.328125
57.7665566666667	83653870.748291
57.8036566666667	75973339.1323242
57.8426883333333	96846086.2282715
57.8787716666667	143066762.04248
57.9117766666667	80245124.9191895
57.9493	67981821.2434082
57.9896816666667	74625028.4089355
58.0272033333333	63652279.3474121
58.068285	81410532.9492188
58.1050933333333	107877469.71582
58.14058	125633654.038818
58.176975	97223720.8632813
58.213875	165519360.992188
58.246155	223680637.311523
58.2788533333333	170003538.293945
58.3141366666667	227895903.318848
58.3454033333333	173799043.457031
58.37764	189712197.533203
58.4114166666667	213450144.666504
58.443845	189556674.059082
58.4758366666667	181955977.589844
58.5118216666667	195754095.602051
58.54693	163589456.350098
58.58388	142625284.231934
58.6182066666667	102010147.603027
58.6551666666667	105293971.189941
58.689805	118704846.804199
58.72391	165464280.362305
58.756385	111799066.413818
58.7913066666667	103755152.817627
58.827345	91901156.0258789
58.8649516666667	79801832.8071289
58.9028216666667	95697988.0742188
58.9377516666667	123994718.967285
58.96957	97417900.5617676
59.0044283333333	92970871.4228516
59.04209	94531160.185791
59.0788016666667	78580030.0117188
59.1158966666667	85287227.4916992
59.153405	113538552.940918
59.18781	79780570.4555664
59.224985	80862077.0288086
59.264065	101189518.177002
59.2999366666667	81055955.923584
59.3417183333333	135982684.087402
59.3777666666667	87476254.6523438
59.4181183333333	97307729.2897949
59.4537966666667	152200881.662598
59.4881766666667	158199852.955566
59.5216383333333	163706179.803223
59.5546766666667	155080307.63623
59.5913783333333	168408298.776367
59.6261583333333	103361942.693848
59.6616066666667	98854382.050293
59.6998983333333	117282898.827393
59.7366316666667	179772915.206055
59.7687116666667	94289520.1813965
59.805645	85013415.0756836
59.8414116666667	67393903.7224121
59.8836316666667	67194613.8566895
59.9256533333333	63610957.4655762
59.9644916666667	83982984.8859863
59.9987433333333	91469184.1645508
60.0374816666667	89838884.1184082
60.0753883333333	73971544.5227051
60.11455	57857460.0419922
60.154085	66290924.6079102
60.1933266666667	68101582.7097168
60.2345816666667	84374464.5305176
60.2701566666667	96189871.7641602
60.3063666666667	101726360.957764
60.3422733333333	94220345.5141602
60.3819083333333	78659208.1369629
60.4192883333333	78986098.989502
60.4595233333333	69260569.4885254
60.4982066666667	65407544.2175293
60.5357183333333	91000858.4838867
60.5699383333333	74714637.4362793
60.6074483333333	83750926.9533691
60.643095	106020372.117676
60.677495	95526264.7402344
60.7123816666667	82965725.3583984
60.7483683333333	73933660.1865234
60.78308	116884560.983398
60.8170383333333	108976135.964111
60.85352	141757706.068848
60.8879483333333	128989194.039063
60.92668	101175853.964844
60.96483	85504938.6347656
61.0062666666667	99844536.4055176
61.04352	102162842.568604
61.0799566666667	69732482.7880859
61.119135	70447022.0402832
61.1593266666667	89381391.6091309
61.1954133333333	109047223.104004
61.228425	128472256.334961
61.262065	91762913.0041504
61.2990083333333	139397497.000488
61.331955	137209419.345215
61.3674066666667	159142295.379883
61.4016766666667	154495611.975586
61.4350066666667	115316415.875977
61.471885	91184388.2871094
61.51025	88205073.1081543
61.5512783333333	90571890.8513184
61.5889766666667	88632775.6933594
61.6253833333333	70432546.8972168
61.66156	85616748.1948242
61.69811	82939123.65625
61.73419	78530123.3171387
61.7712083333333	84050060.9106445
61.8100083333333	81777840.7775879
61.846425	136817878.682129
61.8798083333333	164577536.013184
61.9140966666667	152878644.335449
61.9491333333333	162668897.979492
61.98123	182720211.429199
62.0151616666667	178329631.84082
62.0496233333333	130430239.105957
62.0842716666667	72333527.3134766
62.123515	80623002.4272461
62.16177	68266224.2956543
62.1979	69943602.0026855
62.2363883333333	74023016.4020996
62.2727683333333	92449866.357666
62.3107966666667	134946191.531006
62.3439866666667	160481192.330566
62.3767066666667	141115818.107422
62.4108416666667	125985663.818115
62.44637	111101041.705078
62.480615	144056525.365723
62.5155833333333	112490743.676758
62.5543033333333	89401276.9362793
62.5923966666667	90360694.3896484
62.6304966666667	81856974.480957
62.667125	70917304.2460938
62.7071316666667	85375506.5463867
62.7457	101354669.47583
62.7843666666667	86189422.864502
62.8236466666667	94959308.097168
62.860775	113005165.080566
62.8958466666667	103124376.874512
62.9346433333333	114275360.274414
62.967635	131529815.657227
63.0008066666667	67455572.8149414
63.039305	85715493.3295898
63.0767516666667	102487033.163574
63.1138033333333	81489680.234375
63.150525	94601901.1303711
63.1883966666667	61085475.5263672
63.2307283333333	56255388.0581055
63.2700383333333	72882601.0842285
63.304725	79534896.7202148
63.3389316666667	79630804.9987793
63.3766583333333	72681456.7573242
63.4159766666667	63436965.4465332
63.4578383333333	98554328.6203613
63.493625	101726257.679932
63.5283016666667	99738277.7519531
63.564525	93867100.9287109
63.6011716666667	91547044.4616699
63.6380966666667	124446430.492432
63.67061	129777929.301758
63.7042416666667	122515540.025391
63.7387866666667	91167867.7668457
63.7760083333333	132972455.3125
63.8107483333333	84099802.6958008
63.849705	105854322.697998
63.8880883333333	74455138.517334
63.9300083333333	103267816.242676
63.9671883333333	135915338.225098
64.00135	103796556.979248
64.0383233333333	107009788.765137
64.07331	112665170.013672
64.1082083333333	85487601.8371582
64.1451216666667	96451466.345459
64.1815366666667	82692836.3161621
64.2159783333333	92398852.4072266
64.249815	80262234.4570313
64.2858233333333	117209466.236084
64.32114	95487061.5537109
64.3603833333333	137246557.310547
64.3951416666667	155764517.946777
64.4328083333333	170466382.785645
64.4690783333333	142330279.503906
64.5071016666667	145236630.099121
64.5423766666667	133518239.930664
64.57674	159478061.977051
64.6142466666667	166568076.357422
64.6517083333333	118610188.109375
64.6890516666667	116435589.081543
64.725355	99404847.2932129
64.7607483333333	96424923.0065918
64.7965733333333	122917747.931885
64.8317566666667	123668606.036621
64.8666266666667	128429986.875977
64.9048033333333	80371811.7873535
64.9433316666667	86839249.3110352
64.9805033333333	79524159.0148926
65.02037	91822808.1320801
65.0576933333333	85236939.4450684
65.0979516666667	122606993.474609
65.1314516666667	58364312.3330078
65.1742066666667	53419931.0379639
65.2169033333333	69725986.2036133
65.2555566666667	67726254.3525391
65.29274	70952402.9116211
65.3269516666667	98039636.1176758
65.3610116666667	76214723.753418
65.4001383333333	91505850.1630859
65.435975	90798371.284668
65.4723783333333	80741771.6210938
65.5108083333333	116327384.813477
65.547925	161217518.974121
65.5823016666667	101182854.701416
65.6215466666667	115967497.860352
65.656455	78061062.1276855
65.697255	46976567.6759033
65.7411033333333	67992817.8040771
65.7823066666667	91127864.1882324
65.8234166666667	96900146.5686035
65.8609616666667	79198938.6760254
65.9015966666667	95959163.0544434
65.9395766666667	90236134.2453613
65.97677	79552176.8293457
66.0138933333333	69371688.2338867
66.054655	74486140.5280762
66.0890016666667	68493273.401123
66.1279433333333	79692427.822998
66.1633916666667	56983892.9301758
66.20394	77203665.0061035
66.2397383333333	72799253.4521484
66.2761216666667	84831933.590332
66.3151333333333	77093772.8928223
66.35334	78585225.3015137
66.3915433333333	61021984.8430176
66.4301866666667	87911485.3881836
66.4706	66618384.2924805
66.509345	79995182.0200195
66.5432916666667	96122981.9084473
66.57822	80527298.9633789
66.6160016666667	84173567.0339355
66.6529133333333	108994537.552979
66.6892083333333	87253668.7993164
66.72713	99385351.1181641
66.76084	102793803.530273
66.7996683333333	135242845.723877
66.8343233333333	162522675.871582
66.8686066666667	234725946.767578
66.900845	156210679.557129
66.9358883333333	105929209.422363
66.9741916666667	106431924.212646
67.0123133333333	76087404.1320801
67.052485	104906484.209717
67.0859716666667	97596543.7321777
67.12158	70151685.9404297
67.1583733333333	51813732.8833008
67.200205	66129975.3688965
67.236695	46638816.3964844
67.280515	66256576.1618652
67.3185016666667	90514136.3352051
67.3547	53564037.7468262
67.3962183333333	59952300.2705078
67.4336166666667	57983221.4760742
67.4725816666667	46196483.197876
67.5115366666667	45962673.9473877
67.551335	61211626.5714111
67.58719	70116721.1342773
67.62502	56505233.1109619
67.668205	73553975.2895508
67.707735	67212851.0861816
67.74908	49814488.302124
67.7920866666667	67684705.5715332
67.83222	53016569.9232178
67.8742766666667	85628596.8044434
67.9117166666667	100172780.493896
67.9459716666667	121857324.655762
67.9772516666667	84290238.5600586
68.0128366666667	105328770.060547
68.04618	77799528.0541992
68.0801516666667	100227115.60376
68.1179083333333	64976280.6748047
68.1584066666667	98130285.3122559
68.1952533333333	81282668.4462891
68.2313916666667	87965172.6496582
68.2666916666667	96115108.206543
68.3017833333333	82662321.7626953
68.3388516666667	91301315.7338867
68.3754183333333	96799950.6938477
68.4118666666667	96253214.1254883
68.4483266666667	97930433.3520508
68.48383	103937582.395508
68.5193833333333	131945538.002441
68.5541816666667	64850193.949707
68.595555	132655922.535156
68.627445	185468166.715332
68.6625533333333	164569431.254395
68.6987266666667	111253843.891113
68.7361866666667	114341615.519043
68.773435	107964503.141113
68.80774	111823952.351807
68.844015	86811764.6181641
68.8814533333333	130922801.649414
68.9176366666667	95986483.7021484
68.9535916666667	79401958.8823242
68.995195	95211079.8791504
69.03438	148925637.943359
69.068305	130084678.466797
69.1031433333333	134874779.144043
69.13777	181421010.257324
69.1705316666667	109888838.703613
69.2054933333333	111991876.509766
69.2414533333333	113945158.798584
69.2762683333333	137622396.756348
69.310185	105382530.306641
69.344975	137046013.545898
69.3763016666667	135051124.086914
69.4123016666667	120173304.734131
69.4486333333333	152073387.510742
69.4852516666667	173496733.050781
69.5202166666667	170813234.842773
69.55504	128852251.309082
69.5940616666667	121590349.830322
69.629465	104823478.079834
69.6673016666667	82474658.4377441
69.70513	87407030.2775879
69.7408533333333	74565473.5561523
69.7799533333333	47416385.4448242
69.820965	51629742.96875
69.8594566666667	61825869.1165771
69.8987566666667	72073823.7976074
69.9344883333333	81239306.6281738
69.9709016666667	58556742.6405029
70.011	91539497.392334
70.0492416666667	103881200.585205
70.0854166666667	124897139.162842
70.1204433333333	100109516.527588
70.1563116666667	72568199.2983398
70.1951233333333	78388806.2941895
70.2281833333333	73882195.800293
70.26308	65292073.4741211
70.299835	57662941.5570068
70.3398633333333	87727363.4177246
70.3795466666667	137449945.519287
70.4155066666667	98889997.7905273
70.4525966666667	79075695.4780273
70.4927183333333	89242619.7666016
70.5322266666667	63989676.1429443
70.5704566666667	81675815.9694824
70.607165	73392469.5820313
70.64661	90395539.7314453
70.6826983333333	65666840.7143555
70.7231383333333	96876867.0812988
70.7585166666667	70210493.8969727
70.7987933333333	94088030.7919922
70.8353666666667	81895934.2392578
70.8736133333333	62128925.8216553
70.91024	90068170.838623
70.9455183333333	71558414.5471191
70.9829283333333	72139878.5566406
71.0195933333333	81517965.880127
71.0552783333333	81905635.2770996
71.0890766666667	109581029.454346
71.1239466666667	91285702.9587402
71.1600216666667	121770523.847168
71.1943466666667	134119915.651855
71.2272033333333	123996155.803223
71.2636133333333	120960081.716309
71.2999133333333	170848421.81543
71.3358116666667	79047873.1259766
71.37379	119642894.584473
71.411975	168090691.37793
71.4461816666667	147596292.164551
71.480675	156821561.750977
71.5152583333333	234508218.756836
71.5489033333333	219867399.247559
71.5828433333333	153730596.250488
71.62001	178036369.050293
71.6543883333333	166776905.60791
71.6902466666667	132553301.996582
71.7292916666667	149211817.995117
71.7650283333333	123121298.126953
71.8002116666667	119954811.563965
71.83902	139408614.490234
71.8741616666667	115474593.733398
71.9144583333333	90834294.6955566
71.9567283333333	102722346.898682
71.9920016666667	89034414.2299805
72.02902	68384677.4307861
72.064995	69941819.9606934
72.0988366666667	78964562.9572754
72.13262	57652351.6156006
72.1715166666667	56300443.3094482
72.2121966666667	46887059.630127
72.2514366666667	54812832.5396729
72.2916616666667	91524417.1384277
72.32633	64255698.1945801
72.3671566666667	75523249.9887695
72.402945	72465881.8886719
72.439155	128794646.493896
72.4738533333333	150863794.294922
72.507405	181420119.361328
72.5419483333333	169958002.259277
72.575645	222839769.609375
72.6089133333333	197992582.650391
72.6433933333333	126428195.824707
72.6805216666667	172022262.887207
72.7142233333333	105374014.513916
72.7527483333333	120689555.050781
72.7871583333333	123111651.114746
72.8227233333333	86924485.4172363
72.858305	69287222.3803711
72.898885	82829973.4135742
72.934975	108881039.032227
72.9710783333333	79712508.144043
73.0093533333333	77165443.5952148
73.0491333333333	72469298.8426514
73.0860733333333	105489615.87793
73.12177	93481565.1481934
73.1585283333333	105267753.435303
73.1945816666667	86783467.8171387
73.2357833333333	71143790.6867676
73.2766783333333	76171259.1572266
73.31358	62030508.2324219
73.3497783333333	80639824.6416016
73.3879333333333	108651636.346924
73.4219933333333	85888537.8818359
73.4575733333333	110069975.192871
73.4923916666667	120973017.198242
73.5259033333333	96343851.9245605
73.565315	90765493.9709473
73.6017983333333	167637765.150879
73.6365166666667	127692226.912109
73.6756416666667	156483219.149902
73.71511	121565510.362061
73.75208	141850785.617676
73.786665	144745010.47998
73.8231683333333	136062764.629883
73.86347	136993971.937012
73.8991983333333	113119646.135254
73.934275	100775441.652588
73.9727283333333	92710950.2207031
74.0119233333333	64359262.553833
74.05377	65460402.9504395
74.0949966666667	52340556.4863281
74.140435	54404600.0933838
74.1836883333333	36878316.2103271
74.2286266666667	54516792.3215332
74.2730233333333	74106211.2443848
74.31201	69215992.1658936
74.3516266666667	54045800.9550781
74.3947716666667	88780141.6777344
74.4301166666667	49335730.9693604
74.4747166666667	66585047.3210449
74.5153633333333	57307238.5493164
74.5561116666667	63780411.887085
74.59646	49939648.0430908
74.6388	39082934.9857178
74.683555	23254644.4866333
74.72756	36124526.6949463
74.768675	47259924.8060303
74.807585	43161117.7435303
74.8493966666667	49285168.5583496
74.893575	65346036.5847168
74.9341466666667	55361576.2941895
74.9725366666667	68157591.317627
75.012285	78877472.3806152
75.04753	55369754.9475098
75.0884933333333	42213866.7785645
75.1309516666667	40985787.6621094
75.16954	37636168.2770996
75.2136166666667	54453821.1376953
75.2541616666667	51415971.3536377
75.2936533333333	64582029.4511719
75.3349316666667	58918442.1394043
75.3750633333333	58909194.0748291
75.414835	72233190.1188965
75.4532216666667	64963828.489502
75.491025	70126919.7478027
75.5290483333333	49245099.3502197
75.56942	57412468.8795166
75.6120766666667	63533907.2666016
75.6539383333333	52406897.9417725
75.6974316666667	54952882.1253662
75.739095	53811629.8533936
75.7816333333333	47199728.1166992
75.8251633333333	49683462.8381348
75.8694983333333	59647326.5063477
75.9130416666667	44354954.5563965
75.955055	53536158.5640869
75.9959566666667	47588959.0987549
76.0355166666667	82919003.925293
76.0712033333333	73341217.7961426
76.1128483333333	71291707.3137207
76.1502316666667	67473751.8292236
76.19046	70271518.8826904
76.22798	61040500.6628418
76.2714716666667	57753080.9315186
76.31563	116593487.041992
76.3525383333333	73476001.1176758
76.39209	88680453.2084961
76.433325	74446067.7561035
76.47351	62046308.6068115
76.5163033333333	74391696.0371094
76.5581316666667	59599834.8482666
76.5981383333333	71061971.6765137
76.6389533333333	44257434.2595215
76.6823366666667	42906661.0825195
76.7252066666667	40960900.7677002
76.7694716666667	43682270.5012207
76.8104816666667	39088099.8674316
76.8516316666667	68856612.335083
76.8923116666667	37533977.0806885
76.9341333333333	39675272.838501
76.97516	51742085.5152588
77.0169183333333	54431453.4786377
77.05549	46582622.3797607
77.099545	35675423.9356689
77.1427266666667	35061261.0271606
77.1887733333333	39121018.8464355
77.2330016666667	48392904.1956787
77.27478	36046193.3334351
77.320815	48205279.206665
77.3652616666667	52258436.9085693
77.4085016666667	59709836.6340332
77.4529966666667	42669013.2867432
77.496685	44288187.3826904
77.5409633333333	46814127.059082
77.583855	44699861.3752441
77.6247916666667	35993242.8283691
77.66559	28739991.2821045
77.7099333333333	24720970.2157593
77.7559183333333	22911312.805603
77.8012	32671594.8356323
77.84386	26311929.3288574
77.88905	40768043.8671875
77.92993	38938693.1398926
77.9713283333333	49730947.0410156
78.010195	35637739.9383545
78.056005	43383153.6887207
78.0993	33068181.739502
78.144275	52686139.0753174
78.1878983333333	43368220.3416748
78.227205	54479017.3798828
78.2677616666667	29765146.6251221
78.3129783333333	44051492.8818359
78.3524333333333	30237489.34729
78.3970383333333	63133305.2906494
78.4363833333333	50342736.3348389
78.4775016666667	51145205.829834
78.5188833333333	44924217.9499512
78.5609666666667	51299366.0457764
78.6012883333333	48903052.1502686
78.6462716666667	34497784.0820923
78.6902083333333	45236599.4012451
78.7327966666667	25632930.6056519
78.7761183333333	27871271.7915039
78.8209533333333	34503707.5512695
78.8620733333333	38951491.6642456
78.9021516666667	37837539.331543
78.9411083333333	38577043.6204834
78.9820366666667	34272057.4714355
79.0225483333333	56827761.2918701
79.0614616666667	49445299.1246338
79.1037783333333	44032923.8034668
79.1489266666667	34338023.1109619
79.1932616666667	30197474.7385864
79.2360616666667	35219712.0960693
79.27735	39543419.9370117
79.31916	43787634.7714844
79.359895	47509441.6063232
79.4035583333333	45543093.815918
79.4467933333333	67097526.7625732
79.4865616666667	52851990.1480713
79.530205	41469598.1464844
79.57351	44417082.90271
79.6180516666667	40185588.2614746
79.66101	55116720.8552246
79.701975	44644053.5500488
79.745925	35525444.1008301
79.7879016666667	33994937.0519409
79.8295216666667	45340330.8708496
79.8689933333333	39792438.1728516
79.90974	35127998.836853
79.952655	65161930.2176514
79.991485	43698151.8562012
80.0355383333333	70408813.2041016
80.0738866666667	37847593.546936
80.1182866666667	25189597.6113892
80.1601583333333	29865256.1550903
80.2019966666667	23699515.0602417
80.2456916666667	24976451.4903564
80.28986	49290783.7561035
80.3277483333333	44161042.7567139
80.36978	38547401.8704224
80.4133366666667	41979896.4172363
80.458155	66708786.6536865
80.4985466666667	33628241.949585
80.54371	48317109.1815186
80.58216	41847195.5196533
80.6241683333333	45691798.6956787
80.6652166666667	25301542.484314
80.7101466666667	35230151.7529297
80.75273	42639361.6386719
80.7964283333333	46409295.8726807
80.8392316666667	52264963.5517578
80.8836033333333	61771201.2426758
80.924185	62081576.3831787
80.9631083333333	55987977.5554199
81.0031583333333	108524716.969727
81.03831	48273114.3759766
81.08049	37065150.105957
81.12328	60189885.8536377
81.1602183333333	49303596.164917
81.1994366666667	61286748.2209473
81.2369483333333	80535043.4492188
81.2728983333333	80447941.4854736
81.3104433333333	47743399.5819092
81.3542116666667	71621718.1861572
81.3919183333333	90838450.2700195
81.42854	45238493.7391357
81.46738	56815542.6938477
81.5078933333333	69556860.3563232
81.5457833333333	61175804.276123
81.5840283333333	49454372.5150146
81.6208116666667	41197642.5506592
81.6606133333333	62751478.1374512
81.69775	108160019.316406
81.7298616666667	93414743.9055176
81.7680333333333	116802460.837158
81.8016466666667	128126117.196289
81.8359966666667	109588643.624756
81.8692833333333	135686723.189453
81.9059716666667	116982008.194092
81.9419566666667	123059360.634766
81.9772683333333	120996992.34375
82.0150916666667	98879976.1274414
82.0550533333333	80872727.9787598
82.0972333333333	111787641.018311
82.13461	111032212.950195
82.17347	91246528.3061523
82.2110383333333	75909350.4431152
82.2489416666667	46646686.8099365
82.291785	61548833.210083
82.33587	48758169.9598389
82.3772116666667	49563393.6365967
82.4169466666667	64156807.4468994
82.4551483333333	29594706.7181396
82.49984	30489179.1433716
82.5426516666667	47883468.8300171
82.5844033333333	34768213.9592896
82.62928	36173006.4169922
82.67293	33540508.8187866
82.718135	31164085.1635132
82.7626316666667	29951710.7609253
82.80651	25486802.6295166
82.85062	23495459.2407837
82.89259	44306098.460083
82.9328133333333	36614233.1699829
82.9748133333333	39798783.736084
83.0185066666667	36540234.9622803
83.0601783333333	22751411.7807922
83.1045383333333	23922227.9385986
83.1491333333333	25823692.8978882
83.1912016666667	28814317.612854
83.234975	26106820.5706177
83.2790116666667	15283349.3962402
83.3246916666667	34769495.9870605
83.3698	30581086.2896729
83.41521	20228679.3876953
83.4603233333333	25375347.5611572
83.50477	32560249.4755249
83.547145	39779109.2683716
83.5863366666667	24932411.324585
83.631405	28249725.9802246
83.6766683333333	45149601.8833008
83.7169533333333	42205831.6022949
83.759785	39570722.2912598
83.803125	46417084.3692627
83.84522	34493859.2193604
83.888935	40844075.3297729
83.9324783333333	62731029.7487793
83.9723	37405605.3878784
84.016595	40149050.8529663
84.0604866666667	66869902.710083
84.1003666666667	50243078.0040283
84.1435216666667	26804473.4066772
84.1877183333333	37872177.8695679
84.22658	37246985.3130493
84.2690883333333	50267642.7038574
84.30948	46036829.3220215
84.3491	90484377.8361816
84.3838783333333	49684702.8353271
84.42535	53684539.5141602
84.4616666666667	52827907.8654785
84.5028083333333	25622207.12854
84.5478	25055098.6778564
84.5914483333333	21495880.0148315
84.6345516666667	20425915.1522522
84.679465	31075638.8384399
84.721675	25316891.6286621
84.7658916666667	20317069.2650452
84.81081	15801261.7081299
84.8563983333333	28592017.0287476
84.8978683333333	32081588.4188843
84.94289	17090686.5285034
84.987995	17417584.0313721
85.0339433333333	17927363.7534485
85.079305	18713769.6276245
85.1241066666667	15374314.3322754
85.168075	15675858.4645081
85.2136033333333	14437901.6455688
85.2586466666667	11641180.3375854
85.3040366666667	11019819.2772064
85.349455	14462775.0360107
85.3944783333333	20609276.2040405
85.4385183333333	20351985.1297913
85.48284	15345331.7684326
85.5281883333333	20446793.0411682
85.5714816666667	16184068.8215027
85.6154233333333	18134632.3329163
85.660405	17601671.1456604
85.7055933333333	13137717.2505493
85.7503083333333	14163896.3365784
85.7953616666667	11643738.6065674
85.8414116666667	9992546.88703918
85.8864333333333	16323829.7084045
85.9316366666667	19621642.9942627
85.976445	18541550.7783203
86.02112	15203052.5574646
86.0658183333333	21754249.8156128
86.1098633333333	22314966.8458557
86.1541516666667	18172719.7655945
86.1989233333333	25220994.1643677
86.2434016666667	11034413.4333649
86.288535	10951434.5085754
86.3331883333333	11498195.0238647
86.37799	14343130.7559204
86.4225933333333	16951387.960022
86.4669266666667	15206198.0669861
86.5109116666667	12465796.1702271
86.5553033333333	24304279.8646851
86.59987	13701342.970459
86.6447366666667	15667375.8249512
86.688885	12939469.9546509
86.7329533333333	10879500.691925
86.778225	11040799.8356628
86.8229683333333	11962813.629425
86.8679183333333	11197540.1120605
86.91322	14261572.1156311
86.9575583333333	12162972.1124573
87.0023483333333	15268979.5072937
87.0462233333333	17963218.3252563
87.09069	10984656.8883667
87.1347166666667	15365230.0371399
87.1788066666667	14623393.2105408
87.2236783333333	15140702.9796143
87.2679116666667	14434408.3403931
87.3125566666667	11972145.5622253
87.3573616666667	20239713.0613098
87.4019666666667	11801688.9638367
87.4453	23198696.5735474
87.4892066666667	8858650.43310547
87.5332516666667	12639626.0670471
87.5778133333333	10702884.9983215
87.6223116666667	9690779.98049927
87.6670333333333	8779167.95433044
87.7115366666667	7758926.10803223
87.7568916666667	7015913.28164673
87.8023933333333	8940449.71435547
87.8478466666667	8861151.11070251
87.8932633333333	9118876.00100708
87.93845	12502231.6372375
87.9824283333333	5807190.95739746
88.0277116666667	8030650.62844849
88.0721533333333	7771600.7888031
88.11656	8088341.12342834
88.16125	10233249.0616302
88.2055083333333	11624378.3128967
88.2502	14148805.9095154
88.2945083333333	14179111.7428589
88.33939	12971443.4442139
88.3841366666667	6943416.21052551
88.4294133333333	14608353.3993835
88.4743466666667	6589435.86776733
88.5195216666667	5377048.69696808
88.5647066666667	6612130.36360168
88.6093833333333	10693609.9953613
88.6545533333333	7265917.12922668
88.699465	7291032.0942688
88.7438616666667	9753470.60475159
88.7885183333333	8651255.18093872
88.8323133333333	10551526.9608154
88.8770566666667	7925604.76867676
88.9212933333333	8107344.89588928
88.96621	13407612.4360352
89.0105183333333	8752384.8197937
89.0551366666667	8679113.93562317
89.0998033333333	9350026.72518921
89.1442466666667	8531193.91308594
89.1891466666667	8707709.74313354
89.2332933333333	8885935.73510742
89.2780716666667	9760398.86343384
89.321965	13159993.4842224
89.36654	8839813.57322693
89.4110733333333	9830452.79457092
89.45564	8173440.0184021
89.4998783333333	5768835.88931274
89.5449316666667	7135533.31654358
89.5901	7672820.49131775
89.6350083333333	8737587.41609192
89.6796716666667	13329899.0283203
89.724375	11015825.4520569
89.7686416666667	16300512.0773621
89.8131533333333	16257412.665863
89.8575	12654236.4541626
89.90213	16145690.6211548
89.9468933333333	15044447.868042
89.9911166666667	10118234.311676
90.035175	17013556.9841003
90.080015	7936784.41653442
90.1248816666667	10672261.0955811
90.16912	8231455.5466156
90.213135	6900169.64328003
90.2581283333333	8552903.14276123
90.3031283333333	11111700.453064
90.3477633333333	9498249.42736816
90.3920233333333	11779289.4327087
90.4358416666667	7742904.74737549
90.4806716666667	9445450.12294006
90.5253333333333	9150975.04475403
90.569835	12309000.0646057
90.61455	7802979.07772827
90.6592133333333	5366384.4924469
90.7040966666667	10172257.6795959
90.748915	8375243.06427002
90.7937283333333	7250371.35369873
90.8383766666667	9520381.01051331
90.8829766666667	13191192.0901794
90.9272083333333	16150649.2140198
90.9720966666667	11606967.8285828
91.0164266666667	7771652.25450134
91.0612966666667	14833742.0271606
91.1056466666667	10784347.3687134
91.150085	7438516.41053772
91.195	8878174.40266418
91.23921	9166085.88426208
91.28403	9224020.26025391
91.32879	6562545.12373352
91.37411	6717411.18870544
91.4193016666667	7973258.64547729
91.4637033333333	6100506.93806458
91.5081783333333	5810944.19816589
91.5531983333333	9298175.23849487
91.5982833333333	8837029.4906311
91.6432633333333	9391619.75375366
91.6877083333333	8501643.46292114
91.7327533333333	5726097.74017334
91.7776233333333	5729068.74786377
91.8228183333333	10450728.7604218
91.8664983333333	9847665.22662354
91.9109816666667	6773828.95436096
91.9560066666667	9002966.15046692
92.0004366666667	10887830.0261841
92.0444466666667	9563284.95762634
92.088335	6369014.87686157
92.13303	12242516.3747559
92.1776066666667	9668081.62348938
92.2219733333333	6072310.83050537
92.266525	8477616.19926453
92.3122783333333	6456594.92416382
92.356955	6273321.78570557
92.4014133333333	6190723.54685974
92.44688	8804851.85295105
92.491565	8318255.80450439
92.5361433333333	9991411.16665649
92.5809866666667	10270487.8976288
92.6255766666667	6412597.99539185
92.6708533333333	7140464.58428955
92.7156383333333	5370308.07084656
92.7608283333333	7173040.45223999
92.8066433333333	6018334.3142395
92.85236	8678150.70617676
92.897155	6366567.35165405
92.94178	4047040.66403198
92.9869633333333	4957382.42746735
93.0327266666667	7623149.61366272
93.0775633333333	8924029.74664307
93.1221833333333	5698266.94715881
93.16689	9330358.13798523
93.2116333333333	5226256.6524353
93.2561533333333	5844642.71353149
93.3007133333333	5221910.92970276
93.3464616666667	6554847.73445129
93.39091	5096279.25330353
93.435795	4450176.21562958
93.4813483333333	10700676.7917786
93.52652	10891428.2874756
93.5706566666667	7509954.38365173
93.6157516666667	10205098.6939392
93.6601716666667	11860635.5644531
93.7041316666667	7024661.77990723
93.7488983333333	9714320.6362915
93.793935	8911413.34074402
93.837695	4188450.10918427
93.8829716666667	3874843.12631989
93.9287616666667	5287706.14709473
93.9735183333333	4227081.95851135
94.0198416666667	4207792.90407562
94.0649966666667	5280608.84075165
94.11018	10070225.6070557
94.15494	6279378.20294189
94.199805	7654832.80175781
94.2447616666667	5058765.18045044
94.2901766666667	4897066.03990173
94.3349933333333	6811389.70956421
94.3802466666667	7428747.01371765
94.4250733333333	6775525.90362549
94.47077	2649364.63813782
94.5190716666667	5609617.72232056
94.5645116666667	4296920.79705811
94.610345	5094213.13445282
94.6561716666667	5680948.62345886
94.701235	3893201.68941498
94.7465483333333	8608205.22796631
94.7915216666667	5219610.77338409
94.836685	4626938.13380432
94.8816783333333	5814310.79118347
94.9265733333333	3639060.64543915
94.972335	3659945.79419708
95.01855	3372915.88987732
95.0645266666667	3795272.13158417
95.1101116666667	7133079.6031189
95.155145	2894707.26763153
95.2017833333333	3392140.74781036
95.2465033333333	4699475.79911041
95.2919033333333	3678820.88763428
95.337355	3232226.4745636
95.3828066666667	3739031.89055634
95.427895	5137262.97621155
95.4728533333333	4961338.03442383
95.5180383333333	4365696.48771667
95.5639416666667	5302247.87815857
95.60899	4814295.56996155
95.6550966666667	3411686.17325592
95.701	4827398.83995056
95.7460166666667	3587914.58654785
95.7919583333333	3735413.95999908
95.8375766666667	6012128.93640137
95.8823283333333	2824052.01638794
95.9280216666667	2675762.17440796
95.9748783333333	2743895.39317322
96.0219	2799783.2277298
96.068325	6211839.18826294
96.1133466666667	5276922.77035522
96.1584416666667	4177528.79355621
96.2037283333333	3952015.37734985
96.2486966666667	3221900.39774323
96.2941883333333	4575564.94044495
96.3395133333333	3288668.53795624
96.386005	4054767.92411804
96.4302883333333	3801499.20463562
96.475695	6005874.33432007
96.5205833333333	6021042.04032898
96.5659166666667	5007772.25810242
96.6108966666667	5870773.48048401
96.655925	5541698.88720703
96.7010966666667	3754462.89025879
96.7467516666667	4950227.80686951
96.79263	3154639.92176056
96.8376866666667	3775289.26421356
96.8831433333333	2826246.61717987
96.9295866666667	2991558.65557861
96.9754	5199690.86695862
97.020695	4750946.28466797
97.0656216666667	4170034.34049225
97.1108483333333	2497234.19421387
97.1574116666667	3948451.0349884
97.2028366666667	7140258.95303345
97.247735	2431702.27624512
97.294575	2613330.59098053
97.341465	4934000.66264343
97.3865616666667	4780454.40270996
97.4314533333333	3393758.73603821
97.476125	3328726.58504486
97.52192	2148960.4818573
97.5682183333333	2086316.96237183
97.6146516666667	5800205.79350281
97.65929	4659984.07667542
97.705225	3614839.38822937
97.7508116666667	2177189.79083633
97.7986866666667	2976771.97117615
97.8446983333333	3683908.12251282
97.890325	2465182.11654663
97.936045	2017430.58091354
97.982765	2379078.02577209
98.030385	3722458.90341187
98.0768	3274833.4702301
98.1228366666667	3523887.95556641
98.1686316666667	4129327.76026917
98.2143133333333	2127915.33544159
98.2607866666667	2945037.49093628
98.3064183333333	2309116.43239975
98.3539083333333	3865513.48329163
98.399405	4437028.55041504
98.4428666666667	1645282.2628479
98.4902633333333	2191047.25353241
98.53773	2544920.81256866
98.585115	2371639.00102234
98.63219	4811889.30831909
98.6765	2757971.64535522
98.722635	3974996.83099365
98.7683	3072183.79857635
98.8144683333333	3390962.35643005
98.8597216666667	2572760.26869965
98.9058466666667	2263916.49835968
98.952065	3028600.16710663
98.9979433333333	4613372.1164856
