RetentionTime	Intensity
0.00525	934293.937713623
0.0458216666666667	660721.86505127
0.089945	814496.310821533
0.134283333333333	610876.632064819
0.178905	579032.847457886
0.224536666666667	589430.517974854
0.269635	602028.650619507
0.315351666666667	779591.781066895
0.360598333333333	697469.494430542
0.406115	689720.601318359
0.450693333333333	812132.598464966
0.495848333333333	640999.158157349
0.542098333333333	742453.636764526
0.587571666666667	796819.105407715
0.632503333333333	789766.92149353
0.67667	1166311.38873291
0.720775	1351310.66079712
0.764323333333333	1169446.22692871
0.808413333333333	1145303.55435181
0.852353333333333	903543.624984741
0.89675	852129.890579224
0.94126	870919.349060059
0.985463333333333	723845.013885498
1.03153	1014392.97335815
1.07166333333333	909993.780776978
1.11531333333333	1060655.20098877
1.16018	801706.855957031
1.20346666666667	753799.702606201
1.24724833333333	765428.56590271
1.29151166666667	652891.51789856
1.336235	640668.878097534
1.38165	786583.42098999
1.42587333333333	723711.682434082
1.47018	692890.909484863
1.51640166666667	510671.952796936
1.56256833333333	538840.320053101
1.608845	709024.46736145
1.65414666666667	541681.995376587
1.70064833333333	670834.235076904
1.74601666666667	432163.921615601
1.79282	443976.799034119
1.84006833333333	672964.912231445
1.88503	487251.136489868
1.93142166666667	532156.75491333
1.97764333333333	516640.087844849
2.022815	552994.291885376
2.06927	680453.125946045
2.11103666666667	503269.023788452
2.15547166666667	671608.174102783
2.200395	589960.145553589
2.24484833333333	519512.538970947
2.29010833333333	607229.904800415
2.33616333333333	558696.465896606
2.38213833333333	480945.809036255
2.42755666666667	588522.260635376
2.47363	473340.262695313
2.52012166666667	625493.33241272
2.56592	491969.657562256
2.611945	614613.710571289
2.65751166666667	579246.773178101
2.7025	545968.72984314
2.748585	568294.414596558
2.79358166666667	622000.866851807
2.838465	484991.751403809
2.88523166666667	539389.165420532
2.93076833333333	543741.000762939
2.97643666666667	730338.117553711
3.02114	906249.757171631
3.06526833333333	959848.968765259
3.110185	657706.133880615
3.15285166666667	764962.558135986
3.19711833333333	999725.251617432
3.2415	1186994.05429077
3.28447166666667	1092907.1340332
3.32942666666667	1096153.01470947
3.37461166666667	816977.535690308
3.42082666666667	1327175.434021
3.46468166666667	1068097.99993896
3.510405	945355.056915283
3.556045	1144665.69943237
3.60105	1038281.97590637
3.64718	865893.160980225
3.69346333333333	901695.303497314
3.73876166666667	813141.360229492
3.78457166666667	612679.541778564
3.83086833333333	963424.545089722
3.87575166666667	822159.817977905
3.92167333333333	807866.059539795
3.96712333333333	660918.026260376
4.01314166666667	741120.204299927
4.05907833333333	832302.305740356
4.10501666666667	827630.66595459
4.15077333333333	605376.851593018
4.19297666666667	681871.137893677
4.23616833333333	628167.414093018
4.2824	655743.580825806
4.32666	750595.522369385
4.37248833333333	581603.290031433
4.41933166666667	608136.983428955
4.46572	609399.515426636
4.51131166666667	757259.520782471
4.55664	789233.099807739
4.60269	604004.442840576
4.64489333333333	494362.751441956
4.690905	732257.596679688
4.73636666666667	682486.184432983
4.78224333333333	577508.457458496
4.82783333333333	584158.800674438
4.87440833333333	702252.989685059
4.92001333333333	543276.447814941
4.96634	591066.995040894
5.01219333333333	526330.54246521
5.05880166666667	553160.718719482
5.105125	555154.379302979
5.151415	572327.003898621
5.19799	629214.93913269
5.24033833333333	488804.634460449
5.286465	630723.383758545
5.33117333333333	567733.084381104
5.37848333333333	558859.440261841
5.42530666666667	521893.783920288
5.47272833333333	657183.455917358
5.51797166666667	611333.210586548
5.56383166666667	463022.023834229
5.60998333333333	732808.37550354
5.65557166666667	650659.361999512
5.70172	626510.289016724
5.74673333333333	535130.639251709
5.79284833333333	513077.6925354
5.838285	553477.626525879
5.88530666666667	433167.735717773
5.93228333333333	471443.349945068
5.97771	534946.816680908
6.02462833333333	425465.258872986
6.072295	610060.209213257
6.117965	585275.113479614
6.16318166666667	624870.915008545
6.20814333333333	581373.671783447
6.24979833333333	692620.03125
6.29421833333333	592128.487716675
6.339025	500660.321151733
6.386245	690633.516693115
6.43198666666667	702532.355743408
6.47788666666667	573463.409912109
6.52299333333333	701352.066299438
6.56925166666667	698461.450942993
6.61426666666667	579683.413116455
6.66005833333333	899909.491577148
6.70609166666667	887997.491973877
6.75153333333333	873408.625015259
6.79697666666667	712781.47543335
6.843335	955849.742401123
6.88834	913049.407104492
6.93382333333333	746355.891067505
6.97994166666667	944497.378219604
7.0265	1115665.95066833
7.07243666666667	1242946.60203552
7.11709333333333	1429966.10205078
7.161925	1730267.45901489
7.207725	1804222.41555786
7.25289	2943169.9894104
7.29640833333333	4175203.19915771
7.34000666666667	4606040.58248901
7.385775	5843733.55825806
7.429055	6462292.79779053
7.47459833333333	6026389.20407104
7.52073166666667	5622810.26379395
7.56598833333333	5739847.41732788
7.612155	7246852.79504395
7.65622833333333	10623113.6660767
7.703185	15206853.3354492
7.748245	15649205.7635498
7.79377	21570219.6627197
7.83822	17984747.2253418
7.88343666666667	17666758.8227539
7.92808833333333	20214406.206665
7.97405833333333	16836423.083374
8.01814833333333	16943801.8692627
8.061235	15747902.8995972
8.103775	14580538.1952515
8.150645	13696147.7555542
8.19675333333333	11426114.8156738
8.24438333333333	13606854.2886353
8.28921833333333	14279358.0370483
8.33099833333333	10539916.3318481
8.377355	12346539.7439575
8.42290666666667	19300081.9615479
8.46951833333333	14672374.9490967
8.51355166666667	14707239.2982178
8.559855	16625859.2070313
8.60622666666667	17256713.9857178
8.65008833333333	17831026.6278687
8.69178666666667	18754228.1005859
8.73848333333333	24800236.8864746
8.78278333333333	29074296.041748
8.827375	32987213.2064209
8.87289166666667	33201864.3867188
8.91695833333333	53009702.9926758
8.95851833333333	51440347.3601074
9.00466333333333	57658378.5107422
9.04533666666667	50277182.8626709
9.09106333333333	69479868.8032227
9.13496833333333	79362007.3007813
9.172875	72595745.9401855
9.21670333333333	75125715.1721191
9.25669666666667	62991319.6452637
9.30085	77554824.0390625
9.34588666666667	68667801.6032715
9.383425	83580185.0566406
9.42974166666667	77992895.0407715
9.473615	125490830.793945
9.50967333333333	148814830.367676
9.55055666666667	183419856.371094
9.58496833333333	182492618.182129
9.62717	200454445.376465
9.66958	255706249.183594
9.70960333333333	204684112.551758
9.74768333333333	157220762.151855
9.78760833333333	158815088.580078
9.83363	127755585.281738
9.87428	114859242.425781
9.91500166666667	105045427.222168
9.95714833333333	114623483.152832
9.99437833333333	120100849.645996
10.0307016666667	170418667.963867
10.0660033333333	153447787.530273
10.10378	187309188.029297
10.1439083333333	138398284.753906
10.1812983333333	158268706.365723
10.2190616666667	177610141.990723
10.261765	176851859.23877
10.29926	254982784.466797
10.337335	235137990.151855
10.3777616666667	312399589.299805
10.4165866666667	339544299.432617
10.4581733333333	376153556.374023
10.49683	457923670.941406
10.5316083333333	402480256.535156
10.56711	318567334.706055
10.60035	343265160.817383
10.63977	298147497.894043
10.6801583333333	252054490.969238
10.7203266666667	218567610.618164
10.7602583333333	222243930.694824
10.7943033333333	199739628.458984
10.83477	207592950.412598
10.8732883333333	177283621.45752
10.9103233333333	175476428.604492
10.9527083333333	167573760.754883
10.9920916666667	172316054.546875
11.03001	150101473.061523
11.0696033333333	147332310.811035
11.1073016666667	180490888.216309
11.144425	133462511.989258
11.1796383333333	135146804.327637
11.2161333333333	144184708.782715
11.2561833333333	185317202.286621
11.29376	140178807.084961
11.3328616666667	158871291.523438
11.37363	258302945.722656
11.4116783333333	238353099.43457
11.4540916666667	230731227.027832
11.4910766666667	222597139.765137
11.530235	242325217.918457
11.56517	253874679.231445
11.6015616666667	195846782.381836
11.6381866666667	213579788.742676
11.67823	225958848.964844
11.72183	192084057.465332
11.76157	170270234.000977
11.7987483333333	156501444.412598
11.8356783333333	185266277.771973
11.8763316666667	164485997.75
11.9127316666667	201461061.776367
11.9474616666667	204933661.710938
11.9833516666667	204635849.588867
12.0218316666667	247206814.472656
12.0560416666667	307704629.798828
12.0951666666667	296475094.348633
12.1273783333333	330106697.085938
12.16122	315389352.876953
12.1954366666667	339413723.737305
12.2319833333333	429668155.579102
12.267815	409715528.90625
12.3009583333333	418706792.708008
12.3412433333333	465102892.923828
12.3732783333333	439991663.967773
12.4132133333333	475945672.148438
12.4479733333333	513157271.767578
12.4814766666667	526639135.361328
12.5152816666667	488560438.3125
12.5569566666667	537943309.555664
12.5896633333333	599017617.142578
12.6220333333333	607920069.214844
12.653265	576032515.974609
12.6855933333333	621147094.78125
12.7254233333333	738252526.242188
12.7602883333333	719645510.3125
12.793335	785569806.804688
12.8292583333333	647374665.210938
12.8637166666667	668696524.789063
12.9013266666667	731055038.710938
12.9357883333333	722940736.947266
12.9693966666667	741635711.804688
13.0028733333333	658950652.484375
13.0442516666667	627721170.626953
13.0785933333333	696133118.574219
13.1151766666667	602591465.720703
13.1510083333333	656290180.318359
13.1897766666667	650189840.242188
13.221975	533729188.826172
13.2583983333333	560510984.201172
13.2977483333333	549493906.493164
13.3319816666667	682008666.496094
13.3702433333333	733273152.878906
13.4088466666667	846349963.150391
13.4476983333333	854474717.269531
13.485875	855814686.691406
13.52049	834768335.503906
13.5556516666667	731099226.675781
13.59067	636881949.288086
13.627965	542364893.533203
13.6642766666667	636826285.445313
13.6948033333333	580138830.014648
13.7329233333333	542444013.076172
13.7700433333333	455625698.12207
13.8010883333333	499639782.337891
13.8391083333333	448343264.642578
13.868005	453385724.426758
13.9057883333333	447366095.400391
13.942975	477461904.574219
13.9758066666667	500782285.660156
14.012605	528759019.085938
14.0433416666667	551108147.097656
14.0858916666667	519650068.671875
14.12022	555239545.541016
14.1543166666667	480869241.970703
14.191245	523152172.898438
14.22438	552566919.228516
14.254325	694115251.652344
14.2851083333333	559715947.849609
14.31927	541479384.460938
14.3521916666667	608163033.415039
14.3871316666667	588028345.429688
14.4218816666667	616197859.626953
14.4538133333333	587189685.986328
14.4903983333333	660337978.419922
14.5244433333333	646179542.925781
14.5585116666667	626696674.763672
14.5949816666667	690850201.363281
14.6291883333333	808478425.074219
14.6619066666667	717998152.855469
14.695745	812374184.898438
14.7267316666667	855468352.212891
14.763225	830405146.917969
14.7966633333333	806656883.232422
14.8317616666667	847375661.9375
14.8693533333333	752446413.796875
14.904465	835868517.873047
14.9413116666667	782804096.570313
14.9775133333333	757695909.628906
15.012725	791878744.009766
15.0473633333333	730392000.095703
15.0843816666667	723264511.548828
15.1206016666667	729095405.792969
15.1535516666667	809290235.380859
15.1903116666667	758392782.46875
15.2266783333333	563261659.662109
15.2645333333333	653172479.916016
15.2960033333333	595838792.394531
15.3306083333333	501931835.245117
15.3631083333333	493658170.050781
15.3989416666667	486421581.40625
15.4354316666667	539811998.373047
15.4684266666667	585605914.726563
15.5037733333333	577488676.291016
15.5370833333333	530180396.255859
15.57212	571671718.392578
15.6082733333333	564602948.09375
15.6457883333333	538071809.847656
15.6817366666667	660109607.78125
15.7137033333333	585706976.015625
15.747675	687775652.226563
15.7831583333333	543920876.027344
15.8162383333333	548343844.386719
15.84749	584992836.472656
15.8836016666667	589484225.847656
15.9206316666667	747981992.53125
15.9531633333333	731182764.662109
15.9877466666667	654525969.240234
16.0247083333333	725882299.898438
16.0618266666667	732713503.365234
16.0942483333333	807415954.697266
16.128035	821431970.107422
16.16349	860007132.814453
16.1938116666667	897946309.923828
16.2323516666667	913154970.164063
16.26811	928234088.621094
16.3013183333333	1084999817.22266
16.3364333333333	976806185.703125
16.3734916666667	1086034392.48242
16.4054466666667	1025821438.24219
16.443125	980125080.259766
16.4781216666667	1102168058.37109
16.5086716666667	939232740.320313
16.5487083333333	838362344.083984
16.5822783333333	973180158.591797
16.616535	864978863.384766
16.65452	904950607.830078
16.6881016666667	772185860.189453
16.7219183333333	654756638.533203
16.7617266666667	712178684.787109
16.794415	706117012.912109
16.8255516666667	688894875.349609
16.85867	717666449.728516
16.89159	633093649.412109
16.9285366666667	758642087.601563
16.9617516666667	699982329.392578
16.995015	624760450.607422
17.0286683333333	692848871.097656
17.0629383333333	659848216.349609
17.09309	772479666.472656
17.124165	721481298.775391
17.15793	644263206.171875
17.1995866666667	657648660.433594
17.229885	603466580.236328
17.2638916666667	578824179.996094
17.2987483333333	653488907.246094
17.3320266666667	612790077.613281
17.3740583333333	642128657.990234
17.40781	642685021.494141
17.4422166666667	667180993.351563
17.47553	735817487.117188
17.5079616666667	674215184.595703
17.5405783333333	677732231.222656
17.57458	696772135.355469
17.6109133333333	835173303.927734
17.644225	796514513.615234
17.677365	810560222.519531
17.708475	856847105.246094
17.7422033333333	743669568.949219
17.7753666666667	876142611.376953
17.8057983333333	736767143.125
17.83723	944673967.9375
17.869865	893756142.236328
17.90228	846916793.654297
17.9361366666667	907073272.863281
17.9716733333333	1036962334.49414
18.0044533333333	846665950.199219
18.0361033333333	876980958.119141
18.07465	932578616.884766
18.10521	850456817.013672
18.14035	1083180593.04492
18.1721716666667	936632508.207031
18.2057533333333	999260137.943359
18.2408066666667	921273608.113281
18.268775	869307209.355469
18.3056533333333	1005808837.25
18.3375583333333	930738454.126953
18.3703066666667	954878315.179688
18.4038066666667	864404079.542969
18.4414116666667	929518282.582031
18.473275	1089973151.55078
18.5103733333333	1138135080.36719
18.54438	1222105870.24609
18.5806233333333	1110078079.62695
18.617405	1058073501.38477
18.6518616666667	975289135.570313
18.690825	976289106.212891
18.7193366666667	902372965.892578
18.7526283333333	969278964.275391
18.78452	927233629.052734
18.8180616666667	825159018.722656
18.8551583333333	787374584.794922
18.8870883333333	888693810.117188
18.9192666666667	722596754.699219
18.95065	693427810.722656
18.9832816666667	720376327.902344
19.01425	791558351.0625
19.0486316666667	786357739.316406
19.0847183333333	734537040.521484
19.11699	753401691.003906
19.1505083333333	694950029.302734
19.182245	833468370.556641
19.2161933333333	751693996.3125
19.24695	817734408.054688
19.2807583333333	699846295.259766
19.31113	699345628.761719
19.3476416666667	733404128.753906
19.37832	637215513.921875
19.4165566666667	681172611.337891
19.44528	794766675.908203
19.4800383333333	816168106.498047
19.5139166666667	806994970
19.5516983333333	819332809.091797
19.5868266666667	1018145469.64063
19.61936	986747976.621094
19.65389	1062611766.62109
19.6871016666667	978770975.001953
19.7205133333333	1006189889.54492
19.75321	930147151.90625
19.7890616666667	1032914076.67188
19.8231983333333	1080571636.72461
19.8594266666667	953317966.609375
19.8942966666667	1017155563.11914
19.9275816666667	908422290.837891
19.9564433333333	899510502.78125
19.993205	947641249.369141
20.0235266666667	990942516.287109
20.055685	966765189.492188
20.0915716666667	984682503.880859
20.125255	914550331.662109
20.157615	929563279.8125
20.191365	880230443.503906
20.2247866666667	955861418.957031
20.2535133333333	823403440.365234
20.2865883333333	867423904.720703
20.3206266666667	927355199.515625
20.3504233333333	891293299.068359
20.3855183333333	926871483.160156
20.418335	871936621.367188
20.4519116666667	932835076.451172
20.4836416666667	964246478.744141
20.5179766666667	1031807385.94531
20.5537666666667	950584101.507813
20.585795	855630181.894531
20.6178416666667	854802564.898438
20.64672	932711665.4375
20.6773066666667	955714426.767578
20.7099616666667	790021653.207031
20.7441916666667	895130843.957031
20.776155	876794505.734375
20.8101483333333	1002787605.16797
20.84532	893367405.359375
20.8838366666667	860441180.53125
20.9197816666667	845268235.949219
20.9520583333333	818832672.886719
20.983565	820767407.794922
21.0146083333333	964617151.84375
21.04396	965842936.046875
21.0751066666667	867361481.044922
21.1081716666667	956673114.267578
21.1408066666667	982715247.933594
21.173545	841667661.050781
21.20843	958566935.902344
21.23921	876228490.265625
21.27096	984539111.431641
21.3068016666667	917493757.238281
21.3392416666667	913208083.582031
21.371525	808237230.064453
21.4050966666667	806489746.511719
21.4380283333333	852022956.052734
21.47262	811670801.53125
21.5110933333333	944227482.785156
21.548095	1060446042.07422
21.5811633333333	987982260.269531
21.617315	1021485458.80469
21.6509616666667	1017274661.56641
21.6835133333333	980290097.113281
21.718385	923951365.285156
21.7503416666667	902236640.042969
21.7848816666667	1044318124.29492
21.817355	862580111.464844
21.85406	939875197.230469
21.8902666666667	869058163.080078
21.9274216666667	767422034.863281
21.96186	933074970.769531
21.9915716666667	882638746.267578
22.02352	891988800.912109
22.055185	857622423.910156
22.088975	828330527.921875
22.12045	936254818.90625
22.1508166666667	917325839.060547
22.1838283333333	1006606376.99219
22.2182033333333	913739947.476563
22.2517133333333	883176762.564453
22.2817416666667	947221630.990234
22.3170583333333	936620863.677734
22.3531033333333	1072827081.02344
22.3853983333333	934684633.367188
22.4162716666667	885501482.939453
22.4496116666667	941843346.394531
22.4819416666667	1003379282.23047
22.5186816666667	954592571.523438
22.5507183333333	905110235.001953
22.58444	913214384.015625
22.61979	980956075.707031
22.6526283333333	889579149.648438
22.6837616666667	843181118.802734
22.71615	842303888.136719
22.74652	876595956.398438
22.777825	859384124.851563
22.8105733333333	925437831.152344
22.8416666666667	1020745671.29102
22.8714866666667	921653589.978516
22.9047	959320727.953125
22.9406266666667	1006174371.25586
22.974765	982078830.802734
23.0059833333333	1190803422.51758
23.03815	995876742.123047
23.0713633333333	1105036584.29297
23.10546	1012005450.45313
23.141825	980226621.660156
23.1761733333333	1173734133.07422
23.20754	994453222.611328
23.243255	1036280498.51758
23.2741966666667	923598778.763672
23.3058316666667	900269240.359375
23.33949	834280894.113281
23.376335	981867432.648438
23.4092416666667	954423429.1875
23.44054	902814672.107422
23.478365	901321398.683594
23.51095	1068245523.37305
23.5458683333333	1096438802.80859
23.5793016666667	1059802435.9707
23.6131083333333	978379642.435547
23.6456316666667	962034121.208984
23.6805166666667	1001701489.25586
23.7140916666667	1091455637.07813
23.7447316666667	1326631065.62109
23.7766033333333	1193176448.35547
23.8126916666667	1113417729.91016
23.8485583333333	1081114885.47656
23.8850766666667	1179381094.44531
23.9133466666667	1146484363.09961
23.9482866666667	1132293133.58594
23.9803016666667	1213696896.29688
24.0130066666667	1207699131.2168
24.0449083333333	1065496436.79492
24.0798616666667	1215839653.60547
24.1102283333333	1155579565.51172
24.1427366666667	1095251962.80273
24.1737316666667	1066023234.84375
24.2063116666667	1101785966.57617
24.2359166666667	948112602.707031
24.26921	889707493.203125
24.3017816666667	1038981483.84375
24.3319566666667	1145839432.32813
24.3627433333333	1161741265.90234
24.39341	1086568103.17188
24.425825	958668348.941406
24.4588916666667	1012098484.47656
24.4932616666667	1014226986.25
24.5260366666667	1154357480.47656
24.559675	1234834119.79688
24.5906233333333	1172826089.75391
24.6236816666667	1173292695.37695
24.6557566666667	1081401379.97656
24.6895683333333	1170823882.94531
24.7225933333333	1094315724.56055
24.75379	1004225944.4082
24.7855916666667	1007606712.98242
24.8222866666667	944832864.238281
24.8523433333333	973486744.943359
24.88705	1149007292.61328
24.9219583333333	980716620.609375
24.9555483333333	1004146832.98438
24.987745	917394835.634766
25.0198883333333	1073103977.95703
25.0525283333333	1195213305.375
25.0841933333333	1124649093.66797
25.1160316666667	1087568233.68359
25.1483466666667	1033127794.71875
25.1827883333333	1119064085.33203
25.2131616666667	1010749993.7168
25.246605	1035285564.20117
25.2769166666667	960058010.369141
25.3123666666667	1033205228.83398
25.342205	932698591.289063
25.3761416666667	935016502.076172
25.4093766666667	1036718104.4043
25.4436433333333	1042553761.30469
25.4796483333333	1029131139.86133
25.5121183333333	952057776.816406
25.5450683333333	1060974945.43359
25.580175	971632063.019531
25.61481	986305230.525391
25.64712	1016734484.17773
25.6774533333333	1068399850.09375
25.7105616666667	1004785634.53906
25.7429933333333	1001311571.90234
25.7739466666667	1005959127.69922
25.8051083333333	919426729.337891
25.839085	961683539.751953
25.872135	1105910342.8125
25.90462	1129660504.25
25.938685	1082606514.01953
25.9707966666667	1168666687.34961
26.0020666666667	1090583230.33984
26.0329	1062516938.9668
26.0673783333333	1029857650.05469
26.1016366666667	1053262993.48828
26.1356233333333	1068574534.79688
26.1694016666667	1043292824.27734
26.200865	995271910.035156
26.2350583333333	995172135.429688
26.2679333333333	970825587.300781
26.3009316666667	920954641.716797
26.3343283333333	1001487367.75586
26.36643	1006838763.75
26.3999666666667	1031669839.44141
26.4314666666667	920659370.597656
26.4624816666667	983177447.101563
26.4955666666667	961671206.578125
26.5273633333333	1059748978.57227
26.5593983333333	988903850.546875
26.5923366666667	1028090391.42383
26.6252533333333	1121773569.25781
26.6579083333333	1211060525.09766
26.6883933333333	1092159738.13281
26.7231133333333	1116939727.23438
26.75598	1120435475.72461
26.78797	1189871349.00781
26.8204616666667	1183552242.58984
26.85183	1168065983.15234
26.8849716666667	1099868179.82031
26.9177816666667	1113740140.60547
26.9520733333333	1374285577.35547
26.9837216666667	1214863458.48828
27.0155433333333	1325549275.34766
27.0484966666667	1270081229.96875
27.0796383333333	1201484328.30859
27.1090833333333	1260366222.58203
27.1433	1259802240.80469
27.1768866666667	1299270448.88672
27.208515	1017224728.43359
27.2389083333333	1141335153.47266
27.2713083333333	1176232339.82813
27.3025716666667	1116071213.51172
27.334395	1073182780.57422
27.367925	960282186.5625
27.3992366666667	1022687138.14063
27.4303783333333	1140398834.78516
27.461285	1015785579.21875
27.4934366666667	1027252826.17578
27.5253033333333	900527375.634766
27.5588583333333	1000486428.59375
27.58933	1047966231.94141
27.6206533333333	1090620293.89063
27.6525	999347969.662109
27.683165	1157474584.62891
27.7143183333333	1136339413.62891
27.7448183333333	1117009362.73828
27.7777416666667	1220716539.80469
27.8095233333333	1261733602.01563
27.841935	1372503826.46484
27.8738866666667	1077037178.19922
27.9033666666667	1199968829.5
27.934515	1128292241.76563
27.9658366666667	1253025543.94531
27.9975916666667	1136770752.24609
28.0318316666667	1160939707.33594
28.0665833333333	1169404379.33594
28.0982666666667	1342410335.96484
28.1299616666667	1165517180.57422
28.1630766666667	1177194605.48438
28.1962766666667	1138116690.75781
28.2288383333333	1291198305.88672
28.26161	1149085455.17188
28.29297	1408300001.97266
28.32376	1251397429.21094
28.354955	1532135375.78906
28.3856616666667	1358830994.67578
28.4177016666667	1608773194.35547
28.4474383333333	1357034105.90625
28.4773233333333	1692833709.85547
28.509155	1694137032.32813
28.5423333333333	1849175215.63281
28.5742666666667	1925371229.25781
28.6079883333333	1727887501.24219
28.6424216666667	1894244737.86719
28.6722416666667	1984832661.47266
28.7048466666667	1875305855.27344
28.7378533333333	1824244760.92188
28.7688233333333	1738490952.17578
28.7995233333333	1783988993.51172
28.8315216666667	1940527878.59375
28.862855	1790790000.9375
28.8949733333333	1875254113.96094
28.9275633333333	1949378320.67578
28.9584516666667	1890791528.78906
28.9906666666667	1890866113.45703
29.02349	2001294317.16406
29.0548333333333	1511618383.21875
29.0885283333333	1439206260.22266
29.12093	1525751966.39063
29.1542983333333	1693509425.49609
29.1866366666667	1570298132.85938
29.2209866666667	1462848363.625
29.2529366666667	1346395606.38281
29.28714	1174891777.23438
29.3204666666667	1272483997.75
29.3520716666667	1301442788.67188
29.3825866666667	1092583901.97266
29.41441	1182988538.18359
29.4447616666667	1267445514.32813
29.4754666666667	1303347991.56641
29.5061166666667	1298087799.08203
29.5374283333333	1341524718.35547
29.5682233333333	1319591228.1875
29.6004833333333	1583662875.34375
29.6310083333333	1582612189.17188
29.6619416666667	1420987072.23047
29.6946583333333	1527019476.91797
29.72534	1605509167.63672
29.7562016666667	1429955159.55469
29.788345	1420489015.10547
29.819165	1466932371.43359
29.85121	1497063131.07422
29.881925	1379969851.93359
29.91513	1420277914.54297
29.9480066666667	1364436915.33594
29.9805133333333	1373584700.45703
30.0126616666667	1345649355.24219
30.0433083333333	1454544010.44922
30.0759333333333	1378746254.98828
30.1073116666667	1500523130.89453
30.1400616666667	1542583245.79297
30.172905	1649711788.76563
30.2028583333333	1594148155.20313
30.233515	1539770909.60547
30.2654833333333	1704655038.84766
30.2992933333333	1584904420.60938
30.33161	1612499952.94531
30.3631416666667	1599008151.59766
30.3948283333333	1721864785.94531
30.425135	1983556656.89063
30.457115	1857634617.17578
30.4883633333333	2077419395.55469
30.520025	2190711670.98828
30.5523516666667	2104885285.8125
30.5839933333333	2418160809.96094
30.61562	2488832596.375
30.646525	2327776666.69141
30.677605	2318277225.92969
30.7096366666667	2456281004.09375
30.741005	2563200914.91406
30.7734116666667	2145803391.9375
30.8047533333333	2445034130.84766
30.8384066666667	2363577697.57031
30.8715183333333	2229219922.98047
30.9040133333333	2245844303.51953
30.93657	2220914791.625
30.9673383333333	2397267814.00781
31.0007233333333	2337899404.80078
31.032265	2406462091.21484
31.0638433333333	2229701778.72656
31.0971233333333	2317455334.13281
31.12658	2008597900.83203
31.1601783333333	2370595307.50391
31.193525	2311231825.06641
31.2266166666667	1993767437.94141
31.2576816666667	1945243427.34766
31.290605	2184008773.26172
31.3243916666667	1940571383.23438
31.3587	1819690134.92578
31.3931583333333	1762323283.23828
31.4246116666667	2017759863.39844
31.4572416666667	1763591726.52734
31.488835	1773959589.20703
31.5214383333333	1850596546.84766
31.5536883333333	1930750917.43359
31.58536	1821210827.14453
31.6171416666667	1878129991.45313
31.64938	1764906729.40625
31.6808316666667	1938670490.75391
31.71242	1835602521.6875
31.7429316666667	1979834485.84766
31.7747	1787544836.15625
31.8049083333333	1823692371.66797
31.8383933333333	1871990035.40234
31.870575	1818828667.30859
31.90067	1854328465.65234
31.932045	1860115719.82813
31.9622466666667	1758386612.48828
31.9929133333333	1695160711.30859
32.0228633333333	1806408902.59375
32.0545033333333	1934588777.25391
32.0853816666667	1937872958.91406
32.1160816666667	1812479010.42188
32.1481683333333	1894194725.60156
32.1788	1812867216.625
32.2098533333333	1960621755.43359
32.240655	1948688959.77734
32.27141	1767000689.24219
32.3017133333333	1814312812.65234
32.3341666666667	1781563066.05078
32.3646933333333	1664055556.52344
32.3977716666667	1769901454.57422
32.43084	1790386151.58594
32.461935	1935876690.10547
32.4944916666667	1728796244.95313
32.525345	1850024861.24219
32.55936	1971650873.80859
32.5916933333333	1819635063.87109
32.6239966666667	1923997602.24219
32.6560816666667	1885594687.42969
32.68934	1712153070.30859
32.71974	1841808077
32.7535033333333	1736154077.72656
32.7846183333333	1906385260.71484
32.8160366666667	1737891998.01172
32.8470283333333	1757214541.22266
32.8780633333333	1693358281.65625
32.9121666666667	1738811558.0625
32.9432583333333	1723276889.9375
32.974895	1647363695.10938
33.0075916666667	1799636772.73438
33.0399066666667	1528825605.82031
33.070345	1711328100.79688
33.1002266666667	1508914199.35156
33.133025	1608098515.96875
33.16542	1598700180.62109
33.1969633333333	1777177557.84375
33.2266516666667	1574970228.41797
33.2576116666667	1637280264.26172
33.2898083333333	1538101362.13672
33.32108	1790259878.37109
33.351665	1652487563.85938
33.3841483333333	1625807899.45703
33.4156816666667	1647455551.51563
33.4481766666667	1505790373.5625
33.4791183333333	1452261699.53125
33.5121	1538239324.375
33.5440133333333	1537746567.05469
33.5749016666667	1546459345.42578
33.60502	1750346375.46094
33.6363883333333	1816365569.93359
33.6674916666667	1796659673.78125
33.6970316666667	1841389435.41016
33.7278316666667	1785656924.03906
33.7597083333333	2048324828.33594
33.791145	1838084907.76563
33.8222566666667	1844048480.16797
33.8540316666667	1904905644.90625
33.8872833333333	1843394686.43359
33.92096	1932208514.60547
33.9504616666667	1880446875.34375
33.982005	2073103609
34.01438	1759366635.15625
34.04617	1859700937.84375
34.0784766666667	1615604701.12891
34.1125533333333	1779621691.77734
34.1423666666667	1784071388.08203
34.1735483333333	1815180925.32031
34.2058933333333	1799457315.13281
34.2343933333333	1816809617.38672
34.2664633333333	2079876160.42188
34.2975383333333	1913647561.13672
34.3301616666667	1956048904.44922
34.361665	2001938310.82813
34.3930833333333	1809098149.87891
34.425825	2009139329.16797
34.456985	2007651920.55469
34.4885	1836802037.73438
34.5207016666667	2027404269.51953
34.5525033333333	1841702329.84375
34.58246	1849057276.19141
34.6136933333333	1998223044.28516
34.6441166666667	1982961655.18359
34.6747633333333	1724288765.28906
34.7069483333333	1744339553.15625
34.737845	2029633917.15234
34.7687166666667	1832163404.68359
34.7996466666667	1821508909.47266
34.82996	1844871738.94922
34.8614233333333	1755455627.38281
34.892315	1808362146.81641
34.9237116666667	1979630877.98047
34.9551916666667	1796509808.83594
34.98527	1757124898.93359
35.0179133333333	1791836748.375
35.049695	1993426749.22656
35.082045	1895333711.68359
35.1141683333333	1926392349.98438
35.14725	2059026049.16406
35.17868	2160221739.57031
35.2103216666667	2133945761.64063
35.2423416666667	1965831034.60156
35.272515	2128529254.15625
35.3029833333333	2050174972.875
35.3348783333333	2021778012.46484
35.36761	2138548682.70313
35.397745	2133799580.68359
35.4274616666667	1967357959.87109
35.4601633333333	2106459067.18359
35.491835	2046465474.67188
35.5234816666667	1956549736.8125
35.5560133333333	1883615134.20703
35.588465	1935830551.16797
35.6214983333333	1863176294.75391
35.6527866666667	1810089994.21484
35.679145	2068658204.32813
35.7119933333333	1896614625.47656
35.7447583333333	1825108444.15234
35.7773583333333	1811657150.66406
35.8079533333333	1816068950.57422
35.8391983333333	1757269682.86328
35.86822	1987096817.68359
35.899495	1665473033.91406
35.9307066666667	1903638822.70313
35.962365	1782610044.80859
35.9939433333333	2051204317.78906
36.0252116666667	1952477230.32813
36.0572216666667	2075059460.08203
36.087755	2036436791.69141
36.1190466666667	2101323530.78125
36.1504916666667	2029587824.125
36.1811166666667	2003702866.07031
36.21192	2072104769.41016
36.24328	1773662448.04688
36.27543	2035161473.50781
36.3075816666667	1927819590.54688
36.3390766666667	1887538962.86328
36.3699133333333	1942483412.86328
36.40246	1840649454.72266
36.4352533333333	1810678510.53906
36.46752	1784329153.75391
36.499345	1636716969.32813
36.53075	1600047688.00391
36.5604533333333	1780990784.01172
36.5915866666667	1756975333.52344
36.6229466666667	1779381963.83594
36.653275	1696089784.85938
36.6847216666667	1873844382.80078
36.7166166666667	1801409812.00391
36.7478533333333	1846879287.01563
36.78026	1816419793.27344
36.8124566666667	1908575061.82813
36.8429316666667	1884869662.15234
36.873345	1912775103.84766
36.903485	2147995065.75781
36.9330016666667	2087266249.21875
36.964615	1982519554.23438
36.9966716666667	2104074155.33594
37.0272483333333	1943445939.17188
37.05877	2139490923.73438
37.0906433333333	2108786092.36719
37.121205	2191405380.77344
37.1521933333333	1951151572.69531
37.1825666666667	1940427625.33203
37.21348	1952589265.5
37.243845	1764605540.14844
37.2774683333333	1754851508.02344
37.3097933333333	1852330385.69531
37.3419483333333	1750901668.90234
37.37312	1792614177.70313
37.403715	1750962822.56641
37.4348966666667	1656830025.29688
37.4677066666667	1653552634.71875
37.49941	1717480916.60547
37.5297683333333	1768856200.39063
37.5629716666667	1769607933.42578
37.594765	2002194147.00781
37.62693	1781529746.35156
37.65786	1847344172.22656
37.689355	2028744019.58984
37.7208183333333	2086592219.67969
37.7522533333333	2082070997.76953
37.784125	1994858910.75391
37.8162333333333	2188775227.64063
37.846995	2063991350.83984
37.87752	1987202477.15234
37.9101366666667	1882618378.39063
37.941845	1888248243.55469
37.9724516666667	1910280790.04688
38.0051733333333	1826440905.10156
38.0374233333333	1868308839.03906
38.06761	1783836671.33594
38.1001683333333	1880299754.3125
38.13181	1831263328.15625
38.1632833333333	1549724723.09766
38.1951833333333	1501245492.80078
38.2272116666667	1646870963.80078
38.2592216666667	1753805783.875
38.2903333333333	1788608624.87109
38.3218483333333	1973401346.30859
38.3526133333333	1855989529.97266
38.3854466666667	1832871456.72266
38.41586	1844027596.52734
38.4456283333333	1841249862.53125
38.47625	1844288820.60938
38.507705	1750537423.625
38.5383366666667	1832192365.76953
38.5694866666667	2063175264.08594
38.60179	2122147490.19531
38.6337133333333	2132126187.07031
38.6661	2333991537.07031
38.6972033333333	2052268988.78906
38.7283216666667	2074960117.63281
38.7593366666667	2132982015.62891
38.7906433333333	2065191601.08594
38.8229366666667	2167812817.63281
38.8545033333333	2063489719.375
38.8871583333333	2058919404.85938
38.9172083333333	1842365744.81641
38.9502066666667	1986351730.63281
38.9815116666667	2003967892.76172
39.0115866666667	1968675336.96484
39.0432533333333	1814720834.23438
39.0756616666667	1925378826.84766
39.10646	1833739211.54297
39.13796	1857899074.88281
39.1702566666667	2012367957.375
39.2016933333333	1773403677.82813
39.2341266666667	2062926645.64844
39.2643216666667	1947337691.59766
39.2944733333333	1973233602.66797
39.324825	2100452624.89063
39.35448	1912715674.08984
39.3857433333333	1855565916.87891
39.417185	1911403160.89063
39.44916	1968686365.47656
39.4810216666667	1948017539.33594
39.5112816666667	2071361156.91406
39.54026	1912122680.17188
39.5716233333333	2077699448.55859
39.6041516666667	1883754396.17188
39.6374316666667	2169906749.13281
39.6706166666667	2087620135.64063
39.702815	2277525570.88281
39.7341466666667	2066342629.98438
39.7639316666667	1875095344.96875
39.7957666666667	2035447317.9375
39.8286283333333	2062278126.28125
39.8592633333333	1977448340.25781
39.8893766666667	2059846758.16016
39.9217216666667	1720462162.77344
39.9535566666667	1788952627.62109
39.98538	1789488557.53516
40.016675	1649506194.25
40.0481516666667	1623743385.45703
40.0793083333333	1625268134.95313
40.1088866666667	1794259477.44531
40.140105	1598795024.17578
40.1705283333333	1777870662.40234
40.20116	1818555865.05078
40.2310083333333	1980653701.07031
40.2624283333333	1912810744.82813
40.2932016666667	2028458719.78906
40.3226216666667	1989811864.76563
40.3538766666667	2043550359.16016
40.384865	2064218124.91406
40.415755	2105692448.5
40.44735	1998863629.17188
40.4778933333333	2215480290.99609
40.50866	2016522136.40625
40.540305	2190884006.14844
40.5720866666667	2007255537.34766
40.602465	2163094077.59766
40.6339483333333	2303808928.23438
40.6641783333333	2217273475.66016
40.6951266666667	2208913644.72266
40.725135	2420388774.20313
40.75684	2162229959.67969
40.78836	1970327114.33594
40.8182433333333	2138135792.58594
40.8500133333333	1967881995.36719
40.88226	2075238552.08984
40.9138916666667	2053175552.19531
40.946255	1808634695.90625
40.9795583333333	2034339056.29688
41.01063	1710428292.54297
41.0429183333333	1928637377.10156
41.074475	1792156350.59375
41.107275	1806105740.625
41.1388416666667	1821102921.03516
41.1704333333333	1858631589.65234
41.2004783333333	2063040978.42188
41.2305516666667	1772667901.09766
41.262215	1958496883.45703
41.2922266666667	1988655721.75781
41.3229533333333	1997308569.0625
41.3547916666667	2185753275.05469
41.3867416666667	2126396769.46094
41.418525	2005559707.46094
41.4490733333333	2072923593.10156
41.4818683333333	1893053470.63281
41.5132933333333	2116959594.27344
41.5442983333333	2072445916.63672
41.5751266666667	1994672797.625
41.605855	1892620407.62109
41.63785	1965415641.71875
41.6701616666667	1864219260.51563
41.69943	1824591568.08594
41.7309	1851287423.60156
41.7635016666667	1868696092.35938
41.7946983333333	1747256704.67578
41.8256966666667	1805008253.69531
41.8567166666667	1716559944.09766
41.8884	1736756392.08984
41.9193266666667	1553070269.90234
41.9501616666667	1730768221.26172
41.9819833333333	1648119345.01563
42.0118883333333	1621685621.04297
42.0423233333333	1692895335.35156
42.0739466666667	1686021012.17969
42.1049033333333	1875262086.26563
42.1367083333333	1839397237.88281
42.1684283333333	1954082873.35547
42.1980766666667	1867355332.28906
42.2280216666667	1879888253.76953
42.2575216666667	2012778374.07813
42.28986	1897556775.97266
42.320655	1778624117.27734
42.3508833333333	2085544354.39063
42.3819466666667	1909502854.38281
42.41254	1938873945.15625
42.442115	1910489321.5625
42.4730933333333	1884484364.21484
42.502795	1862074377.22656
42.5341516666667	1881515342.21094
42.56445	2091480994.40625
42.5967933333333	1976642952.54297
42.62782	2132121654.89844
42.6592016666667	2315628653.19531
42.69025	1966911950.62109
42.7223916666667	2151555166.43359
42.754635	2213415667.55859
42.7861283333333	2089433208.15234
42.8161966666667	2150458479.77344
42.8480466666667	2363501146.78125
42.8794033333333	2214732715.23438
42.91056	2065116660.35938
42.942665	2293845721.55469
42.97336	2049547501.94141
43.005415	2041278834.62891
43.0371083333333	2141762771.44531
43.0685783333333	2037197105.07031
43.10152	1928605797.73047
43.1344133333333	2066709394.96094
43.167605	1957999679.54297
43.2004033333333	1881243578.08984
43.2344066666667	1919778217.36719
43.2660316666667	1916260639.17578
43.2962116666667	1983654429.50781
43.3278	2024482785.22266
43.35853	2113088385.71875
43.38816	2253284531.25
43.4180216666667	2249717500.26563
43.4486583333333	2359847404.74219
43.4781483333333	2142197263.1875
43.508785	1970070711.53516
43.5396366666667	2050246395.78906
43.5703216666667	1900877748.79688
43.60055	2140843791.40625
43.6305666666667	2025908033.96875
43.6620166666667	2037171407.44531
43.6937666666667	1996817387.03516
43.7254416666667	1988158519.83594
43.7565366666667	2017684203.71875
43.7877033333333	1988196808.57813
43.8190116666667	1961939102.15625
43.8488516666667	2059697892.89453
43.879855	2082663207.93359
43.90978	2128585272.71484
43.9400783333333	2149576708.05469
43.9703633333333	2228268036.86328
44.0001033333333	2247724255.61719
44.0304866666667	2084934460.05859
44.0627933333333	2292941221.99219
44.0931616666667	2278372158.64844
44.1247133333333	2146001586.43359
44.1558816666667	2223084349.25
44.187445	2109460393.94141
44.2190066666667	2321698927.64063
44.2493283333333	2099800650.10156
44.27897	2165328532.10938
44.308485	2373557108.23438
44.33997	2244843197.10156
44.3705833333333	2268939470.07422
44.4001733333333	2303699389.125
44.4313566666667	2464125985.1875
44.4630883333333	2175921286.76563
44.4946816666667	2228299746.45703
44.5257683333333	2243503067.31641
44.55617	2125827363.39063
44.5886666666667	2148860775.1875
44.6208366666667	2285354124.26563
44.65279	2272906876.47656
44.6840883333333	2277340221.36719
44.7154066666667	2344074512.16406
44.7478716666667	2446955306.39063
44.7798816666667	2389467741.11719
44.8112666666667	2555369409.45313
44.8407516666667	2667021250.86719
44.8696183333333	2562988541.03906
44.899425	2619299055.45313
44.9295166666667	2633033935.88281
44.9585416666667	2743677809.10938
44.9893683333333	2695511819.49219
45.0192866666667	3013643561.48438
45.0498733333333	2583181684.78125
45.0811116666667	2637605576.16406
45.110865	2574835714.92188
45.1434316666667	2695385958.8125
45.1748133333333	2617891445.45313
45.2061966666667	2723573944.35156
45.23776	2766658434.3125
45.2691133333333	2650042228.63281
45.3009833333333	2778253697.78906
45.3325133333333	2804569456.46875
45.3629266666667	2769934730.96875
45.393985	2772842555.34375
45.4248033333333	2688090315.50781
45.4567666666667	2688656024.07031
45.4895016666667	2555354171.20313
45.521375	2550836205.33594
45.55355	2445082662.71875
45.5842933333333	2472170509.15625
45.61565	2334488732.15625
45.6459283333333	2310974158.82031
45.6776	2477570545.10938
45.708475	2338692013.52734
45.7399166666667	2248885707.87891
45.7718983333333	2314534013.57813
45.8033133333333	2368886143.76563
45.8331516666667	2340298927.21094
45.86432	2493279230.5625
45.8951783333333	2402367001.09375
45.92641	2246445126.35938
45.9574933333333	2216418696.08203
45.98992	2225099306.14453
46.02018	2204642008.26172
46.05176	2105456999
46.0825633333333	2094785698.1875
46.1140166666667	2085421568.55078
46.1446233333333	2207002720.97266
46.1758033333333	2159481465.34375
46.2064816666667	2258516107.04688
46.2354916666667	2184713150.35938
46.2660566666667	2373540552.10156
46.2979766666667	2325786219.99219
46.3300216666667	2191487431.64844
46.3598666666667	2196320055.40625
46.3899883333333	2062621256.41406
46.4218366666667	2052091393.23828
46.4542483333333	1892448479.94141
46.4862733333333	2197944612.01563
46.51843	2090272442.625
46.5499266666667	2012522905.76953
46.580645	2043065891.14844
46.6112266666667	2061543370.28906
46.64261	2034886821.72656
46.67506	2272200195.99219
46.7049183333333	2242348881.09375
46.7353016666667	2185036507.29688
46.76488	2341360901.76563
46.7946666666667	2387190863.70313
46.8250516666667	2460494709.42188
46.8560333333333	2421627875.375
46.8868966666667	2309194935.25
46.9177183333333	2280546529.90625
46.9489916666667	2134896815.11719
46.979775	2085587716.60938
47.0112383333333	1936049932.98828
47.0419183333333	1999101852.86719
47.0728816666667	2178328751.73438
47.1046933333333	2123721797.15625
47.1361716666667	2078267295.21875
47.16863	2088240549.75781
47.2013483333333	1995750263.05469
47.2330533333333	2172389487.25
47.2643916666667	2301908473.15625
47.2957933333333	2366161205.99219
47.32647	2336153755.98047
47.3568083333333	2515162502.875
47.387705	2570370279.27344
47.4196883333333	2441981055.73047
47.4506783333333	2662643038.28125
47.4807	2805574546.42188
47.5120133333333	2667677457.85938
47.5431316666667	3036952676.41406
47.5740416666667	2824741829.8125
47.60606	2717774833.125
47.6377533333333	2694073138.96094
47.6684366666667	2623833797.82031
47.6993316666667	2628325276.60156
47.7300416666667	2790026246.60156
47.7608666666667	2731039279.36719
47.7902366666667	2673425675.30469
47.8207733333333	2755789178.41406
47.8524883333333	2837768333.44531
47.8830683333333	2361406544.32813
47.91412	2373683829.59375
47.9452133333333	2358827114.21094
47.9770316666667	2274731607.02344
48.008475	2465006708.45313
48.0394016666667	2267434187.5625
48.0707583333333	2258274961.21875
48.10298	2357653077.28125
48.1355466666667	2256674022.32813
48.16882	2267186833.96875
48.20003	2273824126.01563
48.2328933333333	2253580971.08594
48.2639716666667	2427552111.16016
48.29407	2358503799.39063
48.325915	2314728315.98047
48.35598	2366635746.25
48.3884383333333	2223931202.67969
48.4202116666667	2412356117.71484
48.4520966666667	2394811742.30469
48.4826683333333	2360091549.36719
48.51613	2587372764.35938
48.54789	2397741300.07031
48.579445	2373911187.35938
48.611085	2374078058.4375
48.642385	2229950479.95313
48.6739566666667	2055814295.24609
48.70471	2089169447.39063
48.7364766666667	2355699128.97656
48.767545	2091858743.3125
48.7986266666667	2242114394.45313
48.8274483333333	2271548811.125
48.857645	2120186293.91406
48.88808	2185631896.35547
48.9184816666667	2350564323.21875
48.94987	2255758290.92188
48.9818666666667	2381919960.57813
49.0138716666667	2306554188.88281
49.0442066666667	2465363792.78906
49.075145	2458475405.96875
49.1067566666667	2807649656.875
49.13732	2499109716.91406
49.1699516666667	2583174816.10938
49.2009783333333	3011911516.64063
49.23247	2858080292.32031
49.2644183333333	2753163697.29688
49.29535	2837529700.875
49.3259416666667	2764420107.95313
49.35764	2683968598.70313
49.389115	2717107784.89063
49.4212533333333	2564113107.53906
49.45306	2476053902.05469
49.4849583333333	2626951721.28125
49.5172233333333	2761775064.9375
49.5482616666667	2877330098.28125
49.5797866666667	2843076576.16406
49.6118216666667	2900151451.8125
49.6438333333333	2783755909.65625
49.67587	2749783211.1875
49.7068533333333	2975909168.57813
49.7399333333333	3083014433.32813
49.7719766666667	2956973707.34375
49.80373	2712168162.07813
49.835555	2736577479.48438
49.8669133333333	3036676239.49219
49.89861	2881350760.84375
49.929905	2690011093.78125
49.9606166666667	2813095232.09375
49.9911733333333	2866579498.63281
50.0227266666667	2445262240.05469
50.05486	2694548464.79688
50.0859066666667	2567415723.02344
50.1177183333333	2797378086.03906
50.1487966666667	2306141846.92969
50.1814983333333	2456599351.55469
50.21266	2635709640.58594
50.244195	2371825273.95313
50.27537	2458055639.09375
50.30632	2397078026.46094
50.3371233333333	2633305310.10938
50.3681083333333	2433850785.20313
50.400355	2440405294.53906
50.4319233333333	2351463687.15625
50.4622316666667	2266101918.14063
50.4938416666667	2258708627.19922
50.5254583333333	2310433677.33203
50.5575916666667	2429426904.1875
50.5893083333333	2322135496.32813
50.6210916666667	2221893226.36719
50.652785	2393779570.94531
50.6835866666667	2314480432.86719
50.714965	2637608986.25781
50.745485	2633516573.8125
50.7763833333333	2522091612.38281
50.8070983333333	2520904666.02344
50.8380166666667	2506788229.33594
50.8704733333333	2583528539.73438
50.9029033333333	2444763557.05469
50.9338516666667	2739273295.61719
50.963975	2386218611.75
50.995285	2490172248.21094
51.02651	2508898379.96094
51.0571783333333	2392313069
51.0875483333333	2391380667.99219
51.119235	2394620404.05469
51.150545	2334144956.95313
51.1825916666667	2453795311.08594
51.2143383333333	2424778637.45313
51.24609	2442673562.63281
51.2786366666667	2710673118.76563
51.3109083333333	2819378052.76563
51.3431383333333	2705269663.09375
51.3747366666667	2655391599.73438
51.4073516666667	2379638260.64844
51.4382166666667	2628361437.66406
51.4697183333333	2292200968.78906
51.5009283333333	2504055821.87109
51.5327466666667	2511375097.57031
51.5644683333333	2231640934.63281
51.5959083333333	2009057327.60156
51.627365	2374819005.13281
51.65911	2150372971.68359
51.6895316666667	2191325444.96875
51.7218233333333	2097314452.93359
51.7542616666667	2057336034.39844
51.7867166666667	1881315413.51172
51.818005	1985084861.73828
51.849375	2028379010.51563
51.8810683333333	2253011088.13281
51.9120766666667	2182689305.96875
51.9430233333333	1994401729.23828
51.9732466666667	2027906648.52344
52.0039316666667	2262579981.60938
52.03429	2075960989.82031
52.0650433333333	2175180047.53906
52.0957216666667	2286860562.92969
52.125315	2200961087.53125
52.1567	2128852218.07813
52.1881283333333	2282216498.92188
52.2196683333333	2355268025.87109
52.2505183333333	2325362926.05078
52.2803	2402765054.00781
52.3114033333333	2460941056.71875
52.3417066666667	2463020079.61719
52.3707333333333	2502119082.15625
52.4018233333333	2554048840.95313
52.4325033333333	2388890281.32813
52.4645433333333	2273869541.59766
52.495625	2328764129.625
52.52667	2204174942.14063
52.558005	2544176875.67578
52.5896266666667	2387247488.85156
52.6198616666667	2271069417.42188
52.6505216666667	2370311016.40625
52.6809283333333	2298879247.07031
52.7122583333333	2414090301.25
52.7439466666667	2358500296.09375
52.775455	2367058981.32813
52.8077233333333	2387872417.94531
52.8402366666667	2386173675.35938
52.8716183333333	2684497720.00781
52.9027583333333	2296263681.44141
52.9334083333333	2274036264.29688
52.9658533333333	2242211354.91797
52.9986616666667	2214086598.36719
53.0303516666667	2155124424.20313
53.0617483333333	2088767584.69141
53.0925466666667	2008287560.38281
53.123845	2006201046.25
53.1558516666667	1883575029.60156
53.18783	1850688246.15234
53.2197666666667	1873102196.82031
53.251435	1999579748.01172
53.2830733333333	2027897524.74219
53.3146366666667	2065275669.30469
53.345765	2087077259.11719
53.3773333333333	2059685238.39063
53.4093516666667	2080088870.50781
53.441595	2263747578.35938
53.4719133333333	2211598327.39844
53.5047983333333	2226063562.01563
53.5335283333333	2063206054.57031
53.56605	2086185220.85938
53.5959	2116186173.90625
53.62725	2299127211.08594
53.6575266666667	2060844466.76563
53.6890133333333	2393711545.78125
53.719465	2227256573.52344
53.7516316666667	2300108528.92188
53.7840783333333	2224752901.32031
53.8155116666667	2317426475.89063
53.8464183333333	2426506257.78906
53.87696	2179172657.96484
53.9082266666667	2382817704.78906
53.9397783333333	2185758388.94141
53.9707283333333	2118857421.19141
54.0017233333333	2066362973.17969
54.0334916666667	2313860847.20313
54.0650566666667	2204144574.98438
54.0963916666667	2071602186.23828
54.1276983333333	2030946624.73438
54.15888	2130137215.17188
54.1910033333333	1997049891.47656
54.2235583333333	1947339513.65234
54.25412	1908690233.39063
54.2860416666667	2026568128.66797
54.31755	2049909432.80469
54.35027	1944551494.27344
54.3824966666667	2012067215.90625
54.41447	2170640293.61719
54.4459916666667	1901602929.26563
54.47829	1825920504.71875
54.50911	1925299086.05469
54.5396133333333	1868186187.83984
54.570145	1894903478.23438
54.5998233333333	1824424629.77344
54.629485	1837573505.51563
54.6590883333333	1940911703.85547
54.6901983333333	2229401594.5625
54.7225816666667	2025905643.79688
54.7540533333333	2145417839.21094
54.7851366666667	2039912830.06641
54.814965	2436640054.58984
54.8440016666667	2223237191.90625
54.8736483333333	2283433122.82031
54.90299	2275977615.09375
54.9334883333333	2313422918.24219
54.9649016666667	2216779850.19531
54.9960833333333	2587001428.99219
55.0276883333333	2275410554.92188
55.0577866666667	2203848615.79688
55.0887066666667	2187225168.21875
55.1185466666667	2522413390.22656
55.1493283333333	2440735542.10156
55.1804083333333	2463744467.35156
55.2119966666667	2389615275.04688
55.2442883333333	2423544198.48438
55.276175	2279713972.75
55.307975	2368479317.26172
55.3390866666667	2521476001.61719
55.3698733333333	2270193930.11328
55.4008533333333	2212106564.07422
55.4320316666667	2231509865.19531
55.4638183333333	2332577545.41406
55.4951766666667	2239688542.26563
55.5263133333333	2348304020.96875
55.557275	2114033243.91016
55.58949	2075577975.69531
55.6220116666667	2050327250.19922
55.6545333333333	2183256072.32813
55.686405	1959239196.04688
55.717505	2015267063.5
55.748485	2141959961.6875
55.7794	2254993574.39063
55.81089	2134072555.01563
55.8410133333333	2260494908.44141
55.8720316666667	2113209800.13281
55.9036033333333	2266069263.82813
55.9348183333333	2248183364.80859
55.9660683333333	2084032197.66016
55.9984016666667	1987613239.92578
56.0304966666667	2201010368.54688
56.0618683333333	2002878013.86719
56.094045	1957657679.34375
56.1274166666667	2038602426.11719
56.1586616666667	1835371561.14063
56.1896716666667	2048879169.99219
56.2202133333333	1989877020.1875
56.2521033333333	1949869391.3125
56.2840283333333	2295771711.36719
56.31505	2169340696.63281
56.3462033333333	2145044692.19141
56.3766116666667	2648294362.42188
56.4069033333333	2620396431.125
56.4370583333333	2931259451.4375
56.46828	2872269361.67969
56.4982116666667	2855391914.73438
56.5297133333333	2828697054.25781
56.5611783333333	2643412159.87891
56.5925383333333	2800036891.4375
56.6245333333333	2731703550.39453
56.65581	2617393663.71875
56.68845	2713101603.39063
56.7202583333333	2942767381.25
56.7521316666667	2356156805.74609
56.7843033333333	2330721305.5
56.8163233333333	2580564490.07813
56.8475916666667	2126808652.20313
56.87886	2110389233.01563
56.9103966666667	2220621591.00781
56.941985	1912517775.53906
56.9732766666667	2081668653.55078
57.0050233333333	2261509744.57422
57.035965	1997548471.57813
57.06806	1945086650.20313
57.09896	1827382637.89844
57.1302983333333	1816005790.76953
57.16151	2096988981.01563
57.1920466666667	1919891958.21094
57.2234566666667	1950933190.25781
57.2548516666667	1843381873.73047
57.287185	2152486376.78125
57.31831	1872984587.09375
57.3493416666667	2069186025.61719
57.3808716666667	1948065121.19531
57.4118333333333	1927972934.0625
57.4443416666667	1876101518.36719
57.4755816666667	1972229296.75391
57.5058316666667	2055151072.75781
57.53649	1996938212.50781
57.5688083333333	2381586005.71875
57.6000033333333	2247012161.96094
57.6306616666667	2205942907.48438
57.6625166666667	2098600377.15625
57.6944933333333	2216314753.74219
57.7261366666667	2165342566.98828
57.757055	2149876172.76172
57.7884616666667	2072748340.71875
57.8208916666667	2185397274.49219
57.8524716666667	2354770108.50781
57.8839316666667	2270546072.62891
57.914925	2126175173.46484
57.94635	2005370002.36719
57.9775533333333	2243772799.16406
58.0077616666667	2177749663.26563
58.03833	2254982522.03906
58.0694933333333	2411109304.43359
58.1006033333333	2514465164.45313
58.1317866666667	2633795383.02734
58.1624483333333	3022253390.125
58.1924683333333	2834731665.83594
58.2231233333333	3003291422.89063
58.25451	2630154288.625
58.285505	2682239848.92188
58.31606	2835572895.76563
58.347245	3174624931.1875
58.3796633333333	2940474927.4375
58.41089	2769147352.91016
58.44376	2662982635.90234
58.4755616666667	2672480745.26563
58.5092083333333	2395081933.05469
58.54145	2100144755.60156
58.5742416666667	2340877118.92188
58.605275	2331484561.50781
58.6364933333333	2052204548.60547
58.6680733333333	1972843654.14453
58.69863	1990077852.44922
58.730465	2148664892.73438
58.7617383333333	2048684487.45313
58.7945033333333	1954422346.06641
58.8264833333333	1980333262.05469
58.859325	1864509948.48047
58.8916633333333	1868764885.49609
58.9219716666667	2205252377.03125
58.9538416666667	1800099894.23047
58.9843516666667	2022891431.07422
59.01533	1897606967.57031
59.0465816666667	1916276861.11328
59.0769733333333	1901894342.76172
59.1092883333333	1851453459.27344
59.14024	1916431406.80859
59.172105	2071576401.63281
59.20455	2106726886.48828
59.2362516666667	1920192585.29297
59.2679416666667	1966271457.16016
59.2977083333333	2064485473.08594
59.329145	2114822954.625
59.3608633333333	2080645458.16797
59.392745	2110567513.46875
59.4244866666667	2438867792.73438
59.45575	2019299275.27734
59.487085	2302156674.13672
59.518915	2306222887.50781
59.5497416666667	2238971673.83984
59.582145	2155367587.27344
59.6133016666667	2178842061.69531
59.6438183333333	2155754430.08984
59.67484	2347761469.625
59.705935	2201012385.38672
59.736865	2124362193.89844
59.7682416666667	2262195916.03516
59.799475	2157954635.61328
59.83093	2522635724.71094
59.8625383333333	2567090697.78906
59.894095	2353828847.125
59.9256983333333	2352066206.25391
59.9573566666667	2327626720.91406
59.98891	2400096968.78906
60.0203316666667	2191160934.875
60.0514383333333	2190160590.08984
60.0829433333333	2067897559.89453
60.1151733333333	2174034144.875
60.147285	1885925747.71484
60.1793833333333	1845020704.78125
60.2112266666667	1772126265.85938
60.2419966666667	1800681457.99219
60.27369	1788172810.62891
60.3060966666667	2045663087.04688
60.3359683333333	1829843478.64844
60.3668983333333	1989334293.85156
60.3971033333333	1875342973.73828
60.4279983333333	1943425754.29297
60.4589983333333	1973461448.46484
60.4906333333333	2129392819.53125
60.5219233333333	2061259433.35547
60.5541966666667	2354372982.30078
60.5857283333333	2260106119.49609
60.6159133333333	2449628827.0625
60.6469016666667	2204254749.37109
60.6783083333333	2181626552.10156
60.709145	2246710248.80469
60.7403683333333	2246522262.25781
60.77154	1991981357.98438
60.8020883333333	2011848944.17969
60.833445	2092731452.01172
60.8663433333333	1922898571.08203
60.8979483333333	1847762180.07031
60.92892	1866921312.66797
60.9608416666667	1850359559.16016
60.991555	2223841040.39063
61.02236	1965967369.0625
61.053285	1751436775.79688
61.0846433333333	1855671924.32031
61.1158016666667	1918932145.39453
61.1480316666667	1794127508.80469
61.1796533333333	1903932789.21875
61.211735	1879950067.53906
61.2421516666667	1991848410.20703
61.27369	1962640090.14453
61.303515	1750599657.72266
61.3341	1955861239.23438
61.3646583333333	1939462138.73047
61.3954133333333	2052804007.35156
61.4249216666667	1939621711.02734
61.4563433333333	1791589447.55859
61.487845	1874993136.72656
61.5200066666667	1850949764.51563
61.5514	1912579575.80859
61.582305	1776658057.54688
61.6146033333333	1845480927.64844
61.6449966666667	2076581513.45313
61.6763983333333	1833521475.35547
61.7070283333333	1740059913.47266
61.7385933333333	1857179289.58594
61.7688333333333	1837158837.10156
61.799735	1929570448.73438
61.8311966666667	2139970472.87891
61.8617583333333	2032397221.71484
61.8935066666667	2182289714.28906
61.9248266666667	2000261025.46875
61.9573433333333	1909251984.0625
61.989245	2162237891.42188
62.0208983333333	2212571215.35547
62.052195	2341917893.78906
62.0829766666667	2286986322.86719
62.114325	2055397019.05859
62.1454183333333	2025444038.74219
62.175915	2159547186.27734
62.2080666666667	2024009199.77734
62.2401316666667	2214411002.75
62.2714266666667	1944054122.90234
62.3032383333333	1886189971.25
62.3341616666667	1953749327.64063
62.3651283333333	2052741458.03906
62.3963733333333	1855279339.30469
62.42698	1759484804.21094
62.458225	2002203023.49219
62.4897383333333	1937621432.85156
62.5214	1798979977.67578
62.5532016666667	1766419145.61328
62.5844483333333	1947902261.91406
62.6156016666667	1763658923.60156
62.6468683333333	1993012396.26563
62.67764	2062766053.35156
62.7087116666667	1823967262.625
62.7411766666667	1967033798.68359
62.7723183333333	1764979341.51953
62.8031866666667	1993631954.99609
62.8345433333333	1812494101.32422
62.866785	1836466501.30859
62.8985	1846172127.22656
62.9297983333333	1949951984.22266
62.96251	1890007871.14844
62.9940883333333	2079579685.71875
63.0256333333333	2110004277.34766
63.0568883333333	2064521524.07813
63.0882483333333	2140724646.32813
63.1198916666667	2162253573.83594
63.151	2190451547.03906
63.181575	2348903581.73438
63.2112416666667	2341744691.78125
63.240565	2454483070.08594
63.272255	2250476132.28906
63.3045916666667	2062363770.92969
63.3354316666667	2105513758.69922
63.3670866666667	2064246582.30469
63.399165	1922433749.96094
63.429395	2178490659.30469
63.4597816666667	1995398632.19922
63.4905066666667	2089762026.48438
63.5213616666667	2043475989.71094
63.5526716666667	2174468339.5
63.5834233333333	2199651426.80469
63.6139833333333	2106373642.11328
63.6438216666667	2064798954.58594
63.673585	2131579762.55469
63.7039083333333	2273874437.07031
63.7342016666667	2180449438.25
63.7654766666667	2168680499.07422
63.7961166666667	2013278062.53906
63.8273016666667	2055082185.33203
63.8593266666667	1806284540.59766
63.89063	1886359598.62109
63.9217183333333	1921810450.11328
63.9533083333333	1866611927.65625
63.98507	1968636653.95703
64.016675	1675982376.27344
64.0489716666667	1666529167.73828
64.0808016666667	1949194057.25391
64.112355	1632298597.59766
64.1442616666667	1614964411.49609
64.1757283333333	1582329536.21875
64.207985	1626589039.14063
64.2392866666667	1688466290.76953
64.2709266666667	1614205820.41016
64.30112	1737325177.39453
64.3309733333333	1555366955.72656
64.3615883333333	1679785568.59375
64.39246	1722360135.66016
64.424225	1654196040.16406
64.4549133333333	1687824594.07031
64.48645	1713529847.60938
64.5182183333333	1825171926.54688
64.5489783333333	2188067519.85547
64.580345	2406611685.52344
64.611995	2028981987.28516
64.6435466666667	1976886594.39453
64.6759183333333	2258939079.875
64.707705	2094063563.08203
64.7397016666667	2049448795.9375
64.7715716666667	2344531447.69531
64.803	2121280165.67578
64.8346483333333	1917048273.76953
64.8658516666667	1944330116.17578
64.89795	1881022278.70313
64.9290033333333	2039229720.08984
64.960005	1812107481.97656
64.9909166666667	1917569492.10547
65.0233766666667	1837736617.42188
65.0556083333333	1849685410.19531
65.0872916666667	2051763442.04297
65.1178	1943772800.70703
65.15017	1869654828.48828
65.18217	2148163982.22656
65.2139933333333	1848074318.5625
65.2465316666667	1943183100.78516
65.2786616666667	2064264329.49219
65.3091466666667	1934034630.06641
65.340245	1914149200.30859
65.3708766666667	1967079916.67578
65.4017533333333	1857760945.53906
65.4331883333333	1956503269.49609
65.4635166666667	1808126908.20703
65.4952	2092654934.28906
65.52609	1938786772.01953
65.55859	2121798601.60938
65.5918166666667	1885261893.95703
65.6241533333333	2034473663.50781
65.65727	1862509513.89063
65.68972	1861656909.95313
65.7222083333333	2068474540.11719
65.7541816666667	1865879996.14063
65.7851366666667	2035178310.67969
65.8164783333333	2322852549.76563
65.84774	2246841826.34375
65.87918	2058688514.14453
65.9113016666667	2094258984.56641
65.94183	2234031726.94531
65.9730483333333	1882694550.4375
66.0037633333333	2107963363.84375
66.0354233333333	1932279957.88281
66.06667	2133450871.02734
66.0978583333333	1959049905.35547
66.1282933333333	2153065903.97656
66.160275	1925806546.90625
66.1922316666667	1972819837.52344
66.224045	2067296006.46875
66.25513	2126519483.9375
66.28737	1837670306.71484
66.3189483333333	1991399411.59375
66.3509766666667	1793501510.88672
66.3824233333333	2013706730.17188
66.4144783333333	1694100283.33594
66.4462633333333	1798715477.48438
66.478525	1769378154.89453
66.5098433333333	1704208978.55469
66.5419316666667	1516030567.08594
66.5736966666667	1855541058.35938
66.605455	1645176491.42969
66.6365883333333	1576137233.10156
66.6674883333333	1605386800.05469
66.6981333333333	1707112357.89844
66.7297716666667	1582683227.86328
66.7607533333333	1762963061.10938
66.7919516666667	1748587088.13672
66.8226133333333	1788241089.83984
66.8538466666667	1960819744.43359
66.88558	1860300955.24609
66.9166733333333	1959432445.40625
66.948725	1913977015.33984
66.9798533333333	1965342312.76172
67.0115566666667	1885011358.86328
67.0427383333333	2167629919.28125
67.0747083333333	2043261678.25391
67.10563	2315681088.96875
67.1360183333333	1979102039.87891
67.16835	1845567968.60938
67.1987066666667	2287547447.44531
67.2298983333333	2032955689.14063
67.2610166666667	1810084585.46875
67.2923583333333	1911665589.75391
67.323785	1913888979.19141
67.356355	2148793339.55078
67.387815	2230733444.42188
67.4194933333333	2213778460.38672
67.4514483333333	2146211219.05859
67.4831483333333	2118789671.59766
67.51446	2228604876.8125
67.5457933333333	2098743099.27734
67.5773816666667	1929506234.91406
67.6098316666667	1844940421.08984
67.64263	1962166912.24219
67.6756516666667	1760645551.51172
67.7079916666667	1698773807.04297
67.7405233333333	2010958783.02734
67.772275	1971880033.69922
67.8043516666667	1835832085.23047
67.8365833333333	1900891801.50391
67.8683416666667	1804772387.07031
67.89966	1961634502.32031
67.9322866666667	1652272348.44922
67.9641233333333	1638690928.22656
67.99506	1781090696.84766
68.0264616666667	1760141452.61719
68.057955	1579208296.91406
68.0900833333333	1814308029.82813
68.1225333333333	1526044724.09375
68.1547966666667	1736610631.67188
68.1864083333333	1488811873.17578
68.2184233333333	1515595553.36719
68.2499516666667	1724243095.04688
68.2808316666667	1620151790.84375
68.3130916666667	1685987945.51172
68.3450766666667	1595020895.64844
68.3762366666667	1741105533.21875
68.4062483333333	1637279938.58984
68.43671	1697870109.26953
68.4674833333333	1594627536.85938
68.4978216666667	1778436892.97266
68.5283083333333	1753331469.71875
68.5596633333333	2004904826.09375
68.59029	2034423795.14844
68.620545	2125900949.08984
68.650255	1938298416.73828
68.6817383333333	1829547733.46875
68.71315	2053096484.00781
68.743265	1976184870.26172
68.774815	1961686121.64063
68.8063433333333	1774458515.02734
68.8381316666667	1877650201.875
68.869055	1495964192.10547
68.9018983333333	1640742115.97656
68.9349483333333	1722290112.62109
68.96738	1603434914.91406
68.9991183333333	1590983097.76953
69.0305516666667	1634377506.15625
69.0625733333333	1541504906.86328
69.09456	1762041921.83984
69.1253066666667	1722013588.94531
69.1565066666667	2107341115.41406
69.1869916666667	1898039500.07422
69.2169366666667	2409324063.34375
69.2465316666667	2371313889.27344
69.27653	2230732257.64063
69.3066883333333	2268556047.42969
69.3376016666667	2457096669.01172
69.3678066666667	2687645479.4375
69.399105	2275534187.12109
69.4300016666667	2717347492.02344
69.4607816666667	2669639661.11328
69.4915516666667	2663039488.86328
69.521395	2488462804.98438
69.5526766666667	2210940165.39453
69.5833966666667	2182007809.17578
69.6143933333333	2055244434.46484
69.6454566666667	2276003001.60547
69.6776616666667	2249446830
69.7106816666667	2064011539.71094
69.7432883333333	2068831993.89063
69.7743833333333	2000298492.96094
69.807335	1898148877.42188
69.8395416666667	2042139093.94141
69.8712433333333	1704238130.125
69.9039066666667	1774138776.8125
69.9357266666667	1557194826.82813
69.9679066666667	1542610832.43359
70.0010966666667	1526949765.23828
70.03361	1794706360.38672
70.0651383333333	1455596965.71484
70.096495	1527241296.13281
70.1285633333333	1639601550.76953
70.1604066666667	1526783398.60938
70.19263	1517936650.1875
70.22365	1379689605.83984
70.2557916666667	1621990718.96875
70.2878283333333	1580844253.39453
70.319575	1482500372.16797
70.3519433333333	1603429141.39453
70.38352	1596943815.40234
70.4157716666667	1468732410.59375
70.448685	1804923454.36719
70.4809666666667	1638355717.55859
70.5137266666667	1724667016.57031
70.5463183333333	1599519691.95703
70.5800866666667	1679469754.19922
70.6123183333333	1605482311.07813
70.6441466666667	1814922958.60938
70.67699	2008056336.82031
70.7093783333333	1807689529.23438
70.7411883333333	1708570570.08203
70.7740183333333	1920248452.24609
70.8066766666667	1629152216.88281
70.84064	1522594942.54297
70.87382	1699001424.24219
70.9070633333333	1430820786.33203
70.9395416666667	1448214006.48438
70.972045	1397733855.96484
71.0048616666667	1660797660.28125
71.0369466666667	1465086792.53516
71.0694333333333	1432605341.30469
71.1010483333333	1408259319.19922
71.13298	1415042831.73438
71.1643866666667	1341894503.53516
71.19559	1365971398.23828
71.2269533333333	1441022544.25
71.258235	1642570126.01172
71.28871	1475784604.98047
71.3198433333333	1349666603.89844
71.3500383333333	1429243856.40234
71.3811833333333	1454782235.625
71.412005	1520513678.75781
71.4431433333333	1305503378.38672
71.4746716666667	1478254625.21484
71.50456	1710483001.73438
71.5358666666667	1837452639.98438
71.5669383333333	1747220720.93359
71.5970566666667	2042383721.375
71.6281483333333	1748176727.32422
71.6595233333333	1947815849.66797
71.6901333333333	1774517543.77344
71.72074	2166104466.15234
71.7524983333333	2253122144.91406
71.7830683333333	1997238555.54297
71.8138116666667	2047869444.18359
71.8455583333333	2226824296.82813
71.8768416666667	2183839434.46094
71.9084816666667	2351290515.91406
71.9400583333333	2034222352.875
71.9725283333333	1955736732.72266
72.0039666666667	2058521541.89453
72.0350233333333	1607136472.10938
72.0662933333333	1993808800.50781
72.0978833333333	2011739759.19141
72.1282933333333	1864360741.21484
72.1601	1897841094.8125
72.19102	1900805998.78125
72.2220516666667	1981798330.84766
72.25406	2155723725.21094
72.2867066666667	2500855231.28125
72.3190116666667	2191405169.69922
72.351315	2136840724.41797
72.383225	2159897952.88281
72.4140916666667	2169829074.35938
72.4463883333333	2028335929.79688
72.47804	2112274194.78516
72.5096766666667	1691339123.38672
72.5412083333333	1835895457.34766
72.5724	1529305359.36719
72.6043866666667	1502937754.60156
72.63671	1604893630.77344
72.66753	1485215416.63672
72.6984533333333	1556754646.66016
72.7292633333333	1554755730.53125
72.7613	1486717504.60938
72.7923166666667	1493933340.82422
72.82387	1419281214.75
72.8559266666667	1572474282.96875
72.8870133333333	1401473694.92188
72.9192466666667	1671484613.83203
72.9504683333333	1905080900.00391
72.9806016666667	2023453189.875
73.0123866666667	1680159907.42188
73.0433683333333	1868074819.31641
73.0737333333333	1960823904.58594
73.1053883333333	2159051176.62109
73.1356083333333	1937377551.3125
73.1677416666667	2043140226.78906
73.1980266666667	1937068901.21484
73.2300416666667	1734744916.66797
73.262565	1895919592.69531
73.2943766666667	1827309247.0625
73.325535	1711134385.92188
73.3579166666667	1950414283.83594
73.3896216666667	1625209141.71484
73.4220566666667	1461590519.69922
73.4544916666667	1575824077.58594
73.486	1535124979.69922
73.518235	1666463274.23047
73.5498616666667	1469466999.01953
73.579975	1659758408.97656
73.61133	1544409844.88672
73.6422916666667	1498226649.77734
73.6743916666667	1871481238.64844
73.7056916666667	1672628513.51563
73.7376916666667	1604921805.55469
73.7687983333333	1667850651.29297
73.8005716666667	1392063644.02344
73.8313316666667	1491366340.18359
73.8622983333333	1602220029.76953
73.8926266666667	1513403040.32422
73.923525	1646078715.85938
73.9550633333333	1642006623.74609
73.9866733333333	1587186865.55078
74.01838	1967387130.86328
74.0486166666667	1656807199.51563
74.0794683333333	1955097917.67188
74.111025	2045893970.92188
74.1430583333333	2197849813.92188
74.17562	2156419766.57422
74.2075666666667	2538995253.49219
74.2380666666667	2455430583.59375
74.2700433333333	2467559504.33594
74.3011466666667	2556154062.42188
74.3326783333333	2481124636.65625
74.3635483333333	2529319921.19922
74.395335	2203988187.14844
74.4270266666667	2216092374.13281
74.4581733333333	2055929649.88672
74.4903016666667	2306603383.57031
74.5213583333333	1833492678.96094
74.5534	1664508105.38672
74.5841566666667	1525459843.30078
74.6172216666667	1560773283.94922
74.6502683333333	1422305708.41406
74.6816933333333	1524221692.51172
74.7142683333333	1541131804.60938
74.745765	1360817147.85156
74.7773516666667	1315428264.25391
74.8095966666667	1398547583.0625
74.8406383333333	1510946070.47266
74.8731516666667	1455042593.93359
74.9043933333333	1257869587.30859
74.9359266666667	1178891998.5293
74.968555	1238684841.39258
75.0006216666667	1155847599.31836
75.0326166666667	1166007918.08594
75.0661783333333	1117833688.44727
75.097815	1242880400.86328
75.128445	1024662657.72266
75.1606766666667	1078400957.48828
75.19246	1056492136.42383
75.22504	1035835109.39453
75.2568183333333	978285682.746094
75.2896	1063900412.91016
75.3213583333333	889910462.212891
75.3525983333333	970171651.560547
75.3850316666667	1015184527.50586
75.4172966666667	1046700737.65234
75.448895	941254955.183594
75.4815716666667	954919392.90625
75.5135216666667	878611011.574219
75.5451066666667	926889858.744141
75.57762	1006964906.51563
75.610055	902475643.621094
75.6419866666667	915493922.955078
75.6744233333333	1047319686.14258
75.7064466666667	1000723171.57031
75.7382416666667	923204891.345703
75.7710066666667	983721932.591797
75.8019416666667	1073155303.36719
75.8330933333333	935469300.304688
75.8647816666667	1023360684.36523
75.896705	1077425401.83594
75.9289333333333	986673051.730469
75.9619666666667	998265600.791016
75.9948416666667	955198134.996094
76.0279583333333	853468605.078125
76.0610733333333	895001017.84375
76.0921666666667	950621373.619141
76.1240983333333	878316740.220703
76.1570916666667	916997743.279297
76.1889333333333	922603410.78125
76.2203283333333	1162616368.48438
76.2508583333333	1048872616.18359
76.2825533333333	1084679458.08398
76.313235	1090504690.14844
76.34465	1157626494.83594
76.3767383333333	1210475579.90039
76.40925	1207314538.29688
76.4410733333333	1085725668.48633
76.4730216666667	1082374830.05078
76.5047816666667	1134423256.33984
76.5367216666667	1118742076.66406
76.5685933333333	1037125757.8125
76.6012116666667	1011542569.29688
76.633635	1240179038.89453
76.665935	1039384633.67773
76.6976933333333	1016052702.85742
76.7296316666667	1234268949.91797
76.761105	1185917444
76.7928916666667	1068745821.51758
76.8256883333333	1257803886.61719
76.85799	1279913633.11328
76.8899516666667	1340573014.09375
76.9226716666667	1260831658.64648
76.9546033333333	1332825770.76953
76.986175	1507628961.28906
77.017185	1400108337.5
77.04955	1690929970.99609
77.0814316666667	1654446802.98047
77.1137033333333	1408065274.98047
77.14693	1510550757.04297
77.178535	1551233171.98047
77.2114116666667	1326934566.82422
77.2440966666667	1178519146.97461
77.2775916666667	1442016579.29297
77.3093133333333	1395192012.77734
77.3425583333333	1114247826.16016
77.376395	1144939180.19141
77.4096983333333	1148383622.12695
77.443025	1240143971.94141
77.4754	1196597133.88672
77.5075766666667	1125659177.1543
77.5411133333333	1176144300.38281
77.573395	1244741698.93359
77.605835	1313336183.96875
77.6365066666667	1155870254.95508
77.6682333333333	1061077988.65234
77.70087	1113461610.95898
77.73129	1037679177.42578
77.7639583333333	1343583212.66797
77.795465	977278911.269531
77.8276666666667	967375528.359375
77.8593283333333	1000123947.06445
77.890665	905841182.152344
77.9224366666667	830216101.267578
77.9544283333333	932018477.244141
77.9858383333333	945427067.232422
78.0178933333333	1000882230.31055
78.0499883333333	979305047.222656
78.08216	958816368.417969
78.11465	1056587545.11328
78.1470983333333	1018888685.05273
78.1804583333333	941055164.373047
78.2136983333333	924070521.863281
78.2479	929570031.345703
78.2801516666667	1038796281.21094
78.3133433333333	1116287988.36719
78.3462833333333	886687652.306641
78.3787333333333	894745186.498047
78.4113516666667	926986247.753906
78.4436766666667	1016858871.67578
78.475415	1000466780.13867
78.5081733333333	1092908181.39453
78.5400016666667	974209138.722656
78.5742316666667	1052907759.91211
78.6062233333333	992236966.048828
78.637595	1048101376.95117
78.6699966666667	1183754201.33789
78.70159	1164981556.41797
78.73353	1143515581.33008
78.7664866666667	1161063597.79883
78.7998233333333	1132340548.58789
78.8331633333333	1287832538.40625
78.8649416666667	1339119440.37109
78.8990383333333	1099510143.66602
78.9318316666667	1303461631.76563
78.964955	1159245237.42578
78.9979716666667	1229549780.44336
79.02965	1154689784.32422
79.0628	1021154420.0957
79.095575	975013845.076172
79.12796	876676071.679688
79.159815	845963014.671875
79.19298	1003801408.57813
79.2246366666667	825343263.421875
79.25914	872545945.085938
79.291315	839760644.253906
79.324625	745389267.085938
79.3567416666667	722760973.425781
79.3890516666667	759340552.587891
79.421	927262466.951172
79.4538933333333	923724787.382813
79.4870483333333	855656237.115234
79.5188816666667	894868368.755859
79.54999	970445088.228516
79.581635	963959930.275391
79.6138383333333	973278783.554688
79.64638	845006506.386719
79.6783383333333	917141982.962891
79.7111116666667	1125135248.83984
79.7441683333333	1043753202.32227
79.776285	1089651895.88086
79.808705	1067149207.21289
79.8415983333333	1036870104.85352
79.8738383333333	989521488.009766
79.90671	914600834.5625
79.938995	849670266.386719
79.9711933333333	949462738.900391
80.00345	1070628525.89063
80.0352066666667	918048493.039063
80.0681566666667	1002573699.05078
80.10095	1030158264.34766
80.1328166666667	1090235433.45117
80.1643566666667	1040124911.59375
80.196245	1180623559.7832
80.2284166666667	1327333972.63086
80.259785	1186401573.40039
80.29165	999602228.257813
80.3236933333333	1189801625.94922
80.3547466666667	1071987198.98242
80.3871	1193141698.04297
80.4182216666667	1180763722.48438
80.4487783333333	1256251396.82422
80.4802783333333	1033221268.29297
80.5113	1235738809.38281
80.542285	1168906207.99023
80.5733366666667	1130875717.69141
80.6054533333333	970300144.525391
80.6382333333333	782077987.734375
80.67032	866461784.767578
80.70138	761256948.662109
80.7327533333333	881752198.925781
80.76512	834954761.941406
80.7978616666667	811009409.802734
80.8311966666667	723046523.164063
80.86501	975839336.880859
80.8966883333333	900168605.414063
80.929095	1109217778.79492
80.9625333333333	1021516330.41406
80.99488	1079105751.88281
81.02488	980483094.712891
81.0557533333333	1278341869.54297
81.08677	1194789858.30469
81.117215	1360527028.82422
81.14919	1449411391.48828
81.1808233333333	1189503019.94336
81.2122016666667	1321778545.64844
81.244775	1436394703.32813
81.2769566666667	1291269326.83203
81.3099333333333	1238538212.38477
81.3425166666667	1272736971.17188
81.373745	1500689699.39453
81.4051583333333	1310531221.52734
81.4366916666667	1195047283.26367
81.4689366666667	1337060640.875
81.4998816666667	1259500031.60352
81.530825	1169941517.67969
81.5617166666667	1362664641.47656
81.59307	1228021392.80078
81.6255966666667	1322789317.3418
81.6574233333333	1317165185.2832
81.6884483333333	1189204172.48828
81.720985	1200404897.48828
81.75393	1298064337.16406
81.784385	1196532816.23242
81.8159183333333	1087540095.10156
81.847395	1088311358.9707
81.87885	1074198942.68555
81.9105333333333	1157106873.84961
81.9425133333333	1196480950.60742
81.9744566666667	1240103939.14648
82.0072216666667	1230372904.25781
82.0398583333333	1274839762.5
82.0719083333333	1123661960.38086
82.1041966666667	1259562275.92969
82.1357016666667	1320373480.28711
82.167355	1172831888.30664
82.19985	1263932193.42188
82.2316283333333	1643766447.88281
82.26332	1671142536.82813
82.2960016666667	1714751327.79102
82.3274783333333	1536566113.2832
82.3593933333333	1548214820.17383
82.3916883333333	1592132012.71094
82.4236916666667	1448143437.16211
82.4560683333333	1852617394.33984
82.4871383333333	1504505353.22656
82.52001	1688080103.07422
82.5517083333333	1335451511.58203
82.5846316666667	1326936067.04688
82.6169083333333	1585451835.07422
82.6490816666667	1364261833.4375
82.6820333333333	1544371569.99609
82.7127533333333	1345562589.17773
82.7445466666667	1031216373.71094
82.7772916666667	1174050960.8418
82.8094033333333	859770696.646484
82.842545	980340236.099609
82.8763266666667	914693609.542969
82.909335	956270854.677734
82.94087	718271588.263672
82.9737966666667	754964966.636719
83.005325	762080125.777344
83.0381633333333	785896624.525391
83.071095	782435926.164063
83.1044633333333	694472431.796875
83.13758	708848949.798828
83.170335	633273343.294922
83.20347	809969100.542969
83.2357683333333	668076105.035156
83.2683566666667	663834369.970703
83.300595	777970425.787109
83.3330366666667	603107058.522461
83.3667666666667	669156463.851563
83.3990283333333	880973325.353516
83.430375	801397318.398438
83.4610666666667	821368689.730469
83.4927333333333	930133544.769531
83.523795	754740395.582031
83.555105	729090976.740234
83.587605	681141868.851563
83.6207166666667	790818972.857422
83.65359	750444768.552734
83.6854283333333	792868997.982422
83.71695	701509570.517578
83.7508583333333	713579523.083984
83.7837116666667	726731886.660156
83.815605	821586789.886719
83.8477116666667	780262880.419922
83.8803383333333	726824692.820313
83.914105	661777849.230469
83.946295	687346033.189453
83.9789883333333	595178804.975586
84.0118966666667	720307439.0625
84.0442316666667	600995130.125
84.0768216666667	513335028.050781
84.1097133333333	631616343.996094
84.1421416666667	682411845.367188
84.1740333333333	602214990.823242
84.2056233333333	718566124.404297
84.2372316666667	792850133.078125
84.26995	803051720.65625
84.30282	849706172.259766
84.3346916666667	703682403.923828
84.36754	718201436.427734
84.3989633333333	645431638.824219
84.4308566666667	631749387.709961
84.4632816666667	763433743.255859
84.4950966666667	696915779
84.528	757126319.890625
84.5595683333333	701466347.073242
84.5942933333333	728368615.669922
84.62779	860125736.625
84.6602483333333	696135936.068359
84.6941583333333	656986148.798828
84.7267233333333	646908986.639648
84.7580983333333	623014015.263672
84.79136	592563480.958008
84.82323	567238454.013672
84.857595	537475984.975586
84.8902666666667	510292166.009766
84.9224883333333	502761638.146484
84.9546883333333	478055065.422852
84.9874	443718803.589844
85.0204833333333	450993736.833008
85.0528266666667	439329175.822266
85.0866316666667	401066691.655273
85.1199666666667	441940661.709961
85.1542983333333	398818113.743164
85.1873383333333	397963849.695313
85.2206866666667	362054300.600586
85.25417	350784353.570313
85.2885666666667	371177413.220703
85.3225633333333	353330207.193359
85.3554533333333	364168747.524414
85.3900233333333	343764152.445313
85.4250966666667	342031036.788086
85.4601366666667	299115670.65918
85.4955583333333	290157972.018555
85.5305516666667	264544015.914063
85.5671283333333	273502017.086914
85.6030383333333	275660905.641602
85.6386483333333	261458276.949219
85.6721783333333	272513826.335938
85.707055	246559849.468262
85.7419933333333	263763179.181641
85.7740533333333	260713206.645508
85.8086733333333	266082805.987305
85.8429916666667	296668830.855469
85.8795166666667	246738738.50293
85.9131733333333	236877993.382324
85.948485	229704015.833984
85.9832183333333	228536987.395508
86.01856	218607583.265625
86.0531866666667	232134385.927246
86.087755	225587923.105469
86.1233433333333	251523310.983398
86.1573016666667	237201998.719238
86.1923266666667	240354068.560059
86.226825	236059533.806152
86.260865	236950937.430664
86.2972116666667	231153158.051758
86.33135	231123345.003906
86.3651616666667	228808214.781738
86.39971	226829454.350098
86.4343833333333	222937427.827637
86.4691166666667	191581498.95166
86.5055166666667	194096337.925293
86.5400766666667	201959794.157227
86.579485	198504926.727539
86.6180133333333	186423085.030762
86.6542416666667	184237052.09082
86.6898733333333	174216977.075195
86.7263516666667	168504652.941895
86.7670016666667	168875323.472168
86.8030683333333	172952273.34668
86.8406916666667	166323847.640625
86.87768	180857184.625977
86.914395	171113717.841797
86.95483	159190115.736328
86.9908483333333	156951748.285156
87.025495	158544645.897949
87.06435	151146050.387207
87.0986966666667	159804992.199707
87.1356983333333	178530489.185547
87.1699966666667	160997214.065918
87.205285	158107791.963379
87.2408533333333	160602221.782715
87.277815	180067087.996582
87.3116616666667	175455857.804688
87.34801	184799304.789551
87.3839266666667	171077831.613281
87.418985	151985061.353516
87.4568666666667	161964985.075195
87.49408	152555677.132813
87.5295533333333	140663806.983398
87.5643316666667	147404571.049805
87.6053766666667	137942371.842285
87.64431	152410347.509766
87.6804	172528074.5625
87.72281	179568012.20752
87.757645	197486092.661133
87.7961383333333	196873190.105469
87.83299	180954580.255371
87.8711166666667	167682611.693359
87.9082333333333	151238462.735352
87.945695	154743693.037109
87.9836016666667	151531944.822266
88.0229833333333	142374286.116699
88.06095	136768588.846191
88.1002216666667	126186822.487305
88.1402983333333	120006688.648926
88.1802933333333	124557066.319824
88.2149583333333	122939558.647461
88.253705	124097513.391602
88.2899266666667	123847647.158691
88.3234383333333	128912294.510498
88.361135	130432227.569824
88.39884	133195786.837402
88.4354266666667	129952203.468262
88.470755	125572516.678711
88.5071	120271149.055176
88.5411966666667	125230666.581055
88.5771566666667	126692523.745117
88.616525	115727465.53833
88.6555566666667	120736365.126709
88.695745	115593788.336914
88.73903	114027015.92749
88.7786016666667	121143998.850098
88.8201716666667	126745410.620605
88.8602616666667	127885380.19043
88.8992533333333	126393499.099609
88.9395683333333	121324809.382324
88.9805766666667	125756587.720703
89.020135	128982919.084961
89.0613516666667	104646509.286377
89.1031016666667	111893429.13623
89.1435816666667	112632662.4021
89.183265	104509904.140137
89.2207716666667	101893111.442139
89.2575366666667	103557360.829102
89.2985933333333	112585608.599609
89.3337716666667	109736796.919922
89.3703383333333	108797445.093506
89.408615	109882312.047852
89.4458916666667	107906356.567383
89.482515	102961991.734863
89.5181866666667	97248667.4631348
89.554495	100879408.618896
89.5966716666667	93699351.0693359
89.63871	94004639.6115723
89.679985	91351802.614502
89.7221516666667	88689678.6635742
89.765995	89184178.2692871
89.8060216666667	88983171.3840332
89.8481333333333	86769555.2365723
89.8894966666667	86433981.8908691
89.929665	91154782.9008789
89.9692216666667	87039429.8598633
90.0127483333333	86422122.4475098
90.0565383333333	89772806.9912109
90.1007783333333	92326479.5510254
90.14271	90618111.2773438
90.1851083333333	96531439.4072266
90.2257516666667	97090798.482666
90.2665133333333	96632827.4143066
90.303085	89253549.9904785
90.3480316666667	94249709.1364746
90.38158	96651022.8225098
90.4191866666667	93467581.9475098
90.45728	96069834.3442383
90.4964233333333	97757875.4399414
90.5353216666667	105029359.650635
90.5729766666667	108055657.251221
90.6139316666667	99188974.3330078
90.656915	94955182.5786133
90.697565	91595993.284668
90.7396116666667	96194626.7624512
90.7831016666667	85664798.7746582
90.8231516666667	85383550.5114746
90.8643666666667	87835336.7868652
90.902555	84206154.1931152
90.944745	81021848.4443359
90.98615	83716682.7426758
91.0275383333333	86488251.5866699
91.0700366666667	90475411.4414063
91.1106983333333	90268915.7768555
91.151885	95645061.2705078
91.1901033333333	89769775.5947266
91.2350216666667	84787209.9135742
91.2717983333333	81539047.3320313
91.3165516666667	85722079.208252
91.3542066666667	83707601.1860352
91.393425	79441478.7141113
91.4301466666667	83442344.65625
91.466825	79982252.0522461
91.5067583333333	82785171.9780273
91.5482316666667	77630827.9562988
91.5904316666667	72984329.0612793
91.6324216666667	73627568.1621094
91.673945	76447146.4985352
91.7150383333333	71886656.0668945
91.757905	72766432.9450684
91.7989033333333	76957421.8664551
91.8386366666667	78901155.9790039
91.8810616666667	75546383.1181641
91.9214016666667	76685472.0522461
91.96395	72901635.7543945
92.006725	74169016.9482422
92.0502583333333	70267957.456543
92.0947183333333	73334559.4108887
92.1350816666667	75180924.8581543
92.1789383333333	66354506.1525879
92.2185433333333	69222891.1191406
92.2622333333333	68221915.7634277
92.30181	70443578.3244629
92.34663	70825849.0148926
92.385095	68036849.4963379
92.42653	67428012.0583496
92.4650066666667	69875924.7282715
92.5074216666667	69596533.3098145
92.5479616666667	67756324.7258301
92.5884333333333	67110884.4526367
92.6308833333333	68618690.418457
92.6709416666667	68319996.1687012
92.7146833333333	68509712.4951172
92.7541233333333	64456039.236084
92.7973333333333	66655848.5588379
92.8382066666667	72028490.1425781
92.8798116666667	69047222.8620605
92.92351	69315141.0644531
92.96837	72054390.2658691
93.0103266666667	66709641.8288574
93.0532566666667	69403781.1662598
93.0965316666667	69809094.2600098
93.1405733333333	74088361.1777344
93.1795283333333	67927654.0578613
93.2239133333333	74159416.1921387
93.2607766666667	70943492.439209
93.3033383333333	73583004.0270996
93.3406866666667	73919536.1564941
93.3847483333333	72230140.8259277
93.42471	66164285.3591309
93.465755	66890548.401123
93.5069766666667	66787545.1584473
93.546135	87122162.588623
93.583735	61957594.3552246
93.6259	65959487.9707031
93.6685866666667	58648029.6315918
93.7103566666667	59472292.6413574
93.7539566666667	62773723.1025391
93.7960866666667	75768707.7675781
93.83876	62406864.7668457
93.8839833333333	58417994.7717285
93.924845	65140930.9187012
93.9664816666667	88097721.486084
94.0083383333333	69346531.9841309
94.05094	63310759.7995605
94.0926916666667	60073036.3662109
94.1369266666667	68374590.0476074
94.1821816666667	87823638.6274414
94.2228633333333	80049556.755127
94.265575	83306722.8522949
94.30306	78846295.0163574
94.345625	75731328.9558105
94.3825383333333	78777618.270752
94.4237	78255755.1896973
94.463095	81591153.2790527
94.5046933333333	80321419.392334
94.5435366666667	79238841.6149902
94.5807716666667	76196774.1401367
94.6197183333333	64124095.1413574
94.66054	77716133.3317871
94.70327	89382140.2351074
94.74669	80864922.7524414
94.7887916666667	78512402.7729492
94.8304216666667	61359215.6281738
94.8726766666667	78674866.2280273
94.9137266666667	78888121.4416504
94.9557216666667	76641020.7053223
94.9966566666667	74045751.5129395
95.0387433333333	73666281.7629395
95.0810816666667	71374795.8994141
95.1199783333333	69196117.5231934
95.16266	73057047.5134277
95.2062916666667	70775665.2927246
95.2476133333333	70402267.6157227
95.2916483333333	72604111.204834
95.333095	71059595.7558594
95.3745866666667	70887112.0292969
95.4100283333333	90843756.4675293
95.444885	75994324.8586426
95.48429	85977219.8671875
95.5236016666667	78275143.3181152
95.5653683333333	72284379.5849609
95.601815	74537106.1679688
95.6426166666667	71117190.6994629
95.6830633333333	72881273.760498
95.7253566666667	67148631.2749023
95.7665783333333	58937733.6862793
95.8106883333333	74766199.0036621
95.8515383333333	73574210.0515137
95.89381	70953206.0068359
95.9377683333333	69684916.3803711
95.976085	66948039.4750977
96.0191466666667	71425089.4997559
96.061815	74780477.7775879
96.1019416666667	69365586.7260742
96.1438016666667	69532585.838623
96.18632	71249198.3024902
96.2299166666667	69572875.814209
96.2699266666667	70160876.503418
96.313245	68744387.017334
96.3570683333333	63543277.4597168
96.39865	61324916.8632813
96.43402	60634453.840332
96.4772383333333	64463302.3994141
96.5178483333333	63848467.0185547
96.5603033333333	63755787.0522461
96.60246	58945839.4157715
96.6410733333333	62817892.1896973
96.6821383333333	68957320.1789551
96.7236866666667	59233364.4453125
96.7651416666667	58908666.833252
96.8076716666667	62487156.7600098
96.85205	54245380.597168
96.89426	56205997.4204102
96.9390033333333	60258143.2067871
96.9844066666667	57933436.8657227
97.0204	59987932.6013184
97.064265	60246973.2272949
97.1089016666667	59361763.3208008
97.1482516666667	62115545.3686523
97.1895616666667	57881116.6191406
97.2327016666667	65935527.4748535
97.2754266666667	62729956.4282227
97.3166	63998813.4787598
97.3588583333333	56981645.2304688
97.401025	61107122.5361328
97.4432366666667	59217497.7983398
97.4784166666667	59033280.5344238
97.5220966666667	60148700.5993652
97.5617983333333	54525297.7851563
97.6052533333333	62137259.9223633
97.6505816666667	60300723.0869141
97.6862133333333	62806559.3103027
97.7260233333333	57892101.032959
97.76826	62304666.4057617
97.8094133333333	62627876.4020996
97.8480583333333	54725858.3996582
97.892735	54574364.5598145
97.9352866666667	56527034.0585938
97.9811633333333	52205859.1916504
98.0260566666667	56762674.345459
98.0651433333333	55589663.0483398
98.108005	56662305.2585449
98.1530516666667	57302013.3762207
98.1928416666667	57960480.5270996
98.23351	56368973.2856445
98.2761466666667	57263390.1037598
98.3189266666667	58642067.5617676
98.3601283333333	58399251.3815918
98.4042633333333	55412062.9465332
98.4469966666667	50379610.2023926
98.488985	52064569.9707031
98.5255916666667	48240243.1662598
98.5698616666667	55177753.0087891
98.60937	54169629.3237305
98.6539	53319032.1403809
98.6963366666667	52627094.1340332
98.7333333333333	53818173.546875
98.7759366666667	55750839.2104492
98.817965	60016718.472168
98.8588566666667	55149745.7446289
98.89969	52092927.0759277
98.942865	53707108.1948242
98.9883083333333	52487756.0131836
