RetentionTime	Intensity
0.0183583333333333	1803647.70986557
0.0505533333333333	7445028.71853638
0.0777216666666667	8358725.36889648
0.106865	8550457.40777588
0.134713333333333	9226102.35571289
0.161328333333333	8717495.3059082
0.191466666666667	8980606.49865723
0.222501666666667	6458693.70770264
0.252941666666667	6204047.63238525
0.283725	8941726.69787598
0.313958333333333	4917624.84750366
0.34565	6778098.14489746
0.375841666666667	5654214.76644897
0.406431666666667	5366135.77288818
0.438306666666667	4504164.68389893
0.47153	5655960.18490601
0.505203333333333	5041125.25939941
0.538231666666667	5763694.75524902
0.570361666666667	3979647.95822144
0.603928333333333	2891066.21199036
0.638843333333333	4472017.03366089
0.671443333333333	3211400.5736084
0.707371666666667	5891738.89416504
0.74167	5588224.89367676
0.774581666666667	5284592.06549072
0.809888333333333	5915876.35369873
0.844058333333333	4041489.60528564
0.880615	4531700.80252075
0.916045	8269368.90582275
0.950403333333333	4831339.28070068
0.984485	6507342.60440063
1.020085	6892975.04663086
1.05745666666667	5086903.56781006
1.08469833333333	4541863.91784668
1.11231833333333	6138283.87109375
1.140525	6251565.4810791
1.17056833333333	5081183.29727173
1.200795	3928030.74465942
1.23281	4440335.90026855
1.26421666666667	5194962.35162354
1.29764	4973924.59439087
1.32854166666667	5787502.91113281
1.36231666666667	5337909.54336548
1.393915	2474460.87638855
1.42653	3841130.07415771
1.46001	4216117.36428833
1.493645	4093507.44104004
1.52726166666667	5486816.39892578
1.560715	4672642.49145508
1.59607833333333	3742008.58569336
1.63289	4712359.99758911
1.66708	5579817.06750488
1.700165	5049764.32247925
1.73507666666667	5066278.88537598
1.77033	5150246.31912231
1.80452166666667	4928813.25323486
1.83976833333333	3995204.57681274
1.874805	4887404.27703857
1.91034666666667	5150841.76763916
1.94374666666667	5045147.81072998
1.979225	3777304.16339111
2.01619	3665164.66397095
2.05057333333333	2904456.73852539
2.08654333333333	13361619.5953979
2.11757333333333	14975293.6309814
2.14775833333333	20681917.6906738
2.17727666666667	24372592.7709961
2.20654166666667	33380841.3771973
2.23906166666667	30445398.3447266
2.2704	43499064.526123
2.301585	67685332.0976563
2.33023666666667	90591562.503418
2.36143333333333	98799748.8530273
2.39324	96420056.2607422
2.42589166666667	102544146.547852
2.45767166666667	73635162.640625
2.48669666666667	46501441.7420654
2.5127	33317261.1654053
2.538735	21570750.977417
2.56671666666667	12354663.5458374
2.59375	14181187.1069336
2.62264666666667	15377916.3554688
2.65101666666667	11919148.8380127
2.67996833333333	11440818.8859863
2.709915	10607765.2249756
2.736655	9639273.09088135
2.76779166666667	10871658.137207
2.79825333333333	10709747.3122559
2.82848	13237078.8464355
2.860535	16687081.3554688
2.89097	17692159.552002
2.92091666666667	14706389.9624023
2.95431666666667	14690042.4517822
2.98492166666667	15949742.3258057
3.01984166666667	16045904.8795166
3.05085833333333	16096010.9229736
3.08310666666667	16334421.8162842
3.115505	15165497.7558594
3.14627333333333	15898686.4505615
3.179965	17257240.6517334
3.21223833333333	11708204.1220703
3.24277666666667	15978216.9398193
3.27473666666667	15973187.9031982
3.307015	13149893.0197754
3.33547833333333	14838464.7095947
3.36752166666667	16237928.6973877
3.39910166666667	17270530.7008057
3.43228833333333	17312352.3195801
3.46547833333333	15989005.3477783
3.495575	15387061.2006836
3.52288	17890912.1257324
3.55196666666667	18653065.3341064
3.580245	16658953.2932129
3.61161833333333	17542876.2797852
3.64086833333333	18820528.0428467
3.671865	17513629.2739258
3.70139166666667	17499835.5474854
3.72957	17293471.2414551
3.75961333333333	18639272.916626
3.78761666666667	16250487.4907227
3.81738833333333	15559217.6026611
3.84649166666667	15228064.9812012
3.879725	17748835.6340332
3.908025	16584971.9387207
3.93925666666667	16114555.6390381
3.973065	16852781.3514404
4.00491166666667	15388379.3582764
4.03783	15368582.0487061
4.06939333333333	15891764.9686279
4.102325	14191606.4501953
4.133345	15876765.2299805
4.162985	16294824.0333252
4.19428166666667	15899019.6821289
4.22600333333333	14526920.2280273
4.25832666666667	11054041.15271
4.29224333333333	11979514.4205322
4.32693333333333	13311231.220459
4.35580166666667	14468115.907959
4.39018666666667	13580387.3048096
4.42254833333333	13741541.5324097
4.45531	14949144.5255127
4.490175	16373443.3935547
4.52337333333333	15899806.6325684
4.55643833333333	16468683.0268555
4.58542666666667	19364218.8161621
4.61508833333333	18276884.576416
4.64779	18928508.4610596
4.67521	19791683.5535889
4.70759666666667	18266284.6914063
4.73516333333333	13909494.395752
4.76634	17151789.6618652
4.79598833333333	17328453.8319092
4.8248	16963437.8520508
4.85532	17606337.3875732
4.88656833333333	13971131.8205566
4.91590166666667	15976696.0930176
4.94747166666667	16128029.2355957
4.97934166666667	15351641.1019287
5.01288	13227065.4180908
5.04438833333333	15770533.3886719
5.07778166666667	15409168.6591797
5.10742166666667	16278117.0189209
5.139315	15890668.7635498
5.16912166666667	13308274.527832
5.19721666666667	15299943.0100098
5.23207833333333	11248821.0325928
5.26060166666667	13036305.2150879
5.293525	15844798.4465332
5.32617	16036655.5053711
5.359795	15907831.4846191
5.38824333333333	17056490.3552246
5.42154333333333	16093116.0334473
5.453525	17183937.0438232
5.48632166666667	16670621.7388916
5.52037666666667	18879440.854248
5.55399333333333	15503617.4609375
5.58418666666667	17360461.9385986
5.61420166666667	19754832.6337891
5.64677166666667	18810657.5408936
5.67851	18908262.9537354
5.70806666666667	15387811.0732422
5.74368333333333	15733230.3900146
5.77246666666667	20124027.036499
5.804635	19258748.5887451
5.836705	19418449.5291748
5.867905	17136370.2059326
5.899115	16624747.9355469
5.928565	19321812.9667969
5.96093833333333	19258016.4562988
5.99231166666667	15880175.1716309
6.025545	15374215.3453369
6.05825	17277819.4224854
6.09019666666667	14329491.2207031
6.11984166666667	17272574.369751
6.151435	16573400.2047119
6.182915	14918274.4990234
6.21318833333333	15042390.7467041
6.24429833333333	13177919.1906738
6.27496833333333	13657630.3236084
6.30474833333333	15553475.6152344
6.33493833333333	15563099.6798096
6.36755666666667	14140032.6481934
6.39662333333333	17226306.300293
6.42773666666667	15676828.3305664
6.46252833333333	13840979.7407227
6.48987833333333	16348319.2452393
6.522195	16849929.9151611
6.55747333333333	16161993.0159912
6.58893833333333	13756033.6721191
6.62169333333333	13903941.3057861
6.65234166666667	15690053.7720947
6.68686666666667	17766035.3186035
6.716365	17839681.1158447
6.74840833333333	17814133.2869873
6.782685	16701668.8118896
6.81219666666667	15758565.7276611
6.84521	18394841.456665
6.87742666666667	17578949.8690186
6.90960666666667	16756806.4135742
6.93884	18499274.8959961
6.970015	14919948.4296875
7.002835	15420462.6096191
7.038245	14414396.2641602
7.07072666666667	15281999.510498
7.10373666666667	14299205.2525635
7.13418833333333	14801845.3391113
7.16743	15722134.7385254
7.20149333333333	16941390.1695557
7.231975	13838237.0802002
7.26406166666667	16092765.5350342
7.295555	15902786.6594238
7.326935	15959237.942749
7.35790833333333	18717469.9172363
7.39230833333333	19114672.9371338
7.42310166666667	19231382.494751
7.455665	14634462.121582
7.49104833333333	22118835.3935547
7.521755	20809529.9820557
7.55495333333333	21207720.4145508
7.588535	25872484.6538086
7.620545	27637654.7572021
7.65479666666667	27805950.9295654
7.68529666666667	23933419.0068359
7.71956	23035488.4891357
7.749105	24047643.1864014
7.78193833333333	23149049.1496582
7.816235	21155206.0007324
7.84502166666667	17717559.7720947
7.87677166666667	17943925.7541504
7.90797	21152868.0795898
7.94046833333333	16977659.5460205
7.97045	18748592.0646973
8.00502833333333	19859887.2734375
8.03883833333333	19648684.5518799
8.073045	20212678.3026123
8.10566666666667	17483039.9381104
8.14036333333333	20920659.4714355
8.17399833333333	17228148.4770508
8.20741	20204701.0655518
8.24177166666667	20619090.0029297
8.27007166666667	17623678.1470947
8.303455	19735750.0981445
8.33550333333333	18057402.5048828
8.36776666666667	19600981.0206299
8.40206333333333	18975728.1324463
8.43399333333333	17889147.7469482
8.46569833333333	20081859.3916016
8.500175	19099009.5233154
8.53087666666667	17930084.861084
8.56448666666667	19484099.4404297
8.59720666666667	21664590.6906738
8.628525	21813501.9229736
8.66411166666667	20360731.9547119
8.69722166666667	24827696.1071777
8.73228	27729789.0419922
8.76248166666667	28604886.7717285
8.79701833333333	35879686.4941406
8.830935	38281184.848877
8.86072	43246093.1943359
8.89243166666667	42554709.8735352
8.92412666666667	45802671.9846191
8.95633333333333	43980976.6520996
8.98927	46415319.4055176
9.02355666666667	39545247.7392578
9.05876666666667	40057967.5810547
9.09402	36595576.9741211
9.12898833333333	32780134.9914551
9.16181166666667	32588002.1103516
9.19714666666667	33048015.1191406
9.22994666666667	31657730.3208008
9.26512666666667	25738012.814209
9.2961	27056498.8312988
9.33003833333333	25199465.5109863
9.36315	28643216.7558594
9.39595333333333	30105400.8330078
9.43083333333333	28242134.5756836
9.46451833333333	24747658.652832
9.49870333333333	29719324.6938477
9.534015	30322815.0222168
9.56817833333333	30639046.8608398
9.60242	35952835.5100098
9.63418166666667	37608560.3071289
9.66962166666667	42352185.0124512
9.70478166666667	45525832.2680664
9.738175	45928164.5834961
9.77321666666667	42614548.5270996
9.80621333333333	42186867.1484375
9.84007	47083781.512207
9.871975	44137100.5349121
9.90589666666667	45507893.0202637
9.93794333333333	40881213.5058594
9.97193833333333	39044242.4035645
10.0050733333333	37514155.9111328
10.0388966666667	36697098.3027344
10.0740416666667	38529886.4489746
10.107485	33619953.8005371
10.1448616666667	42917933.2531738
10.1782283333333	43899274.8759766
10.211215	35568399.1520996
10.2463566666667	35338247.4694824
10.281535	40321009.442627
10.3163166666667	41970272.8173828
10.3520433333333	36529680.875
10.3846	33767309.3266602
10.418075	38868617.2927246
10.451295	33683106.0927734
10.4872366666667	34673321.1020508
10.5203516666667	36402704.1416016
10.55534	35071297.3632813
10.590895	40951086.8879395
10.623715	39286401.0070801
10.6569816666667	35993942.7167969
10.691245	43848819.8300781
10.7273683333333	43015317.9118652
10.762315	38616239.0874023
10.7982716666667	44121194.8583984
10.8313866666667	43296913.347168
10.8628483333333	39990231.2302246
10.897885	41601969.5031738
10.932295	45052460.3649902
10.96824	42954638.3222656
11.0025116666667	39050590.8823242
11.0350083333333	37199909.5419922
11.0665733333333	39659815.6662598
11.0997916666667	38050796.8708496
11.1333216666667	41089086.6313477
11.1674666666667	43511948.9997559
11.2020216666667	44348535.1108398
11.235575	39511448.3154297
11.2680333333333	51380915.7019043
11.3026483333333	47711765.635498
11.3359916666667	51559412.7749023
11.3708566666667	58437829.3830566
11.403265	68832689.270752
11.4367566666667	73346003.8474121
11.4701016666667	85736606.5083008
11.5026266666667	96736526.605957
11.53596	126676423.818848
11.5681333333333	121454085.977051
11.60276	133170761.366699
11.6356333333333	140717069.862793
11.6672133333333	146899272.736328
11.7005433333333	124151480.353027
11.7329766666667	118555605.856445
11.768235	107609273.435547
11.803225	96328813.7304688
11.83607	89658203.0395508
11.8689466666667	76052643.7978516
11.9014666666667	71831750.3017578
11.932895	67797705.4291992
11.9662366666667	59283583.0952148
12.0008366666667	57745399.2531738
12.036115	60420503.7746582
12.0694733333333	57873027.9584961
12.10216	58890938.9580078
12.13629	55301221.2600098
12.1696533333333	57685882.9870605
12.2032966666667	54502203.2927246
12.2362383333333	50980961.8974609
12.2697766666667	58995947.5424805
12.3040116666667	48708196.2155762
12.340205	50626849.2998047
12.3744716666667	53070878.072998
12.4084083333333	56027245.5041504
12.4433666666667	52965989.142334
12.477985	56296595.6298828
12.513545	53453713.8271484
12.5472166666667	57325310.0141602
12.58246	56307401.5185547
12.61717	67195157.8466797
12.65036	67256105.8251953
12.6846166666667	71951162.6757813
12.7160583333333	73331204.8569336
12.7509616666667	73141052.8017578
12.7872083333333	74482147.0039063
12.8233016666667	70686976.3847656
12.85807	73096631.6113281
12.8918433333333	72897597.8696289
12.92475	63370453.0493164
12.9593316666667	66065085.2695313
12.9924516666667	57410981.9448242
13.0257816666667	55591273.3457031
13.0625616666667	55756855.2734375
13.0990883333333	52835046.3210449
13.1330816666667	60927012.6176758
13.1672366666667	70984449.6816406
13.20167	76250563.6884766
13.2375933333333	82170559.8330078
13.2733816666667	100139942.478516
13.30871	103251424.578125
13.3451883333333	112074797.515625
13.3805733333333	111018611.754395
13.4152633333333	101539484.617188
13.45021	92831909.2763672
13.4849466666667	99678420.3764648
13.5178383333333	85187168.8452148
13.5522716666667	80911862.2700195
13.586905	75108346.9077148
13.6230966666667	80992854.9648438
13.65723	76966930.6010742
13.69082	72605202.5644531
13.7249916666667	89018845.7788086
13.7594	80687763.2885742
13.796045	93257485.5673828
13.83039	90210215.6845703
13.8655466666667	109755917.999512
13.89547	115299270.21875
13.9310066666667	129505046.190918
13.9654216666667	147698602.891113
14.0001216666667	177672079.3125
14.0342966666667	202756562.352539
14.0669816666667	227303893.344727
14.1029666666667	270439697.404297
14.139095	322909749.600586
14.1715383333333	313457177.913086
14.20479	349515616.93457
14.23799	356361195.848633
14.2675316666667	359068829.811523
14.3017116666667	334135682.395508
14.335035	343256069.018555
14.3571	346803123.953125
14.3949533333333	352332926.724609
14.4274866666667	345614350.665039
14.4625583333333	343081190.371094
14.498155	304342953.925781
14.5328916666667	279749344.324219
14.5664183333333	252464680.643555
14.6012733333333	252564666.524414
14.6360466666667	271096500.783203
14.6692633333333	274825425.93457
14.7038133333333	266003750.287109
14.7362016666667	212929095.288086
14.7703366666667	212990234.205078
14.8055116666667	187323864.557617
14.839645	184974710.258789
14.8696866666667	153493204.641602
14.9028783333333	148025040.664063
14.93688	132434171.397949
14.9723033333333	163247080.069336
15.00569	156142504.916992
15.0418116666667	149723570.436523
15.0759466666667	182090051.469727
15.113315	176863379.016602
15.1459883333333	183189413.452148
15.1787333333333	206289965.246094
15.2137133333333	230324910.697266
15.2444566666667	243973769.929688
15.279835	237029020.989258
15.311525	248343309.575195
15.3452633333333	240482837.455078
15.3728083333333	244497069.356445
15.406795	221779746.995117
15.4426783333333	199362547.555664
15.4745166666667	171445013.956055
15.509785	151002549.60791
15.5454583333333	167994697.381836
15.5812583333333	187624915.271484
15.6150016666667	172025587.446289
15.6497866666667	200921951.305664
15.6813616666667	217412715.553711
15.7182083333333	270186836.77832
15.7521633333333	346152765.193359
15.7884883333333	400193849.081055
15.8205266666667	450056219.064453
15.8566466666667	524676439.789063
15.8771816666667	557033189.054688
15.9162016666667	570507074.90625
15.94653	480499224.108398
15.9832	481287541.097656
16.0165783333333	473893871.310547
16.0520733333333	568331582.810547
16.0844833333333	496008003.683594
16.109685	470894916.449219
16.137315	498322653.398438
16.1702033333333	371368299.885742
16.1972233333333	408099451.604492
16.2251016666667	323793348.335938
16.259015	369324950.136719
16.2926916666667	338039023.188477
16.3291483333333	224076236.740234
16.36144	245546678.501953
16.396275	191603189.146484
16.4268883333333	182764178.724609
16.4611316666667	158704445.745605
16.4962366666667	167048231.390625
16.53235	142662023.885742
16.5661966666667	159940587.270508
16.6012483333333	151810626.142578
16.6353933333333	146332981.041016
16.6689466666667	139345785.088867
16.702905	136888354.299805
16.7374883333333	152207807.554688
16.774265	178096417.026367
16.8102083333333	163296753.597656
16.84578	195988084.678711
16.8800616666667	208059814.130859
16.9047233333333	214499166.441406
16.942535	244547175.65625
16.9675183333333	223927274.103516
17.0059033333333	242944099.018555
17.0419633333333	263177296.255859
17.07735	272559961.455078
17.10883	292061383.695313
17.1373083333333	317546989.310547
17.16472	331884613.681641
17.1989583333333	318842365.572266
17.2350116666667	256565460.569336
17.2665316666667	330779520.297852
17.2967983333333	332329459.87207
17.32959	283561595.124023
17.3649266666667	342935165.110352
17.3951966666667	412665003.541016
17.422805	485248801.080078
17.4546083333333	430555816.197266
17.4856666666667	460993208.828125
17.5135783333333	473318906.552734
17.54361	452012755.414063
17.5775033333333	504496892.916016
17.60863	496933652.306641
17.640725	441898315.824219
17.668705	471263680.388672
17.703275	384988362.768555
17.7329366666667	329050149.75293
17.76738	347174257.960938
17.80278	349154932.367188
17.83632	261085020.805664
17.8693066666667	246786094.454102
17.9012383333333	280088467.310547
17.9287766666667	257119767.271484
17.96271	199086507.647461
17.9988533333333	245410617.736328
18.0345183333333	302486468.804688
18.0676733333333	351772228.347656
18.1032216666667	382565171.498047
18.136155	478061676.136719
18.16741	548392279.048828
18.1964183333333	604999001.671875
18.2299033333333	648419362.152344
18.2640116666667	728386166.966797
18.297945	654048083.882813
18.3332216666667	694812495.472656
18.3654633333333	699312868.689453
18.396225	652077015.376953
18.4294583333333	625382544.306641
18.4584033333333	587879593.361328
18.4891166666667	526279001.619141
18.5215633333333	436054240.041016
18.5513883333333	421299397.029297
18.5845583333333	395641687.96875
18.6199016666667	464391492.021484
18.652365	451185123.726563
18.6858883333333	478862441.595703
18.7130833333333	459280415.875
18.7385866666667	432608585.652344
18.773015	444051534.644531
18.80855	419517429.746094
18.8422533333333	407097656.623047
18.8764783333333	414843877.361328
18.9100633333333	361420277.035156
18.94491	360917265.804688
18.98069	325350287.103516
19.0076483333333	307047612.293945
19.0327866666667	287451938.273438
19.07105	260525921.233398
19.1044133333333	207630393.547852
19.1396683333333	256499177.256836
19.1746266666667	217883688.628906
19.20685	266746622.264648
19.2401616666667	249777752.224609
19.2716733333333	293922819.978516
19.2942516666667	316949582.851563
19.3294866666667	316025480.386719
19.36528	299569706.882813
19.4008983333333	307081732.142578
19.4354866666667	323344709.259766
19.4700166666667	267930775.643555
19.5031083333333	293210101.054688
19.5386883333333	311722322.765625
19.574385	371731051.693359
19.6116566666667	407039981.767578
19.6453083333333	363795492.103516
19.6791166666667	402952158.585938
19.7138683333333	442001813.175781
19.74645	410773716.728516
19.7795383333333	461928884.179688
19.8140283333333	504612659.169922
19.8507166666667	523363444.566406
19.8850183333333	540305714.208984
19.9188416666667	556961853.205078
19.9545966666667	460781684.574219
19.9884333333333	515813618.119141
20.0189466666667	465706722.693359
20.0539933333333	460188174.443359
20.0846566666667	456726450.087891
20.11753	360461479.929688
20.152215	362605212.533203
20.1859583333333	370336599.3125
20.21193	403782784.052734
20.246815	389919774.962891
20.28006	324993033.931641
20.3107683333333	334352576.878906
20.3429533333333	420942488.28125
20.3744183333333	471757053.662109
20.4093116666667	493667770.425781
20.44439	468107118.962891
20.47673	484755704.160156
20.511605	492381374.037109
20.545425	566317383.179688
20.5796416666667	541057332.214844
20.6021066666667	491202256.134766
20.6406166666667	583846881.146484
20.67243	561236236.300781
20.7084616666667	605564367.058594
20.7422466666667	573718799.544922
20.774485	652399949.425781
20.80968	646924287.882813
20.8439216666667	531849696.865234
20.8796366666667	653067882.019531
20.9123866666667	670185737.876953
20.9455216666667	717346965.927734
20.9797533333333	662506330.748047
21.0132366666667	719811732.625
21.048535	742035835.779297
21.0837016666667	638557114.800781
21.11783	678355695.976563
21.1506333333333	649991913.25
21.183615	681210405.892578
21.2158783333333	686425859.066406
21.25108	712509879.746094
21.2791383333333	625778448.912109
21.31625	632403972.34375
21.3533883333333	559463715.455078
21.3850816666667	561738154.898438
21.4192566666667	578513421.916016
21.4506033333333	689355543.820313
21.4855666666667	742861359.107422
21.519615	737479499.099609
21.5528983333333	739465550.871094
21.586965	712304532.976563
21.6218633333333	782698689.164063
21.65442	710894077.271484
21.688665	746155454.46875
21.7226883333333	739243738.140625
21.7561816666667	780118791.193359
21.7872566666667	789770195.847656
21.8219466666667	715442170.447266
21.856385	770170023.712891
21.8920466666667	681652030.800781
21.9245466666667	715526173.269531
21.9587083333333	656758784.597656
21.9921866666667	665741974.513672
22.0267966666667	730734213.265625
22.0620633333333	727829413.585938
22.09454	700628826.886719
22.1280533333333	656830087.384766
22.159975	798517942.738281
22.19648	815322407.109375
22.2309116666667	821619398.792969
22.2650033333333	783667569.701172
22.3012266666667	919454472.597656
22.33444	782000741.691406
22.367555	904464781.761719
22.4011116666667	893583529.132813
22.43355	801451058.509766
22.46591	919285727.933594
22.49862	793795700.716797
22.5325716666667	825343518.183594
22.5685733333333	786383308.283203
22.60093	889086524.46875
22.6321883333333	815168807.632813
22.6671283333333	914351604.480469
22.7014483333333	941421187.703125
22.733245	974956164.898438
22.7679633333333	851116512.214844
22.8018916666667	855764071.960938
22.8357633333333	810418576.121094
22.8687366666667	1027089713.00391
22.9007866666667	1155101020.27344
22.931145	1017141558.89453
22.96586	1083161428.32422
23.0006633333333	1056953026.51563
23.034085	992082110.605469
23.07088	919083038.871094
23.1022883333333	828161920.445313
23.1326633333333	712551462.398438
23.1677816666667	747457278.916016
23.2041766666667	580144797.15625
23.237695	573111214.136719
23.2715933333333	642880714.216797
23.3061183333333	634433218.164063
23.3421533333333	623865074.464844
23.3757266666667	695696504.960938
23.40964	666106444.337891
23.444225	712081212.445313
23.47515	643937195.115234
23.5078733333333	610079014.398438
23.5398516666667	752988574.123047
23.5747333333333	736540924.96875
23.6091533333333	739753484.847656
23.6402016666667	675934517.078125
23.67358	697415820.660156
23.7065383333333	637510748.912109
23.7423116666667	632727880.6875
23.77493	608948557.900391
23.80987	501084441.550781
23.84647	481528679.349609
23.8800716666667	472252316.517578
23.9147983333333	587183678.576172
23.9502283333333	551241522.103516
23.98521	524278265.279297
24.01874	492259514.408203
24.0524366666667	475816666.148438
24.0865466666667	545711325.820313
24.119905	527777659.189453
24.1523316666667	524273446.794922
24.1864033333333	467234393.558594
24.2212133333333	556640021.421875
24.2546033333333	544494372.279297
24.2895866666667	548343521.833984
24.324705	671560812.753906
24.35839	645113957.382813
24.3917966666667	754177746.734375
24.42755	787822353.642578
24.460815	859496212.285156
24.4933516666667	827075705.621094
24.5260666666667	911363446.703125
24.5591883333333	926934602.232422
24.59122	1210534944.875
24.6244066666667	1063098594.90625
24.6587333333333	1047721616.5
24.6926333333333	1171584038.16016
24.72709	1146914858.61328
24.76068	1258220124.82422
24.7942	1035784950.58203
24.82748	1168807645.49609
24.859995	948754300.367188
24.8925616666667	926710928.078125
24.9272983333333	996824984.929688
24.9615316666667	952345682.648438
24.9953616666667	947143318.039063
25.0309566666667	949961394.371094
25.0639683333333	947711778.5
25.0959416666667	850989138.320313
25.1261383333333	944095695.324219
25.1615833333333	881530246.214844
25.1942833333333	891750707.046875
25.2264066666667	850401939.609375
25.2585866666667	843711185.152344
25.293235	900505993.25
25.325355	733181656.017578
25.3562383333333	879458514.871094
25.388145	877273072.550781
25.4216166666667	912364308.597656
25.45395	972602542.722656
25.486475	985256190.414063
25.5188166666667	851592030.445313
25.550875	941045472.921875
25.58595	1002657673.91406
25.61762	960970093.984375
25.6508533333333	944312994.855469
25.6852133333333	935951520.765625
25.7201933333333	974432017.640625
25.7543633333333	866926916.851563
25.7881233333333	934811968.601563
25.82098	917575033.710938
25.8543416666667	679507581.863281
25.88944	813897678.902344
25.92229	757168733.841797
25.9577316666667	558853498.082031
25.9908266666667	725006975.765625
26.0229316666667	652448916.669922
26.0577616666667	640746813.902344
26.091335	628257782.660156
26.1264266666667	583499217.873047
26.1568533333333	572129751.210938
26.1914216666667	591411316.9375
26.225815	546790695.566406
26.2607833333333	625344623.140625
26.2932066666667	685906090.332031
26.326035	684179674.675781
26.3602833333333	718317435.558594
26.3946216666667	731473012.875
26.4298083333333	660715254.667969
26.464895	667535631.824219
26.4963416666667	794663205.734375
26.5310583333333	770480267.472656
26.5650616666667	739507781.457031
26.6007366666667	723186427.835938
26.635875	696724160.339844
26.671175	712363336.214844
26.7064266666667	640082536.480469
26.7391416666667	626567764.160156
26.7743433333333	620249417.625
26.8098533333333	671242371.085938
26.8441383333333	565332701.720703
26.8762833333333	556660565.384766
26.9101583333333	570960534.126953
26.9430233333333	602410442.164063
26.9775266666667	618753977.902344
27.011355	590822623.234375
27.045245	632223385.369141
27.080915	500277244.683594
27.1137133333333	621918425.976563
27.1458366666667	658160024.482422
27.1814933333333	619625677.669922
27.2175666666667	691849614.300781
27.2512266666667	712917710.484375
27.28592	686222734.371094
27.3203333333333	747375060.679688
27.3553433333333	730612355.511719
27.3887866666667	937818357.804688
27.4214333333333	902322879.164063
27.4550166666667	900073180.367188
27.4894316666667	1027761259.23438
27.5221766666667	994213542.46875
27.5552516666667	1019420719.95703
27.5877533333333	1038536729.71094
27.619705	928905619.292969
27.6525566666667	1004240621.42578
27.6866266666667	1059798342.35938
27.71797	1084150573.63281
27.7496383333333	1047723315.87109
27.7812833333333	976869803.839844
27.8148216666667	1032441940.90234
27.8483533333333	832686276.28125
27.8815383333333	960393292.367188
27.9128066666667	821692425.230469
27.94635	1019555044.73438
27.9789866666667	957061176.929688
28.00958	1002210616.14063
28.04179	1020834150.76172
28.0714616666667	1077385459.96875
28.10464	954674060.179688
28.1366433333333	1053232268.5625
28.168475	1080855073.23047
28.2030316666667	911801349.601563
28.2369616666667	1106964271.65625
28.2702833333333	909379629.3125
28.303515	972258236.273438
28.33545	952884366.039063
28.3674183333333	1067260209.47656
28.4003016666667	964655179.058594
28.4342366666667	863220354.128906
28.4686983333333	890266227.589844
28.5031816666667	858540421.269531
28.5358283333333	995870301.917969
28.5678566666667	844008135.261719
28.5990216666667	782288288.523438
28.6304233333333	773305723.207031
28.66427	789966732.546875
28.7007766666667	843608869.0625
28.73527	794396789.867188
28.7688883333333	774726854.839844
28.8032383333333	772551055.890625
28.8363816666667	802620091.613281
28.871375	799903787.832031
28.9056683333333	792113742.726563
28.9406766666667	636327082.914063
28.973745	616439439.644531
29.0090583333333	665485857.25
29.0403783333333	542993096.033203
29.0748133333333	617428952.753906
29.1100016666667	564423075.746094
29.1455116666667	622191652.296875
29.1780033333333	628684161.84375
29.21311	681577356.847656
29.246835	684977628.003906
29.2802316666667	728048588.105469
29.3142066666667	731978806.433594
29.3464866666667	754202504.085938
29.3787716666667	839650487.484375
29.4118766666667	819418501.464844
29.4454333333333	811352884.914063
29.47617	751823488.171875
29.5102283333333	1022196049.53516
29.5448166666667	918482217.335938
29.5735633333333	882765077.414063
29.608295	911884140.171875
29.6382783333333	939146907.367188
29.6720866666667	926666590.816406
29.7052616666667	772471729.714844
29.738895	923290927.847656
29.7730416666667	791956486.105469
29.806605	803555547.300781
29.8404066666667	758509136.667969
29.8728	764134664.074219
29.90858	810503059.460938
29.9429383333333	819304261.640625
29.9768483333333	733289856.105469
30.0075383333333	732338119.453125
30.0381316666667	706732908.535156
30.07084	791450118.605469
30.1022783333333	766350442.035156
30.1371066666667	702810119.855469
30.1706216666667	737560982.910156
30.2032816666667	708548586.527344
30.2379416666667	771313956.769531
30.2697866666667	682562941.261719
30.3021	827445942.425781
30.3368033333333	794145583.9375
30.3687583333333	825127202.175781
30.4003783333333	876939890.335938
30.4330783333333	715813845.535156
30.4650933333333	791124688.019531
30.497115	741474727.957031
30.52996	905407347.410156
30.5622966666667	808375108.539063
30.5948266666667	945004024.480469
30.6258633333333	781705047.015625
30.6579766666667	851778482.945313
30.6918566666667	766226540.035156
30.7245433333333	885438855.371094
30.7568416666667	829116052.054688
30.790315	838362626.488281
30.823835	688944181.820313
30.854105	654947987.925781
30.8887766666667	817580884.757813
30.9205316666667	779473300.441406
30.9556783333333	747716544.402344
30.9917466666667	677144302.347656
31.0273033333333	760945983.839844
31.0609383333333	848807709.125
31.093445	803321778.566406
31.1253366666667	797574163.203125
31.1604033333333	816441845.316406
31.1957516666667	959077212.84375
31.2275566666667	978107625.472656
31.2601366666667	864990510.277344
31.2937116666667	886930323.859375
31.3258516666667	1136505642.35156
31.3572033333333	1135147309.44141
31.38965	1055023373.91797
31.4228116666667	1039416843.61719
31.457155	1020307021.58984
31.48851	986640496.128906
31.52009	1010486973.29688
31.5542133333333	996271625.253906
31.5855983333333	956260365.800781
31.6195733333333	928982477.402344
31.6517616666667	938156548.648438
31.6833416666667	912937389.554688
31.7157666666667	711091360.191406
31.7479916666667	854000620.460938
31.7804583333333	900718696.109375
31.8129783333333	865993063.691406
31.8476566666667	771035626.492188
31.8805366666667	906959706.757813
31.9144066666667	889453173.640625
31.9488	864555908.320313
31.98109	984724874.984375
32.0160683333333	921796686.40625
32.05152	970752772.910156
32.0845466666667	963144928.113281
32.116095	986318723.535156
32.14885	919126621.972656
32.1818466666667	1118465331.46484
32.21495	1138073106.17578
32.24666	1086460618.56641
32.2786383333333	1182444504.85156
32.3112466666667	1244242599.47266
32.3437683333333	1259468193.5625
32.3762333333333	1111941990
32.4099416666667	1172262648.54688
32.4414983333333	1154861862.10156
32.473475	1127111678.99219
32.5033766666667	1177039722.5625
32.5383733333333	902817055.753906
32.570965	928760279
32.60521	965345217.871094
32.6384016666667	1016146794.52734
32.6702583333333	869418767.851563
32.705405	873185754.496094
32.7398916666667	1036551179.92578
32.7735783333333	1013150750.72656
32.8067366666667	954455916.160156
32.8392033333333	1098821772.39844
32.87145	1012445988.27344
32.9032316666667	1188633437.19531
32.9347433333333	1099534532.4375
32.9675083333333	1002201364.04297
32.9996966666667	1134802320.23828
33.03371	1026637805.78906
33.0667683333333	998084139.425781
33.0994016666667	994541683.671875
33.13082	975487096.617188
33.165555	1177654642.52734
33.1987133333333	1103498853.00391
33.230605	1019089173.34766
33.263585	1156628782.63672
33.2944116666667	1036726725.55859
33.326485	1205443482.72656
33.3607033333333	929880120.847656
33.3937816666667	1089865801.86719
33.4248016666667	1014597681.40625
33.4597866666667	1057218872.08594
33.4926816666667	1061248475.20313
33.5268083333333	974854484.339844
33.5607516666667	1027778855.32031
33.5940633333333	1009158404.87891
33.626745	1052675768.57031
33.6620866666667	938834055.082031
33.6982383333333	931637095.476563
33.731805	1038111168.15625
33.7668633333333	1028198616.40625
33.8017533333333	1075523862.47266
33.8359416666667	1022281122.08984
33.8704183333333	1055176288.84375
33.9011716666667	1057899025.71094
33.9312666666667	1029366591.65625
33.96189	1157473310.25391
33.993395	1180942257.09375
34.0244416666667	1145237283.9375
34.0574166666667	1071612455.65625
34.089825	1179770160.42969
34.1224366666667	1192799973.37109
34.1565333333333	1417405229.80859
34.1877766666667	1553412862.13672
34.2218216666667	1294474191.36719
34.2555633333333	1380319638.59375
34.2884616666667	1384273823.44531
34.3171766666667	1427430100.64844
34.347045	1315620559.16016
34.3799	1208379583.40234
34.414945	1205189533.84766
34.4465133333333	987798873.878906
34.47913	1062618609.57031
34.51233	930257499.652344
34.5459783333333	960921924.242188
34.577925	821105629.863281
34.611575	886608911.652344
34.6437416666667	748540971.191406
34.6784	787872057.039063
34.7113016666667	763089560.71875
34.7454566666667	751644468.820313
34.7811333333333	618013051.304688
34.8151816666667	784196771.398438
34.8487983333333	807985066.960938
34.8810433333333	763989068.421875
34.9132416666667	883573563.535156
34.94821	793251533.242188
34.984015	872277507.730469
35.0163583333333	965444932.730469
35.05129	989620095.542969
35.086355	1073879997.13281
35.1206766666667	976399732.9375
35.15477	936158610.839844
35.1903316666667	933203312.792969
35.2241383333333	939960322.882813
35.2588	999808149.085938
35.2932766666667	962751559.820313
35.32492	927255111.949219
35.3556666666667	991376871.535156
35.3899383333333	1141076532.17188
35.42155	1141331843.125
35.4571266666667	1160456491.45703
35.4858716666667	1098967829.20703
35.5210133333333	1206698397.25781
35.55376	1308064102.40234
35.58615	1195710175.76172
35.6192183333333	1170138162.20703
35.6526366666667	1475679450.92578
35.68436	1403666424.91016
35.7187616666667	1309235325.14453
35.7535383333333	1442592552.86719
35.7873416666667	1237247513.87109
35.8190883333333	1146803545.22656
35.8516616666667	1161361366.51563
35.8859	1085908693.16406
35.9174116666667	993156654.019531
35.9505066666667	1157521676.30469
35.9819566666667	1094450749.54688
36.0145983333333	1209084113.15234
36.04576	1078880758.33594
36.0786933333333	1043501073.10547
36.1097283333333	980166878.246094
36.1436266666667	969389828.628906
36.1764983333333	966378702.335938
36.208785	1075354383.96875
36.2417766666667	1027113497.55469
36.2737016666667	1019249288.62109
36.3066783333333	1086032218.83203
36.3403433333333	911638998.910156
36.3748016666667	971635870.539063
36.4090683333333	999751240.914063
36.4426066666667	905412185.28125
36.4779583333333	996854948.320313
36.51103	985938315.253906
36.54342	979735738.441406
36.57396	883157801.671875
36.6077433333333	906687826.222656
36.639895	1003696822.80469
36.6720483333333	1001974979.30469
36.7027716666667	829002528.292969
36.7355583333333	990860776.933594
36.7684516666667	955267339.769531
36.8002066666667	991698937.492188
36.8328766666667	807583415.644531
36.8663	915680209.683594
36.89905	969639649.195313
36.9308516666667	1009412189.79297
36.9629916666667	1136481978.50391
36.9938916666667	1154304637.69531
37.0275666666667	886607926.828125
37.0607966666667	1093516738.52734
37.09482	1034596059.54297
37.1293316666667	984230713.992188
37.1635266666667	1133984191.98047
37.1963433333333	992796557.4375
37.229125	938874167.4375
37.2632333333333	910098177.609375
37.2959233333333	1037830413.76563
37.32702	1167382030.11328
37.3590683333333	1158807842.00781
37.3902883333333	1067887087.70313
37.4231016666667	1140773098.00391
37.4565433333333	1027270220.33594
37.489015	1310403657.98438
37.5188916666667	1211670546.77734
37.553035	1327415406.83984
37.5841883333333	1214824887.11328
37.6164416666667	1440824670.05078
37.6507216666667	1512709253.40234
37.6805	1373772399.80859
37.7159466666667	1430156689.73047
37.745775	1307737608.12891
37.7799566666667	1493161719.82813
37.811735	1333448485.97656
37.8426533333333	1427446722.79297
37.8748883333333	1416105329.38672
37.9128833333333	1233209189.21094
37.9453566666667	1267460561.67578
37.979525	1292909253.8125
38.013705	1058804362.82813
38.0480616666667	1280718451.41797
38.081535	1252612919.85547
38.1163083333333	1063418029.87109
38.148445	1131162076.01172
38.1810866666667	1091548761.91406
38.2150066666667	1039179637.57813
38.2496716666667	1068008353.76953
38.281575	851474876.25
38.313885	878936687.640625
38.3443733333333	967288755.582031
38.3779016666667	882494535.726563
38.412945	1065251325.10547
38.4475666666667	854357454.289063
38.4801666666667	1073993905.02344
38.5124416666667	1011662145.00781
38.5440916666667	1105901774.41797
38.5783533333333	1029592747.55859
38.6120083333333	1204568494.20313
38.6445366666667	1208666663.04688
38.6776716666667	1125563721.5625
38.7104633333333	988237430.332031
38.7447216666667	1266645179.98047
38.77682	1034961907.32031
38.8132233333333	1263494142.65625
38.84579	1144899513.44922
38.87869	1236418739.75781
38.909285	1370946141.98438
38.94043	1446288146.94141
38.9720433333333	1449244176.69531
39.004025	1532809531.35156
39.0361066666667	1603155453.95313
39.0694883333333	2011504821.47656
39.0998766666667	1782898808.38281
39.1334283333333	1835447562.75781
39.165695	2043380358.76563
39.1964483333333	2102602786.38281
39.229345	2160828573.03906
39.26189	2005054210.0625
39.2922883333333	1907266166.04688
39.32287	2145038043.46875
39.3537833333333	2111079889.25
39.3847733333333	2195561901.14844
39.416485	2182140681.16406
39.4473783333333	2088814248.25
39.4789216666667	2384294955.86719
39.5100066666667	2104806175.32813
39.5419983333333	2392342100.15625
39.5742816666667	2460345258.0625
39.6063516666667	2243096538.05469
39.6388116666667	2425681636.52344
39.6706366666667	2292159564.00781
39.703745	2282270352.96875
39.7372033333333	2010758375.96094
39.771205	1980902645.01563
39.8037916666667	1932729037.60938
39.839375	1636500754.30859
39.87506	1652976261.38281
39.9099316666667	1540036656.96094
39.9448083333333	1429308246.41797
39.9775016666667	1700321718.78125
40.0123816666667	1514672985.12109
40.0462233333333	1351762819.87891
40.07798	1434235253.12109
40.108645	1319999178.48828
40.1441883333333	1466427138.08594
40.1757583333333	1329134230.08594
40.208285	1409252377.96875
40.2412183333333	1427692096.60156
40.2737	1328685815.30078
40.3044283333333	1350143066.79688
40.33732	1347492814.10156
40.3698716666667	1164297780.94922
40.4018366666667	1365581373.27344
40.4336416666667	1278201327.73438
40.46695	1265631576.62109
40.4997183333333	1249488258.875
40.5324983333333	1263217023.26172
40.563765	1117364899.35938
40.5953533333333	1329506001.73047
40.6287183333333	1229184042.07031
40.66266	1085026597.38281
40.6944083333333	1168391297.51172
40.726905	1102907285.49219
40.7601683333333	1137983461.78906
40.7933083333333	1087570042.83203
40.82561	1058274645.71484
40.8581866666667	1082815813.26953
40.8909016666667	1039390169.94922
40.9247483333333	990988034.457031
40.9597	970901341.65625
40.993055	1116755017.21484
41.0260966666667	1129913763.91016
41.0578133333333	1211539989.6875
41.0912616666667	1167110758.39453
41.1245533333333	1074712796.45313
41.1582133333333	1180582513.45313
41.189235	1192310647.69141
41.2207666666667	1123231393.28125
41.254415	1198436980.14453
41.283925	1319048171.72656
41.3154216666667	1267715295.44531
41.3463133333333	1424788997.02734
41.37649	1147572776.26563
41.4107983333333	1476526784.10938
41.4407783333333	1490364511.125
41.4722216666667	1421656379.11719
41.5054283333333	1389495460.49609
41.53937	1289498179.76953
41.5720583333333	1468956467.19141
41.6050416666667	1380360757.17969
41.6345616666667	1410711157.77344
41.668965	1348305682.30859
41.7012383333333	1379216608.47266
41.7347433333333	1414652250.84375
41.768025	1306851522.75781
41.80097	1299930161.17188
41.8342416666667	1458603639.11719
41.8643133333333	1300160572.14844
41.898785	1378633409.32813
41.9313383333333	1441879304.94141
41.96594	1405806004.87891
42.001105	1486210109.90625
42.036415	1282771500.88281
42.0678266666667	1358839991.40625
42.10016	1412748651.29688
42.135435	1314286910.40625
42.1691483333333	1295869483.13672
42.2023883333333	1341497362.22266
42.2363216666667	1313274422.09766
42.27054	1385674528.03125
42.3034983333333	1141922998.57813
42.33757	1296785576.60938
42.3693883333333	1315518158.36328
42.4029416666667	1240380587.14844
42.43707	1160755311.91016
42.47141	1213050576.72266
42.5082416666667	1201381308.49609
42.5414716666667	1323294175.61328
42.57599	1188618910.33984
42.609265	1141287406.55469
42.6422716666667	1062052391.80078
42.6740216666667	1186726668.94141
42.7054366666667	1284929844.32813
42.7379616666667	1140494007.375
42.77235	1161518643.10547
42.8036416666667	1172077447.19141
42.8367183333333	1030905583.67578
42.8689016666667	1215816214.27344
42.898835	1297445395.10938
42.9312466666667	1156647197.28906
42.9642116666667	1147350524.41797
42.9943866666667	1253943001.60547
43.0271333333333	1316413697.80859
43.0604516666667	1302358602.77344
43.0922633333333	1345616280.30078
43.1248683333333	1262517230.34766
43.1578366666667	1329658162.31641
43.1916116666667	1366027942.52344
43.2228133333333	1410566271.58203
43.2574716666667	1379893827.5
43.2914316666667	1411623067.1875
43.3252233333333	1337307843.65234
43.3582383333333	1257854623.53906
43.39191	1371799388.16797
43.4267316666667	1560925748.03125
43.45888	1461224078.04688
43.4927616666667	1581992384.34766
43.527265	1573241410.125
43.5605866666667	1570407448.49219
43.593245	1491785309.57422
43.6247116666667	1721874605.73438
43.6562416666667	1554299479.10547
43.687825	1468317455.9375
43.7209116666667	1432007334.77344
43.753365	1473414818.24609
43.7868866666667	1261808548.97266
43.8197533333333	1402293113.21875
43.8521883333333	1363807735.11328
43.88601	1355704996.07422
43.9187	1250846809.99609
43.9522383333333	1247009383.76953
43.9881733333333	975750780.480469
44.0207033333333	1121175697.82422
44.05553	1053668401.78906
44.0900233333333	1126325317.40234
44.1263383333333	1122553978.25391
44.1584366666667	1064981333.03906
44.193755	941531868.84375
44.22633	995806545.070313
44.2591216666667	1054427891.75391
44.2917033333333	923219202.058594
44.325195	1023926755.57031
44.3561333333333	1095694739.08594
44.3887333333333	1041132461.85547
44.4212683333333	870428529.792969
44.454585	1027479671.60547
44.486565	1133002910.74219
44.517755	1150432851.12109
44.5495316666667	1099920212.18359
44.57986	1268868285.26172
44.60996	1292080149.37109
44.641765	1334513468.46875
44.673955	1459730167.44531
44.7061316666667	1306195864.05078
44.7397183333333	1491020480.6875
44.7723466666667	1149349390.90625
44.8055116666667	1404425439.05469
44.8382066666667	1522649560.17188
44.870915	1293715813.50391
44.9028866666667	1405897385.90625
44.935505	1296918059.33594
44.9666133333333	1577666799.4375
44.999715	1472335972.42188
45.0328283333333	1244707219.06641
45.06545	1373732236.69531
45.097095	1434924688.66406
45.1315366666667	1405511233.83594
45.1642766666667	1431558165.96875
45.1986483333333	1420899782.83594
45.2326633333333	1322642051.25
45.26599	1432372775.1875
45.3003683333333	1531493188.89063
45.3324366666667	1331385145.52344
45.36759	1406893920.64844
45.4004616666667	1354301558.82031
45.4329016666667	1156067145.38281
45.4664916666667	1460865158.89844
45.498835	1300640181.52344
45.5296283333333	1280434067.90625
45.5617383333333	1232178382.9375
45.5932516666667	1204700604.26172
45.6243883333333	1117342735.91016
45.6570316666667	1065438963.23438
45.6907616666667	1117292876.08203
45.7254583333333	1137396327.67188
45.7581033333333	1114168356.91797
45.79373	1056677330.19141
45.8261433333333	1167378302.62109
45.85992	1103354172.51953
45.8934	1134144964.69922
45.9248883333333	1081730783.15625
45.95619	1028483638.92188
45.9875933333333	1187676168.95703
46.0214416666667	1196712929.01563
46.0528216666667	1267773438.11719
46.085565	1165076426.33203
46.1160083333333	1219260389.59375
46.1483583333333	1162164264.72266
46.1799416666667	1330853853.34375
46.212605	1142817359.31641
46.2431833333333	1238293255.40625
46.274175	1179409645.11719
46.3079666666667	1264881964.08984
46.341945	1069838869.64453
46.37649	1235504314.22656
46.4084633333333	1106180620.75391
46.44251	1219982096.23828
46.4729083333333	1248291628.53125
46.506955	1037404794.64844
46.5402583333333	1270344642.98438
46.5723833333333	1251230288.45313
46.605215	1102040862.26563
46.6384766666667	1195231586.40234
46.6709533333333	1391047659.07813
46.7036866666667	1392996850.26172
46.7369433333333	1309128559.18359
46.7709933333333	1371883971.79688
46.8036666666667	1279904186.00781
46.8379583333333	1321227348.97266
46.8729833333333	1407565444.76563
46.9063133333333	1218105376.83984
46.938975	1483022478.92188
46.9724366666667	1252902581.9375
47.0061133333333	1447519525.3125
47.03977	1305383658.87891
47.070005	1359834122.51953
47.1034583333333	1491860256.5
47.1341083333333	1387062754.92969
47.1655983333333	1352607693.53906
47.1977883333333	1435886322.86719
47.2314666666667	1386724633.96875
47.2645116666667	1355123224.96875
47.2976233333333	1297293972.82813
47.3320616666667	1414613124.78906
47.3657733333333	1288915315.60938
47.39949	1194961639.25
47.43207	1355171436.07813
47.4657466666667	1318831983.8125
47.4986216666667	1376277621.72266
47.532995	1281200060.43359
47.5660616666667	1320116085.80469
47.5986516666667	1240321598.67188
47.6328783333333	1114899660.29297
47.66532	1320406323.60156
47.69909	1171009789.9375
47.7315883333333	1148793264.66797
47.76475	1222698493.66016
47.798085	1126163198.09766
47.8314616666667	1097655705.20703
47.8647383333333	1022502685.10547
47.8968883333333	1076517819.69922
47.9317516666667	1053580273.24609
47.96444	944638453.21875
47.9967266666667	1191537401.17969
48.02877	1067826677.75391
48.0612333333333	1121401827.60547
48.0940433333333	1136540002.13672
48.1268933333333	1130895633.16406
48.1584783333333	1159069290.72266
48.1923816666667	1115787667.98828
48.2244133333333	1102755525.21875
48.2558783333333	1104298149.61719
48.2889883333333	1338978988.01172
48.32153	1096527096.23828
48.3547983333333	1033691290.52734
48.3881516666667	1157942258.33984
48.4206916666667	1255869984.68359
48.453415	1293815958.56641
48.4826933333333	1276200618.47656
48.5135166666667	1415293018.67188
48.5456266666667	1449731495.89063
48.5780333333333	1282547489.52734
48.610935	1439604856.26563
48.6428266666667	1386075752.42188
48.67352	1220996998.19922
48.7081516666667	1354757468.04297
48.7388733333333	1354904368.28516
48.772625	1491454422.34375
48.8045316666667	1517251885.20313
48.8348766666667	1418085972.42578
48.8670783333333	1323651294.25781
48.8994316666667	1544115668.78906
48.9312116666667	1261580777.25781
48.9627583333333	1229238950.89453
48.99656	1414629062.64063
49.0325633333333	1654439173.88281
49.0666933333333	1481479301.44531
49.1001166666667	1363306971.03906
49.132755	1347594682.89453
49.1663733333333	1449020628.86719
49.198925	1440823788.01953
49.230975	1011241546.15234
49.2642166666667	1389217302.32031
49.2968766666667	1327044507.34375
49.3284333333333	1367580981.71484
49.36024	1226094578.74609
49.392295	1247262725.79688
49.4243333333333	1415716702.12891
49.457445	1256698020.01172
49.4910683333333	1174752431.87109
49.519985	1235717307.45703
49.5553766666667	1242727173.25781
49.5854916666667	1405888591.07031
49.6194333333333	1290903801.75781
49.6511366666667	1200732258.78906
49.6854	1424150038.61719
49.71717	1216103873.36719
49.74984	1133295286.04688
49.783115	1248174762.12109
49.8155433333333	1370211687.67969
49.8489683333333	1228094556.55469
49.8820833333333	1144850734.22656
49.9148783333333	1004019624.63281
49.9480383333333	984068098.632813
49.9817816666667	1236769980.53906
50.0134516666667	1068065164.74609
50.0478133333333	1214477086.14453
50.0810983333333	1084970250.95703
50.1142033333333	1220177685.19531
50.1482416666667	1269264279.96484
50.1805666666667	1284486204.26563
50.2123333333333	1222090138.12891
50.2462033333333	1288410363.02344
50.2779166666667	1287912636.19141
50.3102116666667	1189629599.23438
50.3417466666667	1386172392.0625
50.3757116666667	1285779632.51563
50.4087133333333	1361523801.38281
50.4431433333333	1345004748.60156
50.4757683333333	1331716740.10156
50.509565	1447369599.14844
50.5419733333333	1476840829.67188
50.574475	1438906038.09375
50.6087033333333	1299983669.07813
50.642485	1222841358.51563
50.6764133333333	1359315603.69531
50.709825	1299542965.76172
50.7425483333333	1296365186.78125
50.7758983333333	1254922169.45703
50.8085616666667	1404039247.74219
50.839035	1333177566.57813
50.871115	1175088576.69141
50.90194	1349854197.07031
50.934765	1305542917.48438
50.9662516666667	1246118317.64063
50.99852	1267529995.79297
51.0319316666667	1333809736.74219
51.0645066666667	1278570224.75781
51.0969933333333	1326087557.34375
51.1285466666667	1243700832.92969
51.1607916666667	1191243172.46094
51.19344	1391310999.74219
51.22556	1353925596.57031
51.2584466666667	1261718112.17578
51.2916683333333	1309648705.96875
51.32417	1389443703.89063
51.3576766666667	1321742188.54688
51.3895983333333	1366610983.85938
51.4216183333333	1328053453.75
51.4535766666667	1479574574.34375
51.4847066666667	1358649431.00781
51.518475	1366809733.85156
51.5490316666667	1462484761.20313
51.583805	1414418450.17188
51.6172416666667	1447623937.63281
51.6492133333333	1303446335.83594
51.6825716666667	1494608727.64844
51.7145366666667	1392867386.375
51.7470816666667	1365421112.38672
51.7788116666667	1426526839.65625
51.81126	1333581558.34766
51.8446666666667	1224528561.66016
51.8777983333333	1468890834.07813
51.9108666666667	1395791661.14063
51.9404483333333	1424965298.16406
51.974855	1388740518.48438
52.0064383333333	1153286434.85938
52.03958	1216428048.39063
52.0733833333333	1333006923.00781
52.1045233333333	1118738733.56641
52.13875	1252605381.60156
52.1710266666667	1391922454.32813
52.202885	1397411328.96094
52.2348683333333	1333108168.86719
52.2669916666667	1296819298.29688
52.301045	1489491293.07813
52.3323033333333	1359127710.67969
52.365265	1316236501.82813
52.39947	1333233438.84375
52.42961	1139374647.73438
52.46286	1094455714.14063
52.4933916666667	1375488879.49219
52.525935	1181551228.03125
52.5593616666667	1281318311.42188
52.5895116666667	1294237486.96094
52.623695	1220673115.875
52.6557183333333	1261272594.16406
52.68722	1346085404.42969
52.720845	1271654033.92969
52.7522716666667	1367614716.78906
52.785335	1443344336.4375
52.81832	1259568857.54688
52.8516	1279492411.98438
52.8870033333333	1157330841.45313
52.9156166666667	1288147861.35156
52.9474683333333	1318575915.57422
52.9798133333333	1337993432.78125
53.011675	1521712228.625
53.0439166666667	1480460785.0625
53.079105	1461999886.86719
53.1123733333333	1500358926.92188
53.145455	1303157923.3125
53.1780666666667	1512288521.85938
53.21217	1321970414.46484
53.2421216666667	1287676214.03906
53.2770083333333	1243606194.68359
53.3095916666667	1216891015.51563
53.3426516666667	1298720614.17578
53.3765083333333	1470361141.02344
53.4083766666667	1280752363.40234
53.4408716666667	1223162607.41406
53.47244	1339050803.00781
53.5042433333333	1343621584.98438
53.5369	1269813772.91406
53.5706966666667	1354306259.92969
53.6045033333333	1630841148.96094
53.637855	1534100547.64063
53.670475	1592215011.86719
53.7012733333333	1605190191.07813
53.7338983333333	1589803274.8125
53.76551	1620556037.63281
53.7979916666667	1323617742.72266
53.8338283333333	1463502674.00781
53.8666483333333	1416258919.33203
53.8993133333333	1615381549.14063
53.9316916666667	1486711046.50781
53.964855	1490629991.9375
53.998655	1480401466.73438
54.0333366666667	1466624185.84375
54.06583	1602239532.17969
54.0976616666667	1496630507.01563
54.130565	1468580437.08984
54.16442	1488345963.42969
54.1957433333333	1383939489.22656
54.2271916666667	1456677083.15625
54.25964	1508922360.28125
54.2927316666667	1565626453.07031
54.3249716666667	1464416267.48438
54.35653	1612023362.28906
54.3886666666667	1789777730.08594
54.4214183333333	1675407103.17969
54.4549866666667	1704913033.65625
54.4881916666667	1604799555.17969
54.521145	1683753372.36719
54.5534883333333	1765912403.94531
54.5854916666667	1606709198.69531
54.616915	1747380915.83594
54.648995	1443334604.89063
54.6808483333333	1659902316.57031
54.714095	1475615238.59375
54.7463933333333	1658962551.84375
54.7759766666667	1585248195.25781
54.8070616666667	1466643909.37891
54.840305	1371654450.29688
54.8714583333333	1633000268.51563
54.90322	1346938227.20313
54.9340816666667	1782736765.15625
54.96634	1660308221.15625
54.99961	1742459767.61719
55.032275	1553307985.1875
55.0646016666667	1692466962.51563
55.0977833333333	1688758857.92969
55.13018	1642716243.03516
55.16199	1875236566.71875
55.195115	1805327695.08594
55.22676	1836156705.97656
55.257915	1706485045.77344
55.2893283333333	1763962698.46094
55.3216116666667	1457852576.09375
55.3552283333333	1451658611.64844
55.388285	1359421700.10156
55.4202183333333	1690909530.64063
55.451735	1512197761.75
55.4837683333333	1336366027.49609
55.516645	1422055807.4375
55.5480466666667	1310754988.60156
55.5804633333333	1477361684.19531
55.612745	1480917480.32031
55.6454416666667	1144950933.75781
55.6794316666667	1314785782.76172
55.7135283333333	1452224469.29688
55.74701	1436771676.09375
55.7806116666667	1257189322.92578
55.8152316666667	1426738105.05859
55.8488716666667	1427424467.88281
55.87977	1352788900.15625
55.9129883333333	1188059104.47266
55.9459316666667	1426912941.6875
55.9757616666667	1457670218.96094
56.0080883333333	1307061962.77344
56.0419016666667	1669914944.71875
56.072845	1452265689.1875
56.1061266666667	1659586923.71094
56.1378966666667	1519534829.46484
56.16906	1407475554.23438
56.20102	1824473559.82031
56.2316433333333	1770812846.44531
56.2638566666667	1749079160.69531
56.2969683333333	2038288278.76563
56.3277716666667	2085858178.17188
56.3597733333333	2130813000.49219
56.3913316666667	2103785292.8125
56.4238266666667	2077805610.36719
56.455025	2206383495.27344
56.488825	2304825852.17188
56.52162	2023785478.51563
56.55501	2223725453.9375
56.5890466666667	2081540297.04688
56.6220333333333	2086314686.59375
56.6542666666667	1908445301
56.6876533333333	2071313454.25781
56.7196783333333	1999371651.10156
56.75165	1638336933.4375
56.7837666666667	1632428413.46875
56.8168383333333	1639081807.03125
56.8501366666667	1466902746.75781
56.8836016666667	1503470734.82813
56.9152933333333	1649316675.48438
56.9483816666667	1526410894.22656
56.981005	1561683078.0625
57.0124	1478935713.74219
57.0439333333333	1482842296.60938
57.0778616666667	1498632296.30469
57.11089	1615452891.25781
57.144765	1519902962.55469
57.1789633333333	1469812738.04688
57.20847	1487560256.35938
57.24203	1426833270.50781
57.2731583333333	1451991090.94531
57.307815	1350869566.25
57.3411266666667	1360791363.63281
57.373875	1262134277.69922
57.405135	1191701042.17969
57.4397033333333	1209708301.89844
57.4728683333333	1121999318.02734
57.505855	1148556679.54688
57.54035	1157848911.9375
57.5732733333333	996373918.984375
57.60476	1032442055.92578
57.6393183333333	1217079879.78125
57.671345	1189396623.23438
57.70499	1268765238.98438
57.736375	1363857994.03906
57.7687716666667	1227206031.98828
57.801305	1462772770.90625
57.832395	1401608156.55469
57.8638816666667	1515067874.01563
57.895605	1479758552.48438
57.92764	1334105106.71875
57.95963	1271582460.51172
57.99272	1342741123.59375
58.0261133333333	1426708822.49219
58.058995	1464187147.10156
58.0911883333333	1413492806.75781
58.1213833333333	1183294789.75
58.1534533333333	1426368170.85156
58.1869433333333	1554808445.33594
58.217685	1396361116.78906
58.250695	1388940965.54688
58.2840716666667	1396473505.34766
58.3172966666667	1542483809.46875
58.3502183333333	1388509903.74219
58.381715	1419962840.10156
58.414885	1409677751.1875
58.4464933333333	1357775487.69531
58.4781233333333	1258241364.25
58.5109066666667	1375837441.91797
58.543055	1462438039.59375
58.57592	1406433288.44531
58.607585	1420076076.50781
58.6410266666667	1333642908.90625
58.6726283333333	1602764501.76563
58.70393	1513216948.04688
58.7369383333333	1542233914.98438
58.76973	1461726725.9375
58.801305	1456157129.39844
58.8317766666667	1463642456.09375
58.8633916666667	1582724477.1875
58.8964816666667	1459134042.94141
58.92903	1372876960.02344
58.9626566666667	1643205597.60156
58.99573	1543546431.17969
59.0270633333333	1574648056.92188
59.0588316666667	1436197887.40625
59.0899016666667	1477987293.61719
59.121295	1445037965.99219
59.153155	1495637165.25781
59.185355	1101600759.78125
59.2182766666667	1151659656.53516
59.2509	1352159217.15625
59.283485	1292493602.78906
59.31676	1481815354.125
59.3496166666667	1425249946.16406
59.3809166666667	1483793478.49219
59.4126516666667	1480117802.34375
59.4455716666667	1341238374.60938
59.4779433333333	1429225415.46875
59.5106583333333	1347857036.49219
59.5416716666667	1606730875.53125
59.5743133333333	1626383902.38281
59.6060133333333	1748520893.67188
59.640195	1557323219.96875
59.6725266666667	1660052844.125
59.7044266666667	1843659334.35156
59.736605	1868147348.72656
59.7696433333333	1966846643.61719
59.8027966666667	1818265138.44531
59.836725	1864515566.52344
59.870885	1937377580.91406
59.9049933333333	1838414072.75781
59.9362516666667	1775661454.1875
59.97103	1921412486.74219
60.0034616666667	1647594806.55078
60.035425	1650164778.9375
60.066375	1664806697.4375
60.1004516666667	1767248275.5625
60.131625	1538194706.1875
60.1650966666667	1581184040.39844
60.19674	1584598465.50781
60.2290466666667	1584662850.21875
60.2614333333333	1304792716.69531
60.292305	1433067284.66406
60.3252833333333	1270623385.84375
60.3581333333333	1479829071.5625
60.38909	1466244944.07031
60.4216983333333	1522286102.42969
60.4546516666667	1335870952.07031
60.4873533333333	1476668864.30469
60.5196833333333	1628923806.00781
60.5523533333333	1359613255.95313
60.5839466666667	1692254371.82031
60.6171866666667	1630436714.53125
60.649325	1623204808.86719
60.68052	1611939986.85156
60.713865	1515883475.57031
60.74469	1528977833.08594
60.7782733333333	1650544797.30469
60.81116	1546973846.04688
60.8439916666667	1610144378.28125
60.8768316666667	1521498103.25781
60.9102116666667	1721147782.85156
60.94385	1633344291.78906
60.9765366666667	1648474237.54688
61.0093433333333	1612341181.71094
61.04164	1673032969.44531
61.074875	1511335551.96094
61.107085	1522430358.84375
61.1391833333333	1577223551.98438
61.1707	1544682364.03125
61.2024183333333	1646080516.53125
61.2344333333333	1291382019.75
61.2667733333333	1320990252.41406
61.299935	1407851110.60938
61.333875	1404469074.42188
61.36534	1381454982.28125
61.3970883333333	1505724261.10156
61.429145	1149655189.84766
61.4633466666667	1329135289.63281
61.4960433333333	1520518379.65625
61.5286533333333	1249223284.125
61.561815	1411173359.71875
61.5948433333333	1351779968.17969
61.626915	1377023836.92969
61.658185	1291716700.24219
61.6908566666667	1233485335.25391
61.7219083333333	1468015435.98438
61.7529766666667	1535799556.38281
61.7869183333333	1427386703.22656
61.8184166666667	1511491602.90625
61.8517916666667	1300746908.0625
61.8838566666667	1655905320.25
61.916675	1389064942.80078
61.9489	1696050364.70313
61.9813733333333	1668264800.76563
62.0128	1485112022.82031
62.0445733333333	1741012495.63281
62.076655	1723090918.64844
62.1095083333333	1928401522.47656
62.14202	1707993424.125
62.1735016666667	1772380609.16406
62.205575	1526955592.26563
62.2377783333333	1712953829.64844
62.270555	1488481225.39844
62.3025416666667	1779038902.78125
62.335165	1475310227
62.366625	1516421085.26563
62.399335	1488998911.32813
62.4315533333333	1485397202.47266
62.4627316666667	1737258575.05469
62.4951833333333	1792637058.39844
62.5290416666667	1477857600.53125
62.5628366666667	1694487719.54688
62.5955083333333	1524021267.78906
62.6279866666667	1645397884.28906
62.6600616666667	1732463925.21875
62.6938033333333	1702995354.625
62.7258883333333	1653229605.60156
62.757335	1780563036.89844
62.788765	1431984637.41016
62.8209283333333	1531599758.36719
62.8542583333333	1626973086.76563
62.88697	1514739571.01563
62.9194116666667	1629056123.75781
62.952055	1527812460.625
62.984035	1655971303.71094
63.0183133333333	1587838348.60938
63.052915	1422397022.45313
63.0842766666667	1540918155.65625
63.11703	1714269932.75781
63.15001	1552409790.82813
63.1850983333333	1613202678.44531
63.216165	1289836587.13281
63.2481816666667	1601509095.92969
63.2807516666667	1532587916.11719
63.313215	1528661017.94531
63.34599	1539339311.1875
63.37972	1392820473.96094
63.4103833333333	1483163061.0625
63.4431066666667	1583909315.64844
63.4759116666667	1433567206.63281
63.50753	1482603337.72656
63.5407866666667	1274500603.89063
63.5742466666667	1514160331.32813
63.6069216666667	1633421164.82813
63.6406233333333	1616451703.01563
63.67362	1283105640.21875
63.7074483333333	1571712310.82031
63.7406766666667	1442666669.17969
63.7732516666667	1661387631.35938
63.80523	1272631911.80859
63.8381483333333	1351816534.14844
63.8715916666667	1395888732.00781
63.9027066666667	1524306132.32813
63.9352083333333	1510089956.78125
63.966335	1482373173.71094
63.9992416666667	1363953896.24609
64.03117	1213886855.59375
64.0621833333333	1294102126.33203
64.0963933333333	1366142205.94531
64.1301966666667	1225045337.88281
64.1624616666667	1556749213.50781
64.194835	1487698088.96094
64.2271633333333	1278065898.44531
64.260055	1428126114.11719
64.2914516666667	1344501545.78906
64.32343	1298421077.09375
64.3563666666667	1403010632.39063
64.3887566666667	1501982279.30469
64.4210183333333	1373428005.63281
64.454075	1055268456.16016
64.4858383333333	1107416288.62109
64.5181933333333	1410978774.92188
64.5506516666667	1287417903.42969
64.5819066666667	1176032237.46875
64.6167	1360322194.73438
64.6492366666667	1201506330.60938
64.683705	1411980011.73438
64.7155533333333	1225204981.06641
64.748475	1234309468.55469
64.7802483333333	1152574135.44922
64.81325	1294753715.08594
64.845875	1423521134.51563
64.8785666666667	1418335879.86719
64.9099966666667	1278086778.38281
64.94377	1266218526.39844
64.974665	1246415003.74609
65.0063616666667	1260916820.07031
65.0400716666667	1382699118.99219
65.07215	1271409338.82031
65.103895	1329424479.83203
65.1369783333333	1455462489.30469
65.1693	1568774263.57031
65.20279	1526378719.42188
65.235225	1524802232.78906
65.2686033333333	1305844280.86328
65.2999916666667	1435008603.21875
65.332445	1517752046.92969
65.3645566666667	1553903472.97656
65.3972533333333	1407981073.28125
65.4305966666667	1514659012.61719
65.4630116666667	1257235400.91016
65.49597	1405009583.75
65.5283016666667	1525863201.26563
65.5596883333333	1613313014.07813
65.590595	1403985854.42188
65.6232883333333	1643493350.03125
65.65611	1741614736.35156
65.689455	1601351566.03906
65.722245	1718205083.54688
65.754725	1494761618.14063
65.7871716666667	1800997479.97656
65.8202333333333	1837735554.98438
65.852445	1971954392.11719
65.8836266666667	1785996368.32813
65.91714	1993432863.71094
65.9490633333333	2145112682.78125
65.9787766666667	1819183829.33203
66.0111116666667	1942778405.48438
66.0441116666667	2106092897.97656
66.075705	1990746374.60938
66.1080883333333	2061928207.78906
66.140095	2002687632.45313
66.17228	2069816246.89844
66.2050716666667	1837931167.23438
66.2371033333333	1747423260.98438
66.26793	1760666585.55859
66.2991483333333	1987765341.91406
66.3303483333333	1792723246.03906
66.3606583333333	1636872252.80469
66.3919833333333	1947520073.17188
66.4236616666667	1614871758.125
66.4554066666667	1675685473.60938
66.487295	1568782765.17969
66.5195133333333	1578621257.71094
66.551205	1667854282.08984
66.5833683333333	1977422528.47656
66.614435	1646211442.24609
66.645715	1628787674.90234
66.6782033333333	1622040194.14063
66.7104016666667	1700020468.71094
66.743855	1703865698.64063
66.7764166666667	1659912172.875
66.8088883333333	1435626366.16797
66.8421666666667	1460318143.06641
66.875005	1272978515.37891
66.9070883333333	1578128315.35156
66.9395116666667	1131020281.00781
66.9733133333333	1366440798.78125
67.0036816666667	1470395752.4375
67.0346416666667	1377459276.20313
67.0666866666667	1272299019.27344
67.0988383333333	1378094032.3125
67.130115	1271757954.24219
67.1627616666667	1566081516.89063
67.195275	1540590890.76563
67.2283816666667	1401547450.3125
67.2609883333333	1481240999.84375
67.2931533333333	1631112968.78125
67.32575	1427125620.48047
67.3588683333333	1454897802.34766
67.39013	1438798857.48438
67.422145	1585754820.82813
67.4543033333333	1450272920.16406
67.4890133333333	1598722529.05469
67.5217566666667	1593076452.59375
67.55439	1538569191.39063
67.5873983333333	1524718181.70313
67.6187716666667	1335979169.66797
67.6512566666667	1519093953.38281
67.6842183333333	1374167250.92188
67.7174466666667	1671890059.875
67.7499616666667	1721188074.75
67.7836583333333	1607400792
67.8156583333333	1546076379.82813
67.8479883333333	1608092038.85938
67.8822033333333	1649013080.85156
67.914335	1778552969.49219
67.9479266666667	1463077977.95313
67.9816733333333	1676748485.40625
68.0134433333333	1736733268.23438
68.04692	1839867803.72656
68.079235	1754358135.49219
68.1102066666667	1769407306.71094
68.1424733333333	1750719397.22656
68.1748766666667	1853075678.73438
68.206625	1723018197.58594
68.2394433333333	1681807307.24219
68.2707416666667	1566038515.53125
68.30405	1543375334.40625
68.3365866666667	1689544342.24219
68.3691283333333	1645980773.29688
68.4005366666667	1426617514.78125
68.43343	1560175904.90625
68.46652	1594300916.25
68.4983666666667	1523869819.32031
68.5314233333333	1478435481.89063
68.5653216666667	1489875845.75
68.5988666666667	1439777489.64063
68.6318666666667	1371510903.21094
68.663075	1431582311.24219
68.6952083333333	1471370684.50391
68.7258583333333	1185709291.6875
68.7575333333333	1434539706.60156
68.790525	1408732595
68.8213566666667	1483390420.32813
68.8528883333333	1612706197.91406
68.8844583333333	1515012464.3125
68.9171266666667	1591031227.67188
68.948795	1606673683.10938
68.9802433333333	1578354044.44531
69.0112566666667	1536208135.65625
69.0439166666667	1472428820.48438
69.0752283333333	1580912219.23438
69.1075183333333	1590153779.80469
69.1395616666667	1650713915.17188
69.1715916666667	1461248032.82813
69.2047016666667	1576959173.5625
69.2375133333333	1410870994.07813
69.2709733333333	1489153029.53906
69.3029316666667	1483896478.13281
69.3334333333333	1372851952.51563
69.36535	1510305352.72656
69.3971083333333	1390148210.60938
69.42868	1377629651.58594
69.461295	1359042365.63281
69.4930583333333	1547479394.15625
69.5245316666667	1693532746.0625
69.5561166666667	1770059989.77344
69.5885083333333	1701804221.19531
69.6210516666667	1596072346.33594
69.6529783333333	1754609282.16406
69.6843783333333	1778254177.02344
69.7164533333333	1744962035.67969
69.7479183333333	1768007308.1875
69.7794816666667	1682273448.42188
69.8113433333333	1861533707.74219
69.8439316666667	1663359684.97656
69.8747116666667	1691389692.03906
69.9071216666667	1589993016.4375
69.9401433333333	1419727419.08203
69.9720466666667	1858655015.39063
70.0053816666667	1427627094.60156
70.0381166666667	1660845610.17188
70.0706133333333	1606445638.21094
70.1027766666667	1404131253.07813
70.1356966666667	1437709029.59766
70.1687266666667	1404115629.57031
70.2025866666667	1522887531.44531
70.234815	1500166000.14063
70.2671533333333	1598532990.67188
70.29987	1273498195.14453
70.3317983333333	1433153410.90625
70.3634883333333	1479895758.60156
70.395715	1418579263.21875
70.4267483333333	1293614235.60156
70.4589566666667	1401458220.25
70.4913483333333	950244724.761719
70.523365	1267696610.52734
70.553225	1198833428.87891
70.5853	1334662611.3125
70.6169966666667	1191245288.36719
70.64946	1319666721.33594
70.6807966666667	1249403332.25391
70.7134533333333	1509677817.72656
70.7445383333333	1392598901.58594
70.7772733333333	1348967629.41406
70.80956	1598693333.21094
70.8412183333333	1241956519.78906
70.87409	1478529771.71094
70.907235	1230217059.78906
70.93882	1438860974.61719
70.9709183333333	1662197510.71875
71.002365	1521748455.39844
71.03596	1629817486.85938
71.0675183333333	1589176672.03906
71.0989816666667	1543064436.60938
71.1305866666667	1583503563.79688
71.1641966666667	1450640695.52734
71.19759	1602242432.3125
71.22977	1444469198.10938
71.26216	1515114183.20313
71.2945933333333	1396123314.53125
71.3270933333333	1314370567.74609
71.36111	1488597084.97656
71.3943116666667	1283669139.75
71.4270666666667	1280253099.53125
71.4597966666667	1382115577.30469
71.4930083333333	1208129297.58984
71.5249016666667	1435958627.67969
71.5555133333333	1551330714.25
71.5864683333333	1489466181.71094
71.618345	1419832713.71875
71.6504583333333	1402830423.26563
71.6812883333333	1414376885.01953
71.7143883333333	1416668047.21875
71.7457916666667	1411982276.39453
71.776645	1453222820.21875
71.8075	1482959190.14453
71.839025	1537033798.35156
71.8711566666667	1593626593.5625
71.9025666666667	1513982250
71.9334233333333	1598812221.125
71.9650983333333	1738389147.95313
71.9961966666667	1474015406.35938
72.0287883333333	1592694688.44531
72.060865	1384107429.86719
72.0921733333333	1479814077.52344
72.122945	1419552550.38281
72.15366	1325516307.9375
72.1856316666667	1304437750.23438
72.217515	1265972724.51953
72.2490583333333	1319234427.77734
72.2810316666667	1439538347.87891
72.3127283333333	1222004688.92969
72.34264	1128478016.64063
72.3748666666667	1376120183.96484
72.4073683333333	1174584465.38281
72.4384966666667	1388513822.57813
72.4705783333333	1370097411.50391
72.502185	1296720449.09375
72.5325683333333	1369825772.57031
72.5639866666667	1363727658.3125
72.5965183333333	1316815772.48047
72.6281516666667	1306071332.72656
72.6595933333333	1249295292.53516
72.69107	1112644582.64063
72.724015	1289589585.24609
72.756385	1176034361.05469
72.7887716666667	1432690043.73047
72.8215866666667	1419683315.63281
72.853475	1434205442.98438
72.8851183333333	1250495153.70703
72.9167516666667	1256670090.54297
72.947555	1425046228.91797
72.9795483333333	1438992596.48828
73.0106333333333	1230855243.44531
73.0428116666667	1313437705.93359
73.0737033333333	1249319173.5625
73.104695	1383840441.67969
73.136535	1360873920.37891
73.16852	1475980537.60156
73.19988	1292724586.13672
73.2326366666667	1558614065.58594
73.2636533333333	1232903913.66016
73.29521	1366111219.59375
73.328845	1286809741.97656
73.3615083333333	1368008404.16797
73.39181	1149408650.53906
73.42253	1293879625.10156
73.4545933333333	1257835480.28906
73.4852116666667	1281469723.52734
73.5166333333333	1258171997.125
73.5471383333333	1245836197.51172
73.5780133333333	1351059994.48438
73.6095266666667	1242098320.85938
73.64108	1257216905.10938
73.67322	1229124473.15625
73.7055016666667	1285240055.13672
73.7381716666667	1236328008.96094
73.771845	1242638522.71875
73.8043466666667	1228002476.96875
73.8370366666667	1215854822.95313
73.8688833333333	1224283803.19531
73.90033	1232406333.44922
73.9321033333333	1270109353.68359
73.963825	1080355971.81641
73.9944316666667	1368418652.32813
74.0267733333333	1037642684.19531
74.0600483333333	1273438136.29688
74.0923566666667	1372931857.98438
74.124065	1110338492.14453
74.156425	1245995606.23828
74.1885666666667	1202643981.76563
74.220385	1266716609.24609
74.2525033333333	1131335046.88281
74.2846266666667	1354159010.45313
74.3166783333333	1250948222.11328
74.3485416666667	1352553597.58594
74.3810416666667	1303579706.41406
74.4136483333333	1437355335.71875
74.4466133333333	1460110525.17578
74.479275	1484161388.35156
74.51136	1544891269.60547
74.54413	1599253369.625
74.5765316666667	1610344585.30469
74.6078116666667	1683125819.88281
74.640575	1639612625.78125
74.6735533333333	1572938531.25
74.70591	1554941846.41797
74.7377633333333	1700800390.48438
74.7694816666667	1699522905.82813
74.800835	1412330134.4375
74.834115	1356024604.51953
74.8655016666667	1537638123
74.8982916666667	1441068394.625
74.92967	1429429506.125
74.9616116666667	1444609613.40625
74.992785	1392825651.69531
75.0239983333333	1316600923.90625
75.056005	1355125344.07813
75.0876383333333	1360584689.69141
75.1191533333333	1356971771.82813
75.150735	1413086634.21484
75.1833966666667	1399707905.88281
75.2162766666667	1209085393.66797
75.2475916666667	1318826615.08203
75.2800666666667	1236473531.48438
75.3116016666667	1369335358.5
75.343015	1362939250.80078
75.3733916666667	1310758620.33203
75.40481	1306171426.61328
75.43642	1356214323.89844
75.4687033333333	1429718124.90625
75.4998366666667	1327714291.19531
75.5301483333333	1308600908.88672
75.5621383333333	1361306945.83984
75.5936233333333	1453616185.01563
75.6253716666667	1393380834.08594
75.6567133333333	1337752626.125
75.6876733333333	1375512757.47266
75.71874	1336531447.125
75.7510466666667	1445626068.42969
75.7839416666667	1224184059.5625
75.81735	1255163612.23047
75.8506083333333	1397732535.5
75.8818	1409230358.67578
75.9148016666667	1360842675.35938
75.94686	1464769031.67188
75.9804666666667	1436094933.36328
76.01316	1452207772.41406
76.0447683333333	1508796906.32813
76.0773083333333	1350000969.46875
76.109675	1305474015.28906
76.14205	1454098264.20703
76.1744233333333	1349345081.73438
76.20726	1355352571.04688
76.23924	1297107072.93359
76.271865	1274025551.80859
76.3044383333333	1336960206.96875
76.3370383333333	1261270930.625
76.36886	1324220525.07031
76.40056	1438798505.12891
76.43177	1362684198.0625
76.46469	1199604185.10547
76.4989116666667	1344178098.74219
76.5324416666667	1431287252.80469
76.5647666666667	1215690221.70703
76.5971866666667	1318721592.4375
76.6289733333333	1416920434.33594
76.6625316666667	1225265552.70703
76.6936983333333	1163745215.99219
76.725535	1305633810.58594
76.7575483333333	1328154645.79297
76.78933	1480595791.92188
76.8203316666667	1164475175.21094
76.85185	1207810438.36719
76.8833883333333	1177350209.41797
76.916085	1194334620.44922
76.9475416666667	1219298175.44922
76.97925	1267455161.96094
77.010355	1314739484.26563
77.0429716666667	1364823868.54297
77.0757083333333	1336891650.94141
77.1067533333333	1392848215.5625
77.138125	1178768648.11719
77.16959	1258162124.78516
77.201725	1268098505.89453
77.2340533333333	1296735001.54688
77.265785	1252145612.25781
77.2985266666667	1247757078.45313
77.331145	1327329951.41406
77.362165	1462139860.06641
77.3947083333333	1244395876.40625
77.426905	1303793643.78125
77.45812	1373770634.35547
77.4908666666667	1391568061.69531
77.5230916666667	1385440831.70313
77.555155	1393020769.97656
77.5876016666667	1436124425.65625
77.62076	1319411712.70703
77.6528683333333	1363977636.03125
77.683715	1398411396.55469
77.715945	1492253941.54688
77.747845	1464261458.13672
77.7799616666667	1411476521.99219
77.8105283333333	1375710020.14844
77.84113	1283692640.32031
77.87388	1363841672.84375
77.9076766666667	1517530313.9375
77.9405383333333	1634658939.85156
77.972805	1521823630.67188
78.0054933333333	1501779398.08984
78.0379533333333	1278696089.44922
78.0716583333333	1533226939.08594
78.1047133333333	1519139356.9375
78.1376133333333	1413200193.03125
78.1696033333333	1370613591.24609
78.20184	1426071456.01563
78.2335066666667	1304393202.89063
78.2649183333333	1221355646.13281
78.2971	1289867962.24609
78.3278733333333	1279406108.63672
78.3614066666667	1206720677.375
78.3929666666667	1176145889.27344
78.4254633333333	1112170143.16016
78.4567766666667	1206568276.23047
78.4874566666667	1227318576.19141
78.5200533333333	1271098790.54688
78.5507183333333	1339470188.39063
78.5813766666667	1257024410.25781
78.6114816666667	1342171876.21484
78.64188	1485727790.04688
78.6735916666667	1344375673.88672
78.7053133333333	1348235155.04297
78.7367933333333	1604239332.77344
78.76807	1465895646.87109
78.800065	1536162506.40234
78.8316183333333	1408118032.67969
78.8633366666667	1418461735.99219
78.89463	1542350402.05859
78.9270383333333	1511675458.92578
78.9594616666667	1557756151.21875
78.9916966666667	1671616449.33594
79.02362	1455145458.75
79.0557133333333	1511473811.75391
79.0878466666667	1356982445.24219
79.12106	1475739438.74609
79.1533966666667	1441675794.71875
79.1856283333333	1139538795.33203
79.2179383333333	1430808084.92188
79.2507933333333	1345202031.49609
79.28313	1551005081.47266
79.314425	1414955533.9375
79.345865	1388256043.53516
79.3777266666667	1350900588.38672
79.4111633333333	1439344506.84375
79.4432566666667	1515605363.6875
79.4762183333333	1651685996.83594
79.5079333333333	1577281673.6875
79.5395616666667	1551999092.93359
79.57219	1573845075.28906
79.60526	1445822757.76172
79.6377466666667	1499239500.24609
79.6706466666667	1510214618.45703
79.70255	1443367644.51953
79.7351216666667	1509554614.63672
79.76682	1512282598.80859
79.798985	1470624946.74609
79.8312016666667	1678458487.08594
79.8629433333333	1678668659.03906
79.8935533333333	1660483725.72266
79.9257316666667	1548728325.37891
79.95744	1471496369.34375
79.9891483333333	1500332273.69922
80.0220733333333	1523950570.10156
80.0533133333333	1623467481.63281
80.0851466666667	1609559881.39844
80.1174733333333	1591902275.82813
80.1495966666667	1537824452.57031
80.1807466666667	1588209811.80859
80.2119316666667	1539187485.94141
80.244315	1526896728.32031
80.2755866666667	1456583602.69141
80.307295	1542598950.69141
80.3393466666667	1365404396.26953
80.37103	1372534384.71484
80.40162	1350830058.875
80.4335133333333	1390901048.91406
80.46456	1395763250.76563
80.4952933333333	1367596064.83984
80.5258033333333	1247907568.16797
80.5577366666667	1206583343.66406
80.590715	1321913994.64453
80.62308	1387664022.96094
80.654485	1360700369.35547
80.6872116666667	1232476073.27344
80.7196266666667	1250714843.99609
80.7511216666667	1298269580.28125
80.7820616666667	1261780831.81641
80.81388	1329626912.48828
80.8452133333333	1260666839.07031
80.8770816666667	1266756891.97266
80.9089683333333	1314617444.48828
80.9407916666667	1392506895.36719
80.9725816666667	1374729153.01953
81.003725	1370498502.9375
81.0357583333333	1360857316.00391
81.06733	1512564846.34375
81.1008233333333	1433732478.01953
81.13241	1540711739.19531
81.1635283333333	1421186696.82813
81.1944916666667	1647456575.53516
81.22648	1614947947.76953
81.257675	1703773004.85156
81.2888083333333	1744201450.89063
81.3200516666667	1687050308.53125
81.35199	1256495948.30078
81.3828133333333	1583626108.23438
81.4142316666667	1588129539.125
81.4456066666667	1724041516.44141
81.477805	1438421999.27344
81.5099066666667	1698887933.09766
81.5414416666667	1625801801.77734
81.5744366666667	1738467707.32813
81.6066433333333	1737042904.09766
81.6393933333333	1827816415.07031
81.672305	1615674149.25391
81.7049933333333	1753829686.64453
81.738245	1459270996.39844
81.7721883333333	1506497199.17578
81.8056816666667	1558231142.94141
81.8375233333333	1715349345.30078
81.8697816666667	1826980282.92969
81.90133	1683320170.57031
81.9332233333333	1704703190.10156
81.9646533333333	1727234608.71484
81.9962583333333	1396068173.89063
82.0280083333333	1766998672.89063
82.0610433333333	1604735530
82.09314	1761388822.30469
82.1249183333333	1622572382.97656
82.1570533333333	1634104188.37109
82.1886366666667	1711655217.64844
82.221095	1760441722.32813
82.252935	1655803129.36719
82.2857883333333	1726145368.125
82.3186816666667	1762434931.6875
82.3509566666667	1731039260.35156
82.3819216666667	1398785609.03906
82.41479	1626539671.89063
82.4458366666667	1640678977.38281
82.477725	1809256778.86719
82.510195	1746340640.45313
82.5423333333333	1430267750.12891
82.57471	1530623866.27344
82.608365	1806904838.02344
82.639875	1769420192.46094
82.672215	1605617375.14063
82.70346	1472666303.875
82.7347916666667	1554499499.70703
82.7678933333333	1561582915.85938
82.7996666666667	1491889394.64844
82.83141	1399830674.10156
82.8630533333333	1476590908.35156
82.8957216666667	1549197605.46875
82.9277166666667	1417613162.53125
82.9600833333333	1541971787.85156
82.992045	1282840590.72266
83.0240233333333	1355506863.15625
83.0554916666667	1298183723.28516
83.087615	1357220816.93359
83.11906	1537362873.45703
83.1516133333333	1496030559.02734
83.1833483333333	1503611834.83594
83.2162733333333	1518840276.39453
83.2480483333333	1536184212.64844
83.2799633333333	1567514545.94531
83.3121383333333	1713584079.50781
83.3450833333333	1868693494.97656
83.377295	1763466267.83203
83.4085183333333	1852341625.41406
83.44069	2032814913.10938
83.473355	2060007657.1875
83.5059666666667	1816302342.13281
83.5383683333333	1913986031.67969
83.571	1970712648.48438
83.6040066666667	2005663502.20313
83.6360516666667	1946676133.57813
83.6679566666667	1990547683.10156
83.6993583333333	1887596055.89453
83.7318633333333	1997707400.88281
83.7640616666667	1867304582.6875
83.7964316666667	1915620896.60156
83.82744	1862162525.21094
83.8598016666667	1995538501.25781
83.8915916666667	1954314971.57031
83.92428	2150460790.09375
83.9566166666667	1935769697.60938
83.988805	1742217610.98047
84.020835	1791634985.96875
84.0534016666667	1684232090.49609
84.0860333333333	1744275167.70313
84.1194816666667	1810445868.15625
84.1514583333333	1759305898.60156
84.1845133333333	1848584350.78125
84.2157566666667	1694429996.54688
84.246735	1886331389.94531
84.2787066666667	1359812884.34766
84.3107166666667	1459192168.39453
84.342775	1449071921.89453
84.3761633333333	1727911455.91016
84.4087233333333	1876461073.71484
84.4409883333333	1725585780.80469
84.4727133333333	1637566371.40234
84.5060933333333	1675392868.60156
84.5401583333333	1639582062.42188
84.57219	1661989853.85547
84.605555	1726667510.36719
84.637625	1646463220.60938
84.6699	1673813571.57813
84.7018233333333	1682124641.11719
84.734035	1606513214.14844
84.7659533333333	1540139120
84.7985216666667	1722297182.29688
84.831075	1594216028.6875
84.8630233333333	1703374897.42188
84.8952066666667	1609735836.90234
84.9265266666667	1658003592.89844
84.9590183333333	1679709034.10156
84.990135	1573701099.00391
85.022445	1669822622.55469
85.0549366666667	1535987655.44531
85.086605	1621635561.08203
85.1164916666667	1665495305.79688
85.1472933333333	1568796293.58203
85.177655	1449597857.13281
85.2091416666667	1423475054.48828
85.2400916666667	1646759933.27734
85.2709433333333	1530910998.95703
85.3030766666667	1453366471.3125
85.3341266666667	1638084462.74219
85.3637116666667	1645668235.80469
85.395435	1640973856.89063
85.42612	1696519802.85938
85.4574666666667	1638820210.39453
85.4881783333333	1676230573.92969
85.5194933333333	1835222675.5
85.550985	1642204009.08984
85.5816533333333	1543546039.04688
85.6140683333333	1586558169.50391
85.645465	1715412140.01172
85.6779333333333	1776698718.29688
85.709085	1672037290.16797
85.7407866666667	1479097900.84375
85.7731866666667	1607641710.08984
85.80442	1719196323.89063
85.83555	1597577538.52344
85.866655	1586348102.90234
85.8976716666667	1740223940.27734
85.9294366666667	1490621780.09375
85.960465	1627001679.08594
85.9918866666667	1893350587.34375
86.023905	1294936467.79297
86.05607	1654624961.30859
86.08739	1632092606.17969
86.118035	1728815315.82422
86.1482733333333	1555142833.74219
86.179445	1827898878.17969
86.2106283333333	1939507808.76563
86.2417966666667	1866837048.57813
86.273605	1515069875.10938
86.3050633333333	1696283980.91406
86.3360266666667	1861960510.26172
86.367915	1985666542.71875
86.40025	2076792896.625
86.4314783333333	2096566850.32813
86.4620383333333	1976401480.33594
86.49366	1846723108.01563
86.524545	1809120463.90625
86.555605	2111254701.07813
86.5871766666667	2002429537.25781
86.61789	1806637679.88672
86.6489233333333	2215812187.40625
86.6799533333333	2100113647.57031
86.709665	2308393270.20313
86.7393883333333	1949711701.28906
86.7710916666667	1970173989.99219
86.8025383333333	2052456977.91406
86.8343883333333	2067530784.14063
86.8640033333333	2234028715.54688
86.8950483333333	2287579204.03125
86.9261516666667	2305963377.82813
86.9568116666667	2299904738.21875
86.988015	2421916089.24219
87.0187783333333	2598803280.67969
87.04984	2606299768.08594
87.08182	2556289803.33594
87.1127633333333	2713826814.97656
87.1438683333333	2758790657.53125
87.1746866666667	2950052988.36719
87.2068866666667	2982040706.10156
87.2391433333333	2977804769.46094
87.2705833333333	3099105678.67188
87.30167	3075157446.8125
87.333325	2996369854.88281
87.365545	3180879980.4375
87.3966333333333	3398183719.69531
87.4283533333333	3323364985.28125
87.4595333333333	3160537162.02344
87.49128	3046822555.15625
87.5234416666667	2963827141.25781
87.555185	2873266603.53125
87.58751	2842405486.89063
87.618565	2640475660.39844
87.6509016666667	2705517058.6875
87.6824116666667	2675934533.64063
87.715075	2639492745.48438
87.74631	2519520257.25781
87.7763666666667	2504392096.625
87.8074383333333	2625385727.99219
87.83874	2684928605.875
87.8699616666667	2707117679.19531
87.9010233333333	2628560950.03906
87.9309433333333	2781940283.39844
87.9613133333333	2787402111.67188
87.9931666666667	2535794075.13281
88.02481	2831558435.19531
88.0549416666667	2815509043.08594
88.0859033333333	3011878843.72656
88.11759	3110340906.48438
88.1483333333333	3250940398.95313
88.1798266666667	2950825660.32031
88.2112266666667	3226022791.39844
88.2429616666667	3097462582.02344
88.2733766666667	2940791922.33594
88.3049883333333	2683810273.85938
88.3377666666667	3297195902.70313
88.369595	3036233124.52344
88.4007216666667	3193744806.42969
88.4321833333333	3078417497.875
88.4652066666667	2923328926.8125
88.49809	2689528119.89844
88.5301316666667	2570201385.54688
88.5619366666667	2602487169.58594
88.5936933333333	2701548857.79688
88.6260033333333	2452068644.46875
88.6587866666667	2401054843.25
88.6899333333333	2347261126.07813
88.7215733333333	2601014272.57813
88.7525833333333	2510646198.39844
88.7822933333333	2541710527.71094
88.81304	2443474966.27344
88.8435733333333	2259512104.97656
88.874335	2465556539.52344
88.905615	2648349597.01563
88.9367633333333	2413324686.53125
88.9684266666667	2399581760.14063
88.99954	2223793686.17188
89.0311366666667	2237996171.32031
89.0614433333333	2410681432.50781
89.09135	2357014416.4375
89.1215133333333	2413790185.04688
89.151435	2562182774.33594
89.181975	2600500192.85156
89.21261	2786578134.46094
89.24251	2891433229.34375
89.273165	2778172402.54688
89.3032766666667	2749838399.90625
89.334235	2701383004.85938
89.3651316666667	2750698963.79688
89.3968566666667	2667990389.29688
89.4282166666667	2752171522.89063
89.4593316666667	2714810681.89063
89.4906166666667	2631367104.58594
89.5227616666667	2471303294.79688
89.5542366666667	2326558429.07031
89.5847883333333	2539315983.79688
89.6168766666667	2574697254.10156
89.6480716666667	2384762510.47656
89.6794066666667	2578853960.8125
89.7099416666667	2502116819.07031
89.740985	2378367430.9375
89.771305	2488767314.29688
89.8029866666667	2422893253.63281
89.834935	2492796897.13281
89.8659616666667	2269268668.63281
89.8972883333333	2590923276.33594
89.9279533333333	2382442411.39063
89.95758	2749440514.86719
89.988885	2703220009.15625
90.02037	2556144679.70313
90.0516166666667	2432496861.72656
90.0825916666667	2521794756.07031
90.1142666666667	2614290645.5
90.1450383333333	2248171623.875
90.176585	2348222107.89844
90.2075733333333	2300432875.33594
90.2389816666667	2332818821.60156
90.2703433333333	2412855967.5625
90.3019233333333	2435004280.94531
90.3323366666667	2730585878.90625
90.3637483333333	2758025933.5625
90.3951066666667	2670017857.90625
90.4269033333333	2786592168.29688
90.4589483333333	2655108938.28125
90.491515	2451031933.375
90.52351	2649770168.82813
90.5553766666667	2654769363.85938
90.5859983333333	2480116419.40625
90.6186533333333	2593269844.50781
90.6499116666667	2448741922.5625
90.6804566666667	2257919866.79688
90.71195	2356837284.89063
90.744075	2302426523.98438
90.7745566666667	2470252869.46094
90.8063416666667	2278693559.625
90.8377833333333	2406565396.61719
90.8701783333333	2432866844.30469
90.90264	2262418003.23438
90.9347366666667	2399396201.19531
90.9665133333333	2398547266.45313
90.9974733333333	2573886400.29688
91.0285916666667	2394041266.35156
91.06019	2270790026.67188
91.09225	2433156544.0625
91.1231916666667	2398543550.63281
91.1537683333333	2324147536.35938
91.1849483333333	2345748709.83594
91.2166083333333	2441348017.25
91.2471816666667	2196702924.07031
91.27867	2158412555.28125
91.309675	2148656587.56641
91.3412166666667	1959649371.94141
91.373565	2003801885.74219
91.4065083333333	1932707038.07813
91.437515	2153476536.10156
91.4681166666667	1997064476.57813
91.5005833333333	2062769416.66406
91.53201	1755465887.82031
91.5642033333333	1818256557.79688
91.5939133333333	2094836808.44531
91.6265416666667	1913500371.07031
91.65599	2219921801.91406
91.68756	1849263406.48438
91.7179616666667	1773719813.37109
91.7494166666667	1759734920.6875
91.7800783333333	1860691505.67188
91.81125	1715026770.76563
91.8424083333333	1575509939.30859
91.8745983333333	1631246518.85938
91.9061316666667	1729352150.46484
91.9380183333333	1673995206.92969
91.9686716666667	1861731428.83594
91.99963	1619332120.72266
92.0311766666667	1783941486.86328
92.0597116666667	1698757622.04297
92.091505	1782164495.53125
92.122555	1983336465.13281
92.1533366666667	1895418193.75781
92.1843633333333	1747322814.67578
92.215525	1756517895.88281
92.246095	1679937013.48047
92.27808	1746899582.94141
92.3094066666667	1666187841.88672
92.341085	1508950710.17188
92.3733483333333	1489790562.05078
92.4053483333333	1459501217.17969
92.4371766666667	1576436988.89063
92.469925	1377640616.46484
92.501695	1446735730.80859
92.5328983333333	1443955060.69531
92.5653033333333	1375840932.88672
92.5968583333333	1351041288.71875
92.6288766666667	1362148180.33203
92.66118	1326436832.50391
92.69297	1393670532.92578
92.724805	1409047789.62109
92.7560616666667	1429835874.55859
92.7867466666667	1216062892.41406
92.8194016666667	1268363907.55469
92.850085	1225020869.81641
92.8808733333333	1212327630.78125
92.9139483333333	1273367573.62109
92.9443616666667	1245624926.98047
92.97613	1290868307.54297
93.0063483333333	1135492627.20703
93.039345	1170757101.60938
93.0698133333333	1209789417.58594
93.1014583333333	1146890615.91406
93.1318933333333	1121507569.28906
93.1619366666667	1071294554.05859
93.1932316666667	923537513.441406
93.224625	1101599405.63672
93.254495	1007285259.34375
93.2871733333333	1011852904.57813
93.3177416666667	1035454144.53125
93.3490766666667	920328751.875
93.3814233333333	937271751.441406
93.4130083333333	844765537.640625
93.4439883333333	872488767.519531
93.4763483333333	918118750.511719
93.5079233333333	919413652.886719
93.5400833333333	860873946.558594
93.5707116666667	920615519.003906
93.6022183333333	835150444.535156
93.6342066666667	888368239.300781
93.66602	812175091.0625
93.6979466666667	881024421.390625
93.729255	799638146.300781
93.7603116666667	854231369.109375
93.7915483333333	811600968.363281
93.8224566666667	846028568.875
93.8543966666667	824988509.234375
93.8860366666667	814281102.277344
93.9173016666667	769735584.548828
93.9482216666667	840820757.230469
93.9790433333333	783322590.074219
94.0092033333333	825803335.742188
94.0401533333333	770465651.746094
94.0713633333333	720391271.441406
94.1030166666667	750544971.210938
94.134485	820006579.28125
94.1652683333333	825260038.347656
94.195405	771107103.996094
94.2267316666667	753445667.214844
94.2590633333333	827067352.734375
94.2892716666667	762490371.894531
94.3220366666667	803127606.449219
94.3530533333333	708235342.734375
94.3847083333333	771897558.003906
94.4156033333333	751117125.103516
94.4450233333333	674773809.076172
94.4760633333333	686117564.988281
94.508255	714333121.990234
94.5407633333333	710309508.304688
94.5730066666667	664368517.166016
94.6033583333333	747784387.5625
94.6362266666667	715152304.333984
94.6678033333333	714393218.015625
94.6977766666667	687005301.029297
94.72964	738367683.599609
94.76075	673157810.472656
94.7932433333333	711127034.832031
94.8248716666667	630095639.345703
94.85653	628956030.279297
94.8888483333333	733515160.792969
94.9211616666667	625356725.667969
94.9526816666667	718998720.8125
94.984855	609098256.595703
95.0151466666667	665603804.802734
95.0463733333333	712978511.046875
95.07788	613769985.75
95.1082716666667	622305502.458984
95.1402966666667	588464075.388672
95.172565	614691370.400391
95.204905	590034595.708984
95.2373916666667	548398407.443359
95.2690116666667	574785274.166016
95.3007866666667	598784747.052734
95.33297	610275836.505859
95.3653066666667	576454164.257813
95.3969233333333	517705463.939453
95.42877	573461813.943359
95.4587216666667	584442016.734375
95.4908933333333	517329751.988281
95.5230583333333	542720669.144531
95.555755	588137342.617188
95.5884033333333	532289320.619141
95.619165	473069362.455078
95.6522583333333	568053840.263672
95.6841516666667	512789759.990234
95.7158116666667	576835830.859375
95.747015	602336529.460938
95.7790366666667	666952015.175781
95.8118983333333	568047153.755859
95.8441	465765774.833984
95.8766066666667	556047138.064453
95.9076366666667	484911798.974609
95.9401283333333	592553871.177734
95.971925	583247360.441406
96.0035266666667	490731059.878906
96.0349616666667	514416494.990234
96.067055	536525433.273438
96.0988833333333	569258852.023438
96.1301716666667	559963336.380859
96.1625616666667	563599275.767578
96.194245	587919456.859375
96.227195	565646871.892578
96.25877	547187592.740234
96.29045	475830606.648438
96.3239766666667	481743879.755859
96.3567333333333	502725220.964844
96.387825	462701134.681641
96.4202566666667	492301901.380859
96.4525933333333	463587640.160156
96.4836466666667	454541174.300781
96.5141183333333	438477505.320313
96.54581	448001818.732422
96.5777216666667	497430252.957031
96.60907	447916718.048828
96.6406066666667	377335012.482422
96.6735366666667	417928311.529297
96.7062233333333	412800493.775391
96.738055	411046509.185547
96.7699716666667	415615656.699219
96.8010183333333	394250873.417969
96.8331033333333	334331692.164063
96.8660483333333	357121358.369141
96.8982083333333	307674191.703125
96.929975	361050009.759766
96.9631783333333	360140407.455078
96.9950016666667	304435769.673828
97.0263	319375578.75
97.0588066666667	265242282.107422
97.0902533333333	297115436.849609
97.121545	297453283.457031
97.1539516666667	264333126.138672
97.18528	281263798.486328
97.2173066666667	263483664.566406
97.25001	180249588.547852
97.28107	253108980.682617
97.3133066666667	248459340.154297
97.345825	190320876.243164
97.3770433333333	226540348.052734
97.4080283333333	166088156.119141
97.4412866666667	185079797.246094
97.474785	205388452.137695
97.5062166666667	193503667.170898
97.5386216666667	183966828.652344
97.5708483333333	188197121.741211
97.60425	147307725.052734
97.6369783333333	157901988.927734
97.669225	214702766.486328
97.7009066666667	152288180.552734
97.7318883333333	183624225.533203
97.7651183333333	173964868.941406
97.79655	180648715.318359
97.8298133333333	170170530.642578
97.862155	190524693.164063
97.8953483333333	171654208.862305
97.9279033333333	195128940.966797
97.96142	147212823.782227
97.9943083333333	158505505.547852
98.026095	162805777.928711
98.05791	123805117.077148
98.0903116666667	123400644.375977
98.1218833333333	129848804.416016
98.1544283333333	98511576.6870117
98.1869683333333	76775168.8271484
98.2195966666667	75310534.2089844
98.252625	64176400.5561523
98.2852233333333	61258673.9125977
98.313425	60126232.402832
98.3456533333333	61573565.7397461
98.3758033333333	43015652.9697266
98.4077183333333	45445673.9360352
98.4410266666667	47305910.9428711
98.4739166666667	31985155.1381836
98.5064916666667	36764838.3310547
98.5377983333333	38271017.5537109
98.5699366666667	29949930.5036621
98.6026133333333	28698265.4558105
98.6347766666667	23716962.0244141
98.6680983333333	25835260.5368652
98.699845	23946611.5441895
98.732525	13219353.9007568
98.7652266666667	16916429.7753906
98.797235	20175854.7111816
98.827435	18294709.2995605
98.8592	13459431.2858887
98.8916783333333	12990313.3187256
98.9247566666667	9845298.83520508
98.9585516666667	11788678.7578125
98.9919316666667	16083990.536377
