RetentionTime	Intensity
0.01856	14381369.1884766
0.04331	5961042.39596558
0.0724383333333333	5583778.46789551
0.09962	6239540.30023193
0.128935	7171494.34936523
0.156643333333333	6566455.19897461
0.186541666666667	4857156.25366211
0.217681666666667	6797847.97235107
0.246185	5221583.02825928
0.276128333333333	5291674.06280518
0.307995	6029602.54083252
0.336841666666667	5412710.3404541
0.368636666666667	6213954.70019531
0.398098333333333	10248622.1842041
0.427303333333333	4552260.5534668
0.460628333333333	8079184.01409912
0.491336666666667	4603782.94854736
0.524083333333333	4047489.28167725
0.556748333333333	4033651.80752563
0.588238333333333	5171179.5378418
0.622373333333333	8157816.5690918
0.652973333333333	3465255.32653809
0.686388333333333	5968817.12359619
0.719148333333333	5253884.14624023
0.751346666666667	3492422.16082764
0.78585	8310115.98632813
0.816916666666667	8251958.7232666
0.850301666666667	6446664.92382813
0.883636666666667	8656948.89300537
0.917255	4326741.99041748
0.951685	10822011.0963135
0.98436	4473228.11486816
1.01970666666667	5655034.72210693
1.05489166666667	4385195.67492676
1.08545	7484365.550354
1.116535	5484315.32684326
1.148065	3477288.47885132
1.18131166666667	2844439.10810852
1.21400166666667	4503625.50946045
1.24580833333333	8225726.4654541
1.27491666666667	4623101.07455444
1.30862833333333	3659872.83309937
1.34095	4929855.47613525
1.37204166666667	3149249.2131958
1.40330166666667	4351697.09204102
1.4345	6664397.40228271
1.46472333333333	8017244.27178955
1.49691666666667	6924239.0300293
1.52985333333333	8730556.09863281
1.563845	8386065.4432373
1.59627666666667	4568364.83013916
1.62775833333333	5736029.30859375
1.65941833333333	3782377.57806396
1.6923	4932385.22338867
1.72593	5295906.53015137
1.7612	6411009.21896362
1.79301666666667	14228645.4707031
1.82715	11547599.4179077
1.86111666666667	18394582.9157715
1.89381333333333	56649175.7587891
1.925275	94279629.1958008
1.954895	188025535.064453
1.98428833333333	384563498.648438
2.01227833333333	635017383.269531
2.04013166666667	1117769159.88281
2.06751	1829882113.74219
2.09326666666667	2112843911.16406
2.12146333333333	2632895435.07813
2.14965333333333	2322222146.29688
2.17837666666667	2179340484.1875
2.20814166666667	1612147418.34375
2.23770666666667	657705591.583984
2.26839166666667	264808504.114258
2.29957833333333	113216834.989746
2.33220333333333	57420793.142334
2.36430833333333	35322951.9868164
2.39689666666667	29567784.8430176
2.42766666666667	40854447.9763184
2.45989833333333	25545621.401123
2.49192833333333	22494192.2839355
2.52214166666667	12943434.737793
2.55275	16596385.8184814
2.58468	31013277.8608398
2.61710333333333	24507970.9060059
2.64872833333333	18813434.6762695
2.68103	20001699.4715576
2.71390666666667	11927132.6070557
2.74679666666667	21463683.598877
2.77911333333333	6084275.32116699
2.81084666666667	6820568.65753174
2.84372	12776775.3735962
2.87693	10287930.0445557
2.90961166666667	9038096.38171387
2.94268333333333	10510620.201416
2.975125	11520480.0768433
3.00766666666667	11783164.9915161
3.04015833333333	11825824.6873779
3.07295666666667	9133911.1282959
3.10579666666667	10217193.6508179
3.13835	5677482.32849121
3.170215	5217004.77825928
3.20202666666667	8600198.22064209
3.23442666666667	8800469.51721191
3.26672666666667	5730404.99163818
3.29859	4341949.2791748
3.332045	7805768.4475708
3.363605	5125893.49017334
3.39649666666667	6168170.2746582
3.427505	6865818.16290283
3.45975333333333	8036163.41925049
3.49238333333333	4514785.90100098
3.52334666666667	5725503.30041504
3.55478166666667	5253468.6819458
3.58532666666667	5169078.27429199
3.61768666666667	3995550.63500977
3.64967	5406720.33917236
3.68193	5224725.8302002
3.71379666666667	5591926.01904297
3.74600166666667	4199091.30929565
3.777495	4631507.64263916
3.81035	5174137.68621826
3.84170333333333	3414194.51541138
3.87436166666667	4889903.67675781
3.90699166666667	5470440.42871094
3.93947666666667	4846019.8996582
3.97059	5724581.72491455
4.00251666666667	5263790.54443359
4.03474333333333	6813100.34881592
4.06616333333333	10664477.5648804
4.09769333333333	17553365.2911377
4.129445	12040711.7630615
4.15925833333333	17932212.6733398
4.19106	18876402.916626
4.22184333333333	32106174.6745605
4.25326333333333	17435492.354187
4.28564333333333	14341196.5612183
4.31563333333333	19568960.6577759
4.34607666666667	16243454.4450073
4.37689666666667	16416268.9033203
4.40960166666667	19222642.8800659
4.44174	13161575.4194946
4.47440333333333	9527164.70684814
4.50452	13791058.421875
4.53773666666667	11704055.3861694
4.570525	12462623.9501343
4.60295	9210463.69836426
4.63427666666667	10832427.6710815
4.66669666666667	7368234.96514893
4.69912666666667	5892062.6317749
4.73146666666667	5693669.724823
4.76374166666667	6482095.37319946
4.79528333333333	6151769.45281982
4.828295	9119237.66833496
4.86086666666667	4069197.24276733
4.89346333333333	3903679.46099854
4.92627166666667	7282574.61349487
4.95826833333333	3943634.75863647
4.98930833333333	3860219.71942139
5.02073833333333	3489057.48471069
5.05283833333333	3520174.97213745
5.08473166666667	3072917.72390747
5.117535	3687644.51760864
5.14972666666667	3300240.57144165
5.18232833333333	3358689.85891724
5.21535	3476208.65353394
5.24853833333333	2965999.72683716
5.28090833333333	4028258.08184814
5.31312333333333	5198219.20062256
5.34390833333333	4306534.0234375
5.37519833333333	3566425.61303711
5.40665833333333	3032856.40377808
5.43975333333333	2860572.22869873
5.471445	3472090.46606445
5.50432333333333	2887984.44546509
5.53683666666667	2458350.38812256
5.56874	3177311.14733887
5.60062333333333	2949730.58361816
5.633695	2628093.65927124
5.666325	2669154.91326904
5.69882166666667	2450452.80505371
5.73225166666667	2846579.27227783
5.76425833333333	2602784.12817383
5.797325	2610531.00701904
5.82861	2592873.17370605
5.86139333333333	2711974.39535522
5.89292666666667	3027269.59301758
5.92643833333333	3069998.35009766
5.958645	2969666.37930298
5.99081166666667	2717962.45959473
6.022035	2221016.26126099
6.05376166666667	2567926.15307617
6.08603166666667	2508098.51568604
6.11923666666667	2465458.20132446
6.15180666666667	2712438.42077637
6.18238833333333	2585165.50579834
6.21442333333333	2693948.88604736
6.24704666666667	2897063.26675415
6.28008166666667	5388456.14874268
6.31150666666667	5842459.98455811
6.342295	10264465.2183838
6.37331	10443340.0807495
6.40379666666667	16113980.4469604
6.43492	22156831.4396973
6.46648666666667	12508351.0911255
6.49916666666667	21878029.6596069
6.53114333333333	20621056.2130127
6.56280833333333	29211785.3865967
6.59442833333333	29178087.7666016
6.626375	29054381.5533447
6.65955666666667	28228580.7039795
6.69276666666667	33478579.425415
6.72567333333333	34179001.6546631
6.75817666666667	42535019.3969727
6.79019833333333	34539461.083252
6.82382	36281805.7637939
6.856465	32957157.0878906
6.88843333333333	29408891.3770752
6.92121833333333	40750279.94104
6.95431333333333	38029801.873291
6.98776166666667	39333723.4239502
7.02126333333333	37058578.9073486
7.05409333333333	47631189.6516113
7.08726833333333	46440238.9450684
7.12159666666667	48562229.7797852
7.15602666666667	51689270.6210938
7.18767166666667	51020002.5233154
7.22144	56558524.0913086
7.25403666666667	55865879.5146484
7.28715833333333	67260316.4873047
7.321105	67488766.942749
7.354695	65229584.7524414
7.38463166666667	72967066.4616699
7.41673666666667	73724049.6010742
7.44998	88027784.140625
7.483305	84062539.1101074
7.51629	91968411.5124512
7.54878833333333	95848267.324707
7.582425	87954706.9802246
7.614995	89329153.3759766
7.64969166666667	90773277.7875977
7.68251166666667	90625923.6447754
7.71635166666667	97735255.0302734
7.75093166666667	95025287.5720215
7.78441833333333	93608483.8061523
7.81923666666667	92800692.9960938
7.85446666666667	92542556.7053223
7.88904166666667	92219100.6879883
7.92402666666667	94179314.7287598
7.95767666666667	90812455.9125977
7.99116	101603464.48584
8.02645166666667	89203643.6652832
8.06160333333333	94698023.1774902
8.09502666666667	90806142.5939941
8.12942333333333	92577575.3603516
8.16382	91661165.0532227
8.19675166666667	76670503.3308105
8.23158666666667	91624504.8181152
8.26631333333333	118772021.783447
8.30144333333333	124378785.948242
8.33629333333333	94720128.1914063
8.37203333333333	119553682.311035
8.40394166666667	85259632.7636719
8.438545	86512968.019043
8.47305666666667	82923240.9335938
8.50777833333333	91207360.9375
8.542745	83939238.6035156
8.576185	83313895.4875488
8.61160666666667	81092158.0317383
8.646395	80778464.5512695
8.682335	81918857.699707
8.71695833333333	87403328.8742676
8.75201166666667	88897203.5168457
8.78710333333333	83488613.4592285
8.82147333333333	84762572.6416016
8.85709666666667	81672549.262207
8.89267166666667	82435339.2583008
8.92867666666667	73951378.0397949
8.96415666666667	77783333.2785645
8.99815333333333	75319069.048584
9.03321833333333	81881036.5039063
9.06779	80840788.637207
9.10354	80061603.5322266
9.13563333333333	80739277.0053711
9.17243166666667	88434302.7546387
9.20557166666667	81005329.5827637
9.242165	78315486.0966797
9.27577166666667	75079761.9472656
9.31222166666667	83423245.7402344
9.348595	76237941.0493164
9.38263	75887348.5358887
9.41503333333333	78861798.0969238
9.44961833333333	88890306.795166
9.48377	87834363.5432129
9.51823333333333	87401346.5571289
9.55206666666667	98008940.904541
9.58581	87078999.4248047
9.62108833333333	86251898.5910645
9.65528333333333	88080283.6645508
9.68890166666667	89251929.2946777
9.724125	93892182.8422852
9.75910333333333	90434641.5527344
9.79245333333333	97121559.0097656
9.828035	94139378.9030762
9.861945	88181164.8933105
9.89614666666667	81050423.7043457
9.93186333333333	94622511.3068848
9.96658833333333	88007028.017334
10.0001933333333	85561019.8464355
10.0342783333333	81590537.5444336
10.0675083333333	83432401.0187988
10.1011366666667	79907520.5651855
10.13627	74405310.2216797
10.1718316666667	84454518.6257324
10.20755	85748543.2932129
10.24117	74653447.5380859
10.2749533333333	74475944.4882813
10.3079766666667	63121894.095459
10.3413466666667	79207903.6318359
10.3751433333333	83478590.6877441
10.4099933333333	83773040.1640625
10.4432616666667	82486072.5742188
10.4774266666667	82743131.7792969
10.5116133333333	83406877.0991211
10.544995	86276248.170166
10.5804083333333	107804300.573486
10.6162216666667	108235323.345947
10.6502733333333	111670002.372314
10.6848283333333	123749938.933594
10.7194016666667	135651981.130371
10.7541316666667	115205985.519043
10.7909966666667	111524475.927734
10.8272533333333	113637898.484619
10.86163	113437942.090332
10.8970883333333	114750284.976563
10.932845	115168293.476074
10.9686616666667	119135389.940918
11.0028433333333	122826225.8125
11.037565	111740860.009277
11.0734333333333	109513475.419922
11.1055783333333	114457133.869629
11.140615	121843099.083008
11.17545	139459870.361328
11.2110283333333	130229389.719238
11.2480033333333	147406615.176758
11.2848216666667	127961973.949707
11.3151316666667	139657167.558594
11.35145	137854120.78418
11.3852583333333	145254871.043457
11.4212	129188542.838379
11.45378	153298694.631836
11.488015	132268113.102051
11.522985	138749868.989258
11.5583816666667	138137295.146973
11.5928133333333	125409502.75
11.6271466666667	132421411.964844
11.6623716666667	119264133.104492
11.698185	125859397.702148
11.7316366666667	110568420.973633
11.7651833333333	102390662.270508
11.8008683333333	119716111.613281
11.8369416666667	138430878.378418
11.8733483333333	113807911.029297
11.9095616666667	129671542.086426
11.946185	125445287.359863
11.9799833333333	110740459.691406
12.0160416666667	122972111.689941
12.05	106598613.350586
12.0854066666667	96451752.6640625
12.1179533333333	131160753.699219
12.1521333333333	138759212.317871
12.1865333333333	153636831.462402
12.2200266666667	137690534.618164
12.25639	126221541.07373
12.2895783333333	156189079.058105
12.323575	184906321.232422
12.354435	162079471.585449
12.3900433333333	166892203.446777
12.425005	188320670.581055
12.4599766666667	162838102.381836
12.49618	158902535.037109
12.53025	179246320.626953
12.56715	190490319.12793
12.6007616666667	220953683.630859
12.6367933333333	230649294.061523
12.6687266666667	232429100.905273
12.7043816666667	256554260.053711
12.7388566666667	295741264.870117
12.7730116666667	323866946.288086
12.8069983333333	415954721.935547
12.8415116666667	401133008.725586
12.87566	378299518.584961
12.9106433333333	460829705.12207
12.9454383333333	465513776.81543
12.9785533333333	443155340.435547
13.0114883333333	394888523.032227
13.046615	366669450.797852
13.0812933333333	374500766.632813
13.1149216666667	349954522.332031
13.1498033333333	357577864.665039
13.18263	315820557.560547
13.21597	306411206.944336
13.2513233333333	256796554.757813
13.28611	311543263.90625
13.3223216666667	296450077.751953
13.356045	311606566.798828
13.3901583333333	305103316.65918
13.426425	309586822.620117
13.4599183333333	323597440.179688
13.496175	347655811.532227
13.53278	378227697.125977
13.5666083333333	366118160.495117
13.6027133333333	406406235.242188
13.636835	422860940.655273
13.6722566666667	448952399.679688
13.70638	490947217.477539
13.7394666666667	446529470.775391
13.7735283333333	420205121.630859
13.80701	396587226.955078
13.8397316666667	450131281.404297
13.8762483333333	431144475.035156
13.9116466666667	390825398.517578
13.9466716666667	398126022.529297
13.98291	423577530.879883
14.01707	459982482.678711
14.051015	467445064.841797
14.086405	500304103.973633
14.1223616666667	462151801.301758
14.1549833333333	536490583.182617
14.18626	484035541.375
14.2205216666667	528146756.326172
14.2537733333333	548442519.197266
14.2873983333333	548771337.069336
14.3211683333333	543966991.894531
14.3547933333333	605821483.935547
14.3884	776005637.246094
14.42198	813700473.644531
14.456145	825677031.550781
14.49146	970566278.777344
14.525515	708347938.631836
14.55969	807294729.054688
14.5921116666667	829153023.568359
14.6266133333333	893872458.810547
14.652855	903205334.697266
14.6871916666667	718680165.1875
14.7220616666667	815150439.697266
14.7541033333333	828682347.861328
14.7869016666667	938173408.101563
14.8192516666667	653668935.425781
14.854225	610412667.524414
14.88726	610225116.329102
14.922645	520578818.107422
14.955995	621375945.597656
14.990475	555243783.307617
15.0250033333333	553607443.299805
15.057025	612211881.169922
15.0920166666667	522004148.165039
15.1279633333333	489000384.646484
15.1617233333333	485745646.316406
15.1958633333333	483368551.211914
15.2280766666667	468496027.109375
15.2648716666667	513353739.166992
15.295475	466250127.619141
15.3316183333333	496579431.708008
15.3643266666667	480661277.987305
15.3955433333333	525247851.779297
15.43175	499146235.390625
15.4619066666667	459914089.902344
15.4990883333333	455163622.819336
15.5345766666667	403028687.064453
15.5645033333333	457825003.443359
15.5979716666667	421092377.607422
15.6314366666667	469154495.920898
15.6662416666667	373432263.12207
15.6960116666667	393157984.890625
15.73105	408565649.459961
15.7666	381888501.463867
15.7958666666667	441973817.873047
15.8299583333333	360884967.500977
15.863165	423896876.399414
15.8960483333333	372001072.699219
15.9336116666667	400194835.12793
15.967445	347221651.351563
16.0049433333333	303317813.043945
16.0324283333333	307528987.459961
16.0693866666667	337361637.432617
16.10189	377216277.960938
16.1369533333333	351760081.683594
16.17025	327201808.746094
16.2067383333333	338705604.052734
16.2414583333333	438454215.503906
16.27516	383329906.136719
16.3077616666667	415283046.12793
16.3438933333333	387778381.890625
16.3790866666667	345025886.026367
16.4126333333333	450491398.395508
16.4468583333333	436980641.088867
16.4799366666667	361448876.163086
16.5140566666667	351775478.911133
16.5486383333333	348140585.117188
16.5814283333333	329058434.807617
16.61769	278618808.042969
16.6534016666667	275667929.640625
16.687825	298326887.639648
16.7235783333333	295106985.777344
16.756815	253266114.005859
16.7915783333333	263882496.442383
16.8223116666667	246087753.088867
16.8576333333333	296529942.397461
16.8910216666667	259453357.803711
16.92344	281456176.125977
16.9565716666667	322285822.143555
16.98945	353364684.169922
17.0239883333333	347110576.983398
17.05814	401697858.472656
17.092495	282571469.53418
17.1253533333333	328593218.025391
17.1594583333333	274561024.328125
17.1935	292569321.445313
17.22851	331589315.146484
17.2615116666667	284470170.447266
17.2959816666667	226205319.799805
17.3314433333333	265102566.944336
17.36796	253531739.44043
17.4044283333333	240991048.053711
17.43893	224370837.731445
17.4753116666667	242979204.355469
17.5111933333333	242601587.610352
17.5457733333333	257591524.582031
17.581855	239599961.90625
17.616945	244218948.459961
17.6525116666667	267440938.200195
17.6892466666667	264157382.782227
17.7253483333333	276492990.587891
17.7600116666667	245094247.566406
17.79475	263806723.412109
17.8297283333333	266685759.148438
17.8610566666667	275354421.380859
17.893955	333437355.96582
17.9269	339051050.082031
17.9598533333333	361396908.660156
17.993945	421353512.257813
18.0276033333333	417363577.751953
18.0603933333333	380975456.985352
18.0941916666667	402853695.460938
18.1284733333333	465472815.207031
18.1621316666667	320472589.522461
18.195655	419000460.711914
18.23141	408122692.083008
18.26347	410290129.508789
18.29834	474610556.858398
18.3288233333333	512910449.634766
18.3619166666667	529191290.054688
18.3944316666667	570090617.683594
18.4269416666667	579772499.068359
18.46223	551244816.177734
18.49647	533125096.326172
18.5323216666667	548651262.431641
18.5662	669479480.9375
18.5993316666667	511314711.146484
18.6324783333333	564041715.667969
18.6659366666667	595206827.921875
18.7002583333333	668437620.541016
18.73321	707771510.021484
18.7695333333333	876504835.585938
18.801605	1000777289.1543
18.8365383333333	935073468.486328
18.8707283333333	1148725104.27344
18.90134	1236569723.04688
18.9376516666667	1260467554.71875
18.9668233333333	1204081230.44141
18.999515	1235724052.70313
19.032595	1216212360.84375
19.0670666666667	1506362646.625
19.0979	1144971329.62305
19.1296866666667	1183309353.73047
19.1627966666667	940960372.900391
19.1969083333333	1005045653.36914
19.22907	1107130341.73828
19.26244	1024583086.04492
19.2945666666667	1030811784.75195
19.3293233333333	1036305004.5
19.3612316666667	954178416.523438
19.3940383333333	1004789051.64844
19.426645	880120069.833984
19.45918	763083001.828125
19.491965	1058327844.20898
19.5234783333333	1142832051.39844
19.5592183333333	1000913870.39844
19.5924283333333	984022450.994141
19.624495	981593836.210938
19.65763	1135564858.32813
19.6906416666667	1088363870.40234
19.7232266666667	1217158850.14844
19.75694	1003017999.59961
19.791565	996967209.917969
19.8265016666667	957094197.253906
19.8596683333333	908129353.835938
19.8935616666667	897159780.992188
19.9259866666667	828979571.21875
19.960985	833367366.851563
19.9944616666667	781255759.703125
20.0300683333333	683723340.103516
20.06245	627490316.599609
20.0977966666667	608881134.191406
20.1322566666667	507094235.751953
20.1672366666667	496480625.673828
20.2013016666667	444659738.583984
20.23542	493184384.162109
20.269545	535938196.318359
20.3013216666667	497175065.251953
20.331875	548891550.294922
20.36752	645824704.568359
20.3993983333333	603951105.962891
20.4319483333333	677102815.107422
20.46383	906998310.267578
20.498445	929084749.654297
20.5312766666667	1068613086.17383
20.5654183333333	988532334.169922
20.5985483333333	1271295933.96094
20.631375	1232894297.96484
20.6665783333333	1126117485.96875
20.69929	1284797593.55469
20.7319916666667	1396784402.73828
20.765665	1089796634.69531
20.7989266666667	1084577474.54883
20.83301	941080119.117188
20.8674533333333	965878178.539063
20.90043	974978956.53125
20.9349983333333	1146951624.31055
20.9675916666667	1086220085.07813
21.00116	1241208522.32813
21.0349916666667	1260092841.04883
21.0682133333333	1452733427.10938
21.1004016666667	1512205745.09375
21.1350466666667	1575872469.26172
21.16701	1590290182.75
21.2002033333333	1477394021.75
21.2337816666667	1762571724.61328
21.2662666666667	1599286489.95703
21.2982933333333	1642502217.48828
21.3292683333333	1532376880.46875
21.3616633333333	1608734479.90234
21.3938166666667	1378473356.69141
21.425105	1399339586.10938
21.4556433333333	1392965227.75
21.4877766666667	1518277715.61719
21.5181516666667	1358169385.07031
21.5504116666667	1281646002.40234
21.5839716666667	1110343655.03516
21.614735	1247991827.12891
21.6464	1044543514.43945
21.6780116666667	1222661844.4375
21.7106783333333	1006447375.85352
21.7428933333333	996489796.064453
21.7762483333333	1025713021.04492
21.809745	828691163.859375
21.8427216666667	886408426.894531
21.878895	837696499.072266
21.9117666666667	819441528.865234
21.94477	931853244.240234
21.9759533333333	820243387.222656
22.0126233333333	901546314.492188
22.0442183333333	1019234146.73047
22.0787566666667	1000881065.49219
22.11024	995575672.853516
22.1407983333333	978693647.599609
22.17531	940813998.005859
22.2085183333333	1088736947.12891
22.2393816666667	972833670.066406
22.2743483333333	977648884.388672
22.3079433333333	1043767802.54297
22.3370683333333	1076842846.21875
22.3709666666667	1135220543.67188
22.403005	1111777185.73438
22.4373316666667	1182271960.32422
22.4708533333333	1196683997.3418
22.5027516666667	1184158266.69141
22.535435	957910007.863281
22.5662816666667	915879875.916016
22.6003433333333	1018866381.75
22.6331616666667	941705571.525391
22.66572	945161080.773438
22.6978783333333	780918796.117188
22.7324516666667	754983200.84375
22.7657966666667	682388938.878906
22.7979233333333	685467275.648438
22.8309666666667	688702877.945313
22.8640116666667	797696314.369141
22.8983866666667	834953774.230469
22.928565	782112519.554688
22.9597216666667	953179327.529297
22.9902116666667	960016481.398438
23.0240866666667	993430866.886719
23.05596	1006706180.93359
23.0866466666667	980539330.257813
23.1217683333333	1001593457.28516
23.1514716666667	1077116806.79688
23.18278	1069180268.88672
23.216155	1248643151.17188
23.2443533333333	1197162871.41016
23.277965	1101458372.06641
23.31006	1148305075.01953
23.3407583333333	1139942516.26172
23.3727333333333	1097674238.41406
23.4065933333333	1226500544.21875
23.4391416666667	1124539031.06836
23.4711933333333	1236217308.97266
23.5046783333333	1193607771.9707
23.5376133333333	1358686646.125
23.5702616666667	1143860048.51172
23.6028516666667	1220629335.65234
23.6332816666667	1097927319.33203
23.6642283333333	1077065819.52734
23.6966733333333	1057371963.95313
23.7306816666667	1141898294.80859
23.7641166666667	1064889794.06641
23.795945	1132022742.26953
23.82914	851366452.261719
23.8631583333333	754142196.388672
23.8947383333333	730916025.71875
23.9277616666667	783313674.355469
23.9585633333333	738118968.75
23.9913766666667	717718639.298828
24.023875	803354658.833984
24.05825	978856071.994141
24.0905916666667	881612268.400391
24.1238933333333	923119335.955078
24.15663	984285444.410156
24.1877866666667	950698203.25
24.219235	1053782191.03125
24.2525666666667	1141449236.69922
24.2844683333333	1264558268.84766
24.3175583333333	1098823105.59375
24.351935	1051779549.27148
24.3843033333333	1143333794.48047
24.4174116666667	1081673940.55078
24.44912	1287387529.11719
24.48219	1039335629.32813
24.5157783333333	1108659417.59375
24.5475466666667	1069708639.54492
24.5832516666667	1070254799.67188
24.61573	935044831.285156
24.6485383333333	926732549.996094
24.68265	812250146.810547
24.7167683333333	823311559.042969
24.7493	974852836.390625
24.7821	927889476.292969
24.8130633333333	791867039.294922
24.8457666666667	880269569.214844
24.88019	884665490.447266
24.9110166666667	950475711.226563
24.9429883333333	924829534.023438
24.9739033333333	967849425.40625
25.0059583333333	913890479.925781
25.034575	965032636.691406
25.0649466666667	958062535.087891
25.0972816666667	988337838.21875
25.1285266666667	930353870.507813
25.1618416666667	927204904.064453
25.195935	974882911.027344
25.2275883333333	958507308.222656
25.2604066666667	1078904031.98438
25.2947483333333	821383436.050781
25.32554	788575023.416016
25.3610483333333	822900976.634766
25.3955133333333	866476933.087891
25.4250566666667	871514491.335938
25.4580133333333	763357706.353516
25.4891333333333	726329591.455078
25.5239133333333	682848332.164063
25.5591533333333	753053693.332031
25.59081	791647464.824219
25.6240166666667	801385334.574219
25.6581183333333	899104532.378906
25.6894866666667	1029294477.82422
25.7224783333333	1078614743.96094
25.7538583333333	1035955222.65234
25.78528	1001045471.67188
25.818625	1097430659.51172
25.8504066666667	1040989690.08203
25.8836333333333	950721750.105469
25.917745	1106306723.08594
25.9524866666667	935188676.226563
25.981475	959340791.847656
26.015495	808701386.136719
26.0452366666667	753607919.943359
26.0772683333333	1056596237.21094
26.1078933333333	896297023.832031
26.13827	989381772.128906
26.1705083333333	1012942598.35547
26.2035883333333	995288495.257813
26.2370766666667	823851234.125
26.2680516666667	1208403801.07031
26.299845	1170433722.70703
26.3334683333333	1261689644.10156
26.3639916666667	1469594680.86328
26.3963766666667	1373993721.18359
26.42874	1379203761.13672
26.4602833333333	1383660347.125
26.4918183333333	1544918707.58984
26.5221616666667	1499538436.16797
26.5536783333333	1517311453.96094
26.586595	1594742509.21094
26.61825	1558897515.32813
26.6506233333333	1562883512.24609
26.6806066666667	1554898518.97266
26.711505	1585646963.64453
26.7432266666667	1445759696.51563
26.7774216666667	1588948591.21094
26.8094216666667	1448730905.39063
26.8401666666667	1608139480.13281
26.8702416666667	1305946941.88672
26.9036733333333	1252016177.57031
26.9350266666667	1247775916.61328
26.96474	1189084665.14063
26.9976283333333	1262479908.125
27.0292383333333	1190070438.41016
27.06228	1113919164.98047
27.0953133333333	1017183200.04688
27.12751	820207836.953125
27.1602283333333	1067720963.43359
27.1921916666667	940902509.640625
27.22331	1002233022.64844
27.2569083333333	1020506424.03906
27.2902916666667	996281251.519531
27.3221716666667	897145658.070313
27.3544183333333	1028132131.26953
27.3865883333333	1057046902.32031
27.4192166666667	1059466791.40234
27.45101	899236376.742188
27.4831866666667	1051930039.43359
27.5154783333333	1214110061.29297
27.5471566666667	1084967007.01953
27.580235	1170632387.15234
27.6130833333333	1155836058.92578
27.6454733333333	1240779866.35156
27.677305	1224873136.19141
27.7100416666667	1241314090.76953
27.7432966666667	1316510618.74609
27.7773083333333	1239993777.53516
27.808655	1308583918.62891
27.8423566666667	1403913223.54688
27.8743133333333	1509026937.33984
27.90513	1249028739.82813
27.9368016666667	1466169597.28516
27.9704583333333	1441967305.02344
28.0005966666667	1121997523.64063
28.0334883333333	1496149080.38672
28.06706	1196355799.88672
28.101355	1202429674.68359
28.1316933333333	1275483694.02734
28.1639016666667	1169460175.26172
28.192965	1267734624.9375
28.2250833333333	1490712248.44141
28.2544466666667	1327530005.25
28.2846816666667	1315220304.37891
28.3129666666667	1394696026.87891
28.3441866666667	1631505676.875
28.3742583333333	1411712406.25
28.4034216666667	1628351377.64063
28.4336583333333	1465607848.13672
28.46586	1472673712.49609
28.4957516666667	1416155331.36719
28.526495	1553954571.85547
28.55807	1273480958.67188
28.5900616666667	1495829343.45703
28.6214433333333	1326983542.83984
28.6549633333333	1339636955.23438
28.6822633333333	1314845356.52344
28.7147966666667	1215680015.11328
28.74727	1416328636.26953
28.7799833333333	1166766947.16797
28.8130016666667	1193418818.30859
28.844665	1205992289.89453
28.8761866666667	1162594845.52344
28.9087466666667	1075474793.69922
28.9399783333333	1002671993.71875
28.9724333333333	953745811.726563
29.0022483333333	1009303440.64063
29.0338116666667	1025117896.46484
29.0650633333333	969832970.300781
29.0963666666667	931128238.328125
29.125805	975510370.835938
29.15711	1110655248.78125
29.18857	1118209240.85938
29.21958	1175943461.34375
29.250065	1344452133.98828
29.2831333333333	1359789275.05859
29.3149316666667	1358755988.73828
29.3476783333333	1541191050.29297
29.3763083333333	1505037361.96484
29.4075166666667	1612951563.67969
29.4399683333333	1364157023.78906
29.4736783333333	1620075344.39063
29.5040283333333	1360004007.97266
29.5349216666667	1678177339.64844
29.5664933333333	1225199979.39453
29.5991766666667	1475682848.46875
29.6315033333333	1481045458.56641
29.6642416666667	1531224992.32813
29.694635	1495531248.32031
29.7250733333333	1707793119.12109
29.75605	1641719184.77734
29.7885466666667	1756314383.33984
29.8207033333333	1638220740.0625
29.85209	1581596026.30078
29.8858633333333	1808983794.73828
29.9157783333333	1726107154.62109
29.9482033333333	1794484651.92969
29.979825	1549125638.25781
30.01341	1889430412.29297
30.0442033333333	1793373999.8125
30.0753983333333	1636454728.17188
30.1085466666667	1637220904.34766
30.141105	1454454032.89453
30.1729583333333	1536722021.91797
30.20423	1527976336.71484
30.2359833333333	1357069013.01563
30.267155	1396421217.23828
30.299845	1006877139.00391
30.3312116666667	1319151423.59766
30.363905	1241740449.25781
30.3962833333333	1163287885.15625
30.4265716666667	1339853703.71484
30.4565116666667	1125247214.08203
30.48721	1118044957.25391
30.519065	1111977258.22656
30.5494366666667	1146928708.03125
30.5815133333333	1181929599.22656
30.6138683333333	1215861500.12109
30.6451266666667	1211579255.87109
30.6760933333333	1264725373.33203
30.70681	1207316860.76563
30.7383216666667	1346106427.48828
30.76778	1260370549.73828
30.79909	1067484427.79297
30.8311383333333	1350311043.78125
30.8620333333333	1299530317.32813
30.8921533333333	1315244067.03125
30.9256266666667	1533176649.82813
30.9567966666667	1558514515.32813
30.989445	1527485154.97656
31.0228166666667	1610026644.34766
31.0546733333333	1627673031.44922
31.0872283333333	1859666951.74219
31.1204733333333	1640711315.48828
31.1537433333333	1609474230.38672
31.1848983333333	1643410457.29297
31.21514	1556038040.91406
31.2473066666667	1693334833.11328
31.277715	1672092421.72656
31.3084066666667	1517419344.64453
31.3389566666667	1657377376.86719
31.3719383333333	1323860007.46094
31.4024933333333	1820408064.25391
31.4351416666667	1598676002.68359
31.4633483333333	1688333419.07031
31.4941716666667	1977196829.56641
31.52474	1600773680.64063
31.5560516666667	1763932294.80859
31.5847916666667	1912362764.89063
31.6162733333333	1837375483.29688
31.647775	1794259514.50781
31.6789983333333	1928676161.67578
31.71063	1611002989.60156
31.74222	2001093733.25
31.7726433333333	1897000348.22266
31.8013983333333	1669020108.36719
31.83221	1517642811.38672
31.8617933333333	1480768294.40625
31.89528	1490434185.43359
31.92726	1539605368.26172
31.9590583333333	1510122062.64453
31.990465	1544404466.37891
32.02008	1624103592.20703
32.051635	1583494977.86328
32.0805283333333	1430569139.28906
32.1127066666667	1673916427.27344
32.1449233333333	1859733051.74609
32.17604	1782684638.01172
32.206145	1762006160.41016
32.2369266666667	1923981155.96875
32.2649383333333	1916932096.39063
32.29472	1929468956.28125
32.3251116666667	1878051120.35547
32.3554233333333	1906613981.37109
32.3861266666667	1864107905.23047
32.417545	2129577318.78125
32.4475166666667	2039069045.57422
32.4783	2098766074.49219
32.5094033333333	1972415528.77734
32.5412833333333	1937316795.60156
32.5712833333333	1920265401.66797
32.6027416666667	1957220888.45703
32.6340383333333	2237970256.16406
32.6646583333333	2037825700.87891
32.69302	2001913506.89844
32.72354	1950063984.07422
32.7536616666667	2012321214.03125
32.7849866666667	2167886341.97656
32.814595	1941141226.30078
32.84504	1913791671.05859
32.8760216666667	1760023729.69531
32.9069333333333	1630730950.08594
32.937005	1823033558.91016
32.9673983333333	1755477626.62109
32.99752	1600598424.31641
33.0272133333333	1760475843.46094
33.0581	1707600349.73438
33.0898333333333	1776776665.73828
33.1206566666667	1714988712.69531
33.1531583333333	1668079914.14063
33.1826666666667	1586284099.15625
33.21298	1754187451.84375
33.2469016666667	1637290529.88672
33.2773866666667	1934807256.29688
33.30885	1896838795.25
33.3414766666667	1906102897.35938
33.3732983333333	1860243872.52344
33.403975	1961389477.36328
33.4362383333333	1729786173.375
33.4688966666667	2148677354.48438
33.4998383333333	1807427752.65234
33.5323916666667	2038797639.08203
33.5622283333333	1886946321.89063
33.5941233333333	1850815607.57813
33.6257466666667	1809664859.16797
33.6574616666667	1726272459.25391
33.6906883333333	1893190485.98047
33.7221983333333	2095788916.03516
33.7547566666667	1848893682.51172
33.78833	1834410869.51953
33.8199583333333	1839890041.28516
33.8524316666667	2063958136.11328
33.8828	1649887487.03906
33.915195	1780798199.86328
33.9452166666667	1535768951.79297
33.9774383333333	1604997749.92578
34.00754	1692713333.77344
34.0401383333333	1628114972.83984
34.0708266666667	1345886244.19531
34.1014483333333	1633876429.94922
34.13078	1507403069.03125
34.1615883333333	1586121754.76172
34.1933766666667	1366457493.95313
34.224905	1664822300.73438
34.2557916666667	1251429283.83984
34.2848333333333	1800542207.5
34.3136233333333	2002021128.74219
34.3445416666667	1892547467.97656
34.3758316666667	1841087126.43359
34.40763	1848663390.37891
34.4381833333333	2108875011.85156
34.4679183333333	2077544038.79688
34.498085	1970900671.48438
34.53032	1946064586.5625
34.5603433333333	2079135941.9375
34.5906433333333	2051069550.71875
34.621065	1799133127.69531
34.6517016666667	1949203511.99219
34.6824583333333	1937382778.82031
34.7148066666667	1951488436.10156
34.7460816666667	1748081313.62891
34.7776566666667	1684978852.48047
34.8088083333333	1778194525.85156
34.8393	1693135984.71484
34.8699583333333	1673379485.72266
34.899825	1419638132.62891
34.9315083333333	1389141309.44141
34.96302	1493868009.92578
34.992745	1597027656.05469
35.02347	1516901369.28516
35.054615	1544385496.08203
35.0860166666667	1630998698.95703
35.118495	1920082904.04688
35.1498166666667	1774205341.07031
35.1811583333333	1902095604.34375
35.213125	2025375447.03125
35.24325	2091308194.36719
35.2720016666667	2064962199.98438
35.3047866666667	2145646416.05469
35.3360916666667	2096211356.72656
35.3676033333333	2465350494.08594
35.3990816666667	2506363472.60156
35.42988	2446065695.125
35.4612233333333	2820508549.13281
35.4911233333333	2976949617.99219
35.5212666666667	2641976474.97656
35.551015	2422619366.54688
35.58185	2713893274.73438
35.6124866666667	3022964885.42188
35.6423466666667	2866093704.04688
35.6737083333333	3079711480.5625
35.7041916666667	3098402081.75
35.7332916666667	2850764748.07031
35.76313	2626591674
35.7938766666667	2619941675.64063
35.8236833333333	2446250685.46875
35.8551016666667	2397676189.48438
35.8860933333333	2315848085.05078
35.9193233333333	2312148769.63281
35.9512366666667	2304006490.72656
35.9818083333333	2085828439.57813
36.0135533333333	1976704281.96875
36.0454366666667	2059935809.3125
36.0772033333333	1859175395.98828
36.1088866666667	1966070191.21875
36.1416416666667	1786618636.77344
36.1745883333333	1952639110.28906
36.2050666666667	1680613624.56641
36.2356083333333	1829636046.10156
36.26727	1654207084.98828
36.2974283333333	1744164883.42578
36.328125	1589981493.28906
36.35807	1346566552.35938
36.390065	1504352425.36328
36.4213583333333	1517593885.83594
36.4515333333333	1587466234.84375
36.48351	1681642397.74219
36.5129183333333	1635896247.65625
36.5446666666667	1690387114.11719
36.575465	1940001529.375
36.607275	1891050243.55469
36.6382366666667	2050485783.35156
36.668275	2247382111.89844
36.6991133333333	2620015254.21094
36.7295283333333	2680295216.875
36.7611933333333	3145819763.1875
36.7915866666667	3414841283.02344
36.8234466666667	3628390381.375
36.855665	3767818340.91406
36.8862033333333	3807853861.42969
36.9161616666667	4036459230.35156
36.9486816666667	3965417673.45313
36.980025	3798634250.90625
37.012285	3927723366.64844
37.04333	3700565266.45313
37.0733983333333	3513572593.27344
37.10348	3245107999.15625
37.134595	3415134770.57813
37.16674	3359781467.38281
37.1988566666667	3042188581.78906
37.2289266666667	3246842386.5
37.258385	3052365307.38281
37.29065	3167078713.60938
37.3198366666667	3435259423.70313
37.350125	3475201467.07031
37.381315	3675855585.83594
37.4116	3514236058.10938
37.4429166666667	3319496011.23438
37.4753833333333	3164220979.40625
37.5054933333333	3159627593.95313
37.5368133333333	3218252821.52344
37.5685766666667	3164111405.45313
37.5981466666667	3037082364.82813
37.6295666666667	3233865858.28125
37.66012	3131563426.09375
37.6911566666667	2893683698.22656
37.7226816666667	3223990515.00781
37.7546133333333	3340915312.00781
37.7862566666667	3196038952.4375
37.8182616666667	3368065775.89844
37.848345	3192718083.61719
37.8780616666667	2913226626.95313
37.90886	2758411441.27344
37.9400366666667	3104055229.60938
37.9719983333333	2761540506.25781
38.0020333333333	2793727305.125
38.03361	2559653148.16406
38.064835	2610559763.78906
38.0948233333333	2773367493.09375
38.1256516666667	2255242023.24219
38.1569483333333	2645889439.42969
38.1884333333333	2534033560.04688
38.2202416666667	2423827075.83594
38.250235	2586486755.44531
38.2796583333333	2395859334.14844
38.3112733333333	2549283551.53125
38.3410633333333	2646190573.44531
38.3717233333333	2466241114.65625
38.4014766666667	2341774961.44531
38.4332416666667	2576063082.74219
38.4646616666667	2696161064.32031
38.4958316666667	2424151403.70313
38.528085	2488545867.05469
38.55912	2678443397.03125
38.5911916666667	2441258843.14844
38.6216466666667	2258412388.15625
38.6536166666667	2641370943.54688
38.6845966666667	2351901087.45313
38.7146333333333	2422242449.95313
38.74596	2534489892.05469
38.77719	2588213361.46094
38.8102616666667	2566629334.25
38.8428983333333	2737547890.5625
38.87393	2635714787.33594
38.9061933333333	2463926663.85938
38.9385666666667	2376268318.57813
38.9708633333333	2559476438.91406
39.0020466666667	2878860544.33594
39.0324333333333	2808566136.60938
39.06264	2773639542.375
39.093255	2417577490.39063
39.1247483333333	2394448070.48438
39.1565266666667	2350409329.24219
39.1867133333333	2714751195.73438
39.2173633333333	2488600400.53906
39.249015	2400063415.71875
39.2809966666667	2316134392.35938
39.3110516666667	2395404620.74219
39.3412383333333	2377201658.02344
39.3720666666667	2287133546.09375
39.40308	2323916108.57813
39.4338516666667	2142976692.36719
39.4631733333333	2214127117.0625
39.4944116666667	2154243700.16406
39.5251066666667	2219178586.36719
39.5544916666667	2194715612.52344
39.5854283333333	2012503876.54688
39.6145	2105267123.25781
39.6444366666667	2108508896.57031
39.6748133333333	2198841928.82031
39.7068216666667	2019698363.35938
39.7369333333333	2003744232.14063
39.7669583333333	2075526939.92188
39.7980633333333	2067340327.375
39.8304366666667	2341260186.02344
39.86048	2477469310.66406
39.8919316666667	2259095103.96094
39.922575	2332484051.36719
39.9558616666667	2654516561.45313
39.9882766666667	2446973162.07813
40.0189566666667	2571558296.25781
40.049695	2710741274.16406
40.0798216666667	2871602102.33594
40.1101816666667	2453407664.35156
40.142575	2580161915.25781
40.1743016666667	2669712704.21094
40.2044866666667	2959242958.77344
40.2345516666667	2631238030.35938
40.2665583333333	2293302864.84375
40.2983333333333	2468436313.05469
40.328635	2619872370.82031
40.360445	2396986998.59375
40.39062	2490901289.47656
40.422475	2468111474.04688
40.45387	2524497001.67969
40.4855633333333	2328226703.82813
40.5147916666667	2349676428.76563
40.5466266666667	2294046858.5625
40.5786383333333	2208421770.17188
40.6122583333333	2185299179.23438
40.64415	2109019289.46875
40.6750166666667	2007356736.98438
40.7057133333333	1934921371.94531
40.73647	1996565133.1875
40.7676766666667	2216644621.64063
40.7990066666667	2307381691.82813
40.83034	2343877935.19531
40.8598183333333	2588016996.80469
40.889625	2590413718.22656
40.9202116666667	2716642921.34375
40.9511683333333	2677448240.14844
40.98157	2629223226.36719
41.0124966666667	2395079687.94531
41.042325	2316163580.32031
41.0740683333333	2359905913.4375
41.1050716666667	2313744040.89063
41.1353483333333	2165086891.07813
41.1644166666667	2353375399.71875
41.194965	2193603939.69531
41.224845	2208086982.78906
41.2542383333333	2368501180.69531
41.2828366666667	2281580655.33594
41.315265	2310358709.48438
41.3472083333333	2424775310.75
41.3792333333333	2286777455.96094
41.410715	2388283773.98438
41.4432233333333	2640214794.04688
41.4755283333333	2559909548.61719
41.5073633333333	2622507539.25
41.5392616666667	2888251700.88281
41.5700983333333	3000645589.02344
41.599895	3008998840.36719
41.63055	3341862276.02344
41.6618333333333	3365144065.95313
41.692895	3426465963.83594
41.7225033333333	3478751141.3125
41.7547516666667	3852913968.34375
41.7842966666667	3626612823.33594
41.8150333333333	3579929501.53125
41.8462266666667	3464659134.28125
41.8771083333333	3672971666.83594
41.9071533333333	3377084777.49219
41.9378716666667	3238081718.04688
41.9681416666667	2907559526.54688
41.9990383333333	2853355540.58594
42.0314516666667	2893003846.35156
42.063505	2557059468.71094
42.0949533333333	3134225506.21094
42.1258733333333	2864073224.69531
42.1581183333333	2815143559.32031
42.1909866666667	2906029008.05469
42.222905	2814538527.625
42.2550933333333	2872983715.19531
42.28545	2574514095.82031
42.3171266666667	2577979973.5625
42.34812	2710068906.58594
42.3794783333333	2761360624.84375
42.4093316666667	2514615807.96094
42.440305	2665160894.85938
42.4696883333333	2234061198.40625
42.5002533333333	2454170721.15625
42.5307016666667	2476406777.01563
42.560665	2619940890.85156
42.5904516666667	2463508005.20313
42.6224883333333	2581678598.25781
42.6536833333333	2525531330.10938
42.6841116666667	2698145696.59375
42.71444	2827096915.5
42.745125	2685234351.66406
42.77688	2599476901.46094
42.807445	2534002379.08594
42.8379533333333	2487675840.67969
42.8687316666667	2536389151.94531
42.8985416666667	2644485330.8125
42.9301283333333	2664371494.90625
42.9615233333333	2436016836.38281
42.9932883333333	2458845058.48438
43.022435	2462641415.92969
43.0520683333333	2488404331.26563
43.08134	2245964716.82813
43.1107116666667	2271213212.64063
43.1410216666667	2191604443.76563
43.172175	2340299079.89844
43.20224	2450498900.72656
43.2328683333333	2428781179.79688
43.2621833333333	2176582869.82813
43.2936833333333	2356405148.85156
43.32269	2446616553.875
43.3536	2543369520.92188
43.384215	2616137276.8125
43.41609	2418083127.98438
43.4490983333333	2485817995.64844
43.4800266666667	2253092800.40625
43.5108933333333	2467707918.375
43.54173	2439930471.26563
43.572235	2470496055.23438
43.6029	2298773915.8125
43.6345883333333	2556867110.90625
43.66596	2268727201.71875
43.6970083333333	2152695423.35938
43.7288933333333	2176677236.40625
43.7605166666667	2280315754.14063
43.79274	2088148690.64063
43.8245283333333	2069756203.04688
43.8561283333333	2153486507.60938
43.88563	2171909102.54688
43.9159833333333	2160752910.57813
43.9486883333333	2189504683.1875
43.9796433333333	2176299423.92188
44.0108866666667	2283003231.10156
44.04149	2415374974.53906
44.0727933333333	2167063666.8125
44.102205	2306059425.3125
44.1341316666667	2392906400.57813
44.1643	2343167985.20313
44.1939633333333	2448692816.96875
44.2253233333333	2545966021.03906
44.255105	2703123206.96094
44.28691	2548214093.66406
44.3163433333333	2715890331.22656
44.3477466666667	2151450238.125
44.3790266666667	2656679072.49219
44.4101983333333	2572164572.78906
44.4425866666667	2798024099.25
44.4737383333333	2519364507.59375
44.5054166666667	2536139090.21875
44.5358316666667	2519405632.73438
44.56815	2622575365.08594
44.5995566666667	2444465173.82813
44.6309416666667	2759186068.90625
44.6638133333333	2231501630.25781
44.6965983333333	2635482827.76563
44.72833	2466157872.64844
44.7601833333333	2532940604.04688
44.79106	2197678494.8125
44.8220516666667	2648029602.69531
44.8541766666667	2392793224.07813
44.8858733333333	2788099552.54688
44.915365	2416442477.41406
44.9460633333333	2737079335.48438
44.975625	2757559339.05469
45.0067216666667	3004268342.78125
45.0370583333333	2774325053.32031
45.06831	2598912767.09375
45.0982533333333	2633900866.90625
45.1289116666667	2877818117.45313
45.1588266666667	2891185091.72656
45.1899	2763153472.32031
45.2211783333333	2989352424.28125
45.2516616666667	2989874093.09375
45.2815833333333	3079359447.04688
45.312125	2702180444.5625
45.3441766666667	2892446447.28906
45.375665	2877470275.50781
45.4073466666667	2943591886.46875
45.4372333333333	2672715193.46875
45.4670283333333	2567692204.71875
45.49736	2279946706.89063
45.5290933333333	2425742934.73438
45.5602166666667	2313366774.53906
45.5926783333333	2221774093.69531
45.6257483333333	2197806891.40625
45.6576216666667	2155236411.92969
45.68948	2115034928.96875
45.7195633333333	2056192102.42188
45.750975	2102886568.89063
45.782665	1959475506.48438
45.812645	2025065363.00781
45.8447233333333	1968843191.85938
45.8763	1882703058.50781
45.9077916666667	1916336247.96094
45.9374816666667	2001708993.45313
45.9696183333333	1998586059.27344
45.999705	2129433911.44531
46.0300183333333	2182666786.13281
46.0610683333333	2211652870.25781
46.0927933333333	2536864743.32813
46.1236233333333	2701304101.80469
46.15328	2500680023.54688
46.184855	2298517950.19531
46.2157166666667	2255024438.79688
46.2465416666667	2411868635.52344
46.2779483333333	2421541639.02344
46.3085083333333	2450616038.25
46.3379516666667	2310962670.57031
46.36828	2382135078.49219
46.39923	2432428156.57813
46.4300083333333	2541894220.48438
46.4593966666667	2357983643.10156
46.4883916666667	2624267258.5625
46.518335	2623705221.42188
46.5487233333333	2591551818.69531
46.5787433333333	2584248129.8125
46.60852	2640628456.23438
46.6392366666667	2938454782.70313
46.67042	2789901728.83594
46.7023716666667	2664677767.02344
46.7339083333333	2883613216.94531
46.7648916666667	2998238137.90625
46.7957283333333	3005022966.89063
46.8256116666667	2992212928.57813
46.8555866666667	3105057445
46.8855133333333	2768721380.19531
46.9161816666667	3002500754.46875
46.94762	2781746270.02344
46.980305	2716034674.625
47.01122	2819536509.375
47.043045	2502390898.375
47.0753083333333	2409646212.17188
47.104625	2592446162.67188
47.1344716666667	2767190673.92188
47.1641183333333	2543669560.57031
47.1950233333333	2741408276.52344
47.22337	2505453334.8125
47.254995	3069325318.96094
47.284945	2578602743.95313
47.3151466666667	2968115921.86719
47.3457933333333	2815876730.64844
47.37631	3199224156.78906
47.4067966666667	2911951146.89063
47.4376416666667	2835923944.23438
47.4673533333333	2830163469.63281
47.4973933333333	2938279365.92969
47.5275133333333	2745637408.42188
47.5576133333333	2455244667.34375
47.5880133333333	2445762074.67969
47.6182933333333	2371869215.36719
47.6491866666667	2507317652.80469
47.6801833333333	2149996556.79688
47.7116683333333	2338965824.58594
47.74121	2437098982.36719
47.7737666666667	2571326829.55469
47.8027916666667	2505836392.83594
47.8341033333333	2824288547.82031
47.8630133333333	2735904658.375
47.8927533333333	2873153662.55469
47.924165	2701587079.5625
47.9562166666667	3183087854.51563
47.98714	2747680023.78906
48.0202583333333	3042834792.57031
48.05153	2734389324.25781
48.0825416666667	2718402210.74219
48.1116766666667	2508269481.79688
48.1423333333333	2964726258.64063
48.17338	2849098569.86719
48.2043083333333	2844110417.1875
48.2350116666667	2854096424.52344
48.265455	2867003154.67188
48.2960516666667	2831336276.50781
48.327455	2808036391.14063
48.3598733333333	2676314458.95313
48.3904416666667	2644337240.22656
48.4210833333333	2902324791.41406
48.45125	2634885165.28906
48.48295	2842313521.46875
48.514175	2650815134.9375
48.54376	2730051132.0625
48.5754233333333	2594712062.25781
48.6086216666667	2672983283.14844
48.6407133333333	2809588300.25781
48.6713233333333	2878044294.9375
48.7031216666667	2895484642.0625
48.7338316666667	2711133830.08594
48.7651066666667	2933319285.89063
48.7959616666667	2761817978.44531
48.8264	2916274448.24219
48.8586533333333	2895554420.05469
48.890145	2841091015.17188
48.9217316666667	2910681424.88281
48.9529083333333	2986282925.95313
48.9838033333333	3056337893.17969
49.0153033333333	3120893024.55469
49.0465083333333	2955018170.04688
49.0767916666667	3256953924.15625
49.1061533333333	3497239572.33594
49.1365466666667	3279003396.75
49.16826	3110316549.52344
49.2002183333333	3118741188.10938
49.2311983333333	3290662409.16406
49.2608166666667	3163540557.53125
49.291685	2877369516.78906
49.3229066666667	2937818330.77344
49.3533016666667	2706839290.53125
49.3847566666667	2862462627.13281
49.4155583333333	2948252743.17188
49.444685	2820455708.5
49.475675	2665417967.14063
49.50653	2612582611.14844
49.537365	2781333637.3125
49.5690683333333	2800846072.13281
49.5996516666667	2703505658.48438
49.6301766666667	2643954191.59375
49.6604916666667	2821220938.34375
49.6920266666667	2660315012.22656
49.7237	2385354677.07031
49.75643	2817599837.85938
49.7887533333333	2794455771.10938
49.8187816666667	2515490183.55469
49.8503016666667	2518544514.90625
49.8810316666667	2488761403.54688
49.9111866666667	2470549780.24219
49.9430716666667	2608968259.97656
49.9744783333333	2557013707.16406
50.0060016666667	2039593027.47656
50.0385216666667	2488299859.13281
50.0690333333333	2426637921.10156
50.09879	2716673618.40625
50.129235	2574222183.01563
50.15973	2583382447.4375
50.190225	2462431046.72656
50.21987	2573164056.90625
50.2505383333333	2421330411.48438
50.28077	2487033727.11719
50.3128516666667	2566383143.35938
50.3449016666667	2359544246.09375
50.3759333333333	2397118618.82031
50.40826	2504781027.42969
50.4396066666667	2581849750.3125
50.4707133333333	2607209838.71094
50.50221	2429982034.39063
50.53366	2483409203.70313
50.565305	2551317371.4375
50.5966716666667	2449889252.88281
50.6278966666667	2495469685.42969
50.6591766666667	2694256554.65625
50.690265	2428534277.96875
50.721395	2616535138.84375
50.7522766666667	2461523332.5
50.782335	2746496226.01563
50.81259	2960523735.125
50.8422383333333	2854110862.21875
50.87149	3078706172.14063
50.899765	2763975534.07031
50.93009	2934860639.27344
50.96195	2866910355.73438
50.9930716666667	2997719248.17188
51.0230816666667	2906971106.03906
51.053765	2344762756.38281
51.084925	2719130293.79688
51.1158366666667	2480406394.45313
51.1467833333333	2528132727.33594
51.1773083333333	2527705935.69531
51.2073566666667	2653893818.74219
51.2361316666667	2408669711.97656
51.2655633333333	2555956507.03125
51.294865	2436449606.00781
51.3243883333333	2552121069.77344
51.3519966666667	2780648619.57813
51.3823416666667	2755341239
51.4111516666667	2679760985.1875
51.4415	2956199047.46094
51.4710733333333	2934921249.42188
51.50117	3148730034.84375
51.5305683333333	2910958906.44531
51.5624333333333	2862891872.21875
51.59272	3205678606.98438
51.6222683333333	3326581696.77344
51.6528616666667	3366835521.64844
51.6840983333333	3213150944.35938
51.71516	3662348746.5625
51.7467333333333	3747613636.8125
51.7772033333333	3823772823.39063
51.8076133333333	3864812883.58594
51.8367116666667	3810950094.25781
51.867835	3506603488.17188
51.8994866666667	3700361529.8125
51.9304933333333	3410202832.10156
51.962085	3437594333.14844
51.992935	3232408033.8125
52.0237033333333	3028226679.67969
52.054035	3035408736.69531
52.0840433333333	2699637357.8125
52.1142016666667	2644576414.92969
52.1443233333333	2401247040.25781
52.175815	2392463541.03906
52.2069833333333	2392552548.60938
52.238655	2213713778.17969
52.2703716666667	2294169681.53125
52.3018233333333	2129371978.21875
52.3328133333333	2615879383.97656
52.36272	2315876452.89063
52.3924816666667	2422948539.57813
52.4231916666667	2766674621.28125
52.452975	2700213370.32031
52.48292	2989924471.6875
52.51413	3061731574.35156
52.54455	3286053759.94531
52.5754516666667	3471884150.79688
52.6074366666667	3211614673.40625
52.6392283333333	3375495420.0625
52.6698366666667	3313975535.65625
52.701245	3397387476.05469
52.7321833333333	3330494174.42969
52.7640966666667	3378858257.35156
52.79397	3290176142.05469
52.8248116666667	3383520733.5
52.8566616666667	3268448415.19531
52.887045	3243369861.03906
52.9171266666667	3195221350.28125
52.9473333333333	3239575157.63281
52.9776533333333	2565364563.40625
53.0084466666667	3309360634.00781
53.037345	3545798586.77344
53.0662983333333	3047017132.3125
53.0964666666667	3264884799.01563
53.1275916666667	2905056528.05469
53.158735	3012999229.3125
53.189915	2872026457.95313
53.219945	3161155038.16406
53.2494366666667	3016020181.29688
53.2797616666667	3066928158.85156
53.3101866666667	3156802713.24219
53.3411183333333	3330566839.07813
53.37151	3370663589.21875
53.401185	3479348091.98438
53.4312033333333	3566882978.36719
53.4619133333333	3822731078.48438
53.491315	4092299696.54688
53.5204433333333	4055845819.14063
53.5514383333333	4302261813.33594
53.5824816666667	4114854838.34375
53.6130366666667	4229425835.33594
53.64472	4114745264.35156
53.675325	4325131198.32031
53.7072533333333	4066465408.89844
53.73847	3687214153.46094
53.7709083333333	3610764739.49219
53.8027366666667	3519770533.03125
53.8332683333333	3510277434.33594
53.8642466666667	3213517460.27344
53.8966233333333	3541115323.69531
53.927565	3520393879.92188
53.95817	3683011179.57813
53.9883366666667	3900587919.41406
54.0188683333333	3658857919.80469
54.049885	3845885810.32031
54.0803283333333	3562579240.78906
54.109825	3856993018.125
54.1416683333333	3860156045.54688
54.1734416666667	3625920201.35938
54.2044566666667	4140678877.77344
54.2346083333333	3672190425.03906
54.26345	3504048763.9375
54.2936133333333	3573504195.40625
54.3246633333333	3215828591.65625
54.3554966666667	3128215020.14844
54.3862416666667	3211808917.92969
54.4171683333333	3149850498.76563
54.4479433333333	2999002221.51563
54.478555	3048324043.51563
54.5102283333333	2880665211.01563
54.5405833333333	2942658694.60938
54.5705683333333	2853228199.78906
54.6017466666667	3083716719.82813
54.63071	2896554938.77344
54.6614483333333	2900645478.85156
54.6923966666667	2638280369.3125
54.72309	3006920888.03906
54.75415	2811086975.92188
54.78395	2527091515.5625
54.8152616666667	2579964761.53125
54.846145	2720012078.20313
54.8773333333333	2613296104.07031
54.9073733333333	2581428098.41406
54.9371066666667	2878402228.27344
54.9681516666667	2800046192.97656
54.9981483333333	2635814070.10938
55.0293683333333	2601976441.67969
55.060625	2741709462.14844
55.09092	2701345594.91406
55.1231816666667	2773572644.98438
55.1536616666667	2636485947.04688
55.1847966666667	2781616309.03125
55.2161583333333	2652591952.92188
55.2482683333333	2400607251.375
55.27834	2552313955.28906
55.31022	2457923073.17969
55.3418183333333	2540591710.94531
55.37371	2104779383.51563
55.4046816666667	2473858046.17188
55.4361033333333	2405148215.10156
55.467775	2409664483.375
55.5000316666667	2190339287.21094
55.531005	2292583395.34375
55.5617133333333	2311977423.04688
55.5931283333333	2282430022.5
55.62343	2661120142.10156
55.6545116666667	2300328734.30469
55.6854383333333	2650418351.28906
55.7158	2414829594.88281
55.7444983333333	2393134237.41406
55.774135	2520916551.17188
55.8038183333333	2648996928.625
55.8333783333333	2548753466.13281
55.8632283333333	2620318921.57031
55.8937366666667	2862079936.17969
55.9230466666667	2431159431.11719
55.952635	2658729488.28906
55.9832533333333	2723063152.95313
56.013175	2900018462.28906
56.0436	2913099867.47656
56.0747266666667	2982741144.54688
56.10585	3010496179.64844
56.136565	3046350391.24219
56.167235	2978322472.53906
56.1976416666667	3037496375.03906
56.228355	2920729340.5
56.25929	3073102974.99219
56.28904	3183320082.16406
56.3200116666667	2882447789.78125
56.34955	2978337809.83594
56.3796516666667	3000968344.72656
56.4098066666667	2895952630.45313
56.4401316666667	3209448926.84375
56.4708616666667	2898946173.61719
56.5016066666667	3066925932.45313
56.5315316666667	3050343020.49219
56.5624616666667	2909131133.89063
56.5925133333333	3009117260.15625
56.6234766666667	3011657941.88281
56.65211	2831138194.80469
56.681055	2946188982.8125
56.7121433333333	3006135777.13281
56.7432433333333	2961015777.70313
56.7735333333333	2775297398.78125
56.8037483333333	2992650689.61719
56.8345433333333	2985412145.73438
56.8655083333333	3089792958.94531
56.8955716666667	3042962275.29688
56.926165	2939862412.19531
56.957485	3079179368.39844
56.9881216666667	2990377812.40625
57.01915	3283340875.14063
57.0502716666667	3485339462.92969
57.081355	3384967792.00781
57.112145	3824527116.14844
57.1429683333333	3541260714.92188
57.1745166666667	3744249608.53906
57.2066533333333	3745435450.83594
57.23586	3904995230.54688
57.26724	4256945979.75
57.2967616666667	4062023431.21094
57.3277783333333	4159444177.97656
57.35857	4018409468.08594
57.3891216666667	4372475484.1875
57.4202216666667	4326684370.05469
57.45085	3891093464.11719
57.4804233333333	3716993515.875
57.5115266666667	3811751553.73438
57.5421633333333	3932501366.60938
57.5735366666667	3767093449.27344
57.6043883333333	3810783751.9375
57.6367483333333	3445319269.20313
57.66748	3749770481.78906
57.6980166666667	2950217009.42188
57.72959	3368331491.20313
57.7603766666667	3346659074.39063
57.7907166666667	3620672841.92969
57.821225	3174592425.97656
57.85148	3464545260.625
57.881355	3318060857.80469
57.9125583333333	3826079897.11719
57.9435133333333	3283587113.17188
57.9757633333333	3220585251.64063
58.0081	3698226638.11719
58.038435	3042121602.74219
58.0701066666667	3175997452.46875
58.1008433333333	3218275949.90625
58.1324766666667	3031078746.22656
58.1651133333333	3007108873.42969
58.195965	2917313782.04688
58.22732	2890357026.53906
58.2585583333333	2744297241.42969
58.2900166666667	2723158735.63281
58.3210916666667	2404268980.76563
58.3519933333333	2579107046.32031
58.3821783333333	2551352011.20313
58.4132533333333	2366444521.36719
58.4443	2418384970.08594
58.4749433333333	2386172128.39063
58.50562	2275790043.0625
58.5370966666667	2224560020.0625
58.5677466666667	2241603978.92969
58.5980783333333	2330661446.75781
58.6286416666667	2509210946.15625
58.6593866666667	2665686088.20313
58.689295	2968934202.89063
58.7194683333333	3078827236.78125
58.749655	3179065651.92969
58.779725	3312248316.42969
58.8103233333333	3261105163.0625
58.8431083333333	3598830357.41406
58.8734383333333	3471638026.00781
58.905615	3803258780.40625
58.9368283333333	3664589104.10156
58.9684283333333	3601712835.32031
59.0001566666667	3505071611.20313
59.031165	3332842572.38281
59.06166	3171623942.24219
59.0932983333333	3424064936.15625
59.124815	3207916415.03906
59.1559633333333	3067944694.17969
59.1870933333333	2906157275.4375
59.21894	3027021119.60938
59.2502466666667	2900598206.5625
59.2822716666667	2852381329.73438
59.31409	2669986684.33594
59.3459966666667	2565402981.22656
59.376785	2826473130.86719
59.40846	2716108086.38281
59.44056	2924142566
59.4707033333333	2592726501.75781
59.5022266666667	3020428558.99219
59.5337933333333	3000339413.35938
59.5649233333333	3113558650.92969
59.5964916666667	3015116446.07813
59.62755	3052912835.58594
59.6593	3184144985.69531
59.69011	2965551695.32031
59.720635	3200556567.32031
59.7521283333333	3148823194.77344
59.7819483333333	3189547374.25781
59.812605	3121273876.19531
59.8439216666667	3019041083.09375
59.875235	3325787718.24219
59.906865	3280559248.57813
59.9392066666667	3025843897.36719
59.9710716666667	2968587307.71094
60.00346	2935017081.76563
60.03438	2868296414.88281
60.0668783333333	2804723446.09375
60.098375	2883479319.03125
60.1302566666667	2855454862.32031
60.161075	2860919573.26563
60.1937633333333	2879435856.80469
60.2245983333333	3009971653.64844
60.25445	2898839718.07031
60.2839216666667	3240624863.76563
60.313305	3164463385.8125
60.343355	3048853670.90625
60.3747416666667	3349018392.85938
60.4042616666667	3548664620.01563
60.4348583333333	3836055121.03906
60.4664816666667	3599661196.49219
60.4961233333333	3509980452
60.5274566666667	3438593679.45313
60.5587533333333	3761076426.22656
60.5897783333333	3479618153.57813
60.6216483333333	3638827451.64844
60.6526133333333	3648742795.36719
60.6831166666667	3461856462.125
60.713505	3536228731.82813
60.7446566666667	3729459689.25781
60.776295	3523353017.5
60.808145	3710150549.50781
60.8395066666667	3893080438.04688
60.8706816666667	3536374520.30469
60.9024816666667	3755113924.69531
60.9339633333333	3662522809.75781
60.9646866666667	3603851206.69531
60.9949516666667	3386015010.77344
61.0254516666667	3530021175.38281
61.0565666666667	3531084111.38281
61.0885933333333	3701288179.74219
61.1192716666667	3346516202.92969
61.1502183333333	3446488797.23438
61.1809666666667	3601686587.58594
61.2127133333333	3536521347.07813
61.24431	3386910587.57813
61.276435	3391555788.98438
61.3073316666667	3085454871.88281
61.3396133333333	3327553997.22656
61.3717633333333	3393046426.67969
61.4044266666667	3340011430.76563
61.4372216666667	2949085076.125
61.4680266666667	3083489662.92188
61.4993983333333	3015481221.10156
61.53147	3015180512.44531
61.5632633333333	2752522647.19531
61.595825	2853328082.96875
61.6275383333333	2702133442.57813
61.65844	2599745974.70313
61.6894966666667	2332636157.99219
61.7219183333333	2270272909.35938
61.7527366666667	2245310671.90625
61.7851083333333	2377086265.33594
61.8161683333333	2227905891.88281
61.8482166666667	2182039866.25
61.878885	2612298875
61.90965	2321881045.58594
61.941425	2249610780.42969
61.9723533333333	2210497728.96875
62.0039183333333	2458733707.4375
62.03641	2486599356.44531
62.0671283333333	2642097070.875
62.098635	2750613814.55469
62.1288083333333	2741370713.07031
62.1576933333333	2862938988.875
62.18921	3005435871.9375
62.2214183333333	2843260365.72656
62.2523883333333	2741898845.1875
62.2830866666667	2898625705.70313
62.3140266666667	2798387475.08594
62.344205	2943695508.05469
62.3753266666667	2643896584.21094
62.4064016666667	2672312756.67188
62.436475	2154601197.125
62.466935	2321168295.90625
62.4993333333333	2415395688.42188
62.530065	2406439049.4375
62.5614316666667	2361667488.69531
62.5918266666667	2490960188.60938
62.6212266666667	2581329096.39063
62.6518633333333	2580628706.39844
62.6829416666667	2420518330.97656
62.7130266666667	2706712285.64844
62.7430583333333	3035603957.02344
62.77378	2968900277.58594
62.8050183333333	3267961267.58594
62.8353716666667	3100580648.25
62.86584	3775472727.34375
62.8971983333333	3593127940.24219
62.9279583333333	4220291139.57813
62.9588033333333	3920242230.89844
62.9896266666667	4432269119.91406
63.0197333333333	4063960338.63281
63.051295	4392547264.41406
63.0824983333333	3862305868.50781
63.1138183333333	3733809346.86719
63.1447133333333	3966283054.03125
63.1757683333333	4056382701.75781
63.2061033333333	3841643879.28125
63.2374666666667	3997761544.77344
63.2673866666667	3608142347.5
63.2980066666667	3933259705.39063
63.3290616666667	3527614001.60938
63.3604116666667	3899043831.57031
63.39071	3745073252.57813
63.4216783333333	3616578367.01563
63.4525366666667	3541365386.64844
63.4849366666667	3345228404.28125
63.515675	3413688289.24219
63.5461566666667	3433447026.21094
63.577645	2977066589.5625
63.6099333333333	3037846215.42188
63.6407866666667	2932929144.64844
63.6711633333333	2743968254.67188
63.7025883333333	3112642390.6875
63.7333066666667	2807974799.07031
63.76394	2877065996.61719
63.7938016666667	2629029196.39063
63.824825	2556962772.33594
63.8552716666667	2577593468.65625
63.8865666666667	2701584337.08594
63.91876	2718056243.48438
63.9502766666667	2594023122.89063
63.98108	2686799332.17969
64.0124233333333	2973192601.73438
64.0438216666667	2779448163.8125
64.0741216666667	2864981073.5625
64.1051766666667	2851127646.77344
64.1372766666667	3062241399.8125
64.1678433333333	3128207174.72656
64.1990366666667	3221828735.50781
64.229805	3043356578.04688
64.26162	3201342269.48438
64.2920433333333	3148982750.39844
64.3237483333333	3154494266.48438
64.3544366666667	3236094678.60938
64.384335	3127728247.97656
64.4152533333333	3266742024.20313
64.4467833333333	3177396721.67188
64.4774516666667	3103205667.69531
64.5088583333333	3017879638.57031
64.5406316666667	2933401262.10156
64.5718983333333	3203657675.05469
64.6033066666667	2962233982.60156
64.63443	2978055977.76563
64.66624	3034733995.35938
64.69745	2862048467.22656
64.7268816666667	3091188600.89844
64.7589933333333	3092635334.21094
64.7906533333333	2947740734.17188
64.822675	2771144971.00781
64.8529316666667	3052767751.42188
64.8837316666667	2957200676.80469
64.91447	3412550714.64063
64.9462533333333	3035003296.625
64.9773416666667	2947716314.30469
65.00962	2992677868.25
65.04142	2883609057.24219
65.0728783333333	2702969066.34375
65.103745	2866275223.875
65.1359283333333	2635648029.375
65.1672816666667	2608809174.75781
65.1989333333333	2733969159.3125
65.230385	2571437315.71094
65.2617616666667	2576525563.53125
65.2924933333333	2816730319.44531
65.32351	2820749405.375
65.3541883333333	2857021125.17969
65.3848533333333	3174031570.90625
65.4149383333333	3507363764.80469
65.4442683333333	2813402647.80469
65.474935	2871921370.9375
65.505645	3158822128.55469
65.5368333333333	3110711869.85938
65.567515	3133789603.05469
65.5968116666667	3213699542.85156
65.6286866666667	3062868850.58594
65.659275	3092969334.16406
65.6898816666667	3146512249.60938
65.7209983333333	3254016176.38281
65.7526116666667	3014564280.52344
65.7837333333333	3064665648.17188
65.815745	3109828167.07813
65.8472766666667	2924348721.42969
65.8795183333333	2649873073.6875
65.9117766666667	2694813174.20313
65.9431133333333	2706237116.14844
65.9752816666667	2817193838.42188
66.00609	2810714215.91406
66.0385433333333	2928644825.13281
66.07015	2879429481.8125
66.1007666666667	3089195464.47656
66.132295	3218689805.51563
66.1622066666667	3491082018.60938
66.1944716666667	3467279701.375
66.2263616666667	3293942676.85938
66.2573233333333	4324152292.30469
66.2879833333333	3675706405.38281
66.3197333333333	3636229570.57813
66.3519566666667	3931381801.07031
66.3830083333333	3608340814.03906
66.413685	3472086538.04688
66.44537	3820147430.54688
66.4771466666667	3419097437.64063
66.5087033333333	3239103095.49219
66.539515	3082337511.22656
66.570735	3300612056.08594
66.60126	3082952017.47656
66.6329216666667	2951534717.71094
66.664	2696521680.66406
66.6950683333333	3077966396.64844
66.7258366666667	2921803119.73438
66.7562633333333	3133143959.05469
66.7874383333333	2982041380.89844
66.8182316666667	3222149650.55469
66.849755	3365293085.65625
66.8799266666667	3141372890.60156
66.9106366666667	3145243413.07031
66.9404266666667	3136294610.44531
66.9709666666667	3199210470.625
67.0020616666667	3115555936.30469
67.03284	3298167628.24219
67.0641566666667	3437722928.44531
67.0946316666667	3386430631.65625
67.1258216666667	3526968356.67969
67.1567383333333	3208761133.89844
67.1866166666667	3408609171.05469
67.2181366666667	3151237477.58594
67.2490133333333	2917105400.54688
67.2799983333333	3033273517.625
67.3109283333333	3094198911.125
67.343	2958426090.09375
67.375335	2975010933.5
67.4066083333333	3106886589.21094
67.4374716666667	3171848870.5
67.4683666666667	2943315153.74219
67.49908	3171359760.28906
67.529695	3217235794.4375
67.5614033333333	2835477108.63281
67.5936716666667	3059675438.60156
67.6244966666667	2786725730.16406
67.65648	2855555245.28906
67.686925	2885254553.44531
67.71776	2828033825.00781
67.7488016666667	2793646037.44531
67.7802	2867135967.17969
67.8116983333333	2726045751.58594
67.8430083333333	2850283980.375
67.8746416666667	2578837890.41406
67.9057533333333	2916957862.60938
67.93745	2705013767.875
67.9682416666667	2645866646.82031
67.9991183333333	2818933117.60938
68.0299933333333	2833114931.46875
68.061585	2605201178.97656
68.092835	2756338564.10938
68.1229816666667	2575054568.60156
68.1542516666667	2630975291.19531
68.1840433333333	2568084502.83594
68.215025	2541594263.59375
68.24497	2323062175.66406
68.275795	2329416998.72656
68.30645	2449537437.99219
68.337115	2837515589.36719
68.367175	2483909003.54688
68.3969883333333	2514359235.72656
68.4279333333333	2709118994.29688
68.4593333333333	2599216004.3125
68.49067	2632249193.17188
68.5226183333333	2631470078.75781
68.5525716666667	2976427382.42969
68.5839016666667	2903530289.59375
68.6157383333333	3437224119.16406
68.6470433333333	3273341450.60938
68.678855	3225872164.01563
68.708815	3190305851.8125
68.7388166666667	3338440086.19531
68.76963	3350147138.00781
68.8005283333333	3363793728.97656
68.83155	3233640335.29688
68.8628916666667	3476933718.625
68.8943283333333	3450098390.23438
68.926115	3470954366.52344
68.9575133333333	3411531390.96094
68.9889866666667	3643491724.40625
69.020325	3801039604.64844
69.0518733333333	3532938525.08594
69.0832216666667	3535934811.22656
69.1142283333333	3624056872.82813
69.146605	3333120756.48438
69.1778516666667	3437153674.53906
69.20959	3226942786.35938
69.24093	3007226303.35938
69.2729583333333	2977471968.75
69.3028433333333	3472946309.59375
69.3321733333333	3195363760.28906
69.36295	2890585832.0625
69.39399	3227024034.42969
69.425615	3109888751.1875
69.4578433333333	3149994690.78906
69.488725	2981482412.92969
69.5196433333333	3133714435.30469
69.5517333333333	3257976274.90625
69.5846233333333	3158326629.63281
69.6172466666667	2992007532.96875
69.6479066666667	2950617915.78906
69.6788333333333	2901012297.67969
69.710395	2918149747.39844
69.74126	2895686750.38281
69.7731016666667	2809156313.39063
69.804735	2638289020.98438
69.8370666666667	2673189967.8125
69.8685333333333	2402332618.88281
69.9003083333333	2434474403.39063
69.9313616666667	2398715489.54688
69.96271	2497776113.21094
69.9944216666667	2475567859.8125
70.0252983333333	2793905300.29688
70.0563533333333	2752616631.61719
70.086955	2746238436.89063
70.1179116666667	2908713571.98438
70.1484866666667	2592847400.48438
70.1798066666667	2649805684.71875
70.2108683333333	2768134557.47656
70.2417266666667	2830867605.46875
70.27245	2796304275.57813
70.3040566666667	2982563100.89844
70.3347916666667	3071643056.67188
70.3660183333333	3088439988.27344
70.3972316666667	3227094985.95313
70.42914	3464337243.21875
70.45991	3418098733.46094
70.4909516666667	3766162682.64844
70.521455	3293272704.21094
70.5525466666667	3743688258.63281
70.58412	3543207223.53125
70.61506	3560929001.32813
70.6461966666667	3442756501.51563
70.6776766666667	3429903669.49219
70.7088816666667	3559827695.30469
70.7395216666667	3557357348.375
70.770575	3738577048.90625
70.8004016666667	3503268710.57031
70.8322416666667	3089867268.9375
70.8640083333333	3384868650.85938
70.89574	3386004781.00781
70.927835	3425090991.63281
70.9591583333333	3330039421.28125
70.9912616666667	3289206240.42969
71.0233733333333	3382008932.83594
71.0542983333333	3149700787.25781
71.08556	3201856530.92188
71.1170783333333	3292106945.24219
71.1491666666667	3302468563.73438
71.181045	3058658768.04688
71.2133983333333	3228608545.03906
71.2452366666667	3067296279.42188
71.2779533333333	3010396723.64063
71.30953	2985829756.11719
71.341865	3249348822.46094
71.3732216666667	3224709049.64844
71.4048	3151488846.1875
71.4353933333333	3268350750.59375
71.46674	3474609597.67969
71.49766	3285592279.5625
71.5282433333333	3406038412.67969
71.5598366666667	3304440275.25
71.5908683333333	3302599137.57813
71.6231833333333	3448799116.90625
71.65387	3198153097.35156
71.6852683333333	2638822659.33594
71.7155983333333	3100169789.51563
71.7460666666667	3014287306.32813
71.7769333333333	2730887096.23438
71.8080733333333	2888357305.94531
71.83853	2456153211.13281
71.8700183333333	2798477733.46875
71.90105	2824987928.78125
71.9337116666667	2732931360
71.9653166666667	2670291392.10156
71.9971483333333	2608970653.96875
72.0293333333333	2504030312.16406
72.0612233333333	2725927190.00781
72.0926533333333	2587030904.64844
72.1244833333333	2482310997.60938
72.1566033333333	2462885614.76563
72.1884683333333	2464064351.75
72.2192433333333	2596972538.89844
72.2495116666667	2320416893.24219
72.2805683333333	2460262103.38281
72.3116833333333	2504449653.75
72.3434483333333	2390336969.03906
72.3745133333333	2462797173.54688
72.4060116666667	2247852643.36719
72.4375516666667	2670180431.64063
72.46845	2716761879.48438
72.4996716666667	3039077145.64063
72.5308983333333	2831156683.52344
72.56189	2576795318.99219
72.5930333333333	2839280909.74219
72.62379	2878537323.375
72.65357	2635086169.61719
72.6829583333333	2466949450.46094
72.713585	2696471914.44531
72.7439583333333	2716388958.64844
72.77475	2474688696.125
72.805885	2765747623.78906
72.8371783333333	2636302053.46094
72.86874	2714350471.71094
72.9002633333333	2796312477.14844
72.9313583333333	2813848372.99219
72.96262	2615159501.88281
72.9924983333333	2653417187.74219
73.02387	2588348236.11719
73.0546883333333	2718984688.13281
73.0857616666667	2559774532.02344
73.114985	2472513281.75781
73.1457866666667	2567482352.70313
73.17652	2556838508.73438
73.2069933333333	2547062075.53906
73.23788	2629051736.375
73.269465	2561958333.72656
73.3007933333333	2714489370.21875
73.3325233333333	2880028468.9375
73.364075	3009937881.22656
73.3950583333333	3030750256.14063
73.4259583333333	3005662400.375
73.4560283333333	3165222931.78125
73.4878083333333	2835881108.11719
73.51845	3064735569.125
73.5495916666667	2461672304.57031
73.58036	3078918256.51563
73.6112466666667	3038741623.35156
73.643025	2941120866.98438
73.6748583333333	3056391112.17188
73.7058266666667	3003093601.21875
73.7374866666667	3079577482.875
73.7682633333333	3314813328.5
73.7994883333333	3044056101.35938
73.83133	2659832492.03906
73.86243	2894009683.20313
73.8941366666667	2995218944
73.9254383333333	3106093209.32031
73.957595	3326996361.53125
73.9894166666667	2891553237.63281
74.019975	2698021750.09375
74.051365	2851603306.125
74.0820633333333	2521221982.875
74.1138766666667	2931698730.69531
74.1447633333333	2859264173.4375
74.1778083333333	2656879513.99219
74.2096233333333	2910092318.09375
74.2425083333333	2738684296.32031
74.2738583333333	2778031370.96094
74.3061316666667	2555053722.00781
74.33843	2689852855.76563
74.370395	2675251170.375
74.4022616666667	2525317088.44531
74.4322333333333	2554876980.3125
74.4628933333333	2780041414.13281
74.49396	3045700954.22656
74.5254	2710053021.73438
74.5566116666667	3018894582.59375
74.5879316666667	3011742297.71875
74.618945	3124755905.57813
74.6503966666667	2904031746.41406
74.6821133333333	3177095687.15625
74.7135516666667	3320581790.6875
74.7446316666667	3291733271.83594
74.7757783333333	3015562911.21094
74.806835	2931444319.375
74.8385433333333	3068536669.21094
74.8697116666667	2568604836.59375
74.9005083333333	2799493668.14063
74.9317733333333	2532196946.97656
74.9634283333333	2515079007.13281
74.99439	2456301146.84375
75.0252083333333	2413317125.13281
75.0561333333333	2467579660.98438
75.0885883333333	2480406827.4375
75.1216766666667	2395070590.9375
75.1539516666667	2708264319.875
75.185585	2540244673.59375
75.21624	2635421448.85156
75.24799	2920449751.71875
75.279205	3142735589.10156
75.3100883333333	2954301068.57031
75.34095	3068213199.69531
75.3719516666667	2903949439.53906
75.4023666666667	3069801996.09375
75.4330566666667	2954142501.70313
75.46438	3149859475.32031
75.4956733333333	2973409441.49219
75.5267233333333	3417230400.85938
75.55722	3253561754.10938
75.5866183333333	3314886571.14063
75.6179133333333	3689949853.625
75.6486983333333	3627760201.57813
75.6800783333333	3549511548.38281
75.711125	3488236855.69531
75.7433266666667	4173271295.00781
75.7750833333333	3685724364.38281
75.806365	3703465108.55469
75.8373316666667	3497783632.46875
75.8690266666667	3740762483.61719
75.90033	3587290088.61719
75.9321416666667	3200682408.24219
75.9632033333333	3581759605.49219
75.9948383333333	3179071534.67969
76.0263466666667	3296937836.30469
76.0573516666667	2996841863.92969
76.0885266666667	2932099916.09375
76.119145	2562511362.8125
76.150085	2975190229.39063
76.1802783333333	2602516796.71094
76.210575	2629263257.65625
76.24156	2646511772.5625
76.2721816666667	2424782404.13281
76.3026166666667	2289630952.94531
76.3319966666667	2699488468
76.3616716666667	2448128827.71875
76.3925516666667	2455597071.25
76.4246366666667	2313623053.94531
76.4562516666667	2707999444.03125
76.48743	2244814339.20313
76.5192633333333	2417368563.49219
76.5505416666667	2312435445.71094
76.5813466666667	2219641135.25
76.61178	2266560581.24219
76.6431316666667	2293831192.46094
76.673965	2256999466.74219
76.705325	2287888521.46875
76.7371283333333	2213788450.46875
76.7687583333333	2433403654.5
76.8002133333333	2568196209.69531
76.8306216666667	2536354617.34375
76.8618716666667	2700660689.41406
76.8929266666667	2790408048.09375
76.9236116666667	2837505087
76.9541316666667	2975328779.47656
76.9836183333333	3054188915.25781
77.0149066666667	3140279564.08594
77.0456066666667	3417498194.79688
77.0769933333333	3417479699.35156
77.1082116666667	3344966057.42969
77.14016	3409178008.52344
77.1730766666667	3581751465.67969
77.2050216666667	3302349805.25
77.2369733333333	3368217596.59375
77.268405	2916987254.60156
77.3004883333333	3231941273.99219
77.3319883333333	3095019621.99219
77.3634333333333	3071683707.48438
77.3956633333333	3259080356.96875
77.4278433333333	3201789672.10938
77.4594616666667	3127947765.04688
77.4917616666667	2861382279.70313
77.5241833333333	2890447778.58594
77.5544233333333	2749391498.84375
77.5849083333333	2742700711.46094
77.61563	2822520504.1875
77.6467716666667	2671570573.66406
77.677185	2466106460.46875
77.7081116666667	2258090464.52344
77.739395	2639520408.60938
77.76959	2301727471.28906
77.8000433333333	2515187144.90625
77.8310033333333	2607904614.32813
77.8610533333333	2623404430.41406
77.8920533333333	2561776726.99219
77.92313	2598281942.39844
77.955065	2753756792.15625
77.9864366666667	2666128909.03906
78.0159333333333	3060702347.96094
78.0472216666667	2733034428.00781
78.07865	2786725912.98438
78.11092	2741661232.50781
78.1437766666667	2818715237.35156
78.1758383333333	3402507453.99219
78.208315	3250936163.28125
78.2407266666667	3185146560.46094
78.273255	3297011724.0625
78.304815	3143433144.46875
78.3367283333333	3230040795.09375
78.3677416666667	3210077423.48438
78.3998083333333	3171839512.78125
78.4308666666667	2582838125.59375
78.4617883333333	3607128668.04688
78.4933183333333	2869011806.85938
78.5245633333333	2858464094.03906
78.5555016666667	2858688319.27344
78.5861383333333	2979883537.86719
78.61691	2874515732.60938
78.6484283333333	2674186525.36719
78.68013	2955966702.24219
78.7114383333333	2828012910.82813
78.7431466666667	2556660233.05469
78.7754416666667	2686218719.90625
78.8053516666667	2649519281
78.8366383333333	2675114018.82031
78.8684133333333	2995106190.54688
78.9002783333333	2724009558.11719
78.930925	2893246919.76563
78.962215	2924535288.64063
78.9941116666667	2886634917.6875
79.02473	2816140177.80469
79.0561466666667	2714820242.15625
79.0878283333333	2569393579.40625
79.1191383333333	2588366162.88281
79.15103	2603801744.24219
79.182405	2385291183.1875
79.2135666666667	2478224512.70313
79.2449866666667	2610206908.00781
79.275705	2504504566.60156
79.3075816666667	2400148435.44531
79.3402966666667	2716110843.57813
79.3711866666667	2657713437.27344
79.4024883333333	3190521404.16406
79.4333983333333	2691786162.39063
79.465155	2954860192.78906
79.4958833333333	3139974546.73438
79.5273583333333	2651884057.02344
79.5593433333333	2918115622.53125
79.591015	3200262842.625
79.62232	3414912403.27344
79.6526	3662352070.63281
79.6838683333333	3380882743.73438
79.7146366666667	3187460867.64063
79.74509	3368391609.9375
79.77637	3505598807.84375
79.80774	3329225292.35156
79.839465	3114717803.60938
79.87157	3493139714.03125
79.9028316666667	3096672277.82813
79.93455	3328853509.89063
79.9659866666667	3049279661.85156
79.997755	3619646270.21094
80.0296316666667	3357566836.42969
80.0619433333333	3527878494.4375
80.0937333333333	3460499469.17969
80.1259516666667	3139166027.15625
80.157415	3215492484.84375
80.18932	3302585219.4375
80.221665	2918143784.25
80.2532883333333	2887819295.70313
80.2854033333333	2639236088.53125
80.3176	2628739940.25781
80.3496516666667	2588360897.28125
80.3808883333333	2375700204.65625
80.4128333333333	2441163282.78906
80.4447783333333	2371958658.6875
80.4763966666667	2318408235.875
80.507275	2564633621.90625
80.5372116666667	2487170912.89844
80.5687033333333	2628529440.60156
80.5994366666667	2701484026.79688
80.6298016666667	2898137142.92188
80.6612566666667	2911745073.64063
80.6915683333333	3445089072.21094
80.7228216666667	3262247539.17969
80.7536216666667	3223361201.84375
80.784545	3732480833.25
80.8155866666667	3689780966.55469
80.8475083333333	3708151748.51563
80.878155	3478505125.29688
80.9098216666667	3495487381.89844
80.94128	3810647832.125
80.9722516666667	3747380966.49219
81.0038	3520873084.0625
81.0355833333333	3487418737.6875
81.0675866666667	3758989248.59375
81.0986583333333	3268754357.25781
81.1305783333333	3348144527.89063
81.1617616666667	3105456920.6875
81.19351	3367593305.50781
81.225735	3009253432.20313
81.2580116666667	2984739371.46094
81.2895816666667	2991050586.9375
81.32093	2668008915.91406
81.352655	2849794621.42188
81.3835983333333	2843110371.89844
81.415345	2926294717.17188
81.4473666666667	2914633845.59375
81.4787033333333	2647679416.96875
81.5111516666667	2790723252.21875
81.5431233333333	2588500222.71094
81.5740133333333	2795780959.86719
81.6056416666667	2908309862.27344
81.6370083333333	2694555499.17969
81.6679133333333	2625503845.66406
81.6986866666667	2503068991.01563
81.7310183333333	2715351375.61719
81.7621283333333	2411968757.14844
81.7936166666667	2451441247.625
81.825145	2479991157.49219
81.8572333333333	2616090516.74219
81.8881966666667	2615980597.29688
81.9192483333333	2250333545.79688
81.950055	2498996806.28906
81.9812316666667	2427338363.03906
82.0123066666667	2627800998.82813
82.044265	2601455791.95313
82.07672	2807131739.3125
82.1087966666667	3012876592.13281
82.1407433333333	3143288095.74219
82.171665	3204896349.10156
82.202625	2966039385.71094
82.2342183333333	3227767324.50781
82.2654	3571009824.36719
82.2965516666667	4074308122.11719
82.3277833333333	3419805986.89063
82.3594516666667	3806613352.53906
82.39043	3921644418.5625
82.42243	3635941170
82.4533583333333	3712485087.64844
82.4842566666667	4168423759.60156
82.51505	3779082495.53906
82.5459433333333	3559192838.99219
82.5769583333333	3503373871.95313
82.6073566666667	3500314280.64063
82.6378233333333	3372521802.60156
82.6696883333333	3017431792.95313
82.7009916666667	3154403733.54688
82.7334766666667	2697018434.89844
82.766105	2645185816.28125
82.7967683333333	2843788302.78125
82.8277566666667	2942116134.07031
82.858405	2677786702.67969
82.88916	2683664476.97656
82.91947	2946759082.78906
82.9503033333333	2824221142.67188
82.980875	3146710131.92188
83.0108933333333	3031982857.625
83.0411366666667	3366982082.33594
83.0721133333333	3328762631.71094
83.10327	3414019637.90625
83.1344566666667	3632901165.39063
83.1651583333333	3805819641.85938
83.19597	3268548667.69531
83.2277366666667	3423591155.10938
83.259415	3446874220.29688
83.2918316666667	3215256031.76563
83.3222416666667	3378532467.99219
83.352595	3277889858.05469
83.3840283333333	3437226851.8125
83.4161783333333	3221833957.875
83.4461266666667	2889153574.46875
83.4785783333333	2736780677.10938
83.510305	2550369361.99219
83.5423366666667	2763508507.05469
83.57348	2504906991.35938
83.6061233333333	2759535701.53906
83.6378233333333	2375679070.85156
83.6703416666667	2523912551.23438
83.7023583333333	2387409259.25781
83.7341916666667	2534101638.625
83.7658033333333	2347938144.47656
83.7979783333333	2621285012.79688
83.8298216666667	2631614721.35938
83.8613683333333	2584230881.84375
83.8923866666667	2854352306.875
83.9232266666667	3369909884.14844
83.95491	2753329745.24219
83.9867716666667	2914175604.05469
84.0181016666667	2872856338.96094
84.04904	3012275005.89844
84.0803083333333	2571795388.45313
84.1123533333333	3003201492.23438
84.14449	2787649512.85156
84.1756266666667	2874775041.22656
84.2072033333333	2407894571.09375
84.2383883333333	2869277176.0625
84.2700316666667	3043064920.14063
84.3017083333333	2885359379.28906
84.33351	2885058521.36719
84.3646	3148066092.86719
84.3961483333333	2816627674.51563
84.4276066666667	2932509700.51563
84.4590866666667	3112104534.03125
84.490875	2924074164.40625
84.5226466666667	3025397730.23438
84.5547716666667	3387814135.66406
84.5868783333333	3091544899.6875
84.6180483333333	3188857290.96875
84.64949	3090214561.99219
84.68063	3056117184.66406
84.7126816666667	2945264369.8125
84.7441166666667	2781376260.35156
84.7755633333333	2848441927.9375
84.8072733333333	2612190359.42969
84.8384	2765020628.58594
84.869515	2427693345.23438
84.900945	2321393124.20313
84.9327133333333	2399881932.84375
84.963725	2516076930.32813
84.9948666666667	2714893281.10156
85.026625	2200407168.91406
85.057255	2102927081.21875
85.0893233333333	1859062488.89844
85.1196366666667	2288706232.36719
85.15127	2256652289.79688
85.183575	2273973415.02344
85.214235	2135301031.21875
85.2439866666667	2118962275.84766
85.2759966666667	2250902306.40625
85.3071116666667	2415167390.59375
85.33846	2270157841.03125
85.3697	2349081228.86719
85.4004066666667	2437262292.29688
85.4314516666667	2257664399.45313
85.4629833333333	2465332209.25
85.4942483333333	2384550344.53125
85.5255033333333	2411832265.92188
85.55541	2657411286.9375
85.5866983333333	2639276126.65625
85.6180583333333	2977151315.09375
85.6479433333333	3089556954.01563
85.67979	2757176728.3125
85.7104583333333	3229688769.46094
85.7426216666667	2933165870.75781
85.775385	3114012170.54688
85.8072383333333	3014351544.88281
85.837905	2963140270.50781
85.8690583333333	2802028881.92969
85.90062	2935473713.78906
85.9323716666667	2832563524.11719
85.9644133333333	3122848120.6875
85.99606	2659012506.57813
86.0275133333333	2790059033.48438
86.0596233333333	2640755562.03125
86.0919233333333	2763589687.53906
86.1235666666667	2558421299.65625
86.1560466666667	2466840613.82031
86.1880416666667	2375638149.875
86.2191933333333	2257235601.94922
86.2505266666667	2512076589.49219
86.2829966666667	2460781495.29688
86.3139583333333	2780822740.04688
86.3451033333333	2698674758.4375
86.3771133333333	2896557359.41406
86.4088316666667	3018157114.82813
86.4398466666667	3587506287.98438
86.4716083333333	3315099014.47656
86.50292	4169794469.03125
86.5342816666667	4107213725.10156
86.5661483333333	4148410852.70313
86.5977033333333	4554391902.10938
86.6287933333333	4755811079.88281
86.6597616666667	4720742679.17969
86.6912183333333	4528874268.22656
86.722275	4853488011.92188
86.7524716666667	4269237544.64063
86.7839166666667	4762542614.94531
86.8151783333333	3943334058.04688
86.846375	4299045318.32813
86.8779866666667	3819131523.17969
86.9106266666667	3715526056.55469
86.9430916666667	3855223791.21875
86.9754316666667	3829668852.94531
87.0071516666667	3525416815.16406
87.0388183333333	3684973584.78125
87.07067	3211151225.60938
87.10196	3064077638.46875
87.1330133333333	2852130491.9375
87.1642966666667	2640272506.36719
87.1953383333333	2813427187.98438
87.2271083333333	2363191273.5625
87.2590083333333	1989242536.60938
87.2908033333333	2452072613.39844
87.3221383333333	2325157026.92188
87.3514933333333	2135148989.79688
87.3823216666667	1873482531.25391
87.4143716666667	2042705229.01563
87.4465016666667	2163153522.11719
87.477435	2351397520.24219
87.508975	2323957059.14063
87.5405033333333	2242256021.74219
87.5721783333333	2559435802.27344
87.6038133333333	2753092642.76563
87.6358433333333	2622674599.60938
87.6681666666667	2786194410.72656
87.6994033333333	2887473055.75781
87.7309366666667	2790528946.24219
87.7626833333333	2976134403
87.79522	2791319538.25
87.8278033333333	2726766117.10156
87.8595616666667	2879058787.38281
87.891345	3088362763.79688
87.9235116666667	2870304084.11719
87.95504	3062772603.92188
87.9865683333333	2913448677.21875
88.0189033333333	2936177651.77344
88.0510483333333	2813422880.09375
88.0833216666667	2951814575.14063
88.1145033333333	3412701605.13281
88.146575	2954512712.80469
88.1781766666667	3366966102.59375
88.2100766666667	2987142281.60156
88.24164	2913924635.125
88.2725933333333	2972120170
88.304255	3132761757.03906
88.3356733333333	3372930716.57031
88.3666033333333	2893408848.15625
88.39841	3475622496.92969
88.430485	2918617024.96875
88.4630933333333	3100572049.66406
88.4948833333333	3308438442.27344
88.52664	3410098194.90625
88.5589433333333	3311857291.95313
88.590335	3458163412.85156
88.62233	3494126762.89844
88.6540183333333	3462038428.375
88.6848316666667	3537158745.09375
88.716355	3217292271.70313
88.7491533333333	3127602275.80469
88.7806083333333	2877859548.40625
88.8126733333333	2948761795.92188
88.8452433333333	3212489355.04688
88.8766133333333	2992720913.32813
88.90907	2922697149.24219
88.9419683333333	3189988143.375
88.9739116666667	3167743209.71094
89.00572	3040607997.8125
89.0384666666667	3218907982.32813
89.0710066666667	3428967516.75781
89.1032066666667	3372347162.16406
89.13487	3451622973.98438
89.1655833333333	3911069619.85938
89.1969966666667	3528800111.82813
89.2295633333333	3426581060.75781
89.260855	3677322520.22656
89.2924033333333	3240762171.16406
89.3244666666667	3287488138.67969
89.3555516666667	2987671879.57031
89.3873	3616824957.84375
89.4186033333333	2905246833.77344
89.4502366666667	2770548337.72656
89.481985	2823160669.71875
89.513075	2373174699.57031
89.5448483333333	2241949029.37891
89.5766483333333	2591243714
89.6069133333333	2643658822.74219
89.63825	2571350229.96875
89.6698333333333	2529371785.53125
89.7005566666667	2417883907.61719
89.7325083333333	2319120928.60938
89.7638133333333	2311182718.10156
89.7953366666667	2338678108.60938
89.8278183333333	2315369736.39063
89.8594683333333	2411706600.51563
89.8906933333333	2380065140.45313
89.9223283333333	2303766865.96094
89.953615	2374979346.14844
89.9850016666667	2366774190.8125
90.0163433333333	2506370986.23438
90.0479416666667	2539151591.80469
90.0791816666667	2552128986
90.1112566666667	2558178590.94531
90.1426366666667	2700101319.24219
90.17381	2929110158.28125
90.2046566666667	3026975380.92188
90.235965	3272811944.25
90.2674233333333	3223650182.80469
90.299625	3159887878.75
90.330885	2954221038.69531
90.362845	3249136634.65625
90.3932516666667	3032508169.21875
90.4247816666667	3276189512.64063
90.4564283333333	3176507608.64844
90.4884133333333	3012072131.8125
90.5194766666667	3550732526.8125
90.55075	3141749245.97656
90.5811016666667	3662301282.27344
90.61159	3125849240.52344
90.6427866666667	3282429149.625
90.6732283333333	3457014312.04688
90.7041083333333	3743997704.28906
90.7353	3617640585.17969
90.7663483333333	3484469725.50781
90.7955116666667	3550077020.20313
90.82572	3693760754.65625
90.855895	4077766570.0625
90.886115	3890580385.61719
90.9166516666667	3919228166.10156
90.946645	3940573440.73438
90.9769233333333	3970039315.73438
91.0079383333333	3902967107
91.03824	3855783627.53125
91.06882	4155787924.8125
91.0993766666667	4024878652.55469
91.1294566666667	3883143468.55469
91.1603433333333	3846938509.90625
91.19107	4013802446.71875
91.2214133333333	3951513897.64844
91.2519	4038369900.99219
91.2827516666667	3868825166.8125
91.3141666666667	4015244604.90625
91.3447283333333	3964977777.125
91.37621	3992206474.0625
91.4081033333333	4254644018.30469
91.439055	3850917106.24219
91.47062	3954941679.51563
91.501095	3723770317.69531
91.5311366666667	3614086588.19531
91.5612583333333	3082988135.66406
91.591565	3623925441.24219
91.6219383333333	3273447206.04688
91.65211	3555589326.04688
91.6829616666667	4055969728.28906
91.71315	3527030996.39844
91.7437133333333	3856905182.0625
91.7735616666667	4296656237.60156
91.803785	3781666102.27344
91.8350066666667	3982490498.00781
91.8652083333333	4189611700.49219
91.896335	4033074002.36719
91.9273933333333	4249588541.07813
91.957895	4260945118.8125
91.9889916666667	4071074459.64063
92.0199366666667	3914865913.22656
92.0499783333333	3935691748.11719
92.08172	3829023307.8125
92.1126083333333	3862415854
92.14385	3690542070.42969
92.17547	3798259462.04688
92.2062633333333	3712662926.61719
92.2366116666667	3599309201.80469
92.2672083333333	3354357232.78125
92.298665	3688614237.39844
92.32962	3751679080.46875
92.36	3287110122.60938
92.3896816666667	3740617822.42188
92.4206066666667	3848394781.15625
92.4519466666667	3803599323.53906
92.48303	3941841333.42188
92.51395	4012536694.875
92.544525	3908735613.34375
92.5747416666667	3876827753.25
92.606035	4023941953.29688
92.63645	3931213951.02344
92.66682	4028060415.30469
92.6982133333333	4097254550.02344
92.72907	4276493550.82813
92.7590166666667	4496806159.64063
92.789845	4512384299.25781
92.8202116666667	4843655445.07813
92.8516066666667	4739863934.15625
92.8816733333333	5551214330.5625
92.911005	5227491235.125
92.94167	6050824570.5625
92.9721133333333	5159311144.57813
93.00271	5538454826.42969
93.0331316666667	5227845847.3125
93.0640133333333	4862284939.91406
93.093865	4572213477.85156
93.124825	4821506423.10156
93.15486	4232038714.05469
93.18595	3829928810.59375
93.21682	3409847592.97656
93.2480666666667	3270821110.375
93.2787666666667	2943269927.40625
93.3097466666667	2943683237.36719
93.3402466666667	3011941526.78906
93.3707666666667	2817919109.07813
93.4013716666667	2784126130.10938
93.4319033333333	2894352129.86719
93.46313	3036266551.3125
93.4935166666667	3142544483.39844
93.52424	3102378518.99219
93.5543933333333	2974465662.35156
93.58416	2721634222.76563
93.6139283333333	2908974654.04688
93.6434	2648274265.17969
93.6740516666667	2426895301.13281
93.70526	2679566830.1875
93.7354816666667	2453177938.125
93.7658183333333	2432107808.63281
93.79583	2437387410.32813
93.8252916666667	2580249411.57813
93.8559233333333	2489368967.51563
93.8876083333333	2842558454.21094
93.9183066666667	3082046121.70313
93.9484716666667	3090067002.40625
93.9786316666667	3515066008.29688
94.0090433333333	3597911433.70313
94.0400966666667	3260219175.76563
94.070385	3628608048.21875
94.1017683333333	4079049010.1875
94.1329033333333	3924409456.59375
94.1637866666667	3534375999.27344
94.193915	3522743063.8125
94.2239583333333	3071468926.89844
94.25505	2997580869.77344
94.2859366666667	2793210117.52344
94.3166883333333	2822231787.59375
94.3480183333333	2865600698.07031
94.3789233333333	2718697115.0625
94.4104816666667	2472357570.28906
94.4411666666667	2358647211.89844
94.4725166666667	2387843499.28125
94.5028366666667	2082843917.75781
94.5332133333333	2437435966.09375
94.5639516666667	2427411631.01563
94.5937383333333	2523012021.60156
94.6239933333333	2505903261.11719
94.6545733333333	2423079777.64063
94.685905	2345740222.91406
94.716545	2369038447.36719
94.7467333333333	2313912283.375
94.776535	2046963140.59375
94.8067266666667	2000825708.11719
94.8376733333333	1881519497.89063
94.868355	1902740466.29688
94.8992083333333	1878659544.99219
94.9285683333333	1607655745.88672
94.9597533333333	1825593128.47656
94.99015	1737323561.19141
95.0209183333333	1679266654.30859
95.0514633333333	1731846284.17188
95.0815633333333	1696842038.22656
95.1123283333333	1847534791.42969
95.14276	1609676877.37891
95.1733533333333	1765371365.53125
95.2044466666667	1540829274.21484
95.23491	1510924639.625
95.2645883333333	1317529720.14844
95.2954633333333	1387356490.98438
95.3251716666667	1487287538.68359
95.3554366666667	1292086405.84766
95.3852866666667	1437478518.99219
95.4153066666667	1202837569.85938
95.4460983333333	1212528439.61328
95.4766933333333	1240755543.71484
95.5068933333333	1225366184.47266
95.53744	1354174536.73047
95.567685	1192632369.41406
95.597605	1144833958.06641
95.6279733333333	1156160267.10938
95.6585883333333	1231677675.41797
95.6886933333333	1187582749.04297
95.7188	1006651523.28906
95.7494266666667	1141817451.60547
95.780115	1132611924.28906
95.8110283333333	1086961678.70313
95.8417383333333	1243497126.71094
95.8718883333333	1005995268.69531
95.9011733333333	1063647631.36328
95.931785	1261867023.62891
95.9620333333333	897230507.023438
95.9922683333333	974627639.339844
96.0233483333333	919417400.660156
96.0531116666667	903717522.339844
96.0831366666667	962364749.535156
96.1141766666667	898098654.125
96.1452866666667	882777517.765625
96.1764983333333	1037762295.39453
96.2065533333333	869915835.585938
96.2371133333333	1016256472.48828
96.268405	1043844338.32422
96.2983633333333	986610077.722656
96.3287933333333	1080415253.33984
96.3587633333333	983901105.183594
96.3891333333333	1079866905.91016
96.4185166666667	1001589308.77344
96.449445	996185509.167969
96.4806783333333	999685910.65625
96.5106583333333	981605713.511719
96.541445	976827827.859375
96.5703133333333	910512348.527344
96.60005	959105446.074219
96.630785	879571846.75
96.6604616666667	934703730.585938
96.6914183333333	835291649.246094
96.72258	883377742.96875
96.752385	922224052.449219
96.78213	987147414.546875
96.8122266666667	998703454.714844
96.843095	965714264.078125
96.87374	975713867.257813
96.904005	819456348.871094
96.9341283333333	861990593.363281
96.9655816666667	905145444.882813
96.9934083333333	883002357.085938
97.0239166666667	876972293.792969
97.0541666666667	729506256.054688
97.084635	904793598.730469
97.1148783333333	864904874.167969
97.1460483333333	836353517.261719
97.1771433333333	819358422.09375
97.20875	958433738.300781
97.2391083333333	779844035.609375
97.26965	740387340.574219
97.3008883333333	996179304.652344
97.3302333333333	915797941.019531
97.36038	903389608.492188
97.39084	812910400.523438
97.4225933333333	865243258.003906
97.45295	822393529.726563
97.4844133333333	832941295.65625
97.51544	776499500.621094
97.5457033333333	813597274.957031
97.5753066666667	816106859.703125
97.6068016666667	831236131.945313
97.6380033333333	862651772.492188
97.668565	774951143.105469
97.699845	875698512.601563
97.730865	858893361.683594
97.76114	856338782.9375
97.791335	789057092.683594
97.8215633333333	678738510.652344
97.852575	597679230.074219
97.8835933333333	710558339.162109
97.914275	564521732.316406
97.94596	592387014.044922
97.97569	572329977.802734
98.00597	644799396.0625
98.036325	657563167.109375
98.067665	742530484.554688
98.098755	651394987.015625
98.1295216666667	672103423.140625
98.16053	522620795.283203
98.1922233333333	504717203.400391
98.2242033333333	427095369.408203
98.2549383333333	572161610.652344
98.2858866666667	615046225.283203
98.3170833333333	515868704.304688
98.3482883333333	588760276.382813
98.37893	606271252.005859
98.41013	529473128.285156
98.4417166666667	585705788.029297
98.472755	545497772.775391
98.5039533333333	556634825.482422
98.53501	517687404.855469
98.567075	513588582.871094
98.5975766666667	526011581.087891
98.6273916666667	443480071.306641
98.65958	457896160.177734
98.6899533333333	561345738.392578
98.71968	429919184.029297
98.751575	403882739.726563
98.7821116666667	398242344.619141
98.8134383333333	369633966.019531
98.8460816666667	331476205.160156
98.8791583333333	398381477.703125
98.9111916666667	390502842.271484
98.944335	446587758.353516
98.976325	380130249
