RetentionTime	Intensity
0.005465	577851.347076416
0.04443	381689.972793579
0.08903	558298.36541748
0.133805	397800.234298706
0.17912	341579.613265991
0.22557	362828.231582642
0.271548333333333	400321.947601318
0.318255	327943.092384338
0.365035	301057.948890686
0.390763333333333	322243.862464905
0.437945	297380.618816376
0.467345	331131.233772278
0.514546666666667	344939.295455933
0.5608	597754.600112915
0.606375	375935.517997742
0.653576666666667	317276.901794434
0.697183333333333	359262.227584839
0.743551666666667	341901.364456177
0.790945	846342.958999634
0.83626	741043.428741455
0.881163333333333	794209.177200317
0.925856666666667	573799.206809998
0.9719	1015353.90240479
1.01611166666667	700600.787689209
1.05753166666667	972567.06880188
1.10026333333333	875645.561149597
1.14494666666667	1025220.48814392
1.18876833333333	907965.460250854
1.23325	997067.943847656
1.27760666666667	997568.744049072
1.32233333333333	845666.947250366
1.36710166666667	953004.999679565
1.41180666666667	983861.383529663
1.45596666666667	906848.309745789
1.50086333333333	1025715.50100708
1.54564333333333	1052559.27487183
1.59089833333333	813367.481758118
1.63610833333333	940156.653991699
1.680885	1090567.11303711
1.72505166666667	962375.704071045
1.76935166666667	975176.539367676
1.81416333333333	1007621.81695557
1.85837333333333	1089951.94151306
1.903045	888833.581680298
1.94753333333333	1050902.95372009
1.9923	979612.419448853
2.03698333333333	933974.845123291
2.07773666666667	976442.960006714
2.11973166666667	936881.726142883
2.164625	954089.056518555
2.20956833333333	1068737.77011108
2.25457166666667	1048025.66575623
2.299045	920583.628082275
2.343955	1089832.8926239
2.38814666666667	1040998.76780701
2.43263833333333	1082928.51264954
2.47743833333333	985017.592498779
2.52191666666667	1097862.26179504
2.56692833333333	967374.015655518
2.6116	1050812.29390717
2.65652666666667	1114542.29065704
2.701065	1194347.40310669
2.74463	1111791.58198547
2.78917666666667	957114.635795593
2.83438333333333	1152427.78538513
2.878955	1056577.4304657
2.92406666666667	1229089.78186035
2.96816166666667	707253.184997559
3.01383333333333	900820.17829895
3.05906666666667	1137895.63108826
3.09940833333333	648042.354393005
3.142555	923652.600349426
3.18772666666667	870879.086425781
3.232895	341101.418273926
3.25100833333333	1000702.19572449
3.29949166666667	757055.138671875
3.34425666666667	620857.332313538
3.39069166666667	1129728.2171936
3.43448333333333	472073.610664368
3.477945	1217936.81149292
3.521615	983018.949691772
3.56603166666667	875518.012985229
3.61069333333333	820075.485496521
3.65539666666667	1113732.59980774
3.699555	809712.165878296
3.74439166666667	876193.052947998
3.78862166666667	791630.133010864
3.83362666666667	666216.786483765
3.87852	761717.616638184
3.92342833333333	982704.366134644
3.96771	566674.382133484
4.01391333333333	442669.839378357
4.04293833333333	387719.377494812
4.05940833333333	1181574.96209717
4.10407833333333	651606.066444397
4.1464	1060277.1675415
4.19087833333333	432580.1106987
4.21689	866097.651077271
4.26141833333333	790925.039337158
4.30696333333333	468657.601844788
4.34373666666667	871830.910125732
4.388755	870318.411941528
4.43353166666667	823841.584236145
4.47866833333333	937416.475402832
4.52277166666667	556627.873054504
4.56995333333333	817954.599502563
4.61499666666667	804683.755561829
4.66015333333333	804304.179420471
4.70439666666667	908299.269592285
4.74927	985981.058029175
4.792775	833462.477645874
4.83747166666667	760768.54675293
4.88303	802264.811958313
4.92782833333333	954936.317611694
4.972295	528920.112854004
5.01933166666667	843290.964645386
5.06424166666667	815365.195327759
5.10871	319836.1823349
5.15471333333333	355114.594547272
5.18073333333333	722314.395217896
5.22610333333333	699512.545928955
5.27071166666667	834406.935913086
5.31497	767618.071548462
5.36001	743675.559677124
5.40469666666667	554802.372947693
5.45172666666667	426618.878395081
5.47060333333333	1088627.88186646
5.51577333333333	502345.921905518
5.562145	937776.244430542
5.60656666666667	361094.526706696
5.62049	972312.20098877
5.67263166666667	750110.577774048
5.71674166666667	1082303.49560547
5.76096333333333	484314.543628693
5.79751	854616.699447632
5.84245833333333	829211.547302246
5.88736166666667	1020464.10804749
5.93235	1030120.38415527
5.97617833333333	860405.879898071
6.02062666666667	449992.884204865
6.06799333333333	779137.901504517
6.1128	794042.698989868
6.15778	1007666.77684021
6.19806	883053.995162964
6.24149666666667	1013933.32286072
6.28594666666667	901943.030853271
6.32922	929980.140472412
6.37432333333333	526473.118934631
6.42138833333333	706523.304756165
6.466175	732362.854141235
6.51117333333333	779118.454360962
6.55580833333333	888200.61730957
6.60033833333333	689616.65813446
6.64525333333333	869706.190109253
6.69016833333333	328079.909725189
6.71071	458274.764251709
6.75991666666667	660446.79473877
6.806025	868106.69984436
6.85032333333333	1092469.21229553
6.89472	819951.923698425
6.93983833333333	448173.699443817
6.966415	791122.381492615
7.01112666666667	849712.352127075
7.05558166666667	505018.855560303
7.10291833333333	692844.939552307
7.14862666666667	852927.512588501
7.19295333333333	420619.977622986
7.23669333333333	709922.771759033
7.279815	798280.961975098
7.32490833333333	342654.861358643
7.35218	803044.090637207
7.39721833333333	722227.746482849
7.44315	873616.733398438
7.48807333333333	726581.54360199
7.53332333333333	891854.470687866
7.57807666666667	645706.483757019
7.62424333333333	1154417.51924133
7.668835	1069577.1638031
7.71367666666667	1217617.45774078
7.75911333333333	1867040.15472412
7.80419333333333	2446594.16003418
7.84905833333333	3631453.56912231
7.8934	3464335.72073364
7.93781333333333	3727569.4303894
7.98346833333333	3129334.47541809
8.02856333333333	2977463.71549988
8.07455666666667	3112797.85798645
8.12069833333333	3977161.78085327
8.16613333333333	4296320.31921387
8.21063666666667	4895205.59732056
8.254555	4897269.35107422
8.30044666666667	4288753.75057983
8.34597333333333	4295375.63821411
8.39134666666667	5082075.85006714
8.435535	4267621.29220581
8.48028166666667	4681065.23336792
8.52553166666667	4180802.04095459
8.57046333333333	4505337.94067383
8.61429166666667	4150327.23156738
8.65910166666667	3824079.32797241
8.70448	3549594.39849854
8.75088833333333	3959821.65460205
8.79545333333333	4244921.29156494
8.841165	3860582.21676636
8.88718833333333	4333617.03994751
8.93140666666667	5560820.6361084
8.97623166666667	7165867.27667236
9.02152666666667	6129411.19799805
9.06682833333333	7829119.26391602
9.11086166666667	7874753.03356934
9.15535166666667	8815904.20483398
9.199245	7742273.01922607
9.24521166666667	7194359.75387573
9.28760333333333	8514826.46759033
9.33363333333333	7073287.56454468
9.379765	9460638.08679199
9.425125	8496594.85955811
9.47082	13240186.5822754
9.515595	14137568.4033203
9.56043166666667	12455109.2480469
9.60564	13569025.0498657
9.65220166666667	17363873.2489014
9.69861166666667	12299390.2039185
9.74384	14547277.8511963
9.78899666666667	13452860.730896
9.83233166666667	10782773.1165771
9.87511833333333	10557360.2618713
9.9203	11401567.5892334
9.96480333333333	10488965.0249634
10.0099833333333	10062098.3947754
10.057305	9246453.99475098
10.1022683333333	8870034.03771973
10.1469883333333	9164180.50839233
10.1923766666667	8472959.78091431
10.2388316666667	9078896.10015869
10.2830266666667	8991872.19683838
10.3268316666667	9945483.1812439
10.3709633333333	11676066.1712646
10.4150666666667	10516034.7123413
10.4601483333333	14229369.015564
10.5042816666667	10296651.0673828
10.5473333333333	11718509.5951538
10.5936683333333	12062428.5640259
10.6383033333333	11385133.2078857
10.6841733333333	15120834.9241333
10.73006	12014952.2991333
10.776895	16788266.8074951
10.821885	16915376.5971069
10.86803	20023227.2521973
10.9070266666667	24541924.7467041
10.951535	22141482.5546875
10.9938683333333	26464835.3897705
11.0359266666667	26312721.9662476
11.079915	23792830.6322632
11.1255483333333	24436280.8898926
11.1665266666667	25214506.118103
11.2082283333333	28509361.8656006
11.2495	29256628.7248535
11.2907583333333	30738171.7342529
11.334515	34038379.6793213
11.3775316666667	36413907.4237061
11.4177583333333	45098643.9240723
11.4634816666667	46769530.5552979
11.5063866666667	44392111.862793
11.5528683333333	39989900.7078857
11.5975583333333	38772813.0784912
11.641035	36188204.3399658
11.6809333333333	45475974.274292
11.7226533333333	37208833.9759521
11.7624016666667	40433294.3532715
11.8062433333333	43194232.2003174
11.85132	48712240.208252
11.892235	55868746.5025635
11.933495	50750052.8210449
11.9711983333333	52565542.661377
12.0114066666667	65610786.3562012
12.0554266666667	67023266.802002
12.0893516666667	62049978.1972656
12.1283516666667	75802496.4938965
12.1732783333333	66741626.911499
12.20461	81924131.7753906
12.2422816666667	83571438.0205078
12.2790033333333	99448267.2910156
12.3140666666667	66472179.6329346
12.35148	76310140.7399902
12.38986	95714721.4975586
12.430385	70255517.6875
12.4710383333333	77675186.2241211
12.5127716666667	93279296.6848145
12.557655	66739480.0018311
12.5963583333333	86347318.9921875
12.6363333333333	96110017.3300781
12.67784	96150894.8713379
12.7203233333333	97458487.0700684
12.7623816666667	88468351.3183594
12.8063133333333	129851637.170654
12.8448666666667	163950521.056641
12.8825433333333	159964862.710205
12.9226433333333	138842909.816162
12.963895	171792693.689941
13.0019183333333	164314011.696777
13.03971	152544534.163574
13.0766033333333	134108247.544189
13.1164066666667	89523342.309082
13.1623733333333	100375840.695313
13.2038316666667	93054202.5266113
13.23978	73291762.0593262
13.2773883333333	99209014.7397461
13.3135783333333	56616002.4744873
13.3539466666667	52835245.9547119
13.3917516666667	75913380.1435547
13.4290883333333	55593594.1193848
13.4672516666667	64953178.3088379
13.5078316666667	59345468.814209
13.5471783333333	85436379.5666504
13.5883583333333	96943468.6657715
13.6281883333333	93647672.1577148
13.6640583333333	83896256.8916016
13.7000783333333	98021858.5852051
13.7398383333333	119452296.695557
13.7742766666667	123655405.502197
13.811655	146548515.475098
13.8531416666667	156778613.265137
13.885895	123554028.408936
13.9290966666667	124860156.277588
13.9710933333333	159734299.927734
14.0055316666667	175750021.422852
14.0477116666667	169041505.76709
14.0815866666667	163919048.671387
14.1246466666667	145387213.682617
14.1592783333333	115690989.45459
14.203025	137415834.487549
14.249945	132201532.191406
14.285915	137266485.254395
14.3189883333333	132893189.355957
14.3623916666667	126055183.893555
14.39237	107310394.174316
14.4349916666667	155843328.642578
14.47564	151581363.131836
14.50618	149043889.26416
14.5457016666667	159835399.536621
14.5783016666667	135891490.530762
14.6188633333333	150195906.89209
14.6574583333333	159080355.579102
14.6950233333333	174133796.47168
14.7310066666667	203938083.666992
14.7662816666667	177769936.728516
14.8005266666667	180390731.260742
14.8400433333333	136117667.26709
14.8790033333333	225162960.522461
14.9148033333333	186875316.833984
14.950425	197794052.143066
14.9838916666667	143705369.070801
15.0194283333333	207660465.459961
15.056045	223380522.699707
15.0902966666667	235388068.535156
15.1368366666667	290369535.181641
15.1679383333333	223402257.020508
15.2021566666667	242293617.234863
15.2468433333333	293490353.702637
15.28623	291909346.594727
15.324885	277109167.097656
15.36391	331976450.099609
15.398705	332325414.089844
15.4365466666667	391529827.745117
15.46733	341492173.5625
15.5035116666667	359552275.009766
15.5359533333333	305053295.28418
15.5725083333333	342802740.443848
15.6081266666667	443483204.599609
15.6434733333333	347383536.730957
15.6814466666667	386212350.258789
15.7172016666667	334937267.539063
15.7569266666667	359922748.875488
15.7920933333333	313638714.044434
15.8248533333333	377731936.071289
15.8636916666667	375354233.447266
15.899915	356741990.652344
15.9392883333333	344893847.609375
15.9747633333333	291422040.126953
16.0122233333333	301194439.752441
16.0461216666667	246646068.073242
16.0822916666667	263408838.65918
16.1127766666667	235932809.567383
16.1516966666667	188982384.571777
16.1879283333333	258107151.282715
16.221845	212811334.433105
16.259955	225419293.873047
16.298475	197439095.724121
16.3345583333333	194534186.418945
16.36963	194389670.84668
16.4130533333333	188207944.616699
16.44389	207497342.68457
16.4779983333333	212366547.006348
16.5109766666667	172013829.416992
16.5460016666667	174352877.65918
16.5800516666667	192295592.949707
16.622305	206993186.601563
16.655325	224688516.408691
16.6888816666667	224892233.835449
16.7309866666667	215641460.364746
16.7638666666667	227173129.227539
16.8014233333333	235272959.15332
16.8305766666667	250811465.770508
16.8670633333333	264872107.15918
16.904175	263719687.144043
16.9429016666667	350054504.477539
16.9789483333333	323952746.828125
17.0146983333333	353392394.240234
17.0508783333333	379373258.250977
17.0890183333333	373593183.338867
17.1297316666667	361951597.62207
17.16199	361938967.87207
17.1950633333333	434554913.804688
17.2361166666667	373698301.46582
17.2685783333333	447892182.714844
17.30801	381096500.003906
17.3383416666667	362504052.282227
17.3773966666667	342287051.19043
17.4176133333333	346469261.282227
17.45793	349080724.100098
17.4895283333333	336763456.774902
17.5260366666667	313490966.48584
17.5607283333333	289799969.599121
17.6003566666667	283276262.247559
17.63802	260634457.716797
17.6743216666667	226058841.373047
17.71073	240056778.086914
17.748585	216341809.734863
17.7836283333333	158799714.838867
17.816185	190993505.753418
17.8493633333333	181228280.474609
17.8852866666667	159592751.348633
17.9263916666667	210536324.98584
17.962955	174475207.003418
18.000875	214864890.089844
18.0336883333333	218256422.894531
18.0691683333333	231351566.291992
18.1013	235171650.817871
18.13835	249845536.037598
18.17324	255544572.166992
18.2037966666667	213678231.572754
18.2407516666667	283583525.905273
18.2797416666667	334946296.158203
18.3154533333333	343631953.71582
18.3481616666667	388693740.874023
18.3821133333333	337395810.668945
18.42149	349834790.323242
18.4573433333333	392756206.050781
18.490755	326040980.172852
18.5264566666667	352105561.479492
18.5644716666667	322156523.025391
18.6036166666667	337389331.975098
18.6427933333333	442668396.34082
18.6804916666667	470008354.514648
18.71801	340922232.933594
18.7537	362456735.182617
18.79177	405478596.991211
18.82441	314007044.764648
18.8579766666667	375039092.651367
18.89375	264790670.805176
18.9310116666667	329877482.5
18.97439	253875035.789063
19.004455	247152750.201172
19.043525	320214877.511719
19.0765133333333	298754181.241211
19.1153583333333	274605472.360352
19.1539966666667	223943110.855957
19.1922966666667	249746772.694336
19.22552	200834517.043457
19.262885	182567149.526855
19.299665	154683903.224609
19.3373616666667	180504166.075684
19.37291	233199895.62793
19.407905	190381044.636719
19.445925	184518938.371094
19.4847583333333	170915481.852051
19.5202666666667	193552599.269043
19.55909	144920826.594971
19.5963166666667	197218416.852051
19.6285783333333	215987415.509766
19.6639933333333	193158108.506836
19.7026516666667	180549230.590332
19.7401483333333	188384174.044434
19.7744983333333	176579676.773438
19.8073366666667	204082964.724121
19.84216	188474250.464844
19.878135	197625416.42334
19.91125	192571063.195801
19.9480983333333	230816683.798828
19.9825666666667	216400554.518555
20.0159883333333	195808162.938477
20.05379	214252216.729004
20.0858216666667	257346311.524902
20.1196566666667	239824927.713867
20.1585416666667	248921646.889648
20.1938466666667	259128808.535156
20.228065	273329217.427734
20.2585216666667	278008768.870117
20.2911916666667	207485844.819824
20.32896	202393212.61084
20.3639483333333	265463640.408691
20.3959933333333	222776045.329102
20.43265	219487838.764648
20.4712566666667	284517586.269531
20.5130183333333	223670475.521484
20.5504383333333	294260239.428711
20.5863016666667	246439233.782715
20.6235333333333	238343749.813477
20.6567333333333	213488806.958984
20.693125	242068131.449219
20.7349033333333	263152795.988281
20.768295	304950593.566406
20.8018283333333	299277531.536133
20.836115	235415694.881348
20.8747733333333	336949498.647949
20.907085	279617558.587891
20.9395983333333	268268001.317383
20.977455	326527104.599121
21.01692	248240306.228516
21.0518083333333	368641168.194336
21.0872383333333	352134029.485352
21.1201116666667	282092938.483887
21.1634516666667	390075503.477539
21.1953833333333	364562943.864258
21.2321833333333	314973027.680664
21.2663616666667	432268009.980469
21.2975133333333	300249324.719727
21.336195	266598567.962402
21.3744766666667	335378791.604492
21.4059316666667	376204422.678711
21.4388133333333	306213430.483398
21.4776666666667	265172318.45166
21.5144816666667	320279122.509766
21.5475	354101702.121094
21.5832533333333	335238715.603516
21.61775	313679555.496094
21.6532	241839699.734375
21.688535	310738930.459961
21.721805	313325333.760742
21.7545016666667	238399401.464844
21.7897116666667	255147978.729492
21.82427	253742065.515625
21.85857	193600296.778809
21.894245	236390514.085449
21.9272366666667	194574825.797852
21.96187	204522108.719727
21.9998816666667	193140192.22998
22.0394216666667	231303942.19873
22.0705066666667	180404556.652344
22.1078	182578195.642578
22.13954	192092958.193848
22.17806	198174640.277344
22.21277	265547802.819824
22.24712	238644923.912598
22.2823683333333	256875146.32373
22.3208733333333	270510607.581543
22.3577166666667	253015767.699219
22.396055	309030438.823242
22.4300333333333	278268761.153809
22.464785	350462760.258789
22.497035	408714643.135742
22.5303433333333	339244841.702148
22.5642566666667	365242618.955078
22.6012066666667	359755805.099609
22.6392383333333	389794806.380859
22.6769416666667	296184882.369629
22.711375	385327344.951172
22.747215	370031505.493164
22.7807883333333	347943671.576172
22.8135883333333	391083701.298828
22.8466633333333	292823005.197266
22.8831366666667	407159606.808594
22.917005	336620705.800781
22.9495933333333	340434717.625
22.9806633333333	299682125.231445
23.018695	248929586.360352
23.0558833333333	204823195.623047
23.0916383333333	194891019.67334
23.1291766666667	188437370.069824
23.1676416666667	291897473.994141
23.2045383333333	286451470.080566
23.2377516666667	259939296.830078
23.2765016666667	205079514.45166
23.3134433333333	200889441.78125
23.3472316666667	245565116.783203
23.387505	241627593.519531
23.4256333333333	243567909.964844
23.4619483333333	220454829.335449
23.4980816666667	216286283.270508
23.5340783333333	265670448.763184
23.5701433333333	240437280.102051
23.6068233333333	246497803.152832
23.6414916666667	322898047.808594
23.675055	281513576.060547
23.7076066666667	245164972.041016
23.7427183333333	253828433.003906
23.77813	282455332.972656
23.8134683333333	234041437.513184
23.846995	212621581.859375
23.8825383333333	229312720.521973
23.914495	239805629.376465
23.95109	181072442.55957
23.9810316666667	202204420.759766
24.01453	274526019.178223
24.04954	176985181.501465
24.0843533333333	225401577.734863
24.121715	250864960.36084
24.156135	267153688.123047
24.1921416666667	246940169.786133
24.2262983333333	373624764.447266
24.2603583333333	314912594.123047
24.29181	377316462.126953
24.3271266666667	373950880.163086
24.3624233333333	419886230.714844
24.3977666666667	378296202.291016
24.4328316666667	378810185.137695
24.4748066666667	365231294.771484
24.50453	308556828.757813
24.5431133333333	368165632.952148
24.58012	346462195.226563
24.6180216666667	252358408.109375
24.6567283333333	313121099.836914
24.695625	371957195.379883
24.7288366666667	272547257.764648
24.7671133333333	229582563.463867
24.802475	280393416.800781
24.8387566666667	256380450.617188
24.87434	240021220.760254
24.908755	282564634.793945
24.9421166666667	287180403.941406
24.97388	312610112.793945
25.0028866666667	339698532.02832
25.0366583333333	281632233.583008
25.0691083333333	319515667.279297
25.1020766666667	319114701.203125
25.1384033333333	259518256.482422
25.1722433333333	284581898.652344
25.2082533333333	270348855.430664
25.2436833333333	247988162.18457
25.2789233333333	285555867.569824
25.3126366666667	299098903.725586
25.35108	268181244.856445
25.3899516666667	242666236.081055
25.4235033333333	332713984.148438
25.4580233333333	318886928.344727
25.495955	281475163.125977
25.5280733333333	310774548.325195
25.5690233333333	344487332.37207
25.603635	375050273.181641
25.6386966666667	326927557.328125
25.6751416666667	334786886.482422
25.70891	356648759.505859
25.74291	281681430.900391
25.7767816666667	341489457.717773
25.814975	301402531.283203
25.848705	252338470.050781
25.883695	268713672.279297
25.91837	200675148.660645
25.9537033333333	227922527.83252
25.9906733333333	259640379.184082
26.0276933333333	252050203.571289
26.0631783333333	281978295.547363
26.092915	263567773.364746
26.127215	256345019.996094
26.16163	314873588.158203
26.1955733333333	354835488.723633
26.2320033333333	314963144.458984
26.2664666666667	397690597.021484
26.3020466666667	320853102.128906
26.33736	425706413.487305
26.3690466666667	394631138.756836
26.4066433333333	415864545.638672
26.44281	413279047.724609
26.4827966666667	416747332.847656
26.521395	384848110.307617
26.5543866666667	431465380.800781
26.5889483333333	544759324.28418
26.62384	453232144.121094
26.6589316666667	440990955.205078
26.692525	398779110.662109
26.7252116666667	474164858.699219
26.7580433333333	429405244.282227
26.79241	409241135.287109
26.8246816666667	418419774.362305
26.8552	354741901.051758
26.8956633333333	308373057.350586
26.9270433333333	371782189.980469
26.9590683333333	372717564.679688
26.9965266666667	350549609.255859
27.0293133333333	421303994.001953
27.0631316666667	354030176.974609
27.0984066666667	315574133.500488
27.1311283333333	319836551.225586
27.1665683333333	341129988.259766
27.20222	428741906.400391
27.2334816666667	429020201.59668
27.26736	411699474.537109
27.3004583333333	355075424.18457
27.3336216666667	321046126.426758
27.3702633333333	358655633.095703
27.4030066666667	323648411.542969
27.4407833333333	344155337.149414
27.4783816666667	338319409.805664
27.5163716666667	411830832.248047
27.5492133333333	429815783.957031
27.5826633333333	421803653.180664
27.6149933333333	446812398.082031
27.6473816666667	347086905.679688
27.68597	397140761.773438
27.71841	409947725.787109
27.7492183333333	414055373.378906
27.78478	398927308.835938
27.8183516666667	418382033.748047
27.8501183333333	325221786.049805
27.883455	351326227.033203
27.9173066666667	316931972.039063
27.9498083333333	311999429.423828
27.9821566666667	313895347.647461
28.0160633333333	242976579.51416
28.051895	324393210.941406
28.0842716666667	252937516.101563
28.12137	313692528.279297
28.1572933333333	291850840.550781
28.1909516666667	370482592.026367
28.2256766666667	344362330.380859
28.259115	397132276.942383
28.2935933333333	434661231.041016
28.3283016666667	409475552.110352
28.3635883333333	371585313.634766
28.3968316666667	358867058.449219
28.431185	378417150.585938
28.4669083333333	464879321.55957
28.4992016666667	389758219.118164
28.5329583333333	344804641.054688
28.5693633333333	364666547.782227
28.599215	348589500.556641
28.6321966666667	427214848.6875
28.66385	436148807.277344
28.6974066666667	481095366.631836
28.7285183333333	420419838.924805
28.7614616666667	368039172.192383
28.79559	362010321.011719
28.8284033333333	295969069.572266
28.861895	296263335.436523
28.8950933333333	399700732.064453
28.9295666666667	270511689.939453
28.9614783333333	313183817.8125
28.9920283333333	321835349.136719
29.0265166666667	363929988.705078
29.058705	421535661.603516
29.09826	378743097.536133
29.1301933333333	387492864.831055
29.1659933333333	376091848.542969
29.2017133333333	353431855.266602
29.2363083333333	401988627.650391
29.2695833333333	470367585.673828
29.30295	343244923.94043
29.3378583333333	369046959.793945
29.3721566666667	329426109.042969
29.4060316666667	351623779.176758
29.4407683333333	355556819.183594
29.4740066666667	270534357.360352
29.512365	344913757.719727
29.542045	342900997.336914
29.5759883333333	339401716.089844
29.6128466666667	344969879.463867
29.6429983333333	319466163.396484
29.67634	281151372.945313
29.7098116666667	395371067.167969
29.7416666666667	310048776.040039
29.7755633333333	272397631.438477
29.81071	266564508.716797
29.8460716666667	347748140.629883
29.8789266666667	326852037.374023
29.914185	335154954.630859
29.946375	320731621.833984
29.9785733333333	310226882.896484
30.0131416666667	358416221.661133
30.0465116666667	408331090.867188
30.078845	457732024.874023
30.1109266666667	374585244.986328
30.1457383333333	409402643.832031
30.1786433333333	409957990.087891
30.20998	412286229.344727
30.24077	360997028.30957
30.2781933333333	439256324.789063
30.3096333333333	510410156.742188
30.3453833333333	484365021.523438
30.3800016666667	533789091.074219
30.41312	601764850.203125
30.44518	571364321.228516
30.47929	643109513.679688
30.51087	681160990.232422
30.544095	699349560.654297
30.5763016666667	638222200.53125
30.6117433333333	578798141.262695
30.6457066666667	581509388.492188
30.6803166666667	700367463.689453
30.7146466666667	601022837.265625
30.7501416666667	648312756.123047
30.7814016666667	567350954.27832
30.820105	542016173.569336
30.8538366666667	656279662.541992
30.8928333333333	572621068.635742
30.9252066666667	685841995.986328
30.957405	644803926.775391
30.989015	585099675.03125
31.0224683333333	522003407.599609
31.0581366666667	627187983.773438
31.0931583333333	522955871.47168
31.1256866666667	584298147.929688
31.1587983333333	436224238.508789
31.1902233333333	426660969.280273
31.2224883333333	481662701.904297
31.2542066666667	480753815.848633
31.285605	402035058.129883
31.317545	501068632.230469
31.3522016666667	419289303.951172
31.3865866666667	357433117.436523
31.4213333333333	371911136.070313
31.4536533333333	447314813.488281
31.4871866666667	499998295.072266
31.520065	617161821.222656
31.5512616666667	534645727.533203
31.5852666666667	565007121.064453
31.61434	487210188.737305
31.6507316666667	516434665.080078
31.685395	501246262.541016
31.71749	525702350.885742
31.7512883333333	466624090.291992
31.78553	504812165.423828
31.819875	518158331.958984
31.8537833333333	472991362.883789
31.8851083333333	539154778.773438
31.9187116666667	544442094.722656
31.95205	442467923.448242
31.9835133333333	501418934.384766
32.01792	511994194.484375
32.0503216666667	519788139.925781
32.082825	496517280.134766
32.115225	474358001.342773
32.1482266666667	513359108.606445
32.1823766666667	544915825.324219
32.21579	592498542.373047
32.2470483333333	627049598.685547
32.2811533333333	672212129.078125
32.3127633333333	682232313.875
32.3424666666667	698286791.646484
32.3745633333333	759965710.677734
32.40684	663975209.949219
32.4397466666667	747515467.347656
32.4746716666667	732506407.214844
32.5097033333333	708419685.621094
32.5410166666667	839964477.65625
32.572645	783068021.212891
32.6077433333333	822857943.628906
32.6394083333333	878471948.501953
32.6747816666667	813767779.361328
32.7068783333333	683427985.169922
32.7402516666667	734853339.146484
32.772435	807518417.171875
32.8043416666667	663730305.886719
32.8384633333333	772610761.875
32.8720583333333	597657166.986328
32.90756	670631770.585938
32.9411633333333	716947470.0625
32.9758566666667	821189854.931641
33.0082433333333	678845801.867188
33.04364	640223852.912109
33.0772766666667	577499822.509766
33.1130716666667	684776910.224609
33.1465116666667	635332164.575195
33.17769	677933051.144531
33.2107433333333	673346669.854492
33.244775	556418045.648438
33.279235	615309725.476563
33.3107316666667	747684876.763672
33.3447016666667	671818865.082031
33.3775483333333	822787068.978516
33.4111666666667	788828568.675781
33.44371	635485715.242188
33.476475	543683735.78125
33.5090666666667	641484849.569336
33.5429583333333	706289673.052734
33.5743533333333	513469985.378906
33.60637	586264837.956055
33.6388	609721378.826172
33.6711933333333	507526975.580078
33.7044433333333	623559015.152344
33.7368666666667	534081349.117188
33.7705683333333	465989570.053711
33.803035	596942056.375
33.8378566666667	550257099.791992
33.8705583333333	502485732.224609
33.9056866666667	500044964.076172
33.9376233333333	545955837.544922
33.9729583333333	676854179.685547
34.0065233333333	579753971.287109
34.0426933333333	507232194.12793
34.0755016666667	568702256.44043
34.1075783333333	561364278.210938
34.1416166666667	599195654.599609
34.173945	635004392.851563
34.2051	665052007.941406
34.2379583333333	574812816.822266
34.26942	673979762.248047
34.3015683333333	626106046.300781
34.333345	703606380.214844
34.36577	639266127.150391
34.39864	671978640.671875
34.4309783333333	590842293.136719
34.464725	695756034.478516
34.49675	599869610.125
34.5298266666667	617999202.523438
34.56374	634278987.693359
34.59599	603458448.267578
34.628795	600281504.273438
34.6609633333333	463193035.314453
34.6947133333333	559780019.193359
34.7275983333333	459676188.970703
34.7586233333333	479971783.726563
34.7897116666667	534163177.699219
34.8202966666667	453524186.385742
34.8523033333333	388610804.75
34.8857683333333	408133045.598633
34.9185533333333	383597897.939453
34.9512916666667	464010112.28125
34.9838916666667	416575069.014648
35.0181833333333	520459117.582031
35.0511933333333	437081809.796875
35.08455	475933777.608398
35.1155533333333	545190938.384766
35.1493833333333	549456708.082031
35.1864933333333	532184191.333984
35.2160083333333	539169286.511719
35.2477216666667	526881910.5
35.2772516666667	527188719.181641
35.3095116666667	494179389.972656
35.3413983333333	568129317.808594
35.3737816666667	541507466.912109
35.4064716666667	529386231.96875
35.436915	626205436.439453
35.4710016666667	603846151.515625
35.5037733333333	560495667.986328
35.53553	625739931.634766
35.5662916666667	600854230.138672
35.59756	682589137.962891
35.62877	648446845.511719
35.6604583333333	612243315.404297
35.6928366666667	601424104.431641
35.7256316666667	633261052.158203
35.7587416666667	602510040.009766
35.7912283333333	646284287.556641
35.824755	706523207.740234
35.8583416666667	650937295.326172
35.8911183333333	589680146.349609
35.92233	712466723.167969
35.9557366666667	680944566.998047
35.9891166666667	612278784.395508
36.023175	556364095.394531
36.0590916666667	521396445.697266
36.0932666666667	671135826.900391
36.1238266666667	542786811.232422
36.1577583333333	539745300.769531
36.19109	602734278.72168
36.224175	609777701.685547
36.2554216666667	542270136.873047
36.2872033333333	583439836.257813
36.3195483333333	686059410.966797
36.3512766666667	659657434.689453
36.3840283333333	537303646.787109
36.4172483333333	595825742.359375
36.449355	553182863.867188
36.48214	585502518.146484
36.5154516666667	598191663.986328
36.5480533333333	560327266.474609
36.581135	653397927.703125
36.6136683333333	626888551.855469
36.64661	581160118.578125
36.6785833333333	624005550.041016
36.7087766666667	597763342.386719
36.7411283333333	734079965.173828
36.774425	547371534.583984
36.80514	611223556.859375
36.8372	726039110.894531
36.869995	622618480.018555
36.9009433333333	755658407.166016
36.9319133333333	628521821.81543
36.96339	741341475.726563
36.99738	761037459.65625
37.0289833333333	592560622.725586
37.0615083333333	690721885.751953
37.0931816666667	633651359.427734
37.1245233333333	654921254.902344
37.155705	642403253.068359
37.1870116666667	569119630.46582
37.21936	667786670.507813
37.2524733333333	589009189.220703
37.2841866666667	608516494.441406
37.3161083333333	570988442.101563
37.3467816666667	534254631.079102
37.3808416666667	515466324.186523
37.4116933333333	452457118.308594
37.4463783333333	510223208.936523
37.47961	595294441.304688
37.5126133333333	560899518.195313
37.5457266666667	681802524.939453
37.57886	558512740.688477
37.6121683333333	727656631.449219
37.6448683333333	654379066.255859
37.6782	740173393.449219
37.7092533333333	693284798.96875
37.7405816666667	708478496.544922
37.772495	720017861.009766
37.805005	684138569.732422
37.8366383333333	695434552.359375
37.8692883333333	574582217.267578
37.9031016666667	587192749.214844
37.9368616666667	597992088.982422
37.97069	664548305.998047
38.0040166666667	589622982.953125
38.0386366666667	622843215.980469
38.0690133333333	671772289.777344
38.1027383333333	590202150.279297
38.1358816666667	483323692.734375
38.1696866666667	505227105.726563
38.202145	573182511.804688
38.2347066666667	527491552.193359
38.2663266666667	450928780.493164
38.2980966666667	513139161.822266
38.3296216666667	546638572.925781
38.3607533333333	518240687.095703
38.392385	587304384.949219
38.4239116666667	537691648.326172
38.45471	436827824.478516
38.4888683333333	495552580.005859
38.5197433333333	551778964.363281
38.5538733333333	536739286.988281
38.58804	578003942.181641
38.6196866666667	622211375.087891
38.6505016666667	453492652.382813
38.6830533333333	617765564.623047
38.7141133333333	658843224.300781
38.7456816666667	628584915.722656
38.7776766666667	636317111.042969
38.81042	630561899.886719
38.8430283333333	679775411.552734
38.8757066666667	629143442.798828
38.9086516666667	695799184.638672
38.94102	604245545.869141
38.973085	681632216.851563
39.0064716666667	579412224.751953
39.0408016666667	566826819.994141
39.074865	621274804.013672
39.1053516666667	527115219.532227
39.1385716666667	613303034.931641
39.1717333333333	563233285.785156
39.2049416666667	541690306.628906
39.235845	454933220.726563
39.2691633333333	508363536.082031
39.3027066666667	538868088.619141
39.3350633333333	545622286.939453
39.3675366666667	567969767.425781
39.40025	460752502.833984
39.4320383333333	562327790.089844
39.4638766666667	532736205.695313
39.4971883333333	515678112.958008
39.53189	485140865.855469
39.567565	455754918.742188
39.602935	540782549.285156
39.6343383333333	500952861.083984
39.6672783333333	618331380.490234
39.6985366666667	531108715.882813
39.729735	566114098.298828
39.76146	566547423.619141
39.7936083333333	552996824.263672
39.824635	553043030.060547
39.8558983333333	515733441.333984
39.88813	517198874.363281
39.9183983333333	505073251.526367
39.9513133333333	549794834.169922
39.9850716666667	556135474.865234
40.0160966666667	579939183.800781
40.0493383333333	559465153.261719
40.0822683333333	538579321.375
40.1181216666667	654437702.728516
40.1475833333333	624322461.716797
40.1802333333333	693007883.625
40.2125816666667	698435328.845703
40.24297	695082396.578125
40.276505	577026320.384766
40.3082633333333	606446843.601563
40.3396016666667	649160528.988281
40.3715316666667	599238813.513672
40.40783	580883585.558594
40.4401783333333	671049398.097656
40.470415	696425493.326172
40.5049733333333	547835612.660156
40.5374783333333	579037835.693359
40.57094	678927879.664063
40.60378	578394748.433594
40.6392066666667	610698865.191406
40.6712766666667	631888609.199219
40.7036833333333	561640348.359375
40.73682	590421401.855469
40.7698466666667	658224331.783203
40.80136	644901983.34375
40.833925	673417426.527344
40.8655283333333	562103394.324219
40.9003383333333	607246795.275391
40.933575	628980369.027344
40.9661533333333	601330085.824219
41.0004866666667	639440143.582031
41.0315066666667	657913288.773438
41.06291	690542755.378906
41.0946	755546792.886719
41.1277533333333	650497243.951172
41.1599716666667	660272636.269531
41.1941916666667	647606408.449219
41.227195	646274277.708984
41.2600583333333	654942371.035156
41.2911516666667	675636975.353516
41.3225933333333	590658854.654297
41.3538966666667	571455370.587891
41.3854933333333	515649637.082031
41.41837	501645670.682617
41.4523983333333	531218008.162109
41.4855466666667	506841860.102539
41.51661	531696673.097656
41.5478533333333	704510974.958984
41.5801583333333	555867505.294922
41.612555	522576613.841797
41.648205	599544789.435547
41.679325	621625175.984375
41.7108633333333	580581817.576172
41.7450383333333	574669515.662109
41.7766	580451134.703125
41.8094666666667	627953394.515625
41.843655	593900202.970703
41.874365	617515136.359375
41.9062666666667	641543569.984375
41.9394233333333	624547100.958984
41.9746283333333	654359594.447266
42.0078566666667	604519474.375
42.041425	715325839.833984
42.0715016666667	642039916.505859
42.1030633333333	526074326.804688
42.1383366666667	532536267.996094
42.169245	577578842.833984
42.2002666666667	602707750.904297
42.234125	621305396.029297
42.2664066666667	620543765.486328
42.298595	498549714.671875
42.330145	592239963.431641
42.3637916666667	661380858.564453
42.3954083333333	654235454.236328
42.4265916666667	687391137.90625
42.4591733333333	589627839.027344
42.4931866666667	629190799.134766
42.5242483333333	715722266.6875
42.5563316666667	666001633.251953
42.5864533333333	566798937.658203
42.6201466666667	661215214.681641
42.6535083333333	651630493.005859
42.6862716666667	696387579.917969
42.7183316666667	685647498.664063
42.7516516666667	552257139.732422
42.785125	564105258.902344
42.8151783333333	616191656.34375
42.849105	554292056.767578
42.88358	511784402.419922
42.91393	581876440.509766
42.9473433333333	491255157.912109
42.9799233333333	543417779.236328
43.0135616666667	675746121.818359
43.0465016666667	678242407.316406
43.0805016666667	622513888.351563
43.11193	532684794.716797
43.14589	535504623.330078
43.17831	628572771.878906
43.2104016666667	602677865.171875
43.2419066666667	599548678.609375
43.27614	581493668.841797
43.3057516666667	577060614.291016
43.33859	571506606.984375
43.37037	685298180.464844
43.4032066666667	573500040.619141
43.4360433333333	509219584.9375
43.4661616666667	598128288.089844
43.4988116666667	613469525.453125
43.5316966666667	590753385.732422
43.5636616666667	603085247.949219
43.5955983333333	561815405.080078
43.6262066666667	492026414.150391
43.658495	472990157.220703
43.6904483333333	604687244.039063
43.72187	541475784.431641
43.7526366666667	561089983.058594
43.7856433333333	500659087.414063
43.8164566666667	592052877.779297
43.84889	573607225.789063
43.88189	553323876.951172
43.913885	577734967.861328
43.94591	634939109.759766
43.9789083333333	673113012.552734
44.0110533333333	620008472.042969
44.0446516666667	617479237.380859
44.0771583333333	617820873.220703
44.1103783333333	748652710.257813
44.143405	580492202.419922
44.175725	681163988.925781
44.2079133333333	675957632.669922
44.2388016666667	706737827.541016
44.269405	563104602.041016
44.3010583333333	650295453.076172
44.3336116666667	674995134.351563
44.36566	578729165.9375
44.3986783333333	561984742.919922
44.432855	678727206.414063
44.4672383333333	672716645.351563
44.4994683333333	734320157.90625
44.5319133333333	544674266.515625
44.5643916666667	584148823.255859
44.596095	629770524.488281
44.6289683333333	668763592.566406
44.6621333333333	691400700.337891
44.6930033333333	674520761.521484
44.724435	623891663.839844
44.756305	580488887.436523
44.790005	639619094.357422
44.8223866666667	645575498.447266
44.8547516666667	591342003.171875
44.88758	572983453.917969
44.9199783333333	574154805.652344
44.9534166666667	584950983.693359
44.9848233333333	712356285.013672
45.01688	600815599.287109
45.04897	619331416.275391
45.078945	633887639.132813
45.1097066666667	656280716.064453
45.141845	686633310.113281
45.1724583333333	657225856.873047
45.2032033333333	708379105.953125
45.23616	622849102.333984
45.266965	641978660.9375
45.2978016666667	599976927.132813
45.3308666666667	660872987.96875
45.363205	619364519.542969
45.39536	707987818.851563
45.42775	706249457.689453
45.4605716666667	643854686.529297
45.4922716666667	729702165.962891
45.5234616666667	632876998.267578
45.555385	670890025.460938
45.5865583333333	596970692.537109
45.6173466666667	640450340.699219
45.6483816666667	702192657.263672
45.67927	621065455.669922
45.71361	719922164.802734
45.747005	616191951.908203
45.7787183333333	766909413.777344
45.8109966666667	702993061.589844
45.8424366666667	779857333.902344
45.87475	700053266.353516
45.9071116666667	661931116.681641
45.9399583333333	725330781.626953
45.97161	787305908.244141
46.003255	711593145.863281
46.034575	677523633.238281
46.0665616666667	811899294.044922
46.0997766666667	823945052.648438
46.1307083333333	708539554.158203
46.1627766666667	718690220.160156
46.1953016666667	796009592.589844
46.2267216666667	747938359.5625
46.2595866666667	761937698.310547
46.292105	839241665.886719
46.3237866666667	940742708.179688
46.3561433333333	829661923.998047
46.3872	793259455.136719
46.4198533333333	831819397.09375
46.4526283333333	940914491.916016
46.4845233333333	835178072.880859
46.516545	734218076.865234
46.549095	829221356.451172
46.579695	882762270.822266
46.6126733333333	787262905.626953
46.64547	943294976.888672
46.6789166666667	754681130.142578
46.7117916666667	741165207.023438
46.7467633333333	864673096.597656
46.7782783333333	775068119.101563
46.8103983333333	690425179.21875
46.8430366666667	693229316.767578
46.8768633333333	701510471.164063
46.90827	645084449.982422
46.9400683333333	773034665.197266
46.9707733333333	715743162.117188
47.0019333333333	699708264.679688
47.0334033333333	807723607.882813
47.0667183333333	783476649.626953
47.0987766666667	714562633.597656
47.1319516666667	833632722.730469
47.1653133333333	959002841.294922
47.198155	860340072.5
47.22977	911960963.451172
47.262555	827086716.337891
47.2943583333333	831360853.970703
47.3264416666667	853435344.078125
47.358955	812065161.103516
47.3902983333333	811129196.699219
47.42153	813212327.318359
47.4535366666667	901846284.978516
47.4854516666667	703585272.748047
47.5181183333333	765104098.142578
47.5484683333333	785211032.642578
47.58025	723087877.931641
47.6118283333333	834109823.326172
47.6439183333333	724365345.412109
47.6767066666667	734311122.873047
47.7095333333333	765914996.345703
47.7413933333333	685916089.271484
47.7751883333333	685604252.005859
47.8084883333333	649084836.908203
47.8399883333333	714611596.308594
47.872405	704066974.953125
47.9055966666667	765194487.714844
47.9371366666667	689302343.009766
47.9678766666667	739495335.0625
47.9999483333333	732381189.808594
48.0325983333333	722112022.308594
48.0645066666667	780104059.5
48.0969183333333	741597435.664063
48.1300366666667	638234955.603516
48.16231	626181345.332031
48.19555	674118155.144531
48.22853	643248400.394531
48.26136	772101665.880859
48.293435	665589279.759766
48.3259883333333	773060608.222656
48.3568733333333	695678529.417969
48.389485	740525185.695313
48.4227433333333	670523490.507813
48.4549316666667	678938562.201172
48.4870183333333	740548037.669922
48.520365	688150159.404297
48.5531133333333	659501522.078125
48.5848216666667	674323923.333984
48.6158333333333	626527780.894531
48.6480366666667	662566451.400391
48.6784783333333	631243039.746094
48.7110083333333	596896322.291016
48.74402	623305084.65625
48.7775033333333	740540645.410156
48.8103266666667	669917560.375
48.8422616666667	623766545.572266
48.8753083333333	667527670.998047
48.9095083333333	769046255.447266
48.942245	782304185.037109
48.974185	613832428.582031
49.0065733333333	606467639.857422
49.03797	684656071.976563
49.06982	666920573.433594
49.0997216666667	786658977.494141
49.130865	745309566.050781
49.16187	655113879.041016
49.1939533333333	745923158.017578
49.2245066666667	835052179.871094
49.2569333333333	680046433.552734
49.28854	756264507.558594
49.3198016666667	776554108.496094
49.3532933333333	907926633.636719
49.3863233333333	885392322.089844
49.41893	903529993.947266
49.45121	964993562.408203
49.483505	890575557.742188
49.515845	891889516.361328
49.5483666666667	978479397.121094
49.5813566666667	1001615196.34766
49.6134616666667	914054835.712891
49.647395	931673193.931641
49.680525	944057864.958984
49.7120133333333	933252930.087891
49.7445216666667	963739474.732422
49.77719	849445291.382813
49.8102516666667	815526871.472656
49.8434616666667	833096180.8125
49.8767933333333	726154576.761719
49.9106866666667	674854911.646484
49.9455516666667	845881528.658203
49.9787466666667	641764297.390625
50.0108566666667	752110645.113281
50.0430016666667	761792985.082031
50.0741583333333	622265536.189453
50.1059366666667	659936197.46875
50.1383533333333	734769799.785156
50.1697133333333	682682962.089844
50.2026133333333	699085836.185547
50.23497	717134883.951172
50.2673266666667	732675755.548828
50.2999666666667	722534756.277344
50.333295	662642763.216797
50.3673483333333	746949773.808594
50.3994683333333	709200930.228516
50.4320733333333	707069517.683594
50.4636616666667	862880084.279297
50.4941533333333	673729404.455078
50.52586	667475704.410156
50.558595	693254200.359375
50.59139	801882383.623047
50.6229383333333	759297033.136719
50.655035	707867651.460938
50.68808	681931668.191406
50.7205466666667	775795985.853516
50.7508983333333	797686808.990234
50.783185	674990746.267578
50.8142216666667	843647652.425781
50.8457566666667	841457723.375
50.8789433333333	753093723.183594
50.91132	755270654.228516
50.9444316666667	837214155.166016
50.9758933333333	827255533.972656
51.0079116666667	758683668.484375
51.0392783333333	830009385.419922
51.0716833333333	846340896.095703
51.1038733333333	909761599.460938
51.135675	743035004.166016
51.1687483333333	937202142.103516
51.2007116666667	861989725.439453
51.2328016666667	949764040.914063
51.26425	1034733234.38867
51.2967333333333	906181707.769531
51.328655	978888353.742188
51.36152	889927050.691406
51.394175	946975972.607422
51.42621	1017621432.92969
51.458795	991281099.564453
51.4905916666667	956070558.347656
51.5224416666667	814195630.777344
51.5552616666667	934319330.414063
51.5895033333333	927207974.337891
51.62304	1007325037.92188
51.65488	856772799.056641
51.6880733333333	1029502724.60742
51.72081	863812377.390625
51.752855	883835347.777344
51.786205	877943891.292969
51.8185233333333	691421597.105469
51.851645	874904361.03125
51.8822883333333	893861774.884766
51.9131866666667	824396599.863281
51.9459483333333	720128317.886719
51.9793583333333	827401523.25
52.011765	715010222.029297
52.043515	708987459.083984
52.0760883333333	893641421.78125
52.10832	818385350.318359
52.1397383333333	855635244.041016
52.1710433333333	703220997.380859
52.20302	766604224.552734
52.2344433333333	706323940.521484
52.26745	986111704.412109
52.3008133333333	847706040.421875
52.3337216666667	965818220.392578
52.3662933333333	876349261.695313
52.398935	788761387.736328
52.431375	741511576.339844
52.4635883333333	744419401.525391
52.4970666666667	793244497.980469
52.5296683333333	709369197.794922
52.5617833333333	783387807.708984
52.5929616666667	741817741.765625
52.62451	864076177.652344
52.6568233333333	908217524.384766
52.689305	842659800.392578
52.72148	643687680.355469
52.7537216666667	896224308.236328
52.7853266666667	826378046.214844
52.81724	756725944.628906
52.84931	839897145.09375
52.8814	812630876.722656
52.914785	827225877.611328
52.9478083333333	775642361.931641
52.9812083333333	685094100.03125
53.0135316666667	701583340.167969
53.04604	623608126.226563
53.0797883333333	715560013.199219
53.11283	636965279.208984
53.1455583333333	690171824.847656
53.1797266666667	761849024.458984
53.2116666666667	644108745.435547
53.2428783333333	612361801.892578
53.2756966666667	698228608.248047
53.30828	751942132.302734
53.34052	781246377.117188
53.372865	722586522.767578
53.4051416666667	664340296.435547
53.4373416666667	604127907.511719
53.471955	702881895.638672
53.5027766666667	756966262.041016
53.5355533333333	721505508.166016
53.5673666666667	511945944.191406
53.59992	519703650.044922
53.6335483333333	659855593.548828
53.6658916666667	820016298.693359
53.6979116666667	628010012.214844
53.7302883333333	741462953.46875
53.761745	690260227.367188
53.794385	716473710.761719
53.8277133333333	705516207.994141
53.860165	674268480.353516
53.8935316666667	728770642.128906
53.92708	698053302.671875
53.9612133333333	785691900.189453
53.9921816666667	694459555.212891
54.0232166666667	651871750.943359
54.05524	711070047.404297
54.08589	796532067.314453
54.11898	722602456.589844
54.1495333333333	781498628.371094
54.1810833333333	758664558.238281
54.213405	765434041.675781
54.24607	818747893.494141
54.27767	876808892.910156
54.308845	813821429.537109
54.3399133333333	883536983.808594
54.37226	851833129.035156
54.40496	806966587.722656
54.4370416666667	750950593.460938
54.47028	797475630.037109
54.5020216666667	694668918.564453
54.53362	805195555.527344
54.5659833333333	679293392.068359
54.59751	685842045.8125
54.6304383333333	779361230.751953
54.6641033333333	789173633.576172
54.6951783333333	720639865.066406
54.7277683333333	660473611.128906
54.7594383333333	646028047.457031
54.7917483333333	702954594.951172
54.8236283333333	652904092.203125
54.8556366666667	728323995.613281
54.8881633333333	612565484.685547
54.92153	690153979.498047
54.9535183333333	754028365.195313
54.9850933333333	683139753.544922
55.0177133333333	678182367.480469
55.04949	640547661.871094
55.0816083333333	700915584.242188
55.1141666666667	739295912.761719
55.1467333333333	738281093.195313
55.1784416666667	716469491.138672
55.21156	641029688.646484
55.2442866666667	669585284.642578
55.2767866666667	762322513.740234
55.3088383333333	835019313.677734
55.3421683333333	746066432.177734
55.374665	750530268.269531
55.4083983333333	797102848.855469
55.4417833333333	910992389.263672
55.474285	723546446.791016
55.5073083333333	794435666.318359
55.5385333333333	746918764.591797
55.5705883333333	698944167.501953
55.6027866666667	716184711.457031
55.6342516666667	693466425.671875
55.6647683333333	833007133.083984
55.6952016666667	721391873.322266
55.7262866666667	711912937.203125
55.7582233333333	655375650.285156
55.7895433333333	666646811.681641
55.821005	825148157.775391
55.852295	625245690.046875
55.88403	622541772.378906
55.9146566666667	693548517.425781
55.9474733333333	711009610.332031
55.9787766666667	600158482.9375
56.010165	610482571.707031
56.0424633333333	682737681.716797
56.0742483333333	678739996.632813
56.1059016666667	664070405.580078
56.1382466666667	771445168.160156
56.17053	793422313.9375
56.202715	788524144.757813
56.2362133333333	738847332.9375
56.2682133333333	709592173.324219
56.3007683333333	574938852.953125
56.3321233333333	632557038.779297
56.3654683333333	708416586.318359
56.3977166666667	778501099.917969
56.42962	732739732.806641
56.46185	677176641.242188
56.49346	781295232.503906
56.5258433333333	686532995.212891
56.5571516666667	646951180.669922
56.5885366666667	761653630.955078
56.6196816666667	681317582.302734
56.6508716666667	805820092.294922
56.6838216666667	813107207.878906
56.71521	704096651.898438
56.7462883333333	695799705.453125
56.7798566666667	640333422.863281
56.8120216666667	797194672.037109
56.8447566666667	807248941.394531
56.87609	719915108.615234
56.908115	717981590.724609
56.9397383333333	797616049.259766
56.9707166666667	775098779.361328
57.0025366666667	824502530.287109
57.03389	689662091.425781
57.0665633333333	693961835.048828
57.098655	771958811.763672
57.1309783333333	744182441.660156
57.1634133333333	708713598.082031
57.1952683333333	588741702.060547
57.2272733333333	697545653.619141
57.2595	794815127.820313
57.2921266666667	722876271
57.3242466666667	761270501.462891
57.3563283333333	770521064.404297
57.3882833333333	686015434.892578
57.4207983333333	646815746.402344
57.453765	630932168.900391
57.4855883333333	713120263.255859
57.5181133333333	776064401.917969
57.550355	742788045.5
57.58193	668588633.583984
57.61368	725436839.1875
57.646785	836517551.308594
57.68013	684654759.578125
57.7128466666667	737808258.050781
57.745775	727886500.394531
57.779435	658613690.148438
57.8116016666667	641092202.490234
57.8435483333333	755626367.865234
57.8749266666667	743424129.9375
57.9071783333333	1002700376.26563
57.939805	676090374.400391
57.9730783333333	904531919.173828
58.0053566666667	705324200.578125
58.038185	777124749.857422
58.0712733333333	921060253.212891
58.1028766666667	860460525.345703
58.135245	866645662.435547
58.1660616666667	876192153.111328
58.1972416666667	724362378.339844
58.2285566666667	861520499.908203
58.2590166666667	880408528.257813
58.28874	695548937.431641
58.31865	730506047.802734
58.3496166666667	763303828.900391
58.3829666666667	719528461.388672
58.4163933333333	675550209.375
58.4498616666667	809019255.332031
58.4820633333333	680349757.003906
58.51497	752343092.361328
58.5471216666667	621557772.572266
58.5798933333333	714150441.333984
58.612935	706789795.232422
58.645705	726272506.210938
58.6790683333333	732856588.933594
58.7116033333333	673002683.140625
58.7451766666667	708956242.201172
58.7779933333333	656057099.421875
58.8111983333333	801277502.708984
58.84411	686249924.298828
58.8775116666667	750539592.203125
58.91023	719734957.710938
58.94288	700981185.583984
58.9742033333333	686335696.382813
59.0067	693587487.533203
59.0395316666667	603650982.771484
59.0725333333333	641469318.585938
59.1047466666667	644029786.535156
59.1371366666667	669861183.214844
59.168545	687919059.130859
59.2004466666667	733613130.267578
59.2319166666667	639205167.712891
59.262615	753981807.855469
59.2941833333333	693375515.230469
59.32664	610928163.298828
59.3581633333333	799308626.398438
59.3896966666667	729390840.537109
59.4218183333333	813883734.677734
59.45362	710140277.771484
59.4872266666667	685960069.798828
59.5196	716786996.474609
59.5535466666667	901631643.5
59.5848916666667	830024730.724609
59.6171016666667	1018580150.81055
59.6497233333333	776810200.625
59.6829316666667	940323185.912109
59.7156483333333	889068664.384766
59.74794	817489356.650391
59.7799866666667	932715160.273438
59.811535	846086649.208984
59.8440683333333	959535972.310547
59.8766166666667	900257335.347656
59.9097066666667	795086922.222656
59.9421433333333	880582854.207031
59.9752466666667	909913570.369141
60.00837	981721132.382813
60.03976	875810032.605469
60.07241	839959563.482422
60.10603	893415391.982422
60.1384616666667	777473305.091797
60.17092	911660972.841797
60.2037316666667	877472181.296875
60.2359983333333	782562690.619141
60.266855	899653508.974609
60.2990866666667	639458460.244141
60.331845	655993771.255859
60.364385	784498833.417969
60.3963916666667	839586763.664063
60.4294433333333	600462013.453125
60.4609783333333	652724818.058594
60.4947866666667	856707673.724609
60.5265033333333	684852379.021484
60.5582633333333	792236859.210938
60.5905216666667	756117101.287109
60.6225383333333	647318756.320313
60.6557816666667	617205303.056641
60.68832	699141277.638672
60.72086	753025466.769531
60.753785	709148572.154297
60.7852383333333	745614280.896484
60.81854	617988067.642578
60.8503533333333	735813353.021484
60.88262	626193068.769531
60.915425	641371335.625
60.9471183333333	636029808.128906
60.9799883333333	659713048.890625
61.012245	730428517.251953
61.0451116666667	675206248.207031
61.077965	655813735.388672
61.1098266666667	751559721.568359
61.1421666666667	601426056.0625
61.174115	716825661.505859
61.20659	719767244.992188
61.2379316666667	765144947.777344
61.2696916666667	748795993.621094
61.3016216666667	592095688.164063
61.3337666666667	654771062.341797
61.36555	725953132.962891
61.3973983333333	634166759.099609
61.430305	681378832.458984
61.4633516666667	678086967.537109
61.495455	645342991.423828
61.5279533333333	681649545.537109
61.5596733333333	842785842.335938
61.5907483333333	644329131.599609
61.6224716666667	715992580.308594
61.6540133333333	784882719.236328
61.6847433333333	627452270.5
61.7175466666667	761609483.271484
61.7494866666667	787160302.246094
61.78164	717896477.216797
61.8138833333333	739380691.845703
61.8459783333333	878114949.208984
61.8774233333333	735427407.388672
61.9090716666667	706221688.248047
61.94216	744112955.734375
61.9734433333333	808554992.033203
62.0051266666667	701914064.240234
62.037425	641475935.058594
62.069895	716193982.568359
62.10427	733244693.759766
62.136635	616282512.867188
62.1686783333333	790575856.671875
62.2008666666667	699361382.583984
62.233905	646316013.710938
62.26534	599988481.984375
62.298145	585710230.382813
62.330545	750612070.582031
62.3625066666667	722930967.662109
62.3946833333333	664915779.490234
62.427615	635220945.507813
62.4598833333333	724146472.335938
62.4929183333333	639176455.080078
62.5253233333333	741051924.445313
62.5578633333333	618677928.529297
62.590015	581730339.201172
62.6221283333333	567137596.15625
62.6547066666667	551567289.109375
62.6868433333333	591767069.287109
62.7175633333333	721653639.832031
62.7483316666667	567065522.765625
62.780715	635490677.957031
62.81343	565826193.457031
62.846785	655661806.638672
62.8795833333333	558500708.345703
62.9114583333333	500097827.257813
62.9434016666667	506024561.601563
62.9763083333333	606749135.769531
63.0080116666667	570182162.177734
63.0404883333333	601976078.882813
63.0729	623435144.917969
63.1053383333333	731034499.511719
63.137075	639096209.458984
63.1699783333333	795585488.857422
63.2031433333333	720347117.960938
63.2355666666667	836259736.486328
63.2682183333333	888084940.65625
63.299845	756624728.984375
63.3325033333333	681466058.757813
63.36622	837105513.242188
63.4004066666667	701504491.548828
63.43493	656595775.691406
63.4682816666667	682138709.742188
63.5003416666667	676347062.105469
63.5336983333333	695028448.927734
63.56552	727321243.457031
63.600255	613992628.318359
63.633905	613723782.779297
63.6658483333333	723666547.90625
63.697875	728695908.261719
63.7294416666667	642666821.328125
63.76154	796362726.486328
63.7937866666667	724072333.800781
63.825375	685570355.537109
63.85677	747240265.363281
63.8878633333333	700324972.71875
63.9194033333333	605788529.560547
63.95034	568161047.84375
63.983875	692117201.132813
64.0149333333333	639745730.423828
64.04704	677889012.408203
64.0784833333333	664802878.125
64.109855	652900912.634766
64.140675	761471226.224609
64.1719116666667	731301622.929688
64.2029583333333	691966731.488281
64.2350816666667	574214911.847656
64.268265	647123634.898438
64.3005883333333	609629019.265625
64.3329166666667	692090651.382813
64.3654583333333	631884336.541016
64.3973666666667	668538207.640625
64.4283183333333	750111080.421875
64.459365	640449763.142578
64.492105	809295165.294922
64.5226466666667	745525373.742188
64.55429	677254394.626953
64.5871416666667	757015342.072266
64.6196583333333	818675989.451172
64.6517683333333	833962182.435547
64.6840316666667	694320958.28125
64.7157883333333	637712989.318359
64.7475366666667	728162257.230469
64.780805	766022335.46875
64.8132266666667	635819786.373047
64.8441316666667	748917252.550781
64.8772	699323420.558594
64.90916	679088586.25
64.9411933333333	715047640.806641
64.9726633333333	682406517.423828
65.0050216666667	795769349.597656
65.0379983333333	807103280.798828
65.0702216666667	838704840.304688
65.1045216666667	847674699.962891
65.1362433333333	760791573.25
65.1674683333333	893300874.964844
65.200045	883046080.576172
65.2318783333333	804215395.447266
65.263935	796060000.611328
65.296705	758688476.808594
65.3286166666667	816492063.109375
65.3604066666667	804541816.685547
65.392915	704985091.8125
65.425555	835850093.539063
65.4579583333333	777287527.029297
65.490845	633244731.097656
65.523625	665136213.105469
65.5564966666667	691440216.320313
65.5886883333333	728063659.796875
65.6213766666667	615117267.777344
65.653875	629562646.9375
65.68552	542065337
65.71789	597004527.777344
65.7490383333333	511849112.630859
65.78115	623924719.234375
65.81311	548607924.482422
65.8475183333333	593052093.785156
65.880175	530512167.941406
65.9128383333333	493143158.126953
65.9456666666667	486868640.402344
65.9780633333333	458311640.026367
66.0103583333333	497799982.723633
66.0428566666667	576707396.753906
66.075835	548941073.115234
66.1092133333333	497885364.969727
66.1424616666667	618637532.269531
66.1751916666667	527684966.584961
66.2088266666667	708590389.007813
66.241345	621860511.748047
66.2743583333333	752576028.615234
66.3058783333333	721976988.238281
66.3371633333333	701145542.238281
66.3686333333333	826628903.142578
66.4001616666667	798331763.664063
66.4330666666667	634683987.710938
66.4648933333333	801320177.269531
66.4969166666667	708471725.070313
66.5279766666667	676180101.142578
66.5602766666667	740671613.367188
66.5915216666667	671929720.291016
66.6235583333333	718057747.849609
66.6551283333333	722498910.949219
66.687095	771769469.267578
66.718945	673240396.373047
66.752145	659755157.822266
66.78599	662957798.589844
66.8179366666667	620516087.611328
66.8507983333333	675517912.251953
66.8834833333333	630302377.027344
66.915485	595872043.761719
66.9487583333333	514072937.87207
66.98146	558845678.790039
67.01444	560301124.490234
67.04688	674861368.716797
67.0791866666667	604484776.992188
67.1121583333333	613312765.341797
67.1459266666667	596298732.433594
67.1792033333333	528921743.337891
67.210945	526295151.423828
67.2438133333333	634125660.552734
67.2752783333333	711223863.71875
67.3060833333333	602685152.236328
67.3367383333333	655673892.613281
67.367665	691475652.134766
67.4000583333333	836010705.962891
67.4323516666667	747785488.958984
67.4647116666667	588985548.277344
67.4982616666667	672256790.226563
67.530715	760173723.796875
67.5636133333333	768087456.453125
67.59673	676797595.869141
67.6298933333333	584622307.791992
67.66224	687326728.214844
67.6940133333333	617023717.880859
67.726965	641440753.335938
67.7576066666667	671455206.873047
67.7908983333333	611014677.058594
67.82434	825323348.117188
67.85721	722891653.355469
67.88932	555759425.03125
67.9220116666667	679545380.191406
67.9542083333333	730776876.369141
67.98606	673162888.287109
68.0192633333333	583022942.765625
68.0515483333333	886789303.890625
68.0833916666667	693391779.798828
68.116445	703490277.515625
68.149025	675692924.931641
68.182285	597828515.978516
68.2156183333333	634415338.03125
68.2488	644450703.691406
68.2807866666667	582446749.926758
68.3131283333333	611060994.006836
68.3451183333333	615565502.5
68.3774866666667	582983462.964844
68.4093316666667	550644109.337891
68.441705	619197225.270508
68.4744083333333	614477223.216797
68.50772	570947962.382813
68.5407316666667	633685009.5
68.573745	704969378.222656
68.60604	673921740.023438
68.639065	725163196.28125
68.6716766666667	740777718
68.7046116666667	713894005.486328
68.7373233333333	695611541.916016
68.768285	924363999.800781
68.799655	606897654.18457
68.83228	675486771.671875
68.8645083333333	607016669.233398
68.8963266666667	612070124.597656
68.9279616666667	510514172.563477
68.96114	509525709.25
68.9920866666667	477390445.991211
69.024745	559222309.167969
69.0575433333333	502502987.764648
69.0898466666667	547710355.15625
69.1231083333333	537810057.042969
69.1563333333333	651432927.306641
69.1884683333333	602043278.277344
69.2197433333333	645444702.216797
69.2519166666667	678210255.017578
69.2839933333333	681050411.601563
69.3156133333333	566882851.853516
69.3491566666667	547950491.390625
69.3819283333333	754866682.013672
69.4140416666667	608380452.710938
69.447875	660520677.6875
69.48039	552613453.258789
69.51364	662421829.386719
69.5463116666667	873014736.958984
69.5792133333333	636195880.783203
69.612165	778944298.138672
69.6450716666667	646519384.326172
69.6791033333333	700668101.855469
69.7126383333333	662325411.011719
69.7462066666667	698312548.099609
69.7802066666667	743845672.042969
69.8144866666667	618622473.640625
69.8483416666667	597075146.038086
69.8811033333333	605529460.595703
69.91393	673343369.693359
69.9458683333333	453020682.256836
69.9787266666667	487900302.808594
70.011675	519496394.182617
70.0455966666667	482420169.140625
70.0774816666667	493732215.270508
70.110605	466903869.674805
70.14413	454555604.12207
70.17598	481640080.152344
70.2086833333333	416784751.254883
70.240415	496335891.672852
70.27279	630965124.605469
70.3048566666667	678564046.509766
70.3367933333333	654397382.0625
70.36929	632325087.353516
70.4032516666667	857655816.998047
70.4351883333333	667996910.203125
70.467035	706548421.478516
70.49909	765489817.775391
70.5314566666667	713180174.671875
70.5642633333333	700313165.992188
70.5953816666667	685285229.421875
70.6269783333333	682298649.939453
70.6587883333333	866995107.296875
70.69054	702243069.802734
70.7224283333333	903360006.041016
70.7537033333333	780203384.931641
70.7858066666667	792275940.861328
70.8168866666667	836826463.523438
70.8488883333333	725574768.582031
70.8808183333333	841007716.320313
70.9135516666667	762355507.386719
70.9456433333333	878861048.332031
70.97712	806725058.673828
71.009205	840938147.158203
71.0410666666667	773619332.349609
71.0734066666667	833480995.615234
71.10679	912184493.21875
71.1393833333333	670491815.984375
71.1719933333333	824898894.785156
71.2049516666667	803587026.841797
71.2370866666667	679280063.251953
71.27098	788970019.744141
71.304965	599598298.397461
71.3390483333333	667316600.013672
71.3715733333333	592222496.416992
71.4046216666667	691396841.550781
71.4374666666667	679771199.854492
71.47002	638476401.962891
71.502325	558545640.489258
71.5358333333333	662371291.666992
71.5684783333333	667118449.705078
71.6008533333333	578082424.236328
71.63392	552239550.795898
71.6665583333333	510059221.59375
71.6987466666667	536578648.243164
71.7331483333333	695994897.230469
71.7652116666667	579032575.223633
71.798475	610557084.623047
71.8323166666667	539738502.537109
71.8662416666667	516876370.054688
71.9003383333333	436107113.511719
71.9333433333333	556198903.335938
71.9665116666667	528149896.391602
71.9996666666667	552569653.307617
72.0326966666667	440428619.898438
72.068215	427992539.763672
72.1024833333333	571375299.110352
72.1356483333333	471730490.306641
72.168295	532333956.100586
72.2029133333333	676597056.801758
72.2349933333333	599176522.021484
72.2678083333333	466425897.449219
72.3018416666667	657138427.676758
72.3347733333333	549420701.325195
72.3682	663073357.864258
72.4016366666667	562389852.041016
72.43506	592363736.373047
72.468975	548844682.474609
72.5018966666667	429349019.785156
72.53653	622681735.87793
72.57016	439799096.311523
72.6034416666667	546390409.466797
72.6375283333333	468033448.647461
72.6699983333333	408005650.03125
72.70465	468084461.291992
72.7379316666667	463190058.851563
72.7715116666667	485623888.350586
72.8046483333333	492993942.561523
72.8388183333333	490560055.067383
72.8716033333333	543310028.933594
72.9038966666667	550240344.760742
72.9353033333333	454256164.014648
72.9678166666667	496888241.894531
73.0003066666667	599433320.568359
73.031935	496804164.550781
73.0640633333333	436536769.395508
73.0956983333333	375817082.046875
73.1299116666667	415328388.712891
73.1627566666667	387199314.469727
73.196215	362083948.292969
73.2301133333333	423558215.142578
73.26423	475684661.116211
73.2984266666667	511137453.300781
73.332415	566213413.744141
73.36549	537974968.858398
73.399365	498196004.148438
73.4329816666667	562719556.995117
73.4665033333333	627214435.451172
73.4991216666667	656664662.25
73.5319933333333	659094704.734375
73.5647633333333	729853156.619141
73.59898	650745783.604492
73.63338	645498992.637695
73.6671916666667	585280925.129883
73.7006266666667	490374600.457031
73.734415	570754610.102539
73.7672533333333	745870574.244141
73.7995183333333	649051862.179688
73.83043	624244001.148438
73.8620566666667	643044947.648438
73.8950333333333	512796838.325195
73.9265133333333	630499260.361328
73.9578633333333	561354308.200195
73.9896583333333	605755097.765625
74.0218833333333	541077376.101563
74.0547533333333	445239137.129883
74.0875916666667	462924019.979492
74.1186533333333	510275115.154297
74.1504766666667	555688699.005859
74.1822883333333	463176586.292969
74.2147433333333	525784784.625977
74.2482916666667	579610323.244141
74.28171	577224810.625
74.3148383333333	596122508.670898
74.348145	666865438.69043
74.3817883333333	629476271.788086
74.4156816666667	620075339.589844
74.44866	778512181.173828
74.4830166666667	672584382.575195
74.5164333333333	784797145.904297
74.54945	784075630.982422
74.5832083333333	691671625.837891
74.616175	615486950.044922
74.6506983333333	677265802.6875
74.6850233333333	584747971.703125
74.7184916666667	617204862.915039
74.7513016666667	675472044.244141
74.78327	636833304.306641
74.816135	680820780.056641
74.8480966666667	830136862.080078
74.8802283333333	861969755.316406
74.9124683333333	676204910.129883
74.94564	722680983.037109
74.9779033333333	590034067.56543
75.010515	942800855.353516
75.042655	578620786.436523
75.0765783333333	664346007.556641
75.109535	530937666.895508
75.1414233333333	619837397.944336
75.1731733333333	700986917.507813
75.20568	656866803.958984
75.2391866666667	771235632.730469
75.2732533333333	693204185.759766
75.3060716666667	719096874.259766
75.339235	663714115.40918
75.371825	688191113.647461
75.4055866666667	687675370.18457
75.437625	752128671.806641
75.4696866666667	657665640.21875
75.5016333333333	577146137.99707
75.5375316666667	697048710.228516
75.5710616666667	628602210.512695
75.60313	424787393.083008
75.6368916666667	459300942.996094
75.6709933333333	393478850.999023
75.7055683333333	506744296.648438
75.7378333333333	411864603.949219
75.7720816666667	432941399.790039
75.8048416666667	395583259.936523
75.8384066666667	372264729.274414
75.8724583333333	449453744.623047
75.9050583333333	349009042.067383
75.9379033333333	325774849.53418
75.97238	342104320.363281
76.0072033333333	455226495.415039
76.0395516666667	451408511.924805
76.07343	509880851.979492
76.1069833333333	546592555.420898
76.1397366666667	536337969.942383
76.1734133333333	534080926.28125
76.2083616666667	580505567.964844
76.2432266666667	625117926.521484
76.2772266666667	721038749.853516
76.3105	679631046.896484
76.3426	646601492.748047
76.3752933333333	575414890.874023
76.4087966666667	747270693.689453
76.43975	744581639.775391
76.47193	895534748.767578
76.5044416666667	718397527.072266
76.5383583333333	603665976.342773
76.5732033333333	804579342.080078
76.60524	702905665.964844
76.6384783333333	597296995.139648
76.671025	763834778.509766
76.7053433333333	699839116.918945
76.7389083333333	592637849.025391
76.774705	647500705.541016
76.809845	547289904.100586
76.8450683333333	537161078.455078
76.8800283333333	491778877.137695
76.9172966666667	613929890.775391
76.9476716666667	427535881.448242
76.980555	465119053.926758
77.0139616666667	358370912.365234
77.0502233333333	379764412.443359
77.08346	477155056.916992
77.1175933333333	375837765.708008
77.1515816666667	386498068.868164
77.1852616666667	433357577.713867
77.217345	328978074.204102
77.2521716666667	330220049.347656
77.2878783333333	363170829.188477
77.3227316666667	321182788.091797
77.3551333333333	285942863.695313
77.3913833333333	313447793.335938
77.426395	357066870.763672
77.46029	276905541.686035
77.495645	343976448.237793
77.529005	292809237.501953
77.56434	263536080.085938
77.5999033333333	341859741.392578
77.6340633333333	315452763.817383
77.6678516666667	314720517.888672
77.7025466666667	348428462.704102
77.735735	318377960.400391
77.7706183333333	246562944.126465
77.805545	365076017.738281
77.8391816666667	327012537.113281
77.8727833333333	225511149.164551
77.9089266666667	299892317.719727
77.9425066666667	341427218.870117
77.9750016666667	281199052.191895
78.008165	305092958.280762
78.0429233333333	239215220.846191
78.0797333333333	292822389.945313
78.1131583333333	291133368.868164
78.1479833333333	291352806.291992
78.1817416666667	213767966.59375
78.2175466666667	262311361.367676
78.2513783333333	239064987.59375
78.2846516666667	282158056.615234
78.3192033333333	299098372.034668
78.3523966666667	317897976.236328
78.3868683333333	304318923.395508
78.41988	340888712.858398
78.45242	296089107.97168
78.486395	292920164.277344
78.519365	334352359.02832
78.552535	384102865.053711
78.5850916666667	381673260.541016
78.61817	320655853.610352
78.6509083333333	363472424.555664
78.6853333333333	322792880.647461
78.719355	356154668.646484
78.7537	416361874.969727
78.7883783333333	393910774.660156
78.82226	355788600.648438
78.8580566666667	283174504.347656
78.8937166666667	391109497.233398
78.9281566666667	313238569.399414
78.9632433333333	327494922.303711
78.996625	310288729.485352
79.0298233333333	353037768.612305
79.0623233333333	303457605.526855
79.09616	330501195.055664
79.13002	332950624.495117
79.163295	318870695.135254
79.195765	310335199.450195
79.2311766666667	305809785.277344
79.2664516666667	334157787.222656
79.3004083333333	414417812.076172
79.3344483333333	356807664.165039
79.36875	443392582.355469
79.4035783333333	433286907.256836
79.43906	392973871.452148
79.47355	382129440.405273
79.5066783333333	399770069.584961
79.5407166666667	442304968.820313
79.5737533333333	449925426.113281
79.6067016666667	410759180.052734
79.6420666666667	398265410.071289
79.6761383333333	383624134.267578
79.7126816666667	354756919.164063
79.7474166666667	376406127.061523
79.7840316666667	361526621.476563
79.82076	297016483.877441
79.8572916666667	315608966.374512
79.8911166666667	439918153.477539
79.9233466666667	363497254.488281
79.9571333333333	537223062.255859
79.989455	452662050.554688
80.0212383333333	463002683.854492
80.052945	452548314.884766
80.0862033333333	486490410.023438
80.1176633333333	554623186.724609
80.1492516666667	529187319.435547
80.181365	364521593.741211
80.214485	392169611.894531
80.2476516666667	525080463.493164
80.2816066666667	378486678.750977
80.3141916666667	413202430.202148
80.3487533333333	376380971.342773
80.3834583333333	346336663.685547
80.416115	409384816.09375
80.450645	445082094.337891
80.4855983333333	399708853.706055
80.5197883333333	342419222.568359
80.5535483333333	378802789.834961
80.5880266666667	332244075.335938
80.6216333333333	386638772.290039
80.6547016666667	440343741.743164
80.6872133333333	372323921.84375
80.7207983333333	405436346.00293
80.7566	480929714.472656
80.7886466666667	361692731.249023
80.8231283333333	423403472.492188
80.8588783333333	428001586.977539
80.8931966666667	414502232.115234
80.92791	410149495.994141
80.9605183333333	390260702.023438
80.9944583333333	441456203.356445
81.0273533333333	423015737.169922
81.0609516666667	461692099.574219
81.093575	347905496.329102
81.1269433333333	364733864.621094
81.160825	455356555.973633
81.1927966666667	355380943.02832
81.2243166666667	370205776.790039
81.2571766666667	446138656.491211
81.2892616666667	384979746.955078
81.32227	452072746.258789
81.355975	391574145.057617
81.3892566666667	406654834.384766
81.42137	465782082.974609
81.453725	591431136.236328
81.4852233333333	472802109.400391
81.51859	452589412.484375
81.5517816666667	548672510.882813
81.5848416666667	408259213.476563
81.6194716666667	505000634.750977
81.6518716666667	441691980.508789
81.6848633333333	367800913.4375
81.71889	415122429.358398
81.7523166666667	450686825.123047
81.7859066666667	432089765.925781
81.8187266666667	471932819.634766
81.85037	424532839.134766
81.8837916666667	415447084.554688
81.9182166666667	384449521.982422
81.9533083333333	313575025.637695
81.9887833333333	370654951.798828
82.0216683333333	388692986.428711
82.0542016666667	372417039.202148
82.0864666666667	296433967.774902
82.1197716666667	327077780.618164
82.152675	332241389.87793
82.1846683333333	359330911.50293
82.217275	382248485.324219
82.250905	352236612.107422
82.284295	308375409.546875
82.3174383333333	329967719.021973
82.3511816666667	293250911.612793
82.383395	279735436.946777
82.4157483333333	316467324.257813
82.4484716666667	303572031.338379
82.482785	388621104.90332
82.5158916666667	384394428.802734
82.5494783333333	359474453.905762
82.5825916666667	450760512.347656
82.6150116666667	511934698.487305
82.6478483333333	424338840.911133
82.6797183333333	438337795.158203
82.7128133333333	439840837.963867
82.7463783333333	377513176.393555
82.7788016666667	437080489.120117
82.81081	536083010.228516
82.8444416666667	494130154.993164
82.8772533333333	421837201.010742
82.90992	543766412.682617
82.942375	413316770.766602
82.9749233333333	435133990.750977
83.00949	460008416.665039
83.0420233333333	496173790.345703
83.07462	594779116.185547
83.10657	547891031.754883
83.1397116666667	536582234.629883
83.172015	511056582.756836
83.205775	440266588.759766
83.2375916666667	506174867.155273
83.2704466666667	513687762.162109
83.303475	496800073.836914
83.3356666666667	484962643.209961
83.3680683333333	490274899.982422
83.40065	507338905.12207
83.4329466666667	431797699.649414
83.4662583333333	424664420.109375
83.4991783333333	477881680.118164
83.5307916666667	459569304.624023
83.563005	562489912.37793
83.593685	472159157.112305
83.6250516666667	430709394.578125
83.6576066666667	408850111.287109
83.6908683333333	430352070.919922
83.7237833333333	391644048.544922
83.7570383333333	442126216.902344
83.79227	494238170.411133
83.826395	513669674.617188
83.86022	658675430.137695
83.8939616666667	493641022.324219
83.92887	516088720.014648
83.9618266666667	484541002.717773
83.9947283333333	592980726.915039
84.0276383333333	513885608.709961
84.061465	484619946.732422
84.094595	427481128.15332
84.1283233333333	499248603.488281
84.1624816666667	562038502.969727
84.1940433333333	587649707.033203
84.2271283333333	507811732.535156
84.2622383333333	594094331.933594
84.2943416666667	566835596.975586
84.3278966666667	561209416.579102
84.3616083333333	487549313.993164
84.39558	530569377.454102
84.428365	384266710.853516
84.4627716666667	403512574.462891
84.4971316666667	437732778.216797
84.531255	378078261.267578
84.5633183333333	286434959.168457
84.597235	254166834.149414
84.6294333333333	254056531.19873
84.6625283333333	183434607.793457
84.6971516666667	201991484.269531
84.7323233333333	329816955.762695
84.7633233333333	319625316.831055
84.7977116666667	288520531.077148
84.8331883333333	231215371.976074
84.8698216666667	260763667.89209
84.903025	256152290.687988
84.9362166666667	284421865.050781
84.97143	238594875.003418
85.0062233333333	229835252.314941
85.0406633333333	244622377.503906
85.074685	370769283.95459
85.107885	325508706.587891
85.141455	331093323.814453
85.1758883333333	368083025.021973
85.2102183333333	400692728.336914
85.244225	342642509.208984
85.2800733333333	322528114.600586
85.315125	273987747.225098
85.3482633333333	252514968.814941
85.3831383333333	200844752.754395
85.42174	190646452.686035
85.4579833333333	171691186.119629
85.4947866666667	178011508.876953
85.5326233333333	183697703.33252
85.56967	218465282.455078
85.6025933333333	202042684.430664
85.6371133333333	238534375.80127
85.6723766666667	223474586.562988
85.7060283333333	235091635.559082
85.739795	249342211.399902
85.7738033333333	271197938.527832
85.80817	266179366.306152
85.84634	239064702.679199
85.8837266666667	306176948.664063
85.9169866666667	312206855.223633
85.94983	342828818.300781
85.9833283333333	290403062.599609
86.016205	306353026.483398
86.0504233333333	316728642.582031
86.0838183333333	230457796.499023
86.1189283333333	232904576.282715
86.15537	243798947.289063
86.1890516666667	243499776.113281
86.222665	174949871.355469
86.2588166666667	173806622.096191
86.2936466666667	189481924.334473
86.3285566666667	172312151.43042
86.3626133333333	176009052.169189
86.397555	141617085.396484
86.4335333333333	153220489.208008
86.4695933333333	139744374.000732
86.5052816666667	136152701.351807
86.5443333333333	116634473.542725
86.5851416666667	100672838.889893
86.6243466666667	130516445.044189
86.66011	133386402.679199
86.6952483333333	140297378.625488
86.7295	178237413.504883
86.763835	145964797.69165
86.80084	167109764.292236
86.8377283333333	176155583.399902
86.87455	171500461.562256
86.91138	180322428.602051
86.945685	110122734.782715
86.9875833333333	129166282.824951
87.02866	115420339.410889
87.0678716666667	98964143.9245605
87.1065433333333	114657612.666016
87.1474566666667	122047013.325195
87.1858016666667	117693906.965088
87.2237483333333	131352388.928711
87.26214	92036526.135498
87.2983283333333	107446388.932373
87.3352233333333	110358859.34668
87.3727916666667	129641929.866943
87.406725	82265378.9970703
87.44495	85848413.7790527
87.48475	83958645.8630371
87.5250766666667	104606365.541748
87.5625533333333	89906914.8063965
87.6032583333333	110994004.327637
87.6395283333333	86766311.9492188
87.6817883333333	127110771.555908
87.71858	77810755.3623047
87.7595483333333	94705249.3684082
87.7969716666667	88465230.6328125
87.8355666666667	70029594.9677734
87.877005	72540231.1522217
87.91815	74447295.0216064
87.9596266666667	119241865.852295
87.9959316666667	114437816.859131
88.0379283333333	79099677.3902588
88.083395	113048328.887695
88.1247083333333	76965459.4023438
88.1652783333333	84500273.1079102
88.2104933333333	72147541.347168
88.2532266666667	78238548.1517334
88.2924283333333	69031784.4414063
88.3362583333333	56388661.0305176
88.3819083333333	65464035.8959961
88.4202066666667	69779261.3797607
88.4625566666667	63674622.0187988
88.5050016666667	48336644.3634033
88.5477866666667	61268529.2453613
88.58956	52636941.5435791
88.63121	47715647.557373
88.6735766666667	39872213.2641602
88.71863	41440387.7602539
88.7609733333333	44343148.3551025
88.8060583333333	54239158.5212402
88.8442716666667	46384720.9763184
88.88839	58748337.8894043
88.9307916666667	52065231.8687744
88.9755016666667	37218571.4545898
89.0189533333333	46029040.692627
89.0624016666667	53759966.0556641
89.1062566666667	39611633.8608398
89.1459233333333	45194145.1480713
89.1919	41638182.6646729
89.235325	71397661.6848145
89.2772366666667	52622681.3933105
89.3190916666667	61797902.7803955
89.3627	54096195.130249
89.4044233333333	45627008.5749512
89.44516	68256128.885498
89.48793	68735703.5379639
89.5340416666667	59742086.9172363
89.5766933333333	57455769.8773193
89.6216666666667	64321498.0473633
89.6642633333333	55088758.5999756
89.7050666666667	46974716.3795166
89.7463666666667	54149270.9185791
89.7872633333333	48580357.1363525
89.83246	45726723.2938232
89.8747466666667	60455061.1138916
89.9176633333333	46474716.8013916
89.961865	37270404.8895874
90.0045166666667	40531309.1235352
90.0479883333333	37955770.1113281
90.0934833333333	40066758.175415
90.138915	39268382.1784668
90.1780816666667	37325515.6783447
90.223055	44053971.2492676
90.26689	48604603.2232666
90.308605	48635350.4501953
90.35023	51955155.9805908
90.3922683333333	49710790.1231689
90.4374883333333	38520878.9731445
90.4814533333333	33392648.640564
90.52688	31423590.1315308
90.5734916666667	26078469.3011475
90.6207466666667	43416436.6710205
90.6636316666667	54290041.9737549
90.7077483333333	42650235.4211426
90.750145	35882635.1160889
90.7929383333333	33263179.2722168
90.8384533333333	37510286.7584229
90.8817166666667	30089066.9658203
90.922095	21948583.6766968
90.96874	35386964.8937988
91.0135266666667	30954165.8320313
91.0583083333333	31407913.796936
91.1036916666667	27170389.9645996
91.147405	34710722.0096436
91.1910066666667	34313923.2554932
91.2373783333333	33865719.9743652
91.28211	33682460.3198242
91.3282	32233455.788269
91.372575	33269626.8665771
91.4182916666667	31979471.0778809
91.4640216666667	24978391.6828003
91.50787	29817371.6816406
91.5534566666667	27191319.911377
91.5986066666667	20192188.5644531
91.6445166666667	17845572.2364502
91.6908283333333	16026828.4329224
91.737405	19002459.2470093
91.7816666666667	19300053.4490967
91.8267283333333	18746828.0307007
91.87289	19434906.4837036
91.917775	19409323.5404053
91.9620033333333	22596683.3297119
92.00789	21415638.763916
92.0535716666667	17669055.0014038
92.099295	21578061.2346802
92.1449483333333	21318048.0136719
92.1906333333333	28552800.1964722
92.2335966666667	30101694.2141113
92.2774166666667	26653277.3010864
92.3233683333333	26832034.3331299
92.3696166666667	27568006.5856934
92.4153466666667	24060037.2623901
92.4611333333333	24906466.3409424
92.50707	24658410.7822266
92.55029	20948717.4970093
92.5963283333333	18242838.3614502
92.6414283333333	23517771.5392456
92.6875416666667	29419750.046875
92.7310866666667	15901573.7914429
92.7768466666667	16974824.7372437
92.8217116666667	20538418.9814453
92.8672266666667	20931393.8239746
92.9138116666667	25167424.5162354
92.9597283333333	30744625.3435669
93.0031133333333	22799387.6672974
93.04946	18611541.2061768
93.0957966666667	28306476.8240967
93.14071	32202377.3719482
93.18671	26086789.6144409
93.2311933333333	23915987.1971436
93.2768366666667	24650848.1875
93.3223833333333	22749703.6715698
93.3681116666667	33832432.8745117
93.4126816666667	36126773.416626
93.4584533333333	27144661.4818115
93.5025416666667	29504553.2329712
93.5451466666667	21280188.4022827
93.5884183333333	19358659.0700684
93.63399	23637472.0509033
93.678275	23853828.9188232
93.7251833333333	23378873.6187134
93.7686416666667	22715607.946167
93.8144383333333	20325271.609375
93.8576933333333	16903181.699585
93.9033883333333	16253951.0068359
93.9482783333333	17904588.8297119
93.9937066666667	22084798.7775879
94.0375133333333	21913782.87146
94.0836933333333	16324839.0769043
94.1298233333333	19286934.5632324
94.1755883333333	17407928.1218262
94.2212866666667	21832777.0552368
94.2656633333333	20281684.2848511
94.3110733333333	23803518.5626221
94.3546666666667	24336958.6372681
94.4000733333333	22713533.6036377
94.44425	20200357.8380127
94.4898416666667	18842524.2894897
94.5350983333333	17362601.4699097
94.5789116666667	22079135.4595947
94.6221166666667	15570263.0064087
94.6682033333333	17938699.8653564
94.71379	18530370.0374146
94.7593916666667	17805112.5924683
94.804225	18950640.2044678
94.8496583333333	16884388.3102417
94.893465	13106321.8658447
94.9381916666667	19019798.925415
94.9842166666667	14502980.9307251
95.0278166666667	16041143.4523926
95.0727016666667	13758395.6574097
95.1186866666667	18617103.3988037
95.163405	16166523.7856445
95.208195	20692641.2677002
95.2520483333333	16886134.6657715
95.297545	20500787.6361084
95.3431866666667	17703993.944397
95.3885083333333	21044698.0018311
95.4341266666667	18933681.5391846
95.4793483333333	14459721.2769775
95.525725	18941557.3169556
95.57151	18593403.5960693
95.61615	19046371.1280518
95.6594283333333	21234117.4289551
95.7055816666667	16043422.4863281
95.751095	13380404.347168
95.796885	14548304.4562378
95.8427766666667	13158692.4997559
95.8885383333333	16635963.1139526
95.9331083333333	13430373.9587402
95.9781183333333	14313392.914978
96.0245733333333	14872686.640564
96.068525	14320006.2996216
96.112955	14663546.3951416
96.1587166666667	15835948.7182617
96.20378	19300722.444458
96.249455	15222360.6558838
96.29388	17301802.340271
96.339785	14461104.6322632
96.38533	14678550.4422607
96.430485	16321033.9807129
96.4758433333333	15881233.0948181
96.52223	14441426.1451416
96.5678033333333	13950564.5291138
96.61376	17002402.2451782
96.6591416666667	15622745.8018188
96.7009916666667	12011514.8505554
96.7470133333333	13565477.7257996
96.7928233333333	14178585.7597656
96.8389516666667	14854335.8342285
96.8841866666667	10118676.9504089
96.9298283333333	12196557.9717407
96.9743166666667	11287612.7471008
97.0194983333333	11115822.7835999
97.0649583333333	11630441.3966064
97.10873	12689997.6448364
97.1534516666667	11116874.0836182
97.1985533333333	12120097.2947693
97.242675	14439252.3794556
97.289345	13978793.585144
97.3345616666667	14528662.2475586
97.3799716666667	11608117.835907
97.42678	15458127.5601196
97.470445	15854455.9625854
97.5160733333333	13450728.0974731
97.5596233333333	16961357.467041
97.60545	14059398.7247925
97.6517033333333	15592058.4154663
97.6940383333333	13582526.4727783
97.7364133333333	13679260.6343384
97.782855	18508388.3880005
97.8271983333333	15264967.6541138
97.87285	12508061.5366211
97.9190383333333	12936953.5332031
97.9642283333333	13893092.3646851
98.010605	14517464.942627
98.0551916666667	11836240.2315063
98.0990866666667	19251152.9226685
98.1416466666667	11625752.348938
98.18561	14924202.1989136
98.2303566666667	13885960.9465332
98.2753933333333	12867638.8926392
98.3209416666667	9726886.41143799
98.36487	17682766.2548218
98.4111433333333	12290740.0853882
98.45643	15243455.6506958
98.501845	15640192.7620239
98.5460866666667	15809813.923645
98.58857	15512970.6515503
98.6336733333333	15712366.5092773
98.6781983333333	14676125.2136841
98.7202783333333	14422259.2685547
98.7641916666667	15405238.8302002
98.81046	12907911.5387573
98.8559233333333	16304696.34198
98.9008266666667	13954334.8734741
98.9469316666667	15120393.6173096
98.9921716666667	13377244.3705444
99.03816	10857916.2418823
99.08254	16085035.8955688
99.1265816666667	14061761.0667114
99.16925	12071453.9021912
99.2135916666667	9164301.47631836
99.258665	13126517.3968506
99.30366	12551533.2073364
99.349415	7159621.87036133
99.3934233333333	7865296.58889771
99.4385566666667	10168400.5844727
99.48407	11808137.1485596
