RetentionTime	Intensity
0.005355	397151.44631958
0.04645	426173.227355957
0.0888283333333333	476368.51739502
0.132071666666667	6101178.05441284
0.176205	30642133.8562012
0.208156666666667	21137322.4101563
0.245186666666667	12195266.9726563
0.288431666666667	6075424.50830078
0.33237	3955259.23956299
0.376748333333333	2535118.92565918
0.421303333333333	1968611.05593872
0.466368333333333	1683288.88938904
0.511321666666667	1210584.16835022
0.557343333333333	1314777.14582825
0.603963333333333	991208.906051636
0.650305	1103359.41773987
0.69614	968718.869857788
0.738785	888751.69921875
0.764171666666667	869531.567092896
0.803426666666667	775672.344421387
0.82122	684065.516822815
0.8429	686249.745018005
0.857325	879022.082489014
0.875005	824733.884857178
0.892731666666667	826970.806930542
0.910131666666667	747503.927993774
0.927648333333333	810951.295608521
0.941935	886765.75819397
0.972806666666667	672510.508605957
0.991048333333333	671596.315612793
1.00519	713376.11227417
1.045185	703484.403549194
1.07241666666667	644178.892776489
1.10253333333333	562724.090103149
1.12290333333333	627801.831222534
1.13992333333333	666497.662994385
1.18032	640477.111740112
1.22250333333333	614766.448196411
1.25809666666667	623729.841445923
1.28920833333333	668270.104141235
1.32876333333333	618175.285766602
1.35377	633574.757293701
1.385995	659183.678253174
1.42465166666667	549692.717941284
1.45977666666667	640150.809738159
1.473335	577272.553482056
1.498005	672038.549636841
1.52609166666667	602858.031982422
1.55062333333333	543465.530227661
1.56446666666667	643707.704666138
1.61394666666667	585637.510055542
1.62780833333333	635034.295013428
1.65205666666667	665460.237136841
1.68653	674345.253952026
1.71392666666667	623300.817550659
1.74180333333333	628025.904449463
1.75866333333333	612332.639785767
1.79391166666667	587208.781951904
1.82822666666667	572879.667495728
1.84896166666667	513144.429092407
1.87017166666667	642504.725418091
1.91557666666667	581364.487854004
1.93632166666667	591785.175582886
1.95326666666667	605233.615112305
1.97770833333333	627276.447540283
2.01277833333333	569397.481216431
2.03005	587672.513427734
2.06951833333333	553214.24230957
2.093325	478236.065284729
2.12303333333333	553753.970458984
2.14397666666667	546155.452133179
2.16436	584436.052429199
2.18858166666667	572876.339111328
2.22703166666667	635906.721878052
2.240595	669071.045578003
2.26878833333333	599118.641937256
2.30022166666667	582039.886810303
2.31721333333333	639074.907394409
2.36320166666667	602470.364074707
2.39386833333333	617314.917541504
2.41847833333333	608063.948532104
2.44599333333333	686776.765548706
2.49022833333333	598299.186416626
2.50687833333333	621809.156204224
2.535535	546367.420730591
2.552835	630723.753051758
2.57318833333333	560767.118423462
2.59030666666667	600524.668777466
2.61409833333333	555401.424087524
2.62719	628955.865951538
2.65501833333333	521535.247634888
2.67179333333333	528710.930114746
2.70723	603531.696456909
2.73791666666667	550433.459640503
2.74742	592333.414306641
2.77443833333333	559398.595870972
2.78757166666667	602067.539169312
2.82912833333333	580133.322875977
2.863585	581318.68637085
2.90205	554274.168487549
2.91889666666667	572562.967056274
2.946735	545487.531768799
2.96677833333333	541484.25958252
2.99371	538824.129943848
3.02071666666667	515068.18951416
3.03736833333333	543702.888580322
3.081035	560010.459518433
3.11124333333333	596456.173309326
3.14502833333333	520358.704071045
3.16853166666667	539829.711288452
3.19239166666667	631866.051208496
3.23724166666667	538308.547317505
3.264575	565016.474121094
3.28491333333333	540661.985931396
3.321835	541346.133666992
3.353475	521084.525390625
3.37745166666667	577722.058670044
3.41561666666667	517236.606216431
3.42517	653351.858978271
3.47807833333333	537720.156646729
3.523025	643786.074188232
3.56094333333333	594205.012664795
3.59945333333333	564029.874664307
3.63040666666667	640211.198623657
3.67623333333333	579433.760757446
3.71842666666667	675027.642150879
3.76351166666667	614583.438919067
3.809305	651072.057846069
3.85381333333333	701111.345535278
3.89845666666667	588097.538299561
3.91532166666667	654066.72869873
3.96148666666667	644892.542388916
4.00623833333333	625728.853347778
4.05046166666667	613382.217834473
4.09374833333333	698479.816055298
4.13832	648123.132263184
4.18335833333333	665554.163757324
4.22049666666667	696364.342895508
4.25184166666667	616688.281433105
4.27893333333333	637955.586227417
4.30238166666667	640125.801544189
4.32269333333333	652532.970092773
4.34640333333333	570975.014312744
4.38401666666667	614680.623519897
4.42871	595642.931869507
4.45911166666667	668139.39100647
4.497055	673995.4974823
4.54228	595886.901168823
4.56633833333333	612876.553695679
4.59734333333333	618776.534729004
4.62476666666667	629908.66027832
4.64516	628839.552429199
4.67919	718169.424819946
4.71004833333333	809395.479171753
4.75519333333333	903479.554718018
4.800385	1098444.1522522
4.84513166666667	1229719.18630981
4.89015666666667	927865.572296143
4.935775	921652.633392334
4.97156666666667	888222.131057739
5.01724333333333	876065.156463623
5.06207333333333	794842.043655396
5.10628333333333	708887.114257813
5.14172	787164.711364746
5.17595666666667	753937.179580688
5.19968666666667	726611.784423828
5.22408833333333	778963.764068604
5.25529666666667	781827.096359253
5.29387666666667	714596.212173462
5.3215	644453.99281311
5.34921166666667	692298.526504517
5.38311333333333	695001.53225708
5.42808	777685.025726318
5.47332	880057.590484619
5.51941666666667	856325.284835815
5.56569666666667	1006163.88397217
5.61150833333333	1155850.46603394
5.65724166666667	1363158.74737549
5.70304166666667	1431833.66009521
5.74945333333333	1379362.7310791
5.79549333333333	1203999.63000488
5.840485	1263855.20324707
5.886485	1229843.90963745
5.93177666666667	1280385.54537964
5.97776166666667	1317601.72477722
6.02210666666667	1165164.34660339
6.06690333333333	1259513.94081116
6.11103666666667	1211907.78819275
6.15611	1261395.83131409
6.20134166666667	1130627.78349304
6.246635	1140880.94522095
6.29259166666667	1166408.8710022
6.33708166666667	1297502.34872437
6.38275	1443946.55105591
6.42789833333333	1678076.9359436
6.47444666666667	1765814.06315613
6.521495	1879176.80973816
6.56688	2168235.44786072
6.61326	2167410.8195343
6.658285	2345196.92755127
6.704685	2454378.02090454
6.74970666666667	2119789.07318115
6.79395833333333	1996525.22129822
6.840075	1969512.41642761
6.88496	2071701.92301941
6.929445	1877819.2507782
6.97509666666667	1804167.55099487
7.02027333333333	1967867.24859619
7.06498666666667	2364229.12744141
7.10937333333333	2258361.28462219
7.15427666666667	2394954.53448486
7.19950166666667	2679476.37965393
7.24592166666667	2496204.63378906
7.29027666666667	2445742.94351196
7.33460833333333	2399975.48913574
7.38053666666667	2292006.9901123
7.42714166666667	2844277.73287964
7.47343333333333	3130308.76260376
7.52021	3680079.05426025
7.56577	4053134.2427063
7.60991	4466542.34896851
7.65417166666667	4254831.56539917
7.69945666666667	3760548.22106934
7.74474666666667	4150166.49667358
7.78973833333333	4771757.60507202
7.83584333333333	5590686.84628296
7.87885	4507169.65100098
7.924135	3913095.26269531
7.96913	3553021.90853882
8.01447166666667	3470515.38171387
8.05985166666667	2753416.16134644
8.10453833333333	3299817.23193359
8.15099833333333	3354181.72796631
8.19738666666667	4981478.92016602
8.24250833333333	5580676.65087891
8.28712666666667	7299734.40896606
8.33186	7271325.17749023
8.378635	8210691.30834961
8.42399166666667	14225490.0397949
8.46873666666667	16905935.6210327
8.51304	17575047.5261841
8.55613666666667	20133936.4328003
8.600865	17011341.4727173
8.646415	17692387.0949097
8.6914	19180573.635437
8.73159	19841648.2109375
8.77656166666667	23727587.9713135
8.820995	25289887.0198364
8.86350833333333	27405767.534668
8.90582333333333	27804159.9348145
8.9491	25785739.5513916
8.99262166666667	22843780.5446167
9.03618833333333	17485981.1830444
9.07922833333333	13040378.237793
9.12202333333333	10876010.3703003
9.16489333333333	10304629.7404785
9.21028333333333	8870237.92453003
9.25408833333333	6947056.63421631
9.29870833333333	7987085.68380737
9.34302333333333	8984617.49554443
9.38953	9867325.69561768
9.43344333333333	11425351.4659424
9.478305	13884988.7457275
9.52200833333333	13408232.5623169
9.56552	11611583.4060669
9.61004666666667	9669931.03735352
9.65581	8883891.0758667
9.69795666666667	8625849.51104736
9.741755	8916837.7600708
9.78416	8738412.00280762
9.82912666666667	8736792.81500244
9.87189166666667	9270317.87939453
9.91442166666667	9010610.72583008
9.95959166666667	9247274.53369141
10.0051383333333	10520217.0040894
10.050825	9830620.89050293
10.0958833333333	12016491.0534668
10.1393033333333	9864104.69152832
10.1824366666667	10585255.2819824
10.2252016666667	10217621.7191772
10.27038	10582874.3161621
10.3149933333333	13561853.6842651
10.3592166666667	13208126.9030762
10.404635	12411675.6956177
10.449825	16071824.8783569
10.4928683333333	15637616.1192017
10.5353616666667	17853139.9910278
10.579505	17321605.869873
10.6229766666667	17939745.4750977
10.6678766666667	17964161.012085
10.7124783333333	16668319.5736694
10.7540383333333	20677021.7860107
10.798385	24000446.5753174
10.8401583333333	27043097.3933105
10.8791483333333	29964675.3498535
10.9218466666667	29040435.1333008
10.9658933333333	29228266.7015381
11.0067083333333	31153913.3377686
11.046985	29990796.7358398
11.090285	36376289.5322266
11.129225	45462207.1726074
11.169695	52405247.4023438
11.2104583333333	69268369.4609375
11.245085	85919668.708252
11.2822466666667	105737461.603027
11.321015	93995304.8371582
11.3608766666667	120134051.114746
11.4021383333333	105376927.730469
11.4392666666667	97032247.8457031
11.4746233333333	93666600.0549316
11.5089416666667	90135756.3305664
11.5486316666667	91428413.4934082
11.5875166666667	109579444.668701
11.6244133333333	113831463.665039
11.659815	117721578.717529
11.6897633333333	116202608.880859
11.7250433333333	96036380.2141113
11.7624416666667	80449125.8198242
11.8002033333333	85432848.3322754
11.8349933333333	82437139.3352051
11.8697116666667	107153423.920898
11.9051833333333	149070680.869141
11.9400366666667	200802351.792969
11.9781716666667	263479890.971191
12.014945	328920981.013672
12.05168	356441973.930664
12.08642	362595278.707031
12.1245916666667	292592655.870117
12.1661433333333	296451804.594727
12.205255	275506333.43457
12.2411366666667	267240377.20459
12.2752316666667	220926703.658691
12.3123233333333	193313137.579102
12.345795	220033194.510254
12.3810316666667	157918311.610352
12.41493	145097285.369141
12.4499216666667	114339713.945557
12.4834433333333	107579962.952148
12.5195083333333	99888659.6296387
12.5498633333333	121485541.581543
12.5851266666667	125605280.860352
12.6170816666667	127477543.68042
12.6482416666667	162626093.766602
12.680825	176500197.793457
12.7140233333333	179859249.810547
12.7509233333333	215768150.102051
12.7863833333333	173253898.299316
12.8210583333333	173882455.262695
12.856935	160919713.875977
12.8925216666667	132287852.64209
12.9301433333333	108276249.421143
12.9652533333333	100606970.073486
13.00081	108951484.099121
13.03636	116597805.05957
13.0729566666667	152536426.200684
13.105705	190057067.202148
13.1362516666667	293479528.967773
13.164745	402284784.336914
13.1956066666667	492382243.854492
13.22602	537568010.527344
13.2550983333333	589335301.015625
13.2852483333333	580362807.21875
13.3156033333333	593217120.478516
13.3469266666667	566276446.507813
13.3774083333333	444357692.828125
13.4083683333333	382722188.754883
13.4406283333333	376831996.495117
13.4737533333333	306473267.625977
13.5039433333333	269220853.086914
13.5384466666667	242062577.476074
13.57267	195318382.474121
13.603735	171873187.322754
13.6357716666667	166294224.094238
13.666315	143785306.452637
13.7023716666667	148297624.589355
13.7353183333333	155286015.372559
13.76707	185726856.708008
13.797255	198343527.460449
13.8277533333333	211994019.793457
13.8583033333333	247186434.444336
13.8913116666667	248799366.694336
13.92219	300077185.666992
13.95525	371289823.917969
13.9869566666667	388655857.945313
14.0187583333333	308690933.508789
14.0516533333333	323454798.34668
14.0805766666667	291129293.984375
14.1116766666667	318695787.844727
14.1424133333333	302938669.646484
14.1774766666667	311702784.750977
14.20905	294153027.109375
14.24053	323712771.728516
14.2732016666667	331603055.597656
14.3076316666667	381023805.526367
14.33919	350578107.516602
14.3687	328404053.700195
14.3972366666667	346081009.78418
14.4283716666667	303165559.888672
14.4635116666667	309343044.005859
14.4952266666667	337829731.745117
14.5271016666667	363918040.585938
14.5571083333333	438375548.249023
14.5855916666667	526809330.902344
14.6143716666667	559537118.101563
14.6430666666667	711223569.839844
14.6718966666667	711561597.583984
14.7011016666667	732073415.365234
14.7309483333333	770270838.232422
14.7604466666667	694568151.013672
14.7905916666667	680998745.478516
14.822135	706846648.765625
14.8530066666667	643071394.839844
14.8851116666667	728479758.804688
14.9155216666667	652434536.193359
14.94706	627931804.144531
14.97888	572890081.681641
15.0094616666667	488466172.00293
15.04257	482603511.56543
15.0744116666667	466253049.573242
15.1061283333333	430429128.484375
15.1365683333333	451002435.817383
15.1670566666667	396373316.705078
15.1959283333333	473315439.425781
15.225005	392331380.228516
15.254175	463355285.058594
15.28456	457105922.871094
15.3160383333333	418101346.267578
15.3452266666667	434382142.436523
15.3770133333333	410531754.791016
15.4115233333333	355603789.115234
15.44442	320414363.072266
15.4795333333333	299607332.462891
15.5127916666667	245307291.605469
15.5476216666667	257176170.916992
15.57801	257903471.367188
15.61028	235939941.398438
15.6430166666667	230788903.400391
15.67299	249383163.46875
15.7057783333333	242021191.260742
15.738225	307972786.486328
15.7685583333333	359499536.824219
15.798795	391219134.22168
15.82732	391947488.760742
15.8549833333333	416169279.041992
15.88634	450696392.501953
15.916735	419628734.889648
15.9453416666667	362587152.519531
15.9762183333333	353777352.943359
16.004715	330254434.78125
16.0344033333333	362401057.785156
16.065065	321102442.626953
16.0950733333333	299803963.628906
16.1265933333333	345758266.756836
16.156755	314676497.710938
16.1849466666667	373986115.80957
16.214285	408145873.519531
16.24331	420735850.527344
16.272605	499235678.683594
16.3013233333333	491281106.476563
16.3289533333333	436598174.699219
16.3590933333333	457404722.197266
16.3890333333333	412639886.748047
16.4188416666667	399510007.107422
16.4471883333333	382042678.009766
16.476085	405578195.601563
16.5073816666667	401492995.419922
16.5366683333333	419676047.712891
16.5666533333333	457180079.173828
16.5968616666667	396070981.712891
16.6245	418980954.865234
16.6522083333333	504242862.832031
16.681095	541361271.601563
16.7095416666667	619398619.546875
16.7380516666667	616623509.238281
16.766785	628013423.388672
16.794995	683335472.316406
16.8230033333333	742083835.017578
16.8507066666667	674229187.341797
16.8778	744618423.535156
16.9054166666667	765779038.8125
16.9349633333333	717800640.462891
16.9643	849684222.0625
16.993185	733087170.708984
17.0214433333333	724740079.099609
17.0506066666667	708968577.378906
17.078435	735114382.160156
17.1071333333333	706746051.863281
17.13533	729850625.113281
17.1624533333333	703912330.1875
17.191765	719481403.078125
17.2208616666667	750196741.736328
17.2486416666667	717498464.396484
17.2763433333333	761276110.865234
17.30437	817989073.570313
17.3338983333333	963416207.050781
17.3634183333333	952103902.359375
17.3925666666667	913281998.375
17.4211566666667	933267048.886719
17.4500083333333	760854900.337891
17.4785183333333	708855184.474609
17.5088	775767186.302734
17.539435	699667931.103516
17.568625	717644802.613281
17.5973516666667	676652784.515625
17.6262183333333	820127993.552734
17.655685	726777401.394531
17.6837233333333	717517025.636719
17.7109516666667	672457706.677734
17.7404283333333	722608419.123047
17.7692766666667	769032813.105469
17.7973366666667	669200358.888672
17.8260416666667	719069600.755859
17.8545533333333	742935873.246094
17.88227	729653860.615234
17.9106	756670055.878906
17.9403083333333	686244564.970703
17.9681433333333	672859038.123047
17.995885	856658098.71875
18.0255366666667	761464962.439453
18.05329	754111159.089844
18.081155	827466870.138672
18.11002	841814458.419922
18.1379833333333	881842675.996094
18.1660333333333	813636765.261719
18.1938916666667	1028803306.18359
18.2210333333333	1109096293.88281
18.2483183333333	1101817859.27344
18.275305	1142457377.13281
18.302635	1270409482.83203
18.3311733333333	1262411395.13672
18.3586416666667	1242845938.30078
18.3863166666667	1125660898.11328
18.4148333333333	1187989924.88281
18.442615	1152031867.06641
18.4705383333333	1106492926.55078
18.4993266666667	1082682733.41797
18.5280166666667	1097347985.71875
18.5563266666667	998718627.130859
18.5848833333333	1049801532.31641
18.615075	1124910218.57031
18.6432533333333	1160843363.12109
18.67146	1028510839.28516
18.6993683333333	1007727979.96484
18.7279116666667	952334275.6875
18.7581916666667	1018416038.58594
18.7874866666667	961748985.167969
18.8151016666667	895864570.507813
18.8422666666667	933256921.703125
18.8705633333333	877941407.007813
18.8983983333333	918878922.492188
18.9257966666667	828695494.921875
18.9538033333333	853680107.703125
18.981385	783607156.304688
19.0107833333333	871694409.238281
19.0399583333333	804647311.642578
19.0686816666667	930551111.335938
19.0986233333333	842610015.226563
19.127065	878490666.816406
19.1553666666667	853764656.398438
19.1825966666667	990996665.898438
19.2099	1026580915.22656
19.2384533333333	913250035.929688
19.2668566666667	1065062207.67188
19.29447	989741795.738281
19.3235	978679877.6875
19.351275	953568409.027344
19.379945	939889775.007813
19.4086616666667	952107629.273438
19.4359633333333	1009824072.22656
19.4637483333333	973160451.988281
19.4921733333333	953416252.667969
19.521265	982941847.8125
19.5489433333333	1053364163.17578
19.5771533333333	1041259307.3125
19.6056816666667	973552810.332031
19.6332266666667	924281840.632813
19.6621866666667	987104945.625
19.6916666666667	1077125766.64063
19.7200233333333	1042970378.69141
19.749425	1025880717.37109
19.7773583333333	1079790612.46484
19.8057683333333	997515226.125
19.8330966666667	1129919533.85938
19.862705	1138862151.10156
19.8903666666667	1124679975.16016
19.9174	1117543697.54297
19.9446316666667	1103357370.17188
19.972655	1107397207.13672
20.000575	1091982304.11719
20.0275433333333	1162632955.47266
20.05518	1096494898.55078
20.0829766666667	1082621726.77344
20.1095833333333	1170226357.33594
20.137485	1153124967.16016
20.1648383333333	1177919519.76172
20.1916533333333	1217188296.00781
20.2186266666667	1146916224.90234
20.24558	1160717376.10547
20.272655	1235239249.875
20.299585	1228059871.69531
20.32706	1221225251.11719
20.3548766666667	1396172349.44141
20.3812716666667	1299249700.78906
20.4081866666667	1375684249.73828
20.435915	1451526152.20313
20.4634683333333	1347601245.9375
20.4905916666667	1404670895.32422
20.51775	1451718591.97656
20.54471	1433638301.57031
20.5725133333333	1430357907.85938
20.6000816666667	1382636827.58984
20.6276383333333	1399348059.85938
20.6551616666667	1404048736.21875
20.6816666666667	1484375688.54688
20.7094783333333	1431474226.61719
20.7363533333333	1478591618.06641
20.7643316666667	1551891461.77344
20.7915	1447848295.71484
20.8200283333333	1485398533.35547
20.847725	1436794990.80859
20.8747	1413249499.06641
20.90261	1412723506.45313
20.9295116666667	1417951392.76563
20.957265	1393515102.48047
20.98545	1382770973.125
21.0126216666667	1493341496
21.03974	1700028479.4375
21.0676366666667	1736105637.96875
21.09476	1791894956.5625
21.1226833333333	1763590448.72656
21.1513716666667	1799888414.80469
21.1787916666667	1762148881.74219
21.2065183333333	1749318354.66406
21.2335016666667	1752113938.67969
21.2605483333333	1581112004.16797
21.2877783333333	1764334201.15625
21.31627	1657544862.23047
21.343835	1573290099.32031
21.3701066666667	1600827422.37891
21.3964833333333	1594491395.16797
21.4245133333333	1582871815.05469
21.4525566666667	1586987166.82031
21.4805333333333	1621167085.47266
21.50797	1559900401.59375
21.53604	1422071352.66797
21.564035	1609701535.75391
21.5920783333333	1351121355.30859
21.6212266666667	1545921511.79297
21.6490266666667	1545780073.88672
21.6767333333333	1483506685.63672
21.7051016666667	1511475465.49609
21.732605	1551667360.79297
21.760115	1536309464.48438
21.7882716666667	1450840809.625
21.816215	1444970193.57422
21.8442616666667	1410794061.85938
21.8710116666667	1373082259.73828
21.897815	1489845354.55469
21.9241416666667	1498584874.32031
21.9512116666667	1535951221.00391
21.9781366666667	1528341523.76953
22.0040216666667	1460383021.49609
22.0310333333333	1485237013.51953
22.0573683333333	1646668087.96484
22.0840083333333	1566627621.92578
22.1121866666667	1594704151.71094
22.1403683333333	1458106317.17188
22.16741	1532077869.82813
22.1949766666667	1586095410.20313
22.2230266666667	1529685531.78516
22.2504366666667	1534582718.47656
22.27777	1485917515.40625
22.304715	1394473625.41406
22.3314416666667	1493402421.41406
22.3585216666667	1515122698.66797
22.3853383333333	1419515791.49219
22.412165	1425956405.60547
22.43836	1406468902.21875
22.46516	1475738725.70313
22.4920833333333	1442140968.98828
22.518665	1469435927.22656
22.5451916666667	1618541095.70313
22.57164	1605244556.40625
22.5984316666667	1540950800.3125
22.626625	1649228091.625
22.6544166666667	1640927163.26953
22.681605	1573789344.96094
22.7093133333333	1612648319.76172
22.7368683333333	1596898847.45313
22.7635683333333	1594134267.67578
22.7905866666667	1619728464.03125
22.8178333333333	1641998482.14063
22.844755	1544595795.41406
22.872285	1684480040.40625
22.8998533333333	1776425007.78906
22.92779	1808914166.94531
22.9557433333333	1877124526.78125
22.9824716666667	1971173833.98438
23.0086683333333	1998740213.88281
23.0353316666667	1966225109.9375
23.0625283333333	1970781818.625
23.089895	2056248819.10156
23.1171066666667	1959800469.6875
23.1439566666667	1833765069.75781
23.1714483333333	1867062925.35156
23.199325	1850605077.66406
23.2264666666667	1859031313.94531
23.254245	1643915759.78906
23.2828133333333	1760231728.54688
23.31062	1764182912.85156
23.3382733333333	1669127763.82031
23.366	1722451905.61719
23.39303	1642236341.51563
23.4207983333333	1649510569.16406
23.4494283333333	1695649791.74219
23.4761433333333	1708002284.26563
23.5040383333333	1607266672.50391
23.5317916666667	1876009735.49219
23.55939	1727776637.70313
23.586885	1658790770.01563
23.61465	1727168157.375
23.6422983333333	1633556703.05469
23.6694766666667	1724240329.83594
23.6963133333333	1802103076.60938
23.7239583333333	1924760564.8125
23.7508083333333	1926981505.28125
23.777175	1926754250.96094
23.80435	1920197996.42188
23.8310383333333	2126514844.42188
23.8571583333333	2085002997.84375
23.8843216666667	2050330824.71875
23.9109916666667	2153603739.25781
23.9377266666667	2234751465.96875
23.9645966666667	2225884055.14063
23.9919533333333	2183231689.17188
24.0196783333333	2305128552.19531
24.0470883333333	2162664835.69531
24.0741533333333	2166927248.78125
24.100755	2272129413.13281
24.1279666666667	2293631457.97656
24.1547083333333	2109967037.25
24.18282	2220545514.22656
24.2110533333333	2257209844.625
24.238035	2197323692.23438
24.2658516666667	2277458158.74219
24.2925883333333	2208317290.5625
24.3203116666667	2161023807.8125
24.3474283333333	2100727937.3125
24.374395	2029729506.04688
24.4025066666667	2187558957.75781
24.4305133333333	2184035681.74219
24.457905	1917782082.71094
24.4850983333333	1989628640.8125
24.5134033333333	2008392017.69531
24.5407133333333	1998434311.375
24.5688333333333	2073726703.36719
24.5968966666667	2138572094.73438
24.6244116666667	2206725866.48438
24.6523766666667	2094317335.69531
24.6814316666667	2127586236.90625
24.7085883333333	1996148220.21094
24.7372316666667	2044613994.21094
24.7645183333333	2032150637.65625
24.7908933333333	1999452969.57031
24.8193666666667	2042006832.11719
24.8470833333333	1983084879.67188
24.87411	2042963122.78125
24.9021466666667	2134773893.83594
24.9296466666667	2112106453.80469
24.9570683333333	2108722601.60938
24.9845216666667	2208030391.33594
25.0124066666667	2235720617.70313
25.039475	2276133578.41406
25.0668016666667	2340913897.28906
25.09443	2446763101.52344
25.122535	2354949288.03906
25.14953	2333008171.48438
25.1773833333333	2353650846.99219
25.2040216666667	2445060647.92188
25.2316316666667	2373901793.84375
25.2598066666667	2387198027.02344
25.2866316666667	2380023864.17969
25.3136083333333	2588214256.36719
25.3414466666667	2464107965.71094
25.3696066666667	2494725871.58594
25.3973583333333	2386440660.5
25.4249183333333	2729790762.61719
25.4522733333333	2627092676.79688
25.4798216666667	2510181739.5625
25.507045	2749069739.10156
25.534615	2723249762.59375
25.5614666666667	2664215988.90625
25.5879233333333	2812063240.21094
25.6156566666667	2504182501.79688
25.6425966666667	2778915317.88281
25.67003	2810505340.625
25.6981416666667	2846423954.58594
25.7258133333333	2721611279.57031
25.7548566666667	2418746835.64063
25.7826683333333	2590283702.08594
25.8112733333333	2673104376.39844
25.8393183333333	2650272597.67188
25.8678483333333	2496036088.50781
25.8960483333333	2142189006.41406
25.92559	2225401512.00781
25.95316	2188781879.48438
25.9812933333333	2077108526.97656
26.0087216666667	2372307135.60938
26.0371733333333	2303278292.78906
26.0650783333333	2451396940.99219
26.09406	2338632098.96094
26.121435	2463989416.86719
26.1493283333333	2388451399.98438
26.1768316666667	2533675670.82813
26.20399	2376845925.95313
26.2315116666667	2553860630.1875
26.2596166666667	2525666577.5625
26.28659	2675435229.49219
26.3144766666667	2455009077.72656
26.3422433333333	2472909994.8125
26.370455	2455288551.125
26.3981466666667	2408087703
26.4269033333333	2344548302.28906
26.45436	2238478525.64844
26.4823516666667	2336028735.71875
26.510935	2186827409.07813
26.53829	2095142055.72656
26.566515	2104931699.42969
26.59414	2077433619.0625
26.62211	2098174728.75781
26.64898	1924555420.64063
26.6757883333333	1930397821.27344
26.7033316666667	2178424180.8125
26.7310866666667	2320680879.04688
26.7577233333333	2223793828.00781
26.78399	2101325615.76563
26.81073	2019410870.96094
26.8370816666667	2291597702.64063
26.8647116666667	2285163471.32031
26.8920716666667	2210346448.85938
26.9194716666667	2395967318.99219
26.946145	2329574649.02344
26.9727783333333	2172442303.29688
27.0005616666667	2335407477.66406
27.0292833333333	2274792383.59375
27.0567283333333	2256649837.4375
27.085515	2340069949.66406
27.11318	2131091596.875
27.14121	2178160778.89844
27.1696166666667	2229758957.09375
27.197865	2126421604.17969
27.2262616666667	2141264998.25781
27.2538316666667	2112412315.65625
27.2812133333333	2146473430.25781
27.308535	2048116505.53906
27.3349483333333	2189227286.09375
27.3620783333333	2191635851.01563
27.389735	2133791557.82813
27.4161433333333	2169945012.33594
27.442505	2274748770.21875
27.4703983333333	2236972273.55469
27.4979166666667	2210453799.34375
27.5242516666667	2152826610.0625
27.5516283333333	2189450595.625
27.5793416666667	2167911524.1875
27.60744	2087349273.10156
27.635255	2120107086.34375
27.6633816666667	2110510973.26563
27.6914683333333	2110699791.61719
27.7191183333333	2073500029.76563
27.7466533333333	2011228146.20313
27.7743066666667	2074985496.6875
27.80206	2031015182.04688
27.8293416666667	2044979536.25
27.8569783333333	1777761318.57031
27.8844983333333	2098902192.28125
27.91233	2119767411.375
27.9395816666667	2038178915.17969
27.9663	1978430068.96875
27.9942633333333	2029070212.49219
28.0212533333333	2037944075.59375
28.04898	2068968759.32813
28.07689	2032921268.69531
28.1045616666667	1901713405.14063
28.1316333333333	1946117230.96094
28.1587	1933450365.25
28.187275	1755102176.75781
28.2138933333333	1866613096.67188
28.2411016666667	1917986596.05469
28.2686333333333	1931169296.61719
28.2958383333333	2047524363.17969
28.3239383333333	1925994664.25781
28.3507616666667	2135138358.45313
28.3781633333333	2040909822.09375
28.40473	2224310957.5
28.4313633333333	2198754311.70313
28.458515	2165377149.60156
28.48544	2244815251.41406
28.513265	2235750922.0625
28.5406833333333	2151258661.375
28.5687616666667	2120708209.83594
28.5975266666667	2181453510.32031
28.6259233333333	2086583003.85156
28.654635	1982488942.10938
28.682275	2078406331.36719
28.7104383333333	2027434552.25781
28.7375266666667	2074676362.00781
28.765315	2075140430.46875
28.792065	2077626083.69531
28.8203866666667	2129010415
28.8468083333333	1892034378.13281
28.8749366666667	2101288725.0625
28.9026116666667	2066879469.11719
28.9304566666667	2127494834.19531
28.9575783333333	2094560559.44531
28.98502	2158432034.96094
29.0128333333333	2150149067.45313
29.0397716666667	2258924083.21875
29.0668366666667	2215096888.16406
29.0943566666667	2191899902.64063
29.121225	2170274288.6875
29.147835	2212657633.90625
29.1746633333333	2015572948.00781
29.2014933333333	2290447047.14063
29.2289516666667	2149469494.40625
29.2563016666667	2167330719.60156
29.2832483333333	2151824439.48438
29.3108816666667	1942104257.53906
29.3385633333333	2024541740.01563
29.3664783333333	1976600460.69531
29.3937016666667	1788348272.5
29.4222033333333	1914851221.07031
29.4502033333333	1967541026.79688
29.4778183333333	1943729360.39844
29.5059716666667	1878870768.20313
29.5345266666667	1938665437.125
29.562225	1950635724.1875
29.5890216666667	1979913620.82031
29.6164833333333	2109387434
29.6431233333333	2110519554.5625
29.6698966666667	2259883406.6875
29.6975633333333	2263108325.16406
29.7245883333333	2256795341.20313
29.7513183333333	2271986983.41406
29.7782733333333	2363452590.25781
29.8055816666667	2275841596.35938
29.8327833333333	2352287663.45313
29.8600266666667	2255091330.67188
29.8860116666667	2118069614.97656
29.9144316666667	2278342424.4375
29.9421866666667	2175430792.73438
29.9691216666667	2322514317.26563
29.9972633333333	2024404868.41406
30.0258616666667	2246141445.03125
30.052985	1907139794.02344
30.0801833333333	2128791871.28906
30.1072833333333	2070877089.46094
30.13454	2027372706.4375
30.1619583333333	1997113730.35938
30.1892033333333	2071614493.03906
30.21584	2056901222.9375
30.24334	2003297806.75781
30.2718216666667	1966235922.34375
30.29977	2075475569.84375
30.3271483333333	2031648165.78906
30.35434	2155705156.92969
30.3824633333333	2124482922.76563
30.40887	2029327097.96094
30.4347316666667	2185121055.34375
30.4613683333333	2033539464.03125
30.4880916666667	2229701093
30.5163	2243164669.57031
30.54309	2306174552.17969
30.5703383333333	2227112947.28906
30.5989416666667	2362675508.98438
30.6270233333333	2354279548.92969
30.6542483333333	2200947244.59375
30.682015	2206346196.74219
30.7091766666667	2046667200.67969
30.736425	2138866712.41406
30.7637533333333	2074998961.28906
30.791	2029831989.21875
30.819075	1875768478.64063
30.846315	1851551432.42969
30.8743216666667	1938822925.00781
30.9004783333333	1962031271.96875
30.9270316666667	2032743756.92188
30.9534016666667	2090987866.95313
30.9816233333333	2095399532.26563
31.00979	2094051002.79688
31.0374783333333	2014253560.00781
31.064845	2111977454.17188
31.0932166666667	1943343412.89063
31.1216733333333	1952648680.85938
31.1506183333333	1910377043.59375
31.179285	1820480388.42188
31.2067883333333	1805741102.95313
31.2337866666667	1849755616.41406
31.2616016666667	1893517348.22656
31.289605	1994728924.66406
31.315935	1927162349.53906
31.3427733333333	1936688392.46094
31.371265	1953223254.86719
31.3984766666667	1789300251.45313
31.425855	1910151713.1875
31.4534616666667	1857386716.35938
31.4809916666667	2008496866.21875
31.508	1934738637.07031
31.53616	1953409008.63281
31.5643966666667	1770504239.96875
31.5924966666667	1979139661.24219
31.619685	1936500070.78125
31.6471733333333	2088653867.91406
31.674395	2182211444.76563
31.7015216666667	2182408968.78125
31.7287033333333	1960839389.53125
31.7569383333333	2256357257.58594
31.7847033333333	2206929698
31.81176	2033354800.25781
31.8396166666667	2064126742.14063
31.8677266666667	2144389480.85156
31.8958883333333	1954663178.47656
31.9229433333333	1885824398.54688
31.951005	1909556632.46094
31.97923	1856966999.6875
32.006715	1897014039.95313
32.0347066666667	1870389224.28125
32.06243	1897505983.85938
32.08989	1862609184.00781
32.1175916666667	1902780314.83594
32.144255	1994412509.46094
32.1717183333333	1839215407.09375
32.20021	2145096467.28125
32.2293233333333	1993726095.57813
32.2567183333333	2168277596.32031
32.28345	2242242092.88281
32.3118166666667	2087224358.8125
32.3391916666667	2082695806.92969
32.365985	2157361262.70313
32.3943166666667	2077412795.14844
32.4219266666667	1989006071.52344
32.4485966666667	1875216339
32.4757783333333	1927556579.86719
32.503645	1918633264.54688
32.5314833333333	1990748422.4375
32.5594816666667	1930938046.35156
32.5868633333333	1862864187.67969
32.61499	1768612064.40625
32.6426066666667	1868522378.91406
32.6696716666667	1738664217.95313
32.6964083333333	1825616181.58594
32.723735	1765345808.57813
32.751085	1811419685.78906
32.7786916666667	1749746887.53125
32.8063266666667	1841030520.28906
32.8348066666667	1724593245.66406
32.86297	1921725358.78906
32.8906966666667	1948632547.5625
32.9190483333333	1926776392.82813
32.9466266666667	1867003119.83594
32.973825	2075473549.92188
33.001365	2108433824.38281
33.029235	2168756727.28125
33.0559016666667	2206146935.30469
33.0832	2239390867.48438
33.110015	2040902443.45313
33.137495	2003799745.67188
33.16476	1962245013.28125
33.1926466666667	2084795135
33.2195283333333	1959703447
33.2461533333333	1979546897.96875
33.273705	2054729473.92969
33.30156	2050859707.1875
33.3302366666667	1895610158.07031
33.3585533333333	1715176919.39844
33.386425	1969260819.63281
33.41458	1786027983.0625
33.442215	1989687732.14063
33.47119	1963216107.22656
33.4988	1915199012.34375
33.5264716666667	1865288393.86719
33.55477	1903195727.32813
33.5838216666667	1953661573.99219
33.61272	1973870976.94531
33.6406666666667	1831654181.07813
33.6687183333333	1809758376.25
33.6959133333333	1945933607.9375
33.72302	1766322385.40625
33.7512833333333	1799007590.30469
33.7778366666667	1905976859.28125
33.8061333333333	1962453525.76563
33.8327866666667	2093623460.90625
33.86072	2074974227.17969
33.8881416666667	2223259744.50781
33.9156	2095811125.94531
33.94318	2050225176.3125
33.9707883333333	2028595131.21875
33.9981716666667	2126697500.45313
34.0248866666667	2019013036.1875
34.0522816666667	2053852269.27344
34.0798916666667	2022877975.53906
34.1073216666667	1945896808.17969
34.135385	2005705715.53906
34.16327	1988893099.8125
34.1912866666667	2000572530.57031
34.2194483333333	1875938039.83594
34.2460033333333	1962454018.26563
34.2728416666667	2004263843.78125
34.30011	1975595869.3125
34.328645	1989341223.25
34.3576483333333	2029914651.98438
34.385345	2026135263.5
34.4124983333333	2029612601.21875
34.440045	1979583014.75781
34.4670583333333	1791926342.58594
34.495185	2010645264.20313
34.52287	1958582510.67188
34.550495	1791858363.71094
34.5776633333333	1876784499.4375
34.6051983333333	1881975411.94531
34.63212	1904386507.46875
34.66017	1927810046.48438
34.6871	1984010238.5
34.7141283333333	1955902247.88281
34.74031	1955814462.91406
34.7681716666667	1857167700.14063
34.7954033333333	1943887664.24219
34.8232516666667	1827673244.64063
34.8511816666667	1964665368.19531
34.8796166666667	1955292475.67188
34.907145	1801936466.50781
34.93468	1866664378.54688
34.96143	1889264022.52344
34.987395	1948595794.61719
35.014255	1922173356.14063
35.0399933333333	1985859364.00781
35.06701	1946444679.03906
35.0942283333333	2024078661.13281
35.1218966666667	1860219416.78125
35.1495683333333	1876062744.98438
35.1780716666667	1964599414.07031
35.2063966666667	2061573400.96094
35.2339	2028818131.70313
35.2628033333333	1982393647.91406
35.2897183333333	2015851084.80469
35.3170816666667	1957362320.28125
35.34485	1997382311.02344
35.3732766666667	1954092528.35938
35.4009783333333	1918521647.07813
35.4289433333333	1855089365.08594
35.456435	1962798420.36719
35.4840333333333	1932773793.29688
35.5122016666667	1864519746.70313
35.5400933333333	1965804830.82813
35.5677083333333	1825306464.28125
35.5965	1776593890.72656
35.6242816666667	1937323150.92969
35.6514066666667	1954551722.92188
35.67906	1841308963.09375
35.7074983333333	1872424022.11719
35.7348266666667	1751176092.33594
35.7619433333333	1889764383.14844
35.7902133333333	1947647853.94531
35.81795	1929615338.52344
35.846685	1841887119.74219
35.87545	1850370587.84375
35.9031716666667	1808525656.67969
35.9325616666667	1897783087.89063
35.9624666666667	1837890875.69531
35.9906533333333	1911580796.75
36.0184833333333	1930918239.74219
36.04689	1864297005.96875
36.0741966666667	1715848213.875
36.101885	1931182932.02344
36.1289416666667	1741593416.51563
36.156225	1861434982.375
36.1831916666667	1902630054.78906
36.2099683333333	1727409866.76563
36.2367166666667	1634919860.54688
36.2645516666667	1729350895.82813
36.29271	1787454273.50781
36.3205833333333	1747409187.60156
36.3472683333333	1718160671.23438
36.374245	1763724883.04688
36.4024883333333	1737984722.21875
36.4318316666667	1792624930.71094
36.4588033333333	1555857019.10156
36.4860716666667	1561342535.01563
36.5141166666667	1745942426.53125
36.5417633333333	1816005458.04688
36.5688916666667	1686600845.59375
36.5962683333333	1761924694.08594
36.62345	1853827177.41406
36.6509033333333	1834158301.875
36.6773766666667	1896327736.89844
36.7057416666667	1917263961.26563
36.7337016666667	1998869827.94531
36.761785	2033777691.03906
36.7905066666667	1923529593.19531
36.817645	1931093149.67188
36.84486	1891050787.28906
36.873095	1864499765.34375
36.9009783333333	1793431966.02344
36.9287733333333	1805937972.94531
36.9574816666667	1749196871.76563
36.9848766666667	1726592515.42188
37.0115833333333	1691080472
37.0387133333333	1603621699.89844
37.0666	1695460203.3125
37.0930716666667	1683280808.53906
37.1202583333333	1657078577.50781
37.1474533333333	1665784656.09375
37.1760583333333	1810834946.34375
37.2048733333333	1811987893.22656
37.23162	1787174833.98438
37.258695	1812305379.83594
37.2851366666667	1947557153.3125
37.313895	1941438004.32813
37.340865	1922934226.03125
37.3678016666667	1957313141.0625
37.3950733333333	1929570698.48438
37.4223766666667	1835768148.23438
37.449105	1664896840.64844
37.4764066666667	1687868144.66406
37.5040316666667	1580884417.40625
37.53167	1760221712.34375
37.559125	1825756122.92969
37.5866283333333	1804435007.04688
37.6140883333333	1769761467.11719
37.6418916666667	1794058938.53125
37.6697516666667	1904000092.08594
37.6974566666667	1985991959.0625
37.7243666666667	1857141929.57813
37.7512083333333	1897332907.58594
37.7788683333333	1836974885.28906
37.80661	1922078993.80469
37.8343233333333	1841016000.49219
37.8624183333333	1862384662.14844
37.8904733333333	1830502733.6875
37.9177833333333	1813990223.70313
37.9463933333333	1786723584.03125
37.9740716666667	1834220113.07813
38.0018166666667	1809354569.125
38.0294633333333	1837024361.54688
38.0565216666667	1756090943.35938
38.0843266666667	1729406155.61719
38.1122483333333	1871851600.94531
38.140025	1940792996.85938
38.1673933333333	1935662286.23438
38.194375	1904796470.45313
38.2230616666667	1853001546.46875
38.2511866666667	1887042600.1875
38.2791466666667	1672969694.14063
38.3079133333333	1790788288.80469
38.3357416666667	1934157064.36719
38.36387	1788335900.47656
38.3917533333333	1880023164.4375
38.4197016666667	1890671562.41406
38.4465866666667	1775469257.46875
38.4746316666667	1781029877.46094
38.502075	1833428561.91406
38.5293433333333	1741901165.28906
38.557435	1611297884.82031
38.5852616666667	1694644474.39063
38.6136466666667	1643558957.11719
38.64161	1675702557.67188
38.6701583333333	1738679511.21875
38.6978383333333	1684376488.10156
38.72552	1909657390.34375
38.7527333333333	1829228895.89063
38.781375	1807100925.44531
38.8090183333333	1814083854.82813
38.837365	1861954307.11719
38.86461	1749933691.19531
38.8936983333333	1739483103.73438
38.9217866666667	1879167610.77344
38.9502783333333	1930501887.17188
38.97726	1712229012.24219
39.0045066666667	1785335872.25
39.032085	1900849705.8125
39.0598816666667	1805304266.0625
39.0868266666667	1907975871.05469
39.1145066666667	1898498086.79688
39.1423466666667	1878398319.40625
39.1699716666667	1956748648.60938
39.1986283333333	2070846867.41406
39.226275	1922775938.47656
39.25358	2109834113.86719
39.282185	1999739809.48438
39.3095016666667	1955501933.24219
39.33758	1994878443.73438
39.3650833333333	2053921868.46875
39.3915333333333	1883556922.9375
39.4187316666667	2017153327.95313
39.44637	1988073549.53906
39.4741483333333	2036255014.83594
39.50207	2149467624.28906
39.52975	1963081466.04688
39.5571633333333	1923365872.67188
39.5865316666667	2002381239.30469
39.6147766666667	1945172246.71094
39.6437016666667	1966342897.1875
39.672995	1957289962.03906
39.7023666666667	1992247587.91406
39.7306533333333	2105496782.67188
39.7584916666667	1962230197.85156
39.7874583333333	1925241936.17188
39.8158133333333	1882026396.57031
39.8436233333333	1952910299.875
39.8718466666667	1883182071.46875
39.8996583333333	1830377977.01563
39.9269933333333	1758100423.04688
39.9546966666667	1813618229.53906
39.9828266666667	1708093545.69531
40.010055	1661720121.16406
40.0383716666667	1800676477.92969
40.0661	1682560737.20313
40.0935666666667	1619199513.625
40.121525	1608452005.30859
40.149445	1656232060.47656
40.1777783333333	1739068390.125
40.20588	1732531384.3125
40.2335333333333	1714821057.51563
40.2612933333333	1710780714.46094
40.2907916666667	1760502180.03906
40.3201683333333	1703574729.625
40.3487716666667	1664877791.75781
40.3769783333333	1659612764.40625
40.4051233333333	1604754576.14844
40.4331483333333	1748977045.59375
40.4612483333333	1831376363.53125
40.488945	1881584778.32031
40.5158583333333	1796034302.15625
40.5439266666667	1798322071.54688
40.5730883333333	1772924448.02344
40.6016666666667	1651548341.96094
40.6306316666667	1677354841
40.6594316666667	1560585968.39063
40.688205	1553653303.09375
40.7155566666667	1588718269.15625
40.74457	1509853945.75
40.7719616666667	1498451187.69141
40.7997283333333	1580410828
40.8278833333333	1656978059.71094
40.8555233333333	1630893301.67188
40.882845	1639593973.21875
40.91109	1699696943.28906
40.9394183333333	1629795555.86719
40.968075	1692790195.1875
40.997405	1652788023.32813
41.026045	1591622824.64844
41.053445	1611708194.45313
41.0811583333333	1668671542.27344
41.109395	1622912249.71094
41.139075	1708408551.76563
41.1670583333333	1616822401.94141
41.1948833333333	1714484895.10156
41.2236766666667	1646430305.64063
41.25036	1666835011.92188
41.2775	1743968409.23438
41.3050616666667	1709129157.1875
41.3333116666667	1726465655.17969
41.3605033333333	1643057993.94531
41.3891166666667	1715261496.46875
41.417705	1701099504.73047
41.4451266666667	1719650375.80469
41.474165	1663693459.49219
41.5017183333333	1804908135.08594
41.53015	1801127502.92188
41.558385	1819083354.625
41.5861866666667	1840295070.01563
41.6139683333333	1771893338.78906
41.6413033333333	1771180668.42969
41.6688666666667	1904488741.26563
41.696425	1943900890.125
41.7240883333333	2019872304.29688
41.7527316666667	1999589312.00781
41.7814716666667	1980100768.71875
41.80934	1952968616.55469
41.8381783333333	2012319181.53906
41.8665483333333	1885425260.59375
41.8955733333333	1779133550.16406
41.9246866666667	1850868882.34375
41.95378	1825666688.5625
41.9837883333333	1963605863.78906
42.0130783333333	1907064984.73438
42.0408233333333	1826091142.04688
42.06923	1898687767.39844
42.09845	1927467757.875
42.126415	1791655730.11328
42.156335	1802638170.0625
42.1841216666667	1682108279.83594
42.21293	1817985106.14063
42.2411716666667	1851277413.71875
42.2699166666667	1814714146.34375
42.2976966666667	1838189562.48438
42.3256033333333	1702486397.82422
42.3532866666667	1661221690.44531
42.38173	1622191434.05469
42.4103683333333	1678967245.60547
42.439295	1609631638.19531
42.468155	1638813777.59375
42.4971183333333	1730081172.88281
42.5265883333333	1799213247.64063
42.5556133333333	1699544567.95313
42.58366	1679242772.33594
42.6121133333333	1765417992.08594
42.6414	1766541033.22656
42.6695266666667	1685281564.375
42.6975683333333	1828025993.28125
42.7249383333333	1757834022.875
42.7530166666667	1780737540.75781
42.781875	1815427610.38281
42.8103966666667	1849844588.0625
42.838705	1792929227.38281
42.86684	1852715630.375
42.89466	1870929230.9375
42.9224966666667	1966708088.39844
42.9501333333333	1832718340.35938
42.97786	2018801880.875
43.0049	2000032561.45313
43.0326816666667	1966220862.60156
43.06161	1956240066.65625
43.0894516666667	1923154554.57813
43.1178083333333	1888112056.82031
43.1470616666667	1856486801.35938
43.1749283333333	1838518685.69531
43.2041966666667	1716174158.21875
43.2330083333333	1732414033.46094
43.260735	1760721653.98438
43.28839	1704523910.42969
43.316515	1765133416.17969
43.3436283333333	1906019818.98438
43.3722933333333	2088140123.96094
43.4009133333333	2014892851.92188
43.429765	2169746990.5
43.4579016666667	2099295717.25
43.4870533333333	2165586858.34375
43.5159133333333	2198012880.32813
43.54413	2127302780.71875
43.5721433333333	2157022005.39844
43.6002866666667	2122792045.51563
43.6284233333333	2155362167.42969
43.6569183333333	2120183383.92969
43.685465	2147431543.125
43.713185	2062104115.03125
43.7410466666667	2124825079.75781
43.7688666666667	2028483589.25
43.79726	2059245605.17188
43.82597	1977333854.125
43.8554183333333	1819090458.13281
43.8844633333333	1946851925.80469
43.9134066666667	1806900313.40625
43.94205	1765592032.40625
43.971605	1874203988.59375
43.99998	1956871799.26563
44.0291483333333	1942024900.71094
44.0589533333333	1804535658.25
44.087765	1790641063.25781
44.11628	1911205757.01563
44.14472	1903426233.67969
44.17262	1724769154.48828
44.2025216666667	1804333609.72656
44.2318166666667	1835874565.38281
44.260575	1750289007.79688
44.2890116666667	1752117580.19531
44.3173516666667	1728015559.42188
44.3466066666667	1580801544.75
44.3757983333333	1600135820.625
44.4056466666667	1586021028.02734
44.43509	1548183415.77344
44.4640483333333	1507816051.53906
44.4932966666667	1523682992.87109
44.5222383333333	1413069437.80469
44.5516733333333	1506055914.54297
44.5806533333333	1494408102.01172
44.60992	1456595803.1875
44.63886	1391348467.96484
44.6677816666667	1570997339.65625
44.696205	1487235138.98047
44.7255216666667	1625679093.05078
44.75334	1638942474.85156
44.7817916666667	1643127714.67969
44.8110116666667	1541549659.61328
44.8400066666667	1627062221.96875
44.868475	1625756344.61328
44.8966066666667	1595533445.21094
44.9246883333333	1611963395.65234
44.954105	1598207450.49219
44.9836283333333	1570510099.74219
45.0133066666667	1563641624.78906
45.042145	1594306486.92188
45.0725883333333	1477699801.58594
45.1013933333333	1560839911.65625
45.13004	1532004726.69531
45.157665	1553999487.49609
45.1860433333333	1538519013.46094
45.2140233333333	1628724366.89063
45.2426566666667	1556518720.17969
45.270905	1692750790.57031
45.300095	1672162934.66406
45.32731	1740707423.8125
45.3537716666667	1661450570.08984
45.3816966666667	1822184891.50391
45.41056	1751354688.67969
45.438095	1965406962.46094
45.4668566666667	2101416138.90625
45.4941683333333	2070484289.10156
45.52285	2166266819.6875
45.5505933333333	2153008407.64844
45.57883	2147844335.1875
45.607045	2060299487.05469
45.63658	1994306151.86719
45.6647883333333	2068414182.64063
45.6927766666667	2128472436.13281
45.7215766666667	1958416738.49219
45.7513566666667	2053418477.09375
45.7802583333333	1957987790.03125
45.809315	1929760576.25
45.8383616666667	1989553216.39063
45.8667816666667	1961896452.9375
45.8965416666667	1733016208.95313
45.92562	1722875091.28906
45.9544133333333	1599889337.32422
45.9813216666667	1744419611.92188
46.010095	1621275766.46094
46.0382483333333	1628553163.28906
46.0667183333333	1638642762.35156
46.09569	1572892132.80859
46.1249683333333	1525788379.39844
46.15364	1516743327.19531
46.1822033333333	1472181621.17188
46.2106466666667	1411059649.21875
46.24021	1395312367.62891
46.2690566666667	1404891548.08594
46.2986716666667	1423344252.21094
46.3272016666667	1388567617.60547
46.3540733333333	1435013163.02344
46.383125	1362230903.15625
46.4109933333333	1357044144.26563
46.4383133333333	1439098716.18359
46.4656833333333	1473960055.09375
46.4940983333333	1463759154.91406
46.5216383333333	1626873999.53906
46.5504233333333	1680687961.41406
46.5787983333333	1649451582.19922
46.6065616666667	1766893032.05469
46.634365	1650935619
46.661335	1777989153.91797
46.6901916666667	1770534614.8125
46.7188016666667	1715193378.30469
46.7477166666667	1585013113.19531
46.7764266666667	1709834299.76953
46.805495	1668796993.17969
46.836365	1614012460.70313
46.865135	1646214550.84375
46.8945283333333	1619553547.39453
46.9232166666667	1551801941.54688
46.9516066666667	1544514487.11328
46.9802833333333	1475132833.80078
47.0095083333333	1450470769.85156
47.0387366666667	1503297580.73438
47.0681083333333	1471249547.28125
47.0985733333333	1487803003.27344
47.1266266666667	1549340435.83984
47.156585	1367252561.84375
47.1857483333333	1478602437.76563
47.2144583333333	1565772471.89844
47.24212	1565084565.82031
47.27049	1470242918.58203
47.2985083333333	1601872877.37891
47.32786	1656180289.77344
47.3561116666667	1704052880.64063
47.3844666666667	1666318407.82813
47.4125383333333	1605765364.375
47.441735	1642691276.88672
47.469935	1608222269.91406
47.4983433333333	1524729919.33594
47.5271433333333	1507451778.94922
47.5560483333333	1516383648.88281
47.5857433333333	1456500400.75781
47.6145833333333	1437271619.85938
47.6438883333333	1420691009.6875
47.6730033333333	1363665638.99219
47.70247	1406153127.36328
47.7310783333333	1381181427.39453
47.760175	1382562171.79297
47.789165	1297617219.38672
47.8185083333333	1343191554.08203
47.8472916666667	1347723757.44141
47.87651	1270588550.23828
47.906105	1293101474.98438
47.9356566666667	1254459109.14844
47.964505	1328255225.11719
47.99473	1281676898.60547
48.02458	1326744776.56641
48.05432	1365870621.08203
48.08377	1414091339.38281
48.11231	1392631427.98438
48.1405033333333	1447499145.50781
48.1692183333333	1408603113.46484
48.1976183333333	1275712346.64453
48.226855	1420617072.39844
48.25618	1332610726.94141
48.2845366666667	1287912655.4375
48.3126666666667	1285615905.51953
48.3405316666667	1291398150.57422
48.3690783333333	1345370031.44922
48.396475	1257636877.77734
48.4257766666667	1335429126.11328
48.4554816666667	1316416225.08203
48.48488	1364705740.64453
48.5133966666667	1369259414.80859
48.5424566666667	1357682660.47656
48.5708333333333	1364383346.22266
48.6000466666667	1322855342.85547
48.62928	1340544805.82813
48.6588933333333	1268275800.32422
48.6883866666667	1288439187.76563
48.7171766666667	1276971895.65625
48.7469266666667	1191638614.78125
48.7766983333333	1242512936.26953
48.8066316666667	1248108165.44141
48.8345866666667	1248619369.29297
48.8627916666667	1201726108.53125
48.8927733333333	1245735218.29688
48.9220533333333	1147742424.03125
48.9500116666667	1287534023.44531
48.9797766666667	1318625572.90625
49.0080566666667	1328921874.64844
49.036785	1250205903.92578
49.0649966666667	1313893991.27344
49.0938083333333	1285392596.26953
49.1221166666667	1359286011.89844
49.1515833333333	1309487048.82813
49.1799166666667	1270046597.98438
49.2093	1262803727.35938
49.2387383333333	1152714141.65625
49.2697083333333	1400106609.53906
49.2984783333333	1409430045.14844
49.3282	1389142749.32813
49.3573483333333	1420141846.8125
49.3858133333333	1535554907.35156
49.414305	1463055115.98828
49.442805	1579139833.08594
49.4711433333333	1414061412.23047
49.5005283333333	1556913361.42578
49.5298416666667	1536883259.87109
49.5593416666667	1399311089.21094
49.58815	1485449266.19531
49.6165766666667	1485479474.68359
49.6452466666667	1432056426.80469
49.6735166666667	1334764156.39453
49.702005	1336887661.72656
49.7308433333333	1330156434.90234
49.7603183333333	1297074123.11328
49.7894333333333	1255845529.95703
49.818845	1314543274.88281
49.8469616666667	1290655939.01172
49.8742433333333	1278379726.5625
49.9038083333333	1311521548.74609
49.9326366666667	1248773000.15234
49.9622766666667	1331120977.85938
49.9918583333333	1276745816.39844
50.0214633333333	1295580367.94531
50.0504133333333	1370758245.03516
50.0796716666667	1331034346.72266
50.1071033333333	1332634922.50781
50.13713	1366678458.46094
50.1665533333333	1332720575.94922
50.19539	1361582757.70703
50.22487	1376377847.39844
50.2528466666667	1364416455.64453
50.281165	1368267012.76172
50.309555	1371766502.79297
50.3401866666667	1343689038.69141
50.3692033333333	1331685805.36719
50.3990783333333	1328167876.16406
50.427395	1275710764.67578
50.456705	1251362250.94922
50.4853983333333	1234552684.39844
50.5146633333333	1184172891.40234
50.5437933333333	1195616956.47266
50.5724366666667	1138709902.13672
50.60176	1211011834.79688
50.63071	1174218914.13281
50.6597866666667	1247290858.29688
50.6885483333333	1279188500.14844
50.717755	1291274948.08984
50.7454816666667	1445285073.49219
50.7740516666667	1438162088.55859
50.801335	1489107931.66406
50.8302533333333	1573942562.13281
50.8582583333333	1559817936.64844
50.8871916666667	1658024209.29297
50.9154583333333	1680863988.97656
50.9449466666667	1585693185.29297
50.9746433333333	1588928631.74609
51.0042616666667	1557664980.67188
51.0334083333333	1476207743.36719
51.0633016666667	1555366149.65234
51.0939916666667	1427058221.12109
51.1238916666667	1405368931.39063
51.154745	1407376697.21094
51.1846366666667	1417451667.20313
51.215085	1317076204.90234
51.2451233333333	1357042681.89063
51.2744466666667	1302643575.24609
51.3057383333333	1311083265.85156
51.3345933333333	1322735531.85156
51.3637433333333	1202650840.12891
51.3922966666667	1288708641.55469
51.4227733333333	1203911122.48828
51.452755	1197741794.18359
51.481945	1163814437.29688
51.5108616666667	1139171594.08984
51.5406583333333	1147000750.73047
51.5708683333333	1181085180.36719
51.6014983333333	1152043011.05469
51.6309383333333	1084645472.86328
51.6599066666667	1137075271.05859
51.6887383333333	1086834536.05469
51.7190116666667	1126155881.28125
51.7484966666667	1086136128.0625
51.777615	1111580057.52344
51.8078083333333	1106939431.17969
51.836075	1174227961.59766
51.8660266666667	1191205887.77344
51.895335	1250535828.36719
51.924825	1252308951.08203
51.9541283333333	1367428768.27734
51.9820566666667	1354126327.77344
52.010965	1386553958.18359
52.0391533333333	1376056962.3125
52.0687816666667	1334875651.28125
52.0973316666667	1316508423.10156
52.1266566666667	1307376806.18359
52.1559566666667	1255159111.83594
52.185565	1300314676.89844
52.215415	1275891968.48828
52.244115	1230301741.41406
52.2729483333333	1261790168.35938
52.3029216666667	1253224901.14063
52.3323083333333	1210748992.01563
52.3621616666667	1266828398.41797
52.3915	1235441968.67188
52.4222933333333	1236172127.36719
52.45215	1230197340.78516
52.4825316666667	1212879850.05469
52.51169	1219452830.5
52.5420133333333	1234621607.875
52.571295	1214725332.83203
52.6014333333333	1260967820.84375
52.6317016666667	1347742276.21484
52.6613183333333	1286713373.66797
52.6914533333333	1347242019.75
52.72094	1333546606.21484
52.750445	1346074200.61719
52.77932	1239945765.17188
52.8075016666667	1331083469.71484
52.8363733333333	1342348604.41797
52.8655266666667	1363820831.01563
52.8943266666667	1330526050.94922
52.9232666666667	1297830000.09766
52.9532533333333	1257883583.10547
52.9816266666667	1283318619.10547
53.0095583333333	1291737249.53125
53.0385716666667	1251789307.01172
53.0684066666667	1252451696.10938
53.0973183333333	1206181717.83594
53.12759	1190503655.4375
53.1573516666667	1178655281.90625
53.186425	1138406384.44922
53.2169566666667	1131849802.03125
53.24736	1179516233.62109
53.2766083333333	1170229567.27344
53.3056366666667	1156257393.60547
53.3353733333333	1076010081.01563
53.364525	1154267745.60938
53.3938883333333	1124363713.50781
53.4236316666667	1172769546.23438
53.4531483333333	1155843559.94922
53.480745	1225523092.08203
53.509045	1175756110.28125
53.5392533333333	1181355262.41016
53.5694116666667	1189812920.42969
53.5995683333333	1228993666.28125
53.6295683333333	1188062893.61719
53.65925	1242929630.76563
53.689155	1253977675.23438
53.7193666666667	1197930320.18359
53.7501083333333	1254777633.76563
53.78152	1164222753.92969
53.8112366666667	1201849157.84766
53.8414383333333	1180042736.5
53.8717316666667	1202186637.99609
53.9008033333333	1235943806.14063
53.9304133333333	1118255172.18359
53.960415	1142800511.95703
53.98981	1131056934.32813
54.0188033333333	1122633701.78516
54.0474016666667	1088809038.78906
54.0767266666667	1104889405.22656
54.1052083333333	1071659821.92578
54.1348683333333	1083114279.72266
54.1641383333333	1052499963.33203
54.19384	1065937137.20703
54.2229716666667	1061070963.19922
54.2518216666667	1120660567.07813
54.28238	1108294176.90234
54.3119333333333	1143345829.78516
54.34079	1170367869.85156
54.3710766666667	1203774230.05469
54.40052	1259456304.69531
54.4303766666667	1272012836.91016
54.460585	1316800322.35938
54.4911016666667	1275966609.66797
54.5209683333333	1312178847.80859
54.5498816666667	1284351209.54297
54.578755	1273619783.72656
54.6081183333333	1202465346.28906
54.6374683333333	1200597633.06641
54.6672733333333	1170303429.03906
54.6983283333333	1137462850.66406
54.7284333333333	1075288930.21484
54.7579416666667	1145704552.93359
54.7872533333333	1066945322.5625
54.8171583333333	1062665726.10547
54.84683	1068910136.09766
54.8756483333333	1084438857.375
54.9047233333333	1049251396.00781
54.9341316666667	1093256986.94531
54.963445	1086516700.06641
54.99373	1102087115.02344
55.0228816666667	1246488274.10938
55.0510983333333	1077689858.96875
55.08006	1103024027.31641
55.1099533333333	1225835717.35156
55.1392816666667	1070221593.94531
55.1679166666667	1072932982.64063
55.197965	1037474881.04688
55.2261816666667	1022330409.90625
55.255425	1078281724.51953
55.28498	1068576886.97266
55.3139866666667	1071984726.09375
55.3437883333333	1073007983.12891
55.373475	1085884050.92578
55.4022616666667	1102796969.38281
55.4311566666667	1134038022.24219
55.4601783333333	1156277432.25
55.4881266666667	1197947761.50781
55.5171083333333	1250593733.46484
55.54707	1207186370.58984
55.5757766666667	1284731693.10938
55.6050866666667	1229244653.84766
55.634495	1241782210.84375
55.6648383333333	1206948871.29688
55.6940433333333	1179686305.98438
55.72329	1157663857.10938
55.7523466666667	1163286007.00391
55.7812583333333	1177598910.37891
55.811145	1255525175.83984
55.84079	1131247774.57422
55.8705833333333	1104538474.57031
55.8993983333333	1145653762.82813
55.9286066666667	1064110558.66797
55.9588633333333	1093374868.97266
55.98839	1071469926.75
56.01725	941662730.476563
56.0468966666667	988493428.699219
56.0769583333333	998659317.757813
56.1063833333333	966595058.644531
56.136265	972973895.21875
56.1658083333333	914528148.589844
56.1954616666667	905172587.523438
56.2250383333333	988027755.023438
56.2550233333333	976273273.125
56.2848466666667	963104660.089844
56.31495	1031643487.71484
56.3451566666667	1012256356.375
56.3759616666667	1053217768.47266
56.4053316666667	1063988594.37109
56.4347583333333	1122354537.53125
56.4659383333333	1139857937.29297
56.4958633333333	1132556838.33203
56.5254833333333	1138645948.83594
56.5550183333333	1145629497.90234
56.5844633333333	1159191782.69922
56.6139416666667	1161450956.42969
56.642625	1098555835.46875
56.6722166666667	1123776560.78125
56.700465	1117330819.15234
56.7302583333333	1108906547.82422
56.7595633333333	1087725291.37109
56.78956	1086638824.08984
56.819295	1006871612.96484
56.8482616666667	991468247.441406
56.8777616666667	1036566678.30859
56.9077216666667	1016574651.14063
56.9370633333333	1020317027.3125
56.9659083333333	1062092668.01953
56.9956816666667	1030405785.80078
57.025535	1048268519.58984
57.0556383333333	1010636069.18359
57.0853366666667	1058137411.83594
57.1143533333333	1025726675.92578
57.1441416666667	1051309504.76953
57.1746283333333	1044000178.99609
57.2056366666667	1090108925.98438
57.2350466666667	1072002146.47266
57.2652166666667	1069210450.89063
57.2943816666667	1091212509.19531
57.323505	1114096182.625
57.3543983333333	1165549215.07422
57.38393	1142084135.08984
57.41316	1202216068.5
57.442645	1186111930.65234
57.47289	1365222996.5625
57.5012233333333	1217717186.35938
57.5305133333333	1180704333.10938
57.5597533333333	1235734311.84375
57.5897233333333	1120913369.0625
57.6197483333333	1104149423.49219
57.6495016666667	1074581646.68359
57.6786783333333	1072652835.75781
57.7078016666667	1044385295.42188
57.7374816666667	1003338177.46484
57.7673283333333	1010254270.89844
57.7979733333333	930278655.714844
57.8273033333333	950473847.871094
57.85641	908815763.457031
57.8862166666667	854056057.710938
57.9146816666667	917028581.769531
57.94421	933961785.976563
57.9738783333333	877473783.171875
58.0029833333333	914438510.027344
58.03216	886303099.03125
58.0619433333333	929412331.605469
58.090805	955781731.296875
58.119795	952170063.933594
58.1495266666667	1016236895.87891
58.1793366666667	1022433942.05469
58.2088333333333	1080733899.12109
58.2391166666667	1084086901.04688
58.268795	1082934533.85938
58.2984916666667	1042061684.00391
58.3282183333333	994404537.332031
58.3575116666667	951096257.136719
58.3875183333333	963501853.542969
58.417115	943191716.050781
58.4463033333333	915572018.550781
58.4751833333333	907197275.578125
58.5039216666667	932886990.433594
58.532825	959680928.175781
58.56257	905426003.472656
58.5923366666667	884738581.453125
58.6219833333333	917200096.238281
58.651145	932489233.671875
58.6799116666667	1008369972.20703
58.7084233333333	904834060.085938
58.738265	966055139.246094
58.7660716666667	908724105.585938
58.7962433333333	950404017.121094
58.82647	942632552.933594
58.856335	944892287.277344
58.8859983333333	929001201.410156
58.9156916666667	997662361.074219
58.945035	980918152.15625
58.9749183333333	1029175299.32813
59.0057816666667	1026656653.08203
59.0342766666667	1054379925.03125
59.0637683333333	1001452968.50391
59.0934816666667	999343108.082031
59.1226666666667	1001708362.95313
59.151325	977048996.050781
59.1813266666667	981777924.128906
59.210975	940591775.605469
59.2414983333333	915279057.773438
59.2715433333333	957797686.089844
59.3002683333333	977137100.976563
59.3288466666667	944005157.113281
59.3580666666667	960837609.640625
59.38741	936515017.316406
59.4182266666667	945660977.335938
59.44733	901272894.601563
59.4781716666667	927517981.710938
59.5076266666667	911336152.035156
59.5379783333333	942192140.132813
59.5689566666667	982348472.132813
59.597835	1081086145.59375
59.6274216666667	1045963522.63281
59.657515	1079823074.64063
59.6867833333333	1109936683.41797
59.7151766666667	1143490606.63281
59.74481	1138368615.71094
59.77392	1123799515.34766
59.803955	1103551120.03125
59.83412	1105290464.64063
59.8646066666667	1101864241.62109
59.8954283333333	1080736112.17578
59.9257383333333	1017817307.73438
59.9559966666667	1012204890.125
59.9861633333333	962079774.671875
60.0149966666667	1003671794.11719
60.044835	1001918798.21484
60.074855	1021536076.39453
60.1053616666667	966340703.824219
60.13481	1114226665.21875
60.1630116666667	998244551.871094
60.1918566666667	1063490517.13281
60.221775	1077825365.91797
60.2512083333333	1106729735.72656
60.2798766666667	1096427438.64453
60.3092616666667	1105250962.21094
60.3392633333333	1104706242.94922
60.3691583333333	1150346352.08203
60.39914	1110779287.32031
60.4289683333333	1063212584.26563
60.4593883333333	1104834111.08203
60.4896716666667	1080841998.93359
60.5205083333333	1020929523.96484
60.55044	1046800863.01563
60.5805816666667	1065050026.16016
60.6104116666667	1060379743.72656
60.640855	1122277612.94141
60.6708	1047405542.06641
60.7008183333333	1093880995.67969
60.7310016666667	1142199389.82031
60.7604483333333	1077757833
60.7898733333333	992019964.339844
60.8197883333333	979756456.441406
60.8502716666667	893451118.976563
60.8807683333333	867794047.625
60.9103916666667	887666444.976563
60.94002	854397262.453125
60.96934	804337991.867188
60.998865	774388416.386719
61.02905	836692289.769531
61.0587983333333	734458184.792969
61.088715	775911654.070313
61.1187566666667	794118473.082031
61.1485116666667	763300962.734375
61.1786083333333	924867702.699219
61.2081033333333	766222923.238281
61.238315	816794105.265625
61.2686866666667	874240215.550781
61.298925	841190337.582031
61.32865	826276779.457031
61.35848	903961533.523438
61.3884683333333	908568145.226563
61.4191033333333	974844773.316406
61.4491083333333	1058703111.58203
61.4786283333333	1022184661.53906
61.508835	1093709303.88281
61.5383883333333	1043719915.48047
61.5676083333333	1110349429.91406
61.59612	1136903646.65234
61.6258583333333	1231552733.25
61.655305	1194161900.80469
61.6857533333333	1087455520.95703
61.71509	1167445851.73047
61.744795	1339611946.74219
61.7741633333333	1249584876.78906
61.8059016666667	1266442209.11328
61.8368133333333	1125319063.66406
61.8674933333333	1082118835.98828
61.89876	1190003971.28516
61.92848	1110308180.74219
61.958215	993842961.648438
61.988115	1020693564.00781
62.01904	1026243921.77344
62.0491333333333	1087021459.05469
62.078005	1114011594.85156
62.10838	1036416136.10547
62.138875	1124520136.83984
62.1694016666667	884778351.648438
62.200165	935667014.628906
62.2303033333333	853848242.480469
62.261005	885529780.757813
62.29173	897755394.511719
62.3235616666667	802540610.011719
62.3533133333333	764697880.001953
62.382865	898703751.589844
62.4118066666667	857419748.496094
62.4420433333333	895910430.164063
62.472325	852674781.203125
62.5021466666667	890001970.722656
62.5324816666667	946681703.816406
62.5626416666667	1058763841.01953
62.5921516666667	907424811.324219
62.6217733333333	880804412.105469
62.6514633333333	964895788.210938
62.6820433333333	916998622.425781
62.7130383333333	892728615.289063
62.7429516666667	871247223.367188
62.7740566666667	806742070.058594
62.8041666666667	799518990.5
62.8348016666667	878896617.371094
62.865285	790360408.34375
62.8945783333333	803132169.492188
62.924065	843813802.855469
62.95419	816691244.035156
62.9848083333333	819949668.660156
63.0157183333333	757993541.925781
63.045805	860055921.84375
63.0749983333333	792968396.78125
63.105285	915683045.117188
63.135165	940965524.679688
63.1655416666667	927858398.152344
63.19573	955142867.300781
63.2266516666667	1015220357.39063
63.257045	1100039162.24219
63.287015	1056895051.70703
63.3177933333333	1061656613.88281
63.3473	1037867298.22656
63.3766833333333	1026277244.86719
63.4065816666667	928319879.539063
63.43709	940468951.742188
63.466565	870391505.726563
63.4957866666667	951239896.832031
63.5252533333333	903244227.617188
63.554255	865664477.1875
63.5843816666667	882672076.972656
63.6141266666667	904092184.125
63.6444916666667	957245634.503906
63.6746483333333	1008180410.02734
63.7040666666667	989927919.855469
63.7335016666667	984850598.847656
63.7636583333333	988786792.777344
63.7943666666667	1018504060.83984
63.8255216666667	1005480638.14453
63.8557383333333	1072899795.26563
63.8846966666667	1061049191.89063
63.9146733333333	1277541152.0625
63.9437566666667	1150242995.14453
63.9728683333333	1217907210.66406
64.002425	1215070030.13281
64.0322133333333	1213489571.66016
64.061715	1135607433.60547
64.0904016666667	1199294964.20703
64.1202966666667	1254469166.59375
64.14972	1096191501.375
64.1802083333333	1086567182.80469
64.2107466666667	1076951171.80469
64.2418016666667	1007529651.55469
64.2730866666667	1023792509.62109
64.302945	1043488238.91797
64.3335483333333	1006342258.62891
64.3631883333333	843986429.964844
64.3938366666667	849047754.369141
64.4241833333333	976031586.574219
64.4546933333333	871298044.660156
64.485785	874987604.484375
64.51574	912467220.3125
64.5464866666667	951300489.425781
64.5766583333333	839035762.304688
64.6078066666667	813391683.431641
64.6391916666667	843669573.554688
64.670225	786648317.488281
64.7025283333333	763793221.353516
64.7336583333333	741722254.951172
64.7653333333333	913345376.769531
64.796115	761094107.8125
64.8270316666667	784158640.628906
64.8574583333333	778736827.675781
64.8870066666667	831044857.578125
64.916375	792272768.695313
64.94601	801351112.679688
64.976145	803549443.316406
65.0064583333333	759259697.736328
65.0363883333333	856263634.988281
65.0673366666667	871730467.550781
65.0989366666667	814929046.130859
65.1293033333333	870234250.578125
65.1599416666667	844215006.484375
65.19003	915779546.652344
65.2203983333333	831319289.306641
65.2507366666667	879348610.117188
65.28102	843247411.675781
65.3122516666667	815370959.6875
65.343015	947907607.367188
65.37444	835232106.832031
65.405725	827781443.203125
65.4364783333333	800780284.599609
65.4674983333333	692990712.486328
65.4980116666667	736131499.341797
65.5288433333333	710230478.742188
65.5596966666667	726252453.443359
65.5902916666667	687063537.052734
65.6202633333333	784396656.75
65.64985	662113028.527344
65.68011	663307943.261719
65.711005	632656885.773438
65.7417633333333	729118487.789063
65.7725	646220609.453125
65.8029983333333	647189941.806641
65.833615	665981683.044922
65.86359	643888832.351563
65.8944983333333	694315499.863281
65.9246233333333	683630389.744141
65.955035	669997312.810547
65.98575	696029717.769531
66.0163666666667	658279199.611328
66.0461683333333	768951615.679688
66.0754016666667	722924804.021484
66.105505	671414179.009766
66.1348933333333	708265182.289063
66.1642016666667	734552088.970703
66.1937533333333	822682153.332031
66.223845	925916528.167969
66.2521566666667	1043449061.94531
66.2804533333333	1153469033.21875
66.3091583333333	1254883146.53125
66.3389133333333	1254719566.89844
66.3686166666667	1209401848.86719
66.399105	1174102995.08203
66.4303566666667	1065930174.10547
66.4611016666667	1088024862.78125
66.4921016666667	1149545961.07813
66.5229916666667	1066983797.35938
66.5541116666667	1014189261.00391
66.5861216666667	1063695097.65234
66.6167716666667	973632898
66.6480366666667	975622476.191406
66.67871	925713138.199219
66.7087883333333	940129608.152344
66.73861	931411557.820313
66.768645	945664386.732422
66.7982266666667	977555889.015625
66.8270083333333	952026612.388672
66.8565316666667	1004256635.69922
66.885685	1017680721.95703
66.915675	997163880.353516
66.94607	965642126.175781
66.9767533333333	1001088834.44531
67.0071383333333	934900742.248047
67.0378666666667	878160821.865234
67.0691766666667	991869691.792969
67.099675	883152629.644531
67.13175	848120736.791016
67.1621783333333	850271403.488281
67.1938866666667	870950647.46875
67.2236716666667	803920864.589844
67.2531433333333	770977970.830078
67.283995	732967819.804688
67.31427	757295114.542969
67.345285	703426591.328125
67.3761033333333	660230673.064453
67.4082866666667	700830028.414063
67.4381916666667	679058672.806641
67.467245	662943325.302734
67.4970516666667	665399623.115234
67.527675	701432236.615234
67.5581666666667	737106443.876953
67.5888933333333	710641697.910156
67.6191133333333	668329704.535156
67.6492766666667	741020133.226563
67.680155	807926244.154297
67.710475	860077263.537109
67.7397183333333	881190639.558594
67.7699016666667	981932608.578125
67.8002716666667	948219820.703125
67.82976	936102827.25
67.86094	1019254749.28125
67.8911583333333	897124308.929688
67.921055	873062650.964844
67.951785	858683751.130859
67.9819216666667	824055465.583984
68.01219	795133341.404297
68.0427733333333	739016938.052734
68.0743183333333	728897435.320313
68.105755	768914442.945313
68.1365216666667	727248199.136719
68.1675666666667	787771280.960938
68.19866	791962263.601563
68.2298733333333	746166937.556641
68.260645	760496403.361328
68.2916616666667	706124202.537109
68.3224416666667	764416825.177734
68.3522866666667	713220251.728516
68.382505	717373479.970703
68.413155	709702235.068359
68.444395	675215219.511719
68.4742616666667	681197239.494141
68.5053566666667	703614056.783203
68.53646	710443419.464844
68.56695	701019131.035156
68.597695	754970061.730469
68.6279366666667	860019531.667969
68.6576166666667	732918483.978516
68.6885716666667	795334369.289063
68.7188566666667	815008290.923828
68.7499483333333	867522868.480469
68.7801466666667	859651834.123047
68.810345	941909203.429688
68.841475	949340024.59375
68.8714833333333	1092094750.14844
68.9013333333333	1181811834.79297
68.9296233333333	1159558610.38672
68.9588766666667	1204656178.01563
68.989365	1340562651.26172
69.018855	1164822609.90625
69.049855	1172660793.1875
69.0793033333333	1263187111.28516
69.1087916666667	1134255740.45703
69.13957	1096369803.49219
69.1706216666667	1063322949.60156
69.20171	965787227.859375
69.2323533333333	968781822.585938
69.2630033333333	939574538.023438
69.2936216666667	937736320.425781
69.3244783333333	1039451048.51953
69.3549716666667	968148607.070313
69.385265	861192005.34375
69.4148216666667	968379676.195313
69.4449783333333	808225549.953125
69.4749233333333	899868492.507813
69.5055233333333	819012810.082031
69.5363216666667	778195088.726563
69.56697	762356209.908203
69.5983283333333	721168869.023438
69.6289183333333	698780604.125
69.66099	703466965.039063
69.691365	625448650.748047
69.7216433333333	648649223.978516
69.7525316666667	593595775.394531
69.783565	591682065.605469
69.8155716666667	511126212.279297
69.8475466666667	558328386.228516
69.8790466666667	560878138.455078
69.9101766666667	556349168.443359
69.941635	560761319.269531
69.973645	498804115.957031
70.0041683333333	472318688.349609
70.0349	493574206.929688
70.065665	498223903.113281
70.09672	467709323.167969
70.1284516666667	406338822.492188
70.1600483333333	463756655.498047
70.1913416666667	440528943.876953
70.2219166666667	461598219.835938
70.2529183333333	427835465.107422
70.2856183333333	505458961.130859
70.3163	499439056.800781
70.3477266666667	462973317.46875
70.378445	500045554.945313
70.4086616666667	486591543.869141
70.4382733333333	569999689.193359
70.46948	519198817.685547
70.4994783333333	509959120.966797
70.5297583333333	515846669.490234
70.5599866666667	498727929.765625
70.5916366666667	489959547.365234
70.623195	514588383.863281
70.65392	490708066.410156
70.6842666666667	508104498.464844
70.7143733333333	510879506.648438
70.7445316666667	510388415.236328
70.7751166666667	420331030.431641
70.8079333333333	419719276.953125
70.8402916666667	446836173.076172
70.8718666666667	453262466.130859
70.9027966666667	445337391.021484
70.9344783333333	465791216.517578
70.9657966666667	456390703.761719
70.9966233333333	504105601.658203
71.0265483333333	518084681.470703
71.0567033333333	489532950.097656
71.0872083333333	517714132.837891
71.1181916666667	451193645.453125
71.1485283333333	566103716.666016
71.1787483333333	526336551.230469
71.21006	483703939.498047
71.2416533333333	521505005.230469
71.2744816666667	497594627.652344
71.305865	517149376.193359
71.3377633333333	521212648.486328
71.3687216666667	573930402.804688
71.3995333333333	526327094.164063
71.4304483333333	566871688.162109
71.4608016666667	518233118.738281
71.4910333333333	522351470.705078
71.5216066666667	546823133.076172
71.5520016666667	600765087.591797
71.5833416666667	617819916.078125
71.614295	685852236
71.6449583333333	651703884.304688
71.6764083333333	689137255.894531
71.7078766666667	728429921.878906
71.73808	737682201.021484
71.7682583333333	686848178.837891
71.7995683333333	717142110.582031
71.8300783333333	681344258.115234
71.8616983333333	749850350.972656
71.8927033333333	716033801.849609
71.92347	648270514.361328
71.9549466666667	733990817.865234
71.9861033333333	658308441.683594
72.0169683333333	659474651.582031
72.0473866666667	627274168.970703
72.0778683333333	635427728.664063
72.1082066666667	550362195.351563
72.1405283333333	572582787.199219
72.1724366666667	544156896.212891
72.20394	578259836.652344
72.2346366666667	645596778.46875
72.2657666666667	627495787.681641
72.2971866666667	664471560.521484
72.32728	650700382.474609
72.3610316666667	667233446.128906
72.3923883333333	569957984.214844
72.4241316666667	586588955.324219
72.4549283333333	613295853.46875
72.4863566666667	531669770.736328
72.5184066666667	542706223.771484
72.5487116666667	581786524.617188
72.5798883333333	562909453.916016
72.610915	550957264.193359
72.6424083333333	526991966.693359
72.672985	474222926.664063
72.7033466666667	595806066.613281
72.7343266666667	532615938.792969
72.7639666666667	567958171.353516
72.7953816666667	492405313.037109
72.826995	522880774.638672
72.8587183333333	500832293.0625
72.88922	519746566.167969
72.922005	524230567.291016
72.9530383333333	546939068.667969
72.9851916666667	504981601.869141
73.0163516666667	495649676.923828
73.0484233333333	438484032.056641
73.0806116666667	442994428.425781
73.111665	497726950.396484
73.1439633333333	541568610.007813
73.1756433333333	537533140.234375
73.20714	565033289.675781
73.2388883333333	522044206.234375
73.27039	618919019.582031
73.3007083333333	537493143.556641
73.3327816666667	559686543.873047
73.3638416666667	564618995.275391
73.3954283333333	501809933.59375
73.4271783333333	526525874.777344
73.4582066666667	517840404.070313
73.488885	585824092.470703
73.5190583333333	541819483.904297
73.5504383333333	547815517.328125
73.5809933333333	570481350.095703
73.611415	552309260.283203
73.6422683333333	560330096.007813
73.6730633333333	577724165.802734
73.7043966666667	526993545.941406
73.7363283333333	564592562.5
73.7666633333333	578549276.042969
73.79615	585670436.316406
73.827035	595994000.167969
73.8578533333333	537557098.824219
73.8883516666667	538826711.029297
73.91994	562133755.988281
73.95211	550206062.427734
73.98335	538261633
74.0147016666667	539778740.431641
74.0462966666667	572995203.265625
74.078785	464220676.623047
74.1123733333333	490352471.472656
74.1438666666667	470381942.853516
74.1766266666667	453412976.755859
74.2090366666667	461469085.423828
74.2410983333333	454317464.453125
74.27244	491417487.669922
74.3038233333333	462278313.105469
74.3356066666667	549658059.298828
74.3675316666667	562960111.570313
74.398105	495231173.386719
74.42971	590451972.808594
74.4598	534077513.714844
74.4903883333333	583778053.509766
74.5216666666667	559772155.064453
74.551165	494814218.951172
74.5821133333333	466810851.408203
74.6127816666667	493049674.5
74.6427666666667	498651222.21875
74.673105	532895483.324219
74.70409	549622542.048828
74.7343133333333	512771774.560547
74.7657866666667	611333727.121094
74.7964883333333	508447995.826172
74.8268783333333	560704693.826172
74.8583616666667	671024892.917969
74.8896716666667	494641482.759766
74.9210233333333	550356282.896484
74.9515083333333	551859574.054688
74.9832033333333	616748271.375
75.0133933333333	638336872.291016
75.0447416666667	512975591.5
75.076125	506804761.253906
75.1075833333333	482213386.693359
75.1389366666667	519854720.970703
75.1686866666667	538681920.480469
75.198685	563555080.511719
75.2287983333333	530665914.238281
75.2597883333333	538360036.357422
75.2903433333333	600901970.488281
75.32078	622703433.130859
75.352035	602090089.914063
75.38183	519498179.703125
75.4122916666667	543091897.888672
75.4440466666667	519552273.878906
75.47528	614650674.980469
75.5068566666667	530941360.662109
75.5382316666667	524474092.101563
75.5704166666667	549487981.580078
75.6014016666667	510659410.582031
75.6322833333333	477854629.292969
75.6642216666667	471474287.394531
75.6947216666667	446086590.115234
75.7269566666667	413549620.267578
75.7582316666667	456677219.632813
75.7895033333333	454005455.746094
75.8200166666667	362599504.248047
75.8512816666667	528771959.886719
75.881925	439667003.603516
75.9126716666667	538436484.550781
75.9437533333333	599010929.451172
75.9750833333333	582914516.853516
76.0059916666667	532723666.789063
76.0372466666667	542672810.115234
76.0691483333333	595737909.408203
76.1010616666667	629024390.259766
76.1325416666667	753927074.722656
76.1644383333333	644934819.826172
76.19454	685220968.699219
76.2250466666667	765865320.824219
76.2547866666667	831585825.396484
76.2848483333333	769048314.138672
76.314585	911092616.130859
76.3440583333333	886716570.335938
76.37392	792805436.591797
76.4037366666667	762670243.830078
76.4353516666667	888167552.820313
76.4656833333333	803243071.46875
76.4966316666667	780951205.447266
76.5270966666667	708188730.265625
76.5582233333333	706529094.595703
76.5898733333333	629562467.494141
76.6202983333333	582183041.271484
76.6520483333333	600940475.734375
76.6823733333333	502342824.662109
76.7139683333333	499237668.578125
76.7454516666667	553535689.248047
76.7760483333333	528338679.380859
76.8072616666667	586879897.845703
76.8377883333333	501642849.207031
76.868615	495072969.25
76.8996033333333	497282504.794922
76.9306416666667	553755567.830078
76.9612966666667	621275145.675781
76.9921016666667	602687452.875
77.0227416666667	704980510.212891
77.053175	826158949.662109
77.0838466666667	955897322.242188
77.1135716666667	1024815109.33789
77.1429833333333	1146795601.35547
77.173095	950266224.078125
77.203	987987344.775391
77.232995	943466137.535156
77.2633783333333	817526891.730469
77.2942216666667	768347632.435547
77.3250216666667	735649452.015625
77.3556866666667	818748465.642578
77.3869166666667	655701080.078125
77.4171633333333	803192961.5625
77.4470833333333	736226498.044922
77.4788933333333	811839361.169922
77.5092416666667	822467481.994141
77.5399616666667	821121522.712891
77.5707666666667	798442789.294922
77.6010883333333	735059399.009766
77.6324516666667	703076196.943359
77.663885	633275135.984375
77.6968483333333	622253181.837891
77.728025	594487523.619141
77.75904	560997923.085938
77.7899733333333	522416018.400391
77.8217666666667	458847446.90625
77.8521566666667	567690225.621094
77.8832416666667	431965991.634766
77.915	505502497.314453
77.94565	522011660.498047
77.97814	491579392.707031
78.0094283333333	464712078.783203
78.0407816666667	463422124.376953
78.0718	410323875.005859
78.1023333333333	367532896.704102
78.1341266666667	340317694.139648
78.1662816666667	364798727.65625
78.1975116666667	384879430.267578
78.2310166666667	452251889.835938
78.2627916666667	455224349.667969
78.293605	462850332.662109
78.3252583333333	439332709.544922
78.35644	423002478.095703
78.3873683333333	347663586.052734
78.419575	337493811.648438
78.450165	386135650.59375
78.4806383333333	330397657.527344
78.5136483333333	415487469.160156
78.5445133333333	487447010.910156
78.5748216666667	591423145.783203
78.6046466666667	629053042.658203
78.6346366666667	639241387.21875
78.6662583333333	636182785.589844
78.6984483333333	616051273.15625
78.73049	585472916.023438
78.7609866666667	542649107.40625
78.7916066666667	518264803.130859
78.8239266666667	479095774.78125
78.85492	447521144.740234
78.886505	489278379.339844
78.9184516666667	424798542.320313
78.949885	377576344.349609
78.9821816666667	397423303.349609
79.0135683333333	389955295.077148
79.0446066666667	401037380.080078
79.0775733333333	357532376.40332
79.1106816666667	384694357.854492
79.14167	390663330.458984
79.17404	365897494.889648
79.2060533333333	483367891.033203
79.236645	420598765.449219
79.2669766666667	436176503.265625
79.2989466666667	439281845.314453
79.3302	476443502.603516
79.36026	472619368.128906
79.390715	451412191.294922
79.4204883333333	451484759.255859
79.4514533333333	459433134.310547
79.4824383333333	427368915.755859
79.513275	490138827.224609
79.5430383333333	455091718.053711
79.57446	431155894.720703
79.6061	410051961.765625
79.638435	454340811.933594
79.6712	520868931.15625
79.7021566666667	604223137.818359
79.73409	495793038.160156
79.7676333333333	502636304.626953
79.798725	453961145.611328
79.829325	454741044.946289
79.8610166666667	483907482.673828
79.8934733333333	408312069.124023
79.9259366666667	380650834.816406
79.9583066666667	378422855.614258
79.9898233333333	283060870.904297
80.021065	335465965.793945
80.0512116666667	295176878.296875
80.0835033333333	313339888.620117
80.1143233333333	291609914.0625
80.1465783333333	270481558.6875
80.1795666666667	294080709.124023
80.2120283333333	281208066.56543
80.2446716666667	305355259.537109
80.2766166666667	266830887.420898
80.3103633333333	241443149.925781
80.3428216666667	234956923.722656
80.375175	242113203.485352
80.4088166666667	225394999.913086
80.442275	216456580.405273
80.474825	238579794.235352
80.5089066666667	210017440.540039
80.5436833333333	284200182.230469
80.5756766666667	241213036.65918
80.6080083333333	218293067.123047
80.6394866666667	217384869.774414
80.6721533333333	189815841.333008
80.7037883333333	184875508.051758
80.734855	179092079.260742
80.767475	186941910.178711
80.8008966666667	185225179.765625
80.8357383333333	180764338.726563
80.8683433333333	177431648.438477
80.9014366666667	203073866.328125
80.931745	188136437.147461
80.9639466666667	200036694.730469
80.998015	188942684.74707
81.03267	209826794.77832
81.0650733333333	254135052.298828
81.0981316666667	187230680.370117
81.129485	198433810.758789
81.1629383333333	176553790.336914
81.1983133333333	188608768.741211
81.2314033333333	206553603.222656
81.2640966666667	155314292.655273
81.297755	155669613.753418
81.3318633333333	187555849.003906
81.364145	177445687.860352
81.39638	167190603.443848
81.4276083333333	171621368.366211
81.4593116666667	207144288.228516
81.4910883333333	193932183.860352
81.522925	227657483.286133
81.5540016666667	190194868.197266
81.587445	214066898.275391
81.6189316666667	215716947.27832
81.6517533333333	162212455.188965
81.6863033333333	181329494.197266
81.7189	155828492.214355
81.7519	144955478.243164
81.787535	144355596.512695
81.8198633333333	127588399.794922
81.8531433333333	147424310.867188
81.8874316666667	145267679.463379
81.920395	163645003.795898
81.9542066666667	153640633.820313
81.986545	152305755.222656
82.021005	128389214.82373
82.05512	127195698.916016
82.08889	133978729.922363
82.123155	107867881.724121
82.158515	123459443.224609
82.19253	127060852.867188
82.2285733333333	124103828.354492
82.2638633333333	128504865.220703
82.3006316666667	119746536.914551
82.3318116666667	180544756.556641
82.3654566666667	135278720.909668
82.401855	115996421.101563
82.4393316666667	120221342.969727
82.4750833333333	111068623.078125
82.5131633333333	122621297.071777
82.5463266666667	141962366.995117
82.58089	143381996.64209
82.6154916666667	133656147.458008
82.651775	121931625.106934
82.68671	146393113.654297
82.7207616666667	129620971.005859
82.75549	125351427.737305
82.78834	149271977.620605
82.823465	133410009.291992
82.85778	100574185.674805
82.8929816666667	103129999.519043
82.9251716666667	129577120.372559
82.95761	119276325.371094
82.9910416666667	143511289.274414
83.0231933333333	161984733.395508
83.0543416666667	138215894.002441
83.0868016666667	140605068.564453
83.12146	196937665.49707
83.1564416666667	143219929.654785
83.1905566666667	127611517.792969
83.2266283333333	100656127.539551
83.2596516666667	118517547.609863
83.2951083333333	136431734.05957
83.3295833333333	145964769.743652
83.3622933333333	111348537.822754
83.4011133333333	101287403.037109
83.43741	122363089.573242
83.4719	96229420.8046875
83.5083683333333	98106708.7954102
83.5459166666667	110186549.709961
83.5822666666667	82943373.6220703
83.6216116666667	93327545.5795898
83.65999	94610386.6835938
83.6939016666667	104704963.280762
83.7282716666667	93681165.0141602
83.7659833333333	95680082.0800781
83.8031966666667	106653904.578613
83.8402366666667	92224770.9804688
83.8746966666667	102062482.151855
83.9113683333333	84661263.824707
83.9460183333333	104324223.809082
83.980205	83171559.5737305
84.0151083333333	90856769.3959961
84.0523466666667	83244745.7983398
84.0858383333333	97682257.065918
84.121945	79198096.4150391
84.1562366666667	89536533.293457
84.1894716666667	74438722.2348633
84.2244116666667	96037334.1777344
84.2603916666667	86349382.6660156
84.29777	91727648.6083984
84.33262	103787725.867188
84.3701366666667	106219394.830566
84.40922	101873035.300293
84.444575	109724023.108887
84.4788133333333	93693586.1411133
84.5177633333333	86826039.2788086
84.5544483333333	87636273.2661133
84.593955	86138654.8227539
84.627995	79617533.4858398
84.66668	79420047.2143555
84.70503	82648126.4741211
84.7442233333333	77365023.3740234
84.7798166666667	75106912.949707
84.81975	86959732.7275391
84.85629	81136363.3769531
84.8957916666667	77635175.3276367
84.9319933333333	73490931.2646484
84.9643566666667	77037315.2788086
85.0030966666667	82608700.46875
85.039135	69116759.192627
85.0741266666667	69509076.4643555
85.112475	73015565.3242188
85.1501483333333	68709026.21875
85.1877983333333	70542879.1523438
85.226535	61853399.5041504
85.2640483333333	55086614.0083008
85.3045833333333	63792966.5073242
85.3420216666667	76414234.5571289
85.3796616666667	69943404.4570313
85.4163016666667	55064501.861084
85.4543583333333	72155560.4575195
85.4948366666667	62189172.8884277
85.5370883333333	67621252.5942383
85.5744066666667	69393763.9492188
85.614865	61781530.3237305
85.652755	70978620.2431641
85.689685	59235793.6350098
85.726935	75764803.3178711
85.7640716666667	75834396.6152344
85.8015616666667	70641294.1914063
85.8378966666667	66438418.4973145
85.8729733333333	72132522.0507813
85.9111183333333	68737324.1477051
85.9521583333333	85848433.8393555
85.9885733333333	75708713.2998047
86.0272583333333	85090181.309082
86.0648266666667	69814442.8813477
86.1056316666667	65726671.840332
86.143735	70312356.3195801
86.182425	65892046.0112305
86.220835	53901755.46875
86.26045	56158012.9094238
86.3050516666667	61225688.270752
86.3435016666667	57342204.9609375
86.3825933333333	62692214.3330078
86.4205683333333	59638338.713623
86.4609	57097505.8557129
86.5019033333333	66924197.1271973
86.540825	67884746.7700195
86.5789583333333	55324454.9743652
86.6172783333333	77499234.1113281
86.6529833333333	62382763.4074707
86.6884233333333	66349015.5632324
86.7261666666667	54189042.609375
86.7673083333333	54855941.9008789
86.8067316666667	50646062.3735352
86.848945	61790208.0200195
86.888085	47116432.9199219
86.9283433333333	62080514.666748
86.96712	68183112.7836914
87.0069483333333	58093404.6879883
87.0442183333333	55630427.1394043
87.0829483333333	60897413.9645996
87.123605	55538998.479248
87.1630566666667	50738833.9462891
87.2007533333333	55725391.4296875
87.240965	60920796.0959473
87.2782083333333	54441056.6203613
87.31982	52345370.4335938
87.360515	45182661.7412109
87.3994433333333	60677500.9179688
87.4364233333333	53159168.2958984
87.4740616666667	52626949.5527344
87.5093816666667	51777521.0014648
87.5457816666667	52610064.5605469
87.5835783333333	58981776.1525879
87.624745	47990278.4318848
87.6628683333333	60904399.5200195
87.703605	45913093.8679199
87.74195	44023960.1018066
87.7819633333333	47346332.4558105
87.823305	57097275.8637695
87.8648066666667	58140913.6091309
87.9041566666667	47479236.2602539
87.9454933333333	38661999.9104004
87.9889866666667	37509227.5153809
88.030665	37107519.6066895
88.0714533333333	45752601.0734863
88.11275	41915648.7138672
88.1574716666667	42550131.0651855
88.1992916666667	38190586.2006836
88.2379416666667	50587703.7329102
88.27913	37661181.1491699
88.3175733333333	49113584.5227051
88.3580683333333	48943766.3537598
88.3939516666667	45710482.4626465
88.4316483333333	42759214.6965332
88.4745516666667	53303122.6477051
88.5151733333333	52465843.5561523
88.5530583333333	53596335.1850586
88.59323	48925133.7033691
88.6319133333333	51077475.7116699
88.6709083333333	43998032.9772949
88.7134116666667	52194458.717041
88.7520216666667	51712706.6923828
88.79516	41402068.4418945
88.83525	43241939.9624023
88.875575	55262312.1843262
88.9140666666667	45061713.2998047
88.9540083333333	42607506.1367188
88.9967966666667	51587634.6582031
89.0377266666667	40418579.6520996
89.0776533333333	48180487.7263184
89.116965	48080427.4641113
89.15506	39488785.1940918
89.1961533333333	49029844.8796387
89.237565	45743442.6928711
89.2757483333333	45582856.5253906
89.3186466666667	48354291.5961914
89.3599133333333	57518039.604248
89.3980583333333	42173553.4375
89.4372683333333	44764165.855957
89.4783066666667	40195329.6506348
89.5198366666667	36625414.1860352
89.562465	33423020.0751953
89.605065	33045820.9570313
89.6500633333333	34418118.6191406
89.69323	56817680.9423828
89.7285883333333	38936524.4650879
89.7695566666667	39549575.3950195
89.8113316666667	33723213.9425049
89.8535066666667	37494441.4194336
89.8931683333333	39394287.2814941
89.9318083333333	29794712.3283691
89.97543	40514083.7016602
90.0151516666667	27612295.9033203
90.0594216666667	30578466.1557617
90.10443	39390322.7619629
90.14608	37276681.2316895
90.1900416666667	30281213.0635986
90.2322666666667	37460884.3105469
90.2750933333333	37890920.9768066
90.313035	36402061.6647949
90.3544266666667	32121341.7473145
90.3956583333333	33872670.6140137
90.43866	41862234.0307617
90.478555	32396403.6723633
90.5231716666667	40908152.3859863
90.5654033333333	27403158.4101563
90.6062483333333	26659260.2840576
90.648455	33409159.4040527
90.6891766666667	33664894.2182617
90.73087	25282936.4719238
90.775565	31849670.0678711
90.8163116666667	26153646.756958
90.8591883333333	32801563.378418
90.90118	30084119.1196289
90.9463333333333	30488082.1394043
90.9902916666667	24870898.8615723
91.03201	30323820.2158203
91.0759483333333	22503882.2490234
91.11979	30268252.6984863
91.16204	26765509.6315918
91.2014466666667	34015761.5744629
91.2427533333333	23390926.0987549
91.2873616666667	27373960.2119141
91.3310133333333	23173852.8393555
91.3752366666667	31075541.4199219
91.4192033333333	21951494.9903564
91.4649483333333	35965840.8095703
91.5038083333333	29310886.9453125
91.54711	23509284.7770996
91.5901333333333	23356892.3341064
91.6335083333333	28693871.8370361
91.677255	25732969.0794678
91.7180983333333	21513627.4108887
91.76113	24882439.0601807
91.803935	26876248.9299316
91.8492683333333	23827949.276001
91.8934166666667	21695039.6693115
91.9382866666667	18874564.7104492
91.9829733333333	16707435.6488037
92.0255833333333	19856355.3876953
92.0689033333333	24768533.6202393
92.11067	28218767.6689453
92.15352	19348944.6973877
92.2002783333333	14662309.9925537
92.2452166666667	22288070.4133301
92.2890933333333	19956868.5804443
92.3338683333333	19237447.7811279
92.3788866666667	16822844.8438721
92.4221266666667	15567120.5948486
92.4678966666667	15168736.0767822
92.5120516666667	19586836.4577637
92.5564183333333	15890649.623291
92.60208	16208882.9405518
92.6454083333333	17462634.9515381
92.6874166666667	18181290.1950684
92.7315966666667	18077529.3609619
92.7775233333333	25154046.5435791
92.8232666666667	26045788.6400146
92.86802	18374221.2719727
92.9120766666667	15624407.5955811
92.9553833333333	21317031.7052002
92.999075	16247629.2773438
93.0413033333333	22495158.5812988
93.0838466666667	17829414.5024414
93.1303283333333	14806696.3256836
93.1745666666667	19419436.2248535
93.2186333333333	15167328.5910645
93.262385	18511198.0092773
93.3071266666667	15361560.6750488
93.34963	13025000.810791
93.3957066666667	12335144.1265259
93.4387783333333	19964027.3945313
93.483315	18459727.6434326
93.5288166666667	13535238.6176147
93.5727616666667	14580063.6500244
93.6168716666667	11306069.0682373
93.6626166666667	13199417.0283203
93.7069816666667	13263540.9123535
93.75043	14266848.0262451
93.7964016666667	13858797.178833
93.8407666666667	14756329.5062256
93.8836033333333	13288684.7697754
93.9288766666667	13048421.8540649
93.97316	16348188.7250977
94.0175766666667	13063089.5524902
94.0624766666667	13219399.1185913
94.108205	11958378.2078857
94.1529983333333	18639025.8843994
94.19633	12978020.7203979
94.240895	16743862.15625
94.2833	11057609.7302246
94.328945	12835297.4506836
94.371765	11888466.461853
94.4171066666667	14648639.8885498
94.4621366666667	13510191.0308838
94.506365	9737078.20654297
94.5513183333333	9435193.2522583
94.5975783333333	12432142.5979004
94.640805	12468736.0934448
94.684535	10734008.6131592
94.7305483333333	8629824.72161865
94.77542	10815147.2254639
94.8191916666667	10273776.1329956
94.864585	10184221.9797974
94.9089016666667	11709021.3125
94.953075	11185816.4422607
94.9982966666667	13011837.6265869
95.04264	11322015.4083252
95.0876333333333	10579197.9611816
95.1317966666667	10073843.8967896
95.1766583333333	9368061.69470215
95.2209533333333	9653068.07073975
95.2658183333333	10216754.4122314
95.31173	10362051.2631836
95.35688	10109242.1730957
95.4014733333333	8083544.34204102
95.4466933333333	9945263.32196045
95.490375	11595047.090271
95.536865	12715402.2572021
95.57987	12924214.477356
95.6229	9501736.10845947
95.6674333333333	10617850.8183594
95.7128233333333	10727066.7814941
95.7560166666667	11734964.1068115
95.80134	8145993.78265381
95.8456983333333	10140166.737854
95.8896416666667	9480826.6887207
95.934035	10844612.4906006
95.9785233333333	8613196.4776001
96.022845	9679759.19989014
96.06733	7562632.45397949
96.1127916666667	11842206.7623291
96.156635	9446785.15362549
96.2008033333333	10160397.2996826
96.24486	9552211.06640625
96.28949	9429494.27160645
96.33387	10119421.7791748
96.3787466666667	8757713.08874512
96.4228633333333	9893429.69146729
96.4679816666667	8325590.72918701
96.511865	8702419.95861816
96.5546466666667	8835751.34863281
96.5986633333333	10458842.9769897
96.642695	8803898.11651611
96.6876666666667	8839948.63018799
96.73365	7161847.61895752
96.7774033333333	8294893.49456787
96.8216116666667	8170027.25860596
96.86375	8165539.01654053
96.9081033333333	9487183.01727295
96.9530366666667	8166850.87353516
96.99693	7774202.58764648
97.040805	8515231.1060791
97.0868316666667	7847997.46813965
97.1305616666667	9292382.57354736
97.17497	7478438.04174805
97.2194266666667	6905382.91015625
97.2643333333333	5816023.32766724
97.3084866666667	9863636.78167725
97.35354	8346561.66516113
97.3986366666667	6626654.66943359
97.4436483333333	6896041.12280273
97.4896716666667	8186590.37573242
97.5336716666667	5933658.66516113
97.57895	7063126.73760986
97.6235016666667	6804422.50909424
97.6686033333333	6425419.49572754
97.712435	7725679.13641357
97.75771	8479467.43414307
97.8023766666667	8545086.8717041
97.847595	10583705.0196533
97.8927083333333	7239134.80841064
97.936385	8012954.45343018
97.9794466666667	9366921.90039063
98.0235966666667	8279473.72131348
98.0680883333333	7386589.69940186
98.1135116666667	10492584.4987793
98.1580783333333	10594637.8258667
98.2023483333333	6656628.73809814
98.2472533333333	7404130.2456665
98.2906616666667	8406263.73486328
98.3353683333333	8267475.41662598
98.3809916666667	8041127.87573242
98.4258933333333	10644349.4786377
98.4693183333333	8262431.27185059
98.514955	8877367.34869385
98.5603333333333	6456408.48892212
98.6056033333333	10280876.8132935
98.65129	9042633.50738525
98.69609	6776994.19592285
98.741635	8905646.22277832
98.78676	6758480.31439209
98.832	10587774.0201416
98.8763733333333	6841953.96826172
98.9203083333333	6385397.42541504
98.9648933333333	6999711.67218018
