RetentionTime	Intensity
0.00772166666666667	497700.393791199
0.0474983333333333	981811.42010498
0.0881716666666667	866055.446853638
0.130741666666667	739873.532455444
0.174316666666667	905723.148178101
0.219016666666667	888354.611953735
0.263383333333333	1104821.2958374
0.307556666666667	776499.657928467
0.352368333333333	1204299.7882843
0.39651	729647.80115509
0.441861666666667	723404.550697327
0.487711666666667	756792.367797852
0.532963333333333	602378.22253418
0.579458333333333	928789.960083008
0.623861666666667	874181.968551636
0.668941666666667	533036.858779907
0.715848333333333	755801.246658325
0.760615	739643.214401245
0.805381666666667	670556.560897827
0.85072	665148.936805725
0.89532	693845.088119507
0.940315	749811.232940674
0.985651666666667	688166.232574463
1.03083	907536.952926636
1.06936666666667	763331.703216553
1.11115	511885.779693604
1.15561833333333	1046741.54811096
1.19859333333333	564771.43813324
1.24377666666667	663466.115646362
1.289335	464375.568077087
1.32479833333333	587618.702682495
1.37115	641846.229827881
1.41607666666667	760498.943618774
1.46108666666667	599358.50642395
1.5073	889707.930511475
1.552155	526838.234535217
1.599215	721960.99597168
1.644475	719521.506973267
1.68983	723576.932479858
1.73496833333333	618834.430473328
1.77993833333333	712573.211532593
1.82534666666667	643559.597000122
1.87084333333333	548334.072731018
1.91748	687795.555725098
1.96269666666667	608120.768760681
2.00813	474428.806259155
2.05569	675561.236976624
2.09496333333333	701133.847473145
2.13574666666667	825022.746459961
2.17984	667217.581298828
2.22252666666667	672960.55229187
2.26543333333333	610047.016220093
2.31042166666667	790972.504562378
2.35569833333333	755236.318481445
2.39978666666667	671419.874298096
2.445145	768793.889358521
2.49053833333333	713209.609344482
2.535655	545351.181999207
2.58201666666667	530581.148971558
2.628695	579880.406593323
2.67427833333333	809839.326522827
2.71965333333333	430214.660438538
2.73173833333333	674170.980789185
2.784965	772540.829788208
2.830035	733390.513931274
2.87522666666667	453605.109672546
2.900965	786711.508361816
2.94588	775511.843643188
2.99116666666667	825788.699981689
3.03589333333333	707045.789505005
3.08052666666667	531056.12575531
3.12144666666667	855697.704956055
3.16233333333333	851718.36114502
3.20753666666667	707016.385490417
3.24983666666667	595972.741508484
3.29500833333333	431986.796585083
3.32321333333333	657059.385467529
3.368855	813494.820236206
3.413635	673025.243431091
3.458485	474639.4909935
3.491685	770429.398849487
3.53705166666667	795272.29335022
3.58133666666667	823436.789291382
3.626455	455141.537796021
3.65478	687746.93977356
3.699855	581925.171669006
3.74631333333333	611067.816146851
3.79178833333333	560376.34249115
3.83844166666667	619148.981086731
3.88508166666667	665817.338256836
3.930395	428293.025917053
3.95309	417113.945011139
3.98684666666667	603613.517219543
4.03287	948841.745651245
4.077475	673311.166610718
4.12304666666667	721737.314788818
4.16223166666667	826478.406219482
4.20372333333333	736072.501083374
4.247365	641365.751266479
4.29041166666667	792891.111663818
4.335375	708840.546600342
4.37892333333333	736536.584793091
4.42392833333333	642778.548141479
4.467535	706709.583816528
4.512425	826973.561416626
4.55769833333333	664440.369674683
4.60248	422575.922996521
4.614405	753307.604568481
4.66675166666667	662034.551574707
4.711055	447368.323230743
4.73281166666667	872492.196289063
4.77750666666667	515980.497970581
4.82418	476597.957092285
4.87097333333333	834774.999664307
4.91574166666667	760566.592010498
4.960645	750586.26751709
5.00603666666667	485052.374610901
5.03552833333333	797818.496200562
5.08071666666667	702116.084144592
5.125925	439004.27009964
5.16866333333333	770393.873031616
5.21177666666667	481460.956588745
5.25864833333333	723479.363800049
5.30162166666667	450263.925231934
5.334815	606865.659889221
5.38115	667504.857948303
5.42369666666667	528574.789474487
5.47031333333333	446974.855110168
5.49851666666667	610489.708938599
5.54425	653865.517417908
5.58939666666667	709597.745483398
5.634695	438812.472076416
5.66674166666667	817232.186523438
5.71178166666667	658546.017051697
5.75675166666667	799870.630172729
5.80177666666667	542182.999984741
5.84752166666667	855562.532653809
5.89202666666667	429126.333370209
5.90723833333333	406697.913795471
5.93116333333333	760155.145126343
5.97622333333333	648646.193748474
6.02247666666667	471443.091125488
6.06938333333333	522935.116622925
6.11552666666667	674086.609237671
6.16069333333333	854435.024093628
6.20032666666667	704504.10244751
6.24315833333333	591845.327789307
6.28742333333333	650691.696914673
6.33055333333333	464903.60118103
6.37686666666667	419863.77747345
6.413885	643312.997512817
6.45829666666667	613159.123168945
6.50330833333333	423494.203655243
6.53783666666667	439206.574131012
6.571385	424339.680698395
6.61859	654969.353179932
6.66371666666667	701640.654083252
6.70936	484603.597457886
6.75714666666667	582579.198005676
6.80269833333333	579521.81905365
6.84817333333333	530012.294868469
6.89330666666667	532659.60005188
6.938835	528871.31262207
6.98566	664208.450271606
7.03068666666667	554190.33731842
7.07721666666667	599582.091545105
7.12343666666667	604665.820983887
7.16938	533329.917411804
7.21088666666667	629889.937591553
7.25350166666667	824410.577468872
7.29831333333333	847556.665969849
7.340395	592007.79309845
7.38584	977256.907333374
7.430525	621308.978515625
7.47552666666667	545109.687110901
7.523185	600858.869850159
7.56620666666667	552008.43447876
7.61220333333333	647999.198951721
7.65736833333333	696273.814468384
7.70216166666667	612984.46975708
7.74738833333333	794667.803405762
7.79267	671687.605178833
7.83739833333333	506645.464447021
7.88430166666667	414273.015357971
7.91286666666667	608934.674797058
7.9579	821894.065734863
8.00278	674292.036384583
8.04796833333333	579201.359710693
8.09309	798520.334381104
8.13815333333333	769563.248458862
8.18327166666667	894333.39239502
8.22276166666667	822196.907272339
8.26556333333333	636946.953857422
8.31129333333333	648366.028182983
8.35463333333333	720088.598449707
8.39954333333333	572220.540588379
8.44574333333333	1091258.49745178
8.49013166666667	2139883.37705994
8.53469666666667	2835439.65765381
8.57886333333333	2911123.83157349
8.62273	3366080.08847046
8.66619	3513232.78417969
8.70905	2885118.38059998
8.753	3168113.05389404
8.796885	3797459.37548828
8.84068	3647909.02178955
8.88415	3214035.48587036
8.92806666666667	4009660.52661133
8.97262833333333	5088385.03527832
9.01575333333333	5265027.66873169
9.05928166666667	5751628.20004272
9.10392666666667	5966313.31903076
9.14727666666667	6471081.85894775
9.191375	5285407.52218628
9.23212666666667	5774199.80541992
9.27589833333333	6487599.80245972
9.31956833333333	4100796.83551025
9.36341166666667	4290681.36520386
9.4073	5260351.07839966
9.450845	6109679.06994629
9.494355	5054004.03546143
9.53792666666667	5133734.76678467
9.57983833333333	4186488.77978516
9.62432333333333	4505419.2019043
9.66727833333333	5286408.9442749
9.71123333333333	3853255.25964355
9.75440666666667	4457056.70819092
9.79786333333333	4349062.63919067
9.841405	3701535.21139526
9.88616	4645385.00717163
9.930275	4299510.31906128
9.97394666666667	4388364.53289795
10.0180116666667	4500177.83651733
10.0616566666667	3813907.70651245
10.1052066666667	3831985.24258423
10.1499016666667	5259117.49093628
10.194515	4815283.37091064
10.2389683333333	5377862.33914185
10.2808566666667	8386166.20483398
10.32489	7607535.37103271
10.369155	6866742.7885437
10.4128033333333	6769557.82714844
10.45673	5494080.66223145
10.5010966666667	3671760.706604
10.545615	5406231.92611694
10.5908683333333	5951618.99261475
10.635095	4263594.35745239
10.6789916666667	7309472.32165527
10.7220033333333	7344491.27005005
10.7661766666667	5417436.91027832
10.8098616666667	8409737.48406982
10.852455	7511381.89648438
10.8964783333333	6671177.26177979
10.9409966666667	9525325.16741943
10.9835783333333	10894006.4378662
11.0279533333333	12326073.7064819
11.0730483333333	9791108.94012451
11.1169916666667	9001919.53735352
11.1609	7767432.56658936
11.205935	6653907.27990723
11.2518183333333	7196937.27062988
11.2965383333333	7247425.44024658
11.3422233333333	8032550.12069702
11.388565	5795116.06793213
11.434195	5583788.87414551
11.47971	6504877.80181885
11.525195	8030221.59802246
11.56726	6803699.99594116
11.6120033333333	7346175.2477417
11.6573533333333	9973374.83892822
11.698515	22974398.8735352
11.738295	29073937.9758301
11.7799083333333	18668660.5651855
11.8253683333333	14628388.3741455
11.8694316666667	17796191.7734985
11.9094166666667	13544631.0654907
11.954015	12945787.7380371
11.99887	10284925.6001587
12.0453166666667	10457947.4761963
12.0921666666667	11223037.8114624
12.1361833333333	11840319.5917969
12.1824033333333	19307961.225708
12.2221383333333	24916311.335083
12.2627216666667	24237547.7711182
12.305315	27680699.9338379
12.3473366666667	20657834.4141235
12.391885	18522793.3607788
12.437465	10932743.4693604
12.4824833333333	11168001.8198853
12.5280583333333	14424805.9299927
12.5726783333333	16580357.3677368
12.614025	11878590.4303589
12.6582183333333	11598293.6156616
12.7037366666667	11214412.757019
12.74891	13201083.6920776
12.7928466666667	15455497.8853149
12.8383366666667	13878596.453125
12.882525	19130709.4154663
12.921565	15716238.8510132
12.9644183333333	16434097.1734009
13.0089883333333	17476817.406189
13.0526516666667	13663163.3919678
13.096385	15888734.3256226
13.142025	15983506.973999
13.1876183333333	22172098.6994019
13.2269866666667	26510210.1826172
13.270595	23519916.0852661
13.3075483333333	20329734.9714966
13.35108	15115385.6040039
13.394	20549049.4753418
13.4361583333333	22615620.9016113
13.4819583333333	32821082.907959
13.527175	56311226.0802002
13.567125	64430362.1252441
13.60786	65839921.3474121
13.652435	47157571.9700928
13.6981266666667	40172148.5837402
13.7367916666667	41622167.484375
13.7772383333333	29811577.40271
13.8164283333333	32871117.4012451
13.8550416666667	46993800.083374
13.8905	45383995.1501465
13.9295733333333	41990557.0393066
13.9693816666667	51118121.1031494
14.0127283333333	50475114.8605957
14.0502983333333	54428727.5013428
14.0929383333333	36108121.112915
14.1346183333333	33368134.852417
14.174835	50641112.1247559
14.21402	69815290.3503418
14.2501883333333	85325582.3979492
14.2853433333333	83312775.3752441
14.32155	63931483.5200195
14.3598066666667	48715621.7161865
14.4013383333333	52896442.7354736
14.4422	38388087.4036865
14.4867033333333	52497429.3895264
14.5228016666667	64141130.3231201
14.565	73838961.173584
14.606125	94824814.7416992
14.6422216666667	108622113.173096
14.6793066666667	109914778.165771
14.72043	109238678.341064
14.7573133333333	116992179.574219
14.79245	136929168.823486
14.8285033333333	94944591.4995117
14.864955	111954001.171875
14.9013133333333	142622759.035156
14.9369566666667	90755969.9907227
14.97512	115642830.411865
15.0207916666667	174000156.523926
15.052995	202955094.650879
15.0892016666667	202290912.302246
15.1258183333333	192633418.22168
15.1626483333333	126477306.639404
15.203495	176442417.858887
15.2380883333333	125747659.039307
15.27363	115018114.57251
15.3078066666667	138105149.893066
15.342185	101361264.955566
15.38401	118668073.998779
15.4190583333333	148163191.495605
15.4572766666667	161166261.825684
15.49196	162504032.961914
15.5300166666667	198433254.674805
15.56342	179427756.652344
15.6003083333333	180690330.23877
15.63844	192906657.787598
15.67659	153328761.362305
15.7159183333333	282544976.281738
15.7519766666667	293225132.058594
15.7900866666667	377932380.418945
15.8267383333333	276297071.146973
15.8648933333333	261740851.095703
15.9029133333333	248033043.837891
15.9352	287638617.129883
15.9742966666667	272425729.400879
16.0122866666667	254217919.571777
16.05068	234883777.891602
16.0873866666667	192049474.713867
16.1251533333333	184300961.582031
16.1608133333333	149819620.666992
16.198935	161852426.347656
16.2321933333333	123826352.777832
16.2669066666667	158410796.987793
16.2994183333333	136436240.381348
16.3328183333333	132161344.394775
16.3673316666667	153340866.439941
16.3995183333333	115245837.305176
16.43382	106100198.893799
16.4669183333333	126819073.567383
16.50262	156953580.691406
16.53713	192799312.202148
16.5729783333333	117965450.508301
16.6106466666667	161044135.873535
16.6447933333333	159444029.364258
16.6829333333333	123057349.663818
16.7215733333333	196316596.922363
16.754595	215115449.137207
16.78834	197696896.759766
16.824285	257213298.75293
16.8657366666667	311292311.914063
16.90202	301517991.766602
16.935985	344420947.695313
16.970735	292541580.808105
17.0061516666667	212068253.45166
17.0476216666667	277095577.945313
17.085005	295501017.987305
17.1201566666667	308225453.847656
17.15591	282265114.106934
17.1911366666667	260529048.758789
17.2280316666667	346087630.672852
17.2665416666667	313953084.297852
17.3023333333333	332048626.520508
17.3387016666667	339519100.320313
17.3770883333333	321039909.523438
17.4086483333333	290595612.935547
17.4403433333333	317703005.5
17.4802166666667	254349392.850586
17.515075	282648526.922852
17.5488166666667	251260455.929199
17.583325	276325379.875977
17.6179433333333	245493948.842773
17.6505933333333	223784477.683594
17.690725	187546046.492676
17.7263183333333	231652107.015625
17.7611383333333	223034308.835938
17.792165	252584536.617188
17.826935	347429714.506836
17.8585333333333	404626031.296875
17.8915483333333	287674021.443359
17.926685	428307690.919922
17.9567	326019187.916016
17.9920383333333	429980908.439453
18.0249866666667	353431979.870117
18.0573016666667	220665528.411133
18.0884116666667	299291198.615234
18.1232066666667	312668423.018555
18.1567683333333	386386189.258789
18.18657	395510855.476563
18.2166216666667	412496940.642578
18.248205	510016375.151367
18.2822816666667	411541513.246094
18.3131066666667	491789389.15625
18.34475	351459475.911133
18.3863833333333	311821669.999023
18.4188333333333	416621488.245117
18.4502633333333	465284379.09082
18.486365	458815458.128906
18.5274683333333	439206526.362305
18.558825	600819180.926758
18.5893116666667	423186364.941406
18.627675	385272005.600586
18.6607966666667	426586520.543945
18.6936383333333	579715090.392578
18.7310066666667	512857951.829102
18.7619783333333	407065949.478516
18.79565	611590985.803711
18.8278183333333	629646638.759766
18.8611983333333	681937161.665039
18.89547	641726740.229492
18.93121	482506389.779297
18.9659466666667	658467013.960938
18.9972316666667	637163144.098633
19.0340616666667	585367544.936523
19.0711366666667	315823851.992188
19.1079083333333	339626276.713379
19.1476233333333	400533389.101563
19.1850783333333	377987321.495117
19.2206233333333	436414884.321289
19.2530433333333	460905419.859375
19.285655	505094933.166016
19.3189266666667	416440667.03125
19.3505216666667	432102218.438477
19.3816233333333	398369091.978516
19.419505	401114617.787109
19.4519283333333	343230041.292969
19.4862633333333	293616258.008789
19.5188133333333	307496135.407227
19.5522133333333	313512390.584961
19.58572	328857253.464844
19.6180366666667	385552384.008789
19.652775	407707782.922852
19.68697	438906785.550781
19.7168916666667	481935687.234375
19.7483483333333	329956502.777344
19.78243	341925560.050781
19.81511	423623684.106445
19.84749	421472831.708984
19.88078	442507370.667969
19.9130833333333	455598261.878906
19.9462883333333	433544679.926758
19.9771633333333	410647153.725586
20.010915	368861157.976563
20.045625	530296643.277344
20.0783433333333	569536025.492188
20.1165483333333	606900341.943359
20.1468966666667	706492135.387695
20.1844233333333	708628272.447266
20.2183166666667	648607389.241211
20.2520433333333	595724774.680664
20.2870133333333	658520050.053711
20.3194283333333	560495693.78418
20.35983	606547208.699219
20.39265	640894718.079102
20.4268916666667	588214986.19043
20.4639283333333	531057941.527344
20.49555	540320908.9375
20.526515	564684899.542969
20.55815	605061608.101563
20.595045	513017601.790039
20.6263583333333	548046758.791016
20.6568383333333	574349247.65918
20.6908033333333	545077429.732422
20.72493	473104040.299805
20.7558133333333	346796566.185547
20.789795	369875276.477539
20.8195633333333	386047347.145508
20.8558983333333	380793598.292969
20.885655	363249358.629883
20.9210083333333	256832292.837891
20.953	393380351.695313
20.9848016666667	382751426.152344
21.0179633333333	406561572.06543
21.054235	389611891.322266
21.0824216666667	426894330.676758
21.1170466666667	393359085.541016
21.1515683333333	437052506.027344
21.18247	512424726.742188
21.2157766666667	536843906.854492
21.249165	471917954.318359
21.281195	490046085.52832
21.3148366666667	495017374.132813
21.3460716666667	479405407.678711
21.3785766666667	484753932.748047
21.409645	482470764.767578
21.443355	466038924.203125
21.477355	612713484.980469
21.5091316666667	618667496.9375
21.5416883333333	595509457.558594
21.5758533333333	634700364.112305
21.6084	648356043.789063
21.6395583333333	601247104.936523
21.6727383333333	685240666.578125
21.7123133333333	733642289.623047
21.7426766666667	768476683.767578
21.772495	664881014.405273
21.8064483333333	710028836.703125
21.8399383333333	674366436.357422
21.87393	519953222.422852
21.9081916666667	583409749.09082
21.94207	549479588.589844
21.9732583333333	511550734.399414
22.0069733333333	383210228.507813
22.0413816666667	434460957.598633
22.0774416666667	301119655.046875
22.1127633333333	276093934.169922
22.1430016666667	357293516.689453
22.1777933333333	285205863.245117
22.2110283333333	369567160.067383
22.2415283333333	379695043.792969
22.272235	303205427.924805
22.303555	333122425.53125
22.3353583333333	401389687.094727
22.3654683333333	379750289.50293
22.397215	352425637.371094
22.4294316666667	398858528.005859
22.46156	304902741.875
22.4948383333333	299443612.334961
22.527465	360910004.712891
22.558305	437877553.303711
22.5901383333333	371802171.459961
22.6236083333333	387256134.733398
22.6561633333333	466295544.885742
22.68865	464439277.756836
22.72063	396212634.080078
22.7537783333333	338779171.740234
22.78692	518907195.240234
22.814675	322812885.835938
22.8466433333333	394556979.119141
22.8803583333333	526705639.621094
22.913135	463084863.183594
22.946555	375340871.095703
22.9802216666667	462986373.953125
23.0141583333333	581646008.222656
23.0437516666667	441535928.078125
23.07594	342552524.416992
23.1099966666667	589663326.84375
23.140045	443838690.092773
23.1724916666667	495635833.076172
23.2035233333333	481952832.801758
23.2338866666667	415710381.088867
23.26597	510169570.072266
23.2976583333333	532492947.551758
23.3298316666667	461243327.506836
23.3690533333333	444069189.839844
23.402475	421935085.820313
23.4374016666667	507369949.250977
23.46745	479253682.041992
23.4994383333333	499259087.578125
23.5333066666667	579735891.227539
23.561905	569935640.59375
23.5920166666667	550234028.107422
23.6240166666667	541953628.34668
23.6549633333333	437369275.200195
23.6869216666667	497188195.250977
23.7184883333333	558222654.4375
23.7490616666667	482063814.442383
23.7823166666667	550621658.789063
23.8187916666667	662740964.185547
23.85303	515558162.113281
23.8902366666667	561664426.141602
23.9202683333333	577815810.617188
23.9567466666667	580342938.489258
23.988045	493887011.31543
24.021015	447855258.360352
24.053965	464119787.515625
24.085735	458820877.49707
24.1181383333333	361756766.345703
24.151655	443631265.392578
24.18296	494079582.248047
24.21742	623592735.416016
24.2477133333333	605674658.3125
24.2770433333333	406946058.438477
24.309625	500078660.609375
24.3423683333333	423748442.974609
24.37775	522899870.96582
24.4109883333333	441752846.65625
24.4442116666667	355074112.285156
24.4777916666667	345962365.398438
24.51242	390409637.673828
24.5440033333333	392763490.113281
24.5765	373020458.044922
24.6074166666667	413077638.094727
24.6385066666667	431606265.078125
24.6706883333333	471671459.380859
24.7005883333333	464497291.927734
24.73361	468362338.451172
24.7652633333333	489081762.917969
24.7958516666667	344030948.787109
24.8296333333333	384008342.5
24.8625	406079145.368164
24.8948166666667	331749460.571289
24.9305033333333	403725961.204102
24.9630033333333	410137918.796875
25.0005133333333	379456490.394531
25.0298533333333	351424433.234375
25.060455	443602128.144531
25.0924066666667	528460669.019531
25.1242966666667	459367875.518555
25.1583083333333	575485447.244141
25.1876233333333	628058388.6875
25.2199766666667	582294317.607422
25.2508266666667	564627480.211914
25.2804416666667	584784299.108398
25.3140883333333	623438305.595703
25.3455433333333	616877953.256836
25.379695	487334298.121094
25.4137716666667	608492499.228516
25.4442416666667	531711596.146484
25.4787533333333	569848013.672852
25.50717	519133982.764648
25.5376533333333	526882141.011719
25.5688533333333	446721674.618164
25.5985916666667	545856028.969727
25.627445	473900397.425781
25.656855	532484437.936523
25.6871316666667	601916873.888672
25.7162716666667	546553379.226563
25.7475583333333	572861575.285156
25.7775633333333	633857662.235352
25.807005	543892770.896484
25.8384933333333	466847701.209961
25.8701016666667	495284947.092773
25.9033016666667	578931900.330078
25.9395316666667	436408993.025391
25.974225	463070948.088867
26.0055183333333	393065901.121094
26.0423966666667	486534900.00293
26.0720066666667	448574978.738281
26.1043016666667	425117377.834961
26.1338833333333	439978963.68457
26.1654916666667	446714153.253906
26.1975533333333	538553804.708984
26.2289566666667	543528912.400391
26.26364	449807789.731445
26.2947416666667	530927559.331055
26.32728	505434789.991211
26.3583983333333	462469282.132813
26.3902433333333	483808620.24707
26.4204833333333	489968289.814453
26.45606	504482791.548828
26.4863083333333	528042653.241211
26.51941	545697737.464844
26.550655	387157532.016602
26.5852216666667	408705662.647461
26.6187816666667	525775809.793945
26.6516016666667	481779938.119141
26.6853416666667	472549122.287109
26.717135	565268857.583984
26.7486816666667	532782321.886719
26.78197	560955961.984375
26.8134283333333	550662238.583984
26.8455116666667	691762991.455078
26.8787866666667	637222539.235352
26.91228	570194703.579102
26.9489733333333	672929423.304688
26.9791883333333	625810094.623047
27.013305	554618848.988281
27.0447433333333	634294338.796875
27.0818683333333	619212182.115234
27.1124166666667	643614436.611328
27.1431583333333	524607860.030273
27.174375	459389345.43457
27.206495	571963030.491211
27.2372066666667	517418406.570313
27.2684366666667	434657101.97168
27.3029583333333	475346855.786133
27.3335166666667	448957620.257813
27.3668183333333	470811367.760742
27.3957	442922119.412109
27.4274583333333	564316135.578125
27.456365	568432083.838867
27.486805	503764367.46582
27.5169083333333	595172429.730469
27.5471316666667	595435917.757813
27.5782133333333	592223481.246094
27.6082916666667	602565541.748047
27.6384666666667	632479854.857422
27.668875	607198301.054688
27.6993083333333	719861066.814453
27.729215	563217331.920898
27.7605366666667	632563119.183594
27.7907633333333	609229906.404297
27.822225	562781662.629883
27.8545333333333	562408165.424805
27.8876816666667	515604747.214844
27.9205316666667	474759120.132813
27.9534016666667	456005218.272461
27.99202	495168857.912109
28.0239616666667	474533196.087891
28.05167	399770745.84375
28.0849116666667	407171640.407227
28.1167883333333	424598267.774414
28.1476166666667	549000868.245117
28.1799833333333	534483623.044922
28.2108266666667	656012465.958984
28.2412816666667	467769541.545898
28.2733683333333	596406086.642578
28.3031616666667	713760475.724609
28.3321166666667	622578925.730469
28.3617433333333	647495639.109375
28.3932833333333	673132330.974609
28.4256983333333	768117683.435547
28.459685	769698232.818359
28.4903916666667	816373635.855469
28.5238983333333	766274824.357422
28.5539783333333	696811962.332031
28.5862466666667	782825538.763672
28.6165316666667	765274237.902344
28.6474083333333	653692219.8125
28.68047	789892047.830078
28.7104066666667	627636266.392578
28.743405	638367622.810547
28.776255	684506056.794922
28.8054483333333	658848416.853516
28.83609	677995474.359375
28.8661716666667	580056249.027344
28.8963416666667	760665480.052734
28.9268316666667	601234173.554688
28.9612883333333	723859785.125
28.9931933333333	656324137.138672
29.0275716666667	668628281.714844
29.057135	763934764.900391
29.0889283333333	679865668.445313
29.1193683333333	585968112.695313
29.1501466666667	729253269.402344
29.1800616666667	771267094.322266
29.2101733333333	688382931.376953
29.240815	629928657.709961
29.27229	756268261.484375
29.3020416666667	765408597.59375
29.33358	634117091.060547
29.3663933333333	599229400.058594
29.4007633333333	578788308.291016
29.435205	660594348.552734
29.465705	670781281.359375
29.4984833333333	593656893.289063
29.528365	652872548.259766
29.55948	603419063.760742
29.5894733333333	615277945.445313
29.621115	673898440.291016
29.6522	728482612.332031
29.68223	700313338.779297
29.7135433333333	714932517.873047
29.7451233333333	803177369.650391
29.7756866666667	736622561.111328
29.807045	768767366.929688
29.835975	840690222.585938
29.8654983333333	619466055.816406
29.8956283333333	693586155.449219
29.9240083333333	717729931.556641
29.953555	654666257.509766
29.982685	672680924.53125
30.0124683333333	674583960.707031
30.0415983333333	533944959.977539
30.0729316666667	496701613.895508
30.1034883333333	644577889.667969
30.135415	727113984.304688
30.166005	552985014.603516
30.1976133333333	607756413.994141
30.22945	573029631.181641
30.2610716666667	517552411.213867
30.29264	586885369.083984
30.323455	593235923.759766
30.3544166666667	670694772.169922
30.3840966666667	585129183.371094
30.4156183333333	672524294.197266
30.446295	657751427.261719
30.4771633333333	677426567.035156
30.5079133333333	691188045.294922
30.53832	717393395.164063
30.5668416666667	752309939.230469
30.5973333333333	791128569.271484
30.627385	732721794.890625
30.6597833333333	867883498.476563
30.6895316666667	804723801.390625
30.723395	832709786.771484
30.7555733333333	777923803.072266
30.7885466666667	796669019.380859
30.8223233333333	713508304.738281
30.8525366666667	709278975.890625
30.8838433333333	754028092.611328
30.916	729932204.966797
30.94501	671177049.224609
30.975815	648843534.947266
31.0069166666667	612486118.945313
31.0367133333333	601710226.888672
31.06715	667969732.746094
31.0966616666667	588362235.808594
31.1283866666667	599784636.613281
31.1586283333333	537384264.175781
31.1889016666667	513515561.163086
31.2192716666667	578902786.597656
31.2491466666667	582002232.648438
31.2803616666667	592209686.722656
31.3100766666667	592294224.958984
31.3400416666667	653619103.113281
31.3695066666667	628159257.050781
31.39806	814045012.175781
31.4264066666667	725324865.884766
31.4553233333333	730906613.546875
31.4844466666667	846614947.001953
31.5138716666667	818374504.900391
31.5434016666667	817297834.142578
31.573515	761953646.783203
31.6043633333333	883601674.722656
31.6362083333333	834351845.570313
31.6652566666667	898931595.388672
31.6980716666667	940204750.888672
31.72874	1002669473.3418
31.75861	959495564.255859
31.7902433333333	921480106.701172
31.8214233333333	1069782846.64258
31.8523466666667	899031361.695313
31.8833566666667	975017880.265625
31.91422	981579137.980469
31.9468916666667	989174727.191406
31.9801383333333	1090344104.39453
32.01045	989547075.769531
32.0426983333333	909984095.242188
32.0743483333333	1087255630.2832
32.102245	1033785954.5293
32.1334516666667	993183543.333984
32.1655133333333	1069680884.85547
32.1975966666667	802627340.023438
32.2289016666667	832440512.082031
32.2597566666667	1017687059.32813
32.2900633333333	924818273.552734
32.3198	758484980.412109
32.351855	738233427.828125
32.3835916666667	658102607.357422
32.4136866666667	731750485.615234
32.4432066666667	604867595.324219
32.4728183333333	639366533.578125
32.50254	739881109.458984
32.5327183333333	699049748.494141
32.562065	864769223.474609
32.5915516666667	748911629.261719
32.6243883333333	869938966.654297
32.6557933333333	745418044.351563
32.6853333333333	822917228.484375
32.7151033333333	818028984.285156
32.7452983333333	716684536.597656
32.776805	890661003.529297
32.8070216666667	750478329.464844
32.8380333333333	732048686.5
32.8702933333333	795023891.935547
32.9018366666667	721754032.597656
32.933675	789985305.429688
32.9649966666667	813047600.804688
32.9974816666667	790886458.357422
33.0295133333333	757631854.912109
33.06108	977889445.251953
33.091175	867469526.525391
33.1227466666667	978960231.703125
33.1539066666667	900550446.193359
33.1845633333333	932318456.230469
33.2138816666667	1008438671.35742
33.2432566666667	1066473746.30273
33.2729566666667	1125876267.33008
33.3022516666667	1217782281.26758
33.330255	1321665475.21289
33.360555	1210651450.05664
33.39004	1347636917.05859
33.422295	1211594942.89648
33.4519666666667	1319060576.48242
33.48356	1203111339.11523
33.51347	1229396198.27734
33.54736	977249978.640625
33.5787233333333	1173751817.12109
33.6106816666667	1195403481.56836
33.64228	1035310946.91211
33.6733583333333	967330541.287109
33.7027533333333	1024850018.58398
33.7325366666667	946463152.978516
33.7643183333333	854756667.833984
33.7978683333333	886420961.9375
33.8320316666667	906930724.595703
33.8644283333333	838870964.087891
33.8961516666667	894464600.974609
33.9288483333333	929717645.314453
33.9605366666667	1028820397.87695
33.991375	1147172125.9707
34.0213433333333	1003431797.04492
34.0512483333333	1012989361.86133
34.0810083333333	1101234001.55469
34.1117183333333	1136551188.82813
34.1428566666667	1071549542.82031
34.1734183333333	1160137288.79883
34.2050516666667	1084124437.49414
34.234895	1218611721.21094
34.2656616666667	1013616343.00391
34.294805	866952129.628906
34.3249733333333	1048717221.79297
34.3560283333333	785918281.138672
34.3863783333333	799288987.3125
34.4183166666667	896246421.287109
34.449375	918864369.683594
34.480945	754803251.357422
34.5128283333333	695503773.855469
34.54421	767641170.486328
34.574505	921213807.140625
34.6058733333333	711634236.804688
34.6369116666667	741781148.841797
34.6682233333333	931484878.150391
34.69871	778141455.255859
34.729285	896715401.710938
34.7593783333333	835111720.603516
34.79053	816637847.080078
34.8217183333333	912632100.447266
34.8521883333333	893446959.767578
34.88338	841807039.830078
34.9128033333333	1087923285.36914
34.944575	904862853.539063
34.976005	905677692.308594
35.005805	846373534.330078
35.036515	853549697.853516
35.067845	868956233.066406
35.09705	817740722.75
35.1291616666667	933235848.544922
35.1600333333333	789274466.394531
35.1911266666667	920327537.410156
35.22145	867890568.212891
35.2533966666667	978163396.666016
35.2841866666667	931527216.765625
35.3156966666667	969934640.291016
35.3458483333333	939468224.455078
35.3763183333333	917514948.636719
35.4093233333333	812659011.417969
35.4419033333333	803185974.263672
35.4737966666667	776859790.279297
35.5049466666667	799373339.492188
35.536495	805721420.146484
35.567695	962502957.164063
35.5982366666667	852471396.9375
35.6278083333333	831525323.519531
35.6576366666667	870356903.599609
35.6878716666667	860600864.771484
35.7189916666667	721060427.865234
35.749895	664674156.509766
35.78038	654189360.349609
35.809825	724737623.353516
35.841085	723009956.705078
35.8725483333333	718370035.376953
35.9026866666667	761165284.103516
35.93251	668591667.832031
35.9654966666667	679353548.857422
35.9952116666667	820390394.517578
36.025465	918469018.994141
36.0548516666667	826725278.267578
36.083405	840309162.394531
36.1127466666667	878217560.044922
36.1432183333333	898924192.357422
36.1743016666667	928504926.332031
36.205615	888382529.408203
36.2361	836855717.851563
36.2677266666667	817465246.480469
36.2976566666667	769161589.058594
36.327685	786744309.373047
36.357835	864349087.773438
36.387965	821374607.363281
36.4181066666667	839398444.40625
36.4492016666667	909189164.054688
36.4812583333333	884256762.480469
36.5102716666667	916536221.748047
36.540905	1065726701.67969
36.5707866666667	857973716.710938
36.602745	1176889287.82617
36.6329666666667	1030487528.96289
36.66438	950910843.919922
36.6965566666667	1073179558.58789
36.7267383333333	957534679.259766
36.7582716666667	1095095821.04297
36.787905	893282973.193359
36.8171616666667	1011408214.16992
36.8488683333333	870136747.162109
36.87882	855203056.044922
36.910355	777379365.693359
36.9421916666667	892655579.412109
36.9730683333333	860100977.880859
37.0038133333333	915811502.501953
37.03659	903529653.632813
37.0681533333333	955856793.876953
37.0978566666667	885961102.158203
37.1281816666667	855129652.527344
37.1577466666667	833085221.496094
37.18821	860491560.011719
37.2191783333333	801535256.539063
37.24974	832080002.96875
37.2798766666667	925104413.292969
37.310805	955008885.615234
37.343535	919228315.513672
37.3766266666667	823140289.4375
37.4091483333333	867273497.175781
37.4404833333333	988638756.775391
37.4734433333333	969719843.611328
37.5026	939882225.875
37.5316	1014173961.65625
37.5610983333333	867568467.960938
37.5924583333333	946724589.984375
37.6224716666667	920288793.542969
37.6532233333333	1048212084.13672
37.6827283333333	1082054873.54883
37.7147266666667	916817569.322266
37.7449566666667	997209159.083984
37.7770516666667	895760866.214844
37.80932	951321149.802734
37.83962	960214096.960938
37.8698966666667	955879652.556641
37.900815	821688381.378906
37.9304633333333	849487903.009766
37.9601216666667	844193341.347656
37.9914916666667	811247034.943359
38.0229083333333	758637391.601563
38.0539383333333	849494234.978516
38.08556	822552154.230469
38.1152533333333	742378619.128906
38.1467683333333	762697672.015625
38.1774933333333	763419967.939453
38.2081783333333	730853036.162109
38.2383466666667	896668502.169922
38.2685033333333	946185254.171875
38.2987716666667	1021225022.45117
38.3282333333333	987191180.220703
38.3583883333333	1081577897.09961
38.3879866666667	1031184039.14063
38.41736	1135341344.01953
38.446885	1143420895.41992
38.4791133333333	1061330713.70703
38.5106516666667	1039917055.3457
38.540655	994490759.945313
38.5721683333333	924343034.923828
38.603135	794597307.869141
38.6349533333333	740438088.886719
38.6667516666667	729487482.570313
38.6970416666667	668369219.113281
38.728275	815200125.878906
38.75837	930769887.494141
38.7884166666667	830187381.568359
38.8196583333333	879960414.132813
38.8497266666667	832100497.375
38.88085	781411318.779297
38.9127416666667	737594111.328125
38.9429633333333	717289993.101563
38.9730283333333	770053462.384766
39.0039	691675639.546875
39.0338016666667	737317208.607422
39.0652966666667	739853080.332031
39.096155	800265028.654297
39.1268416666667	716404317.712891
39.1575566666667	736598168.509766
39.1883233333333	796464782.605469
39.21925	856565177.376953
39.2510866666667	840439381.982422
39.2802283333333	845021767.796875
39.310815	808194184.285156
39.3416983333333	901798236.195313
39.369805	828117456.634766
39.3983366666667	884612451.330078
39.42871	811579818.417969
39.4590633333333	912021300.134766
39.4887033333333	797457863.945313
39.51916	892845489.441406
39.5489133333333	924778690.693359
39.5777333333333	976260252.074219
39.6083816666667	810662521.517578
39.6392533333333	892926329.826172
39.6706733333333	940551532.984375
39.7000733333333	939384803.09375
39.7305933333333	954010935.869141
39.7614466666667	996298438.355469
39.7929816666667	934149160.330078
39.8242866666667	877941317.708984
39.8574066666667	962329879.701172
39.8877416666667	875482233.345703
39.9194766666667	843572696.605469
39.949915	857602561.576172
39.9796483333333	777023858.914063
40.0105083333333	714899389.666016
40.0399566666667	896601059.800781
40.0698433333333	966226778.251953
40.0996633333333	673197172.123047
40.129785	687849853.736328
40.1602766666667	908100615.398438
40.1908983333333	805919802.892578
40.2227616666667	817627426.882813
40.2553033333333	871903046.705078
40.287135	950096356.947266
40.3183083333333	891458187.123047
40.348465	841963495.251953
40.37981	825540321.392578
40.4131133333333	881162319.283203
40.444685	810924370.451172
40.4763466666667	774768048.089844
40.5080333333333	759657483.695313
40.53829	800667317.386719
40.56718	662516967.011719
40.5968216666667	803850408.265625
40.627845	772257272.570313
40.6567433333333	715505360.707031
40.6856533333333	670648473.892578
40.71494	793149724.306641
40.74366	799153269.220703
40.7704666666667	762602658.683594
40.7981433333333	760080530.351563
40.82781	850604046.246094
40.8583766666667	1081059437.11523
40.889895	1012234765.71484
40.9192616666667	873006065.107422
40.94952	816104535.689453
40.980105	913661784.988281
41.0105883333333	869525945.427734
41.041	896162870.847656
41.0707466666667	934555889.195313
41.101625	901740643.402344
41.1318833333333	848713469.746094
41.1634066666667	826864121.470703
41.1952383333333	810921102.388672
41.2268366666667	846256203.828125
41.2574816666667	816800868.101563
41.2902033333333	933135657.404297
41.3216966666667	912114886.744141
41.3527433333333	880577523.921875
41.382635	797782088.542969
41.41185	864293287.470703
41.443195	901892249.974609
41.4737216666667	878436878.152344
41.502875	734437394.666016
41.5326233333333	890362173.333984
41.5618866666667	761894755.3125
41.59354	782905216.806641
41.6237366666667	874202720.373047
41.6544066666667	895568878.039063
41.68607	973495536.058594
41.717135	890544945.058594
41.7497383333333	911628448.255859
41.78091	1019316773.27344
41.8111166666667	950883464.394531
41.8423766666667	965944929.876953
41.8729783333333	887009467.492188
41.9042466666667	906972153.074219
41.9351433333333	963474151.917969
41.9668516666667	1025506088.68164
41.9961483333333	1143770687.17578
42.0262266666667	989264834.476563
42.0573266666667	827828505.869141
42.087275	878050392.751953
42.1190966666667	808484268.597656
42.1507383333333	682272125.875
42.1817383333333	757548185.939453
42.2126783333333	821058875.548828
42.243905	852590326.753906
42.274305	712963861.115234
42.3060116666667	832585236.892578
42.3362333333333	736315283.392578
42.3664366666667	893219803.908203
42.3964866666667	868854684.253906
42.4262966666667	914009292.904297
42.4562733333333	834982325.044922
42.48654	927772773.144531
42.516645	851684930.333984
42.54711	803276969.261719
42.575485	840450860.681641
42.6047566666667	801089315.318359
42.63437	937621658.916016
42.66506	873285407.876953
42.6958066666667	874162162.964844
42.725855	927920797.78125
42.7572866666667	822256146.957031
42.79036	853232421.917969
42.82148	1021355491.69727
42.85319	853423078.777344
42.88514	871866773.498047
42.917295	842892639.921875
42.9476033333333	804507978.726563
42.9803233333333	834390221.955078
43.01114	846737186.972656
43.0405233333333	930167241.794922
43.0710566666667	818259899.738281
43.1023983333333	891897737.59375
43.133105	815721374.634766
43.16439	733578046.183594
43.1946566666667	864958972.828125
43.224375	996485806.285156
43.2549116666667	882846579.767578
43.28442	815790842.574219
43.3159	836031715.925781
43.34731	902765667.351563
43.3789616666667	740390089.134766
43.41077	819676440.958984
43.44147	747781073.175781
43.4715466666667	768370239.884766
43.50293	696746702.558594
43.5336066666667	826116458.15625
43.5650666666667	807074289.611328
43.5957583333333	801510117.529297
43.6268083333333	760658849.5625
43.6570033333333	919287940.181641
43.6883216666667	850212314.808594
43.7194933333333	997355284.822266
43.7501466666667	959654112.820313
43.7809833333333	907826437.830078
43.8108983333333	830342693.654297
43.8430266666667	711399152.482422
43.8744733333333	908239745.042969
43.9057983333333	726521485.089844
43.9369633333333	739795457.150391
43.96734	786330798.5
43.9958166666667	750235642.923828
44.0247383333333	755553570.050781
44.0529116666667	664274072.521484
44.081355	766096265.798828
44.1107266666667	735086426.876953
44.1416916666667	885431448.408203
44.171375	728973042.929688
44.2020733333333	616585462.181641
44.2339966666667	740184112.802734
44.2656433333333	714958760.71875
44.29592	716291859.183594
44.3261483333333	751176123.332031
44.3559483333333	856645470.599609
44.38629	786939224.183594
44.4169833333333	875887558.693359
44.4479566666667	871655910.701172
44.4761883333333	823454897.880859
44.5060866666667	847957868.183594
44.5364483333333	885853252.808594
44.565665	777813973.804688
44.59588	973263114.777344
44.626195	975840578.400391
44.656525	850081489.298828
44.687785	937585182.451172
44.7194616666667	826697188.037109
44.75022	887398513.333984
44.7814316666667	713889828.25
44.812885	905043244.611328
44.8439783333333	770604959.298828
44.8751466666667	692858018.382813
44.9068466666667	656982846.533203
44.9375716666667	731718567.603516
44.968995	870149892.148438
44.9991483333333	780197472.060547
45.02997	1009078064.40039
45.0598633333333	841682459.939453
45.090985	966740703.800781
45.1195916666667	979550197.876953
45.1498533333333	1015212962.71484
45.18068	922344157.617188
45.211475	977721441.990234
45.2423	950714060.939453
45.2736983333333	940037135.804688
45.3056316666667	1012523320.50586
45.334935	1030127004.60156
45.364585	948891537.298828
45.394185	987119231.677734
45.4247183333333	846013911.011719
45.4548733333333	859824050.087891
45.4850816666667	921834497.533203
45.5150916666667	870051870.962891
45.5450983333333	844781668.320313
45.5751283333333	793557946.019531
45.6049783333333	793330065.255859
45.63547	694677506.441406
45.6658766666667	801929873.363281
45.69727	688872274.074219
45.7298266666667	721915594.060547
45.7611633333333	862215801.697266
45.790095	900232050.591797
45.82031	1037076206.78906
45.8518266666667	891608093.273438
45.881465	934303392.789063
45.9130116666667	820790562.556641
45.9422466666667	831638393.210938
45.973315	800100512.044922
46.0035416666667	803456325.675781
46.0346916666667	1023756435.80469
46.0639366666667	772353735.033203
46.0936616666667	848088240.152344
46.1252816666667	886387957.646484
46.1557566666667	909685573.224609
46.18599	892812041.580078
46.2173016666667	868230715.994141
46.2482083333333	734759190.041016
46.2790716666667	786197704.732422
46.3096083333333	816630142.947266
46.3395216666667	850188057.226563
46.370105	774647005.300781
46.3993233333333	837903628.580078
46.4307366666667	849024714.341797
46.4621966666667	969440411.740234
46.4917816666667	1004725827.26367
46.522885	1014619744.29297
46.552055	939397687.404297
46.5832716666667	1009507161.97852
46.613485	876253946.210938
46.646435	1169186159.80859
46.6771916666667	1043893876.33789
46.7083533333333	960088930.396484
46.73829	1086771267.30273
46.7688766666667	1070298821.82031
46.7985866666667	1120686903.95898
46.8291383333333	978972406.927734
46.8596566666667	1164020870.66406
46.8884766666667	1179789127.41211
46.9192033333333	1157772300.48047
46.94993	1137626059.13672
46.9789966666667	1147664904.72266
47.0098916666667	1017854101.44531
47.041025	1176146418.4043
47.0709016666667	1162809891.96289
47.0997216666667	976456784.601563
47.128945	1134716064.69531
47.15914	1125544826.70313
47.18882	1128333717.81641
47.2198633333333	981997189.878906
47.2508383333333	1041122312.95117
47.27929	1076925705.67383
47.3095083333333	1128327779.63672
47.3404	1134890464.01367
47.3709016666667	1030711351.96875
47.40177	942514415.744141
47.4334083333333	1090900876.4082
47.465235	783928383.585938
47.4990716666667	954030983.017578
47.53113	900574387.126953
47.5627466666667	829210148.380859
47.593035	869110750.347656
47.6231933333333	919331916.177734
47.6535316666667	822088026.455078
47.6835883333333	860844693.841797
47.71423	899656711.597656
47.74504	917223446.013672
47.7755516666667	1126469062.62891
47.8058116666667	896192406.564453
47.8358266666667	1041351714.12891
47.8661816666667	1060839137.86523
47.896355	1099893599.85938
47.927645	1091305151.11328
47.9607066666667	1178078443.78711
47.99121	1000777798.83594
48.0222516666667	1018811412.99805
48.052775	1137181968.26367
48.0818416666667	919597187.830078
48.1123933333333	991803171.630859
48.1425816666667	1014311406.46875
48.172595	835141121.332031
48.2037383333333	823312749.728516
48.2340766666667	911072003.783203
48.2639783333333	859762143.308594
48.2944683333333	852803312.291016
48.3248333333333	961219047.816406
48.3547083333333	800169016.154297
48.3859933333333	866795468.082031
48.417	913481276.125
48.44812	865936161.919922
48.4786316666667	922500456.773438
48.5092183333333	1061824995.62305
48.5387883333333	967285659.683594
48.5692833333333	834090904.007813
48.5995783333333	803798829.664063
48.6307183333333	888195130.136719
48.66007	885434106.585938
48.6902066666667	889955143.482422
48.7207916666667	921917391.300781
48.75217	892088442.839844
48.78102	985690056.902344
48.810705	920778639.908203
48.8425166666667	902494016.513672
48.8742716666667	760755247.578125
48.905515	896268692.380859
48.9351683333333	898199366.646484
48.96623	858245793.96875
48.996105	883891573.777344
49.0266716666667	803432164.257813
49.0577966666667	853042887.300781
49.0892583333333	776476337.599609
49.12007	828433336.539063
49.148865	776841839.466797
49.17921	874189724.613281
49.2110316666667	875159265.574219
49.241165	930759043.136719
49.272515	815866724.898438
49.302655	814805861.625
49.333105	739421299.636719
49.3638616666667	856851057.435547
49.3944033333333	842121956.652344
49.4249733333333	777396874.28125
49.4568466666667	874582023.521484
49.4878433333333	785461464.4375
49.51899	712025488.117188
49.54877	859948831.285156
49.5789066666667	861414613.46875
49.610675	841199255.15625
49.64246	859892352.841797
49.67318	932149748.818359
49.7038433333333	764252009.896484
49.7342333333333	766600767.998047
49.7645433333333	770111510.654297
49.7952283333333	934725221.398438
49.8250566666667	661786709.087891
49.855985	834830376.167969
49.8863483333333	876447973.912109
49.9171816666667	947293369.306641
49.9473533333333	818909620.605469
49.9788166666667	1011115378.70117
50.0095516666667	1080896164.66406
50.03924	1176493127.00977
50.0701183333333	1214821287.70898
50.0998566666667	1190429834.58203
50.1315733333333	1228742780.74219
50.1628733333333	1210377639.84375
50.1943633333333	1110190807.20703
50.227215	1138888620.60352
50.25938	1141334575.09375
50.290945	1116103462.53516
50.32216	1321646525.24219
50.3531683333333	1166457343.33398
50.3850633333333	1118654711.51758
50.4160966666667	1025234729.87695
50.446575	1070788752.12891
50.4781716666667	1025595997.94531
50.5084183333333	960145862.828125
50.5380616666667	880196400.990234
50.567815	862054182.146484
50.5990383333333	837779224.6875
50.6283833333333	902503474.283203
50.659755	875529364.863281
50.69026	796812970.753906
50.7214816666667	976789674.84375
50.7511316666667	892548577.876953
50.783025	1009490454.91406
50.8144833333333	885906534.556641
50.844855	876560264.3125
50.8760316666667	970258750.177734
50.9081833333333	965249760.748047
50.9386983333333	1170202356.47656
50.9676366666667	899863876.03125
50.9982916666667	927261843.449219
51.0287233333333	972390636.652344
51.0593016666667	979673622.201172
51.0895733333333	983775040.144531
51.1207783333333	870410279.136719
51.1517866666667	1051978130.18555
51.1820316666667	891124010.394531
51.2129016666667	1024031783.23633
51.2433083333333	828731552.068359
51.2749933333333	856099782.847656
51.3053866666667	880641980.636719
51.337	914738074.5
51.3674316666667	913716305.917969
51.3960216666667	929681040.146484
51.42637	1078638568.71875
51.45672	1051006999.68359
51.4863166666667	1121239461.08398
51.51604	1094973824.39063
51.5461616666667	1167823924.48242
51.5773266666667	938055727.537109
51.6077933333333	1145981752.91797
51.63747	1156487275.13086
51.6668316666667	1138065042.54883
51.69731	1019320967.81836
51.7288233333333	1190437308.6543
51.757515	1031159338.125
51.78898	1046308530.66992
51.81921	1067836147.21484
51.8505983333333	1063660574.73242
51.882165	1123173551.09766
51.913785	993594681.373047
51.9456466666667	1058181627.44922
51.9764466666667	862544029.445313
52.0088666666667	965277987.914063
52.0407	1063889926.48438
52.0738183333333	1255932325.82422
52.1046966666667	1123826712.77539
52.137325	1102941725.18555
52.1687566666667	1161845302.75391
52.2002066666667	1221158195.16797
52.2312583333333	1212680656.40234
52.2634266666667	1249680864.64258
52.2951	1166723907.25
52.32658	1340263315.21875
52.3581633333333	1355649014.1875
52.3902666666667	1253337802.92578
52.4222916666667	1135962174.85156
52.45317	1148442034.0332
52.4860233333333	966655475.927734
52.51822	1046607053.69141
52.5486666666667	989864631.115234
52.579435	904043909.515625
52.6115416666667	960916121.785156
52.6433166666667	925229922.857422
52.6751983333333	888230307.662109
52.705445	878442642.849609
52.7361516666667	911219052.314453
52.7674083333333	763145846.423828
52.7982516666667	827715174.515625
52.8283533333333	954503018.957031
52.859125	946230296.498047
52.8892916666667	978841116.681641
52.9199316666667	1212008861.91406
52.9502033333333	1138820184.25195
52.9809016666667	1189749306.39648
53.010985	1393849212.59375
53.0417383333333	1174373688.875
53.0712233333333	1136895519.92188
53.1012033333333	1159210134.73633
53.1320666666667	1184747177.84961
53.1636633333333	1223575904.52148
53.195015	1125043985.95117
53.2262183333333	979314779.707031
53.257435	1047408393.7793
53.2887116666667	917315148.835938
53.3199683333333	898019645.408203
53.351425	1007485387.92969
53.3817766666667	1044954102.74805
53.4122683333333	1014392701.83398
53.4424983333333	860026858.177734
53.4737116666667	1028896372.48047
53.5045416666667	1057254874.36914
53.5346483333333	1198857199.04297
53.5646933333333	1062851352.88672
53.59627	983182839.837891
53.6271483333333	904156619.433594
53.6590566666667	984982076.302734
53.69134	865702358.560547
53.722455	939949675.542969
53.7543183333333	830710895.289063
53.7856633333333	1043103073.53516
53.8151383333333	925679912.580078
53.8459283333333	757917369.154297
53.8778016666667	725572558.072266
53.90905	807526300.669922
53.9387316666667	809201012.908203
53.9706816666667	736633515.980469
54.0012883333333	849391924.912109
54.032245	803878846.103516
54.06353	694990387.085938
54.095205	813662900.189453
54.1252966666667	710691584.519531
54.1558566666667	843958673.484375
54.1864616666667	746714275.039063
54.2177966666667	735222147.939453
54.2487516666667	683067303.074219
54.280735	813389063.574219
54.3127016666667	852499904.503906
54.344195	780901989.773438
54.3746966666667	986977337.074219
54.405665	827003861.466797
54.43648	848205987.169922
54.4679283333333	946191157.023438
54.498905	902523086.830078
54.5289083333333	1002373546.09766
54.5593616666667	1032129571.15234
54.5900166666667	828317515.023438
54.6210833333333	959268637.820313
54.652395	951120106.554688
54.6832616666667	877693614.21875
54.7131916666667	922628879.580078
54.7442433333333	725979118.810547
54.7757283333333	811064139.150391
54.8058833333333	919240425.21875
54.8364416666667	890408941.595703
54.8671583333333	1020714758.70508
54.8985516666667	846796469.888672
54.9285316666667	999112163.269531
54.9586533333333	906021815.888672
54.9895916666667	842757614.876953
55.0197466666667	873091308.320313
55.0496633333333	812705295.966797
55.0804816666667	865931484.478516
55.1107983333333	933865639.351563
55.1407966666667	876437939.111328
55.1708716666667	793371898.958984
55.2015716666667	825827336.412109
55.2318616666667	739370807.292969
55.2634833333333	853099543.867188
55.2936183333333	842039406.597656
55.32418	955060377.199219
55.3555333333333	927009203.978516
55.3873266666667	934109334.494141
55.4187466666667	881276883.097656
55.449845	960935127.820313
55.4796316666667	934988295.640625
55.5111683333333	819769876.433594
55.5432516666667	757433326.332031
55.5732183333333	863499308.980469
55.6041333333333	812020486.326172
55.6364116666667	870685495.949219
55.6675633333333	1029459649.17188
55.6975466666667	907406712.087891
55.7277183333333	935036735.816406
55.7581033333333	956074135.582031
55.7885583333333	986961483.972656
55.8193233333333	868826351.019531
55.849965	837547221.685547
55.8817216666667	947851620.056641
55.9125966666667	827591535.714844
55.944605	788814777.355469
55.9757	836659052.947266
56.00631	963660182.898438
56.038395	941849553.572266
56.0689266666667	942217938.228516
56.100015	905536986.267578
56.131565	900164532.080078
56.16383	925375516.943359
56.1966666666667	1047735423.10742
56.2282083333333	977953586.115234
56.2595333333333	886813445.095703
56.2915933333333	923596062.773438
56.32242	1085399428.06445
56.3528316666667	890186306.814453
56.3838533333333	782521369.125
56.413735	816703686.689453
56.4447983333333	800481148.263672
56.4756583333333	795204846.126953
56.5067416666667	678561089.460938
56.5387583333333	741412153.574219
56.56998	874704189.191406
56.6009783333333	719392151.548828
56.6327483333333	784447916.587891
56.6644483333333	682972832.939453
56.6959883333333	764452440.902344
56.726295	848516556.501953
56.7558083333333	824843820.099609
56.786165	852931734.380859
56.8166583333333	787829391.541016
56.8463733333333	927450494.761719
56.8778733333333	983086766.152344
56.9086783333333	846655035.0625
56.9394616666667	787651518.191406
56.9704566666667	837833622.076172
57.0015783333333	719738252.849609
57.0329116666667	655765806.310547
57.0643266666667	794137268.460938
57.095015	664763141.351563
57.125655	632977458.394531
57.1562733333333	731665856.820313
57.1876416666667	691830254.867188
57.21792	641075437.382813
57.2487233333333	717126705.373047
57.2789233333333	682965389.033203
57.30983	914819801.587891
57.3381783333333	895726330.457031
57.3682616666667	841417058.039063
57.3990533333333	969999519.164063
57.43005	924200436.679688
57.4605433333333	926494142.505859
57.492005	811890463.785156
57.522965	947700869.371094
57.55275	865500132.369141
57.5827633333333	1030743666.10742
57.6137833333333	1019382646.14258
57.644515	965935916.537109
57.6758966666667	1003403584.82031
57.706255	916070270.673828
57.7373733333333	886562786.056641
57.76837	787708620.429688
57.79933	715657031.714844
57.8308433333333	700459077.791016
57.8609466666667	797627074.054688
57.8923316666667	734688902.412109
57.9232266666667	680813549.269531
57.9546383333333	645241726.246094
57.9861566666667	638520536.574219
58.0172566666667	742403174.722656
58.0475566666667	835893372.738281
58.0784266666667	754261434.373047
58.109955	876321635.435547
58.1391666666667	710234072.482422
58.170025	743010841.0625
58.2007083333333	825082372.076172
58.23167	702034621.603516
58.2619483333333	885414643.902344
58.2923383333333	1049163860.25781
58.3220833333333	947893507.210938
58.35161	960941031.587891
58.3815233333333	1036407640.78125
58.4117633333333	923451047.859375
58.44323	1008540515.79688
58.4740683333333	1006871775.15234
58.5058733333333	948259328.429688
58.536315	772835149.228516
58.5674166666667	795696587.486328
58.599535	954339637.386719
58.6306183333333	834401447.761719
58.6622633333333	824401822.492188
58.6939733333333	972571831.054688
58.7251983333333	856890547.259766
58.75627	974770322.441406
58.7870866666667	1060905704.37305
58.81808	902646604.800781
58.8493	1049681910.72852
58.8800183333333	855847976.521484
58.910425	910454201.796875
58.9411716666667	1104084085.77148
58.9720183333333	1031239760.06641
59.0019366666667	965137253.597656
59.032235	767681216.970703
59.0636183333333	911480182.058594
59.0940533333333	858488543.306641
59.124215	939217657.359375
59.1533033333333	929124705.818359
59.1836416666667	1035954317.61328
59.2139866666667	827662300.574219
59.2452083333333	742383574.248047
59.2759466666667	884929229.558594
59.3074616666667	825552010.789063
59.3387233333333	700744976.410156
59.3689633333333	793863251.205078
59.39936	703185026.505859
59.4306116666667	793374398.082031
59.4603416666667	826818067.492188
59.4902083333333	790672625.328125
59.52118	899409088.212891
59.5529033333333	821186826.990234
59.583785	853114482.833984
59.6145266666667	808972466.820313
59.6452666666667	892076004.833984
59.676145	952518067.78125
59.706435	802950239.291016
59.73683	703465497.123047
59.76714	752165551.943359
59.7982333333333	805498003.09375
59.8295883333333	769329483.945313
59.8616766666667	773274436.841797
59.8937766666667	701820556.861328
59.9248066666667	605205345.570313
59.95563	706111745.785156
59.9864966666667	753779394.404297
60.0165366666667	661530832.105469
60.0473833333333	775584990.273438
60.0775683333333	930718368.445313
60.1080816666667	1007625439.01953
60.138875	986208677.15625
60.1684766666667	823596902.984375
60.1998733333333	929142034.164063
60.2302	995455724.796875
60.260935	990960647.390625
60.2923616666667	1129925396.0332
60.3231416666667	1041244941.82031
60.353355	1224349429.78906
60.3846283333333	1088455137.29297
60.4153633333333	886304928.462891
60.4468083333333	1020840830.1875
60.47792	1003628356.45703
60.509665	994282144.248047
60.5405766666667	958883353.580078
60.5729183333333	984154996.404297
60.6037233333333	1037353147.42383
60.6340533333333	1090619152.74414
60.664815	1350774713.69336
60.6963033333333	1091446883.89648
60.726765	1105185597.97852
60.7566233333333	988133679.791016
60.78749	1103586324.17773
60.8176916666667	1007364009.94141
60.8486483333333	1029696172.79102
60.8791216666667	1049720354.60938
60.9099516666667	918734637.386719
60.941975	1020150008.86914
60.9733816666667	828809096.898438
61.0048116666667	940027781.044922
61.0364216666667	984808065.873047
61.0672833333333	930799954.599609
61.0982916666667	806059116.029297
61.1301733333333	770798032.5
61.163015	664721114.140625
61.1956383333333	760225309.439453
61.2280633333333	781965670.296875
61.26075	729052887.667969
61.2929766666667	726571819.232422
61.3248333333333	991553613.929688
61.357005	849576903.876953
61.3876716666667	790223772.470703
61.4191566666667	772732571.748047
61.4501716666667	737821102.388672
61.48286	800231719.271484
61.5144383333333	753101679.072266
61.5465983333333	703646072.429688
61.577825	592419769.763672
61.6112233333333	635833993.972656
61.6421983333333	736337682.591797
61.6734283333333	714918980.347656
61.704725	659521784.123047
61.73615	654949346.107422
61.7661116666667	772665040.484375
61.7968	763087156.931641
61.8276566666667	809924889.753906
61.85884	763689856.566406
61.8899916666667	865597617.390625
61.9209783333333	789930485.744141
61.9517466666667	941152489.291016
61.9825883333333	705366859.265625
62.01445	834047996.09375
62.0451566666667	742707715.859375
62.0756716666667	796748095.097656
62.1073266666667	794503913.619141
62.13872	716321249.830078
62.16996	833389761.167969
62.202175	874557960.458984
62.2345483333333	800718655.490234
62.26717	948108444.914063
62.2986733333333	1070898117.60352
62.3291333333333	906155996.060547
62.3597583333333	813549910.953125
62.390655	840845879.449219
62.4209316666667	812796581.958984
62.451725	793138720.792969
62.4818266666667	749456091.220703
62.512795	722526498.509766
62.5438283333333	940646920.253906
62.5748466666667	809877933.990234
62.60505	822485113.941406
62.636645	1030130836.82813
62.666205	861714584.517578
62.69792	954523590.632813
62.728965	928671447.671875
62.7596066666667	957323415.384766
62.7914516666667	862069204.542969
62.8222316666667	929378234.625
62.8522766666667	873064344.554688
62.8824	855550860.876953
62.9121966666667	875772032.734375
62.942985	796439451.376953
62.9742766666667	803066874.443359
63.0049466666667	751736087.646484
63.0362066666667	796273123.568359
63.068205	738431438.519531
63.0990783333333	661589540.048828
63.130285	669744185.273438
63.1609716666667	665809721.425781
63.1922866666667	705086976.273438
63.22406	748751422.142578
63.2555366666667	724795601.816406
63.2864816666667	675454070.390625
63.3165066666667	665146578.300781
63.34705	710719948.074219
63.37804	575204059.980469
63.4088616666667	568289179.470703
63.439055	543518351.191406
63.4701083333333	490029954.238281
63.50157	693694877.044922
63.5321816666667	702746485.970703
63.5624733333333	627827897.226563
63.5941716666667	627528222.912109
63.6253033333333	701602972.341797
63.6556533333333	750014700.716797
63.6863233333333	803311232.396484
63.7158816666667	786485074.007813
63.7471733333333	749152117.787109
63.77817	797622177.615234
63.81022	713087598.455078
63.8414	740010973.158203
63.87285	826483224.755859
63.9033066666667	905077367.322266
63.9341116666667	846681027.369141
63.96594	937822992.40625
63.9981366666667	875151662.025391
64.0297783333333	940299408.615234
64.0623233333333	1058736227.49219
64.092925	1073784766.87695
64.1245133333333	829213263.175781
64.156025	829837171.435547
64.18673	855301458.71875
64.2165583333333	738309283.533203
64.248365	837750409.388672
64.2800666666667	760464539.707031
64.311535	928892748.257813
64.3430116666667	955291296.935547
64.3734783333333	876006935.916016
64.4049183333333	718398491.441406
64.4355633333333	830499466.138672
64.46636	765549501.03125
64.4967316666667	735446026.224609
64.526615	616887890.039063
64.556495	628269575.205078
64.5863333333333	697588252.160156
64.6160233333333	657498061.203125
64.64651	661362534.623047
64.6773733333333	598850474.892578
64.7093583333333	780206028.871094
64.7406733333333	750755462.236328
64.7723333333333	777184021.0625
64.8029716666667	788383797.693359
64.83406	810538964.216797
64.86563	791594217.619141
64.8958533333333	804977752.488281
64.9270266666667	814168791.367188
64.9579483333333	758579964.990234
64.9897633333333	593051309.294922
65.0215166666667	693334854.140625
65.0526233333333	564817752.029297
65.08341	678841283.966797
65.1150033333333	653635705.693359
65.1462216666667	671756991.369141
65.1777033333333	644927799.130859
65.20803	613350145.271484
65.23898	758680724.410156
65.269425	654478860.123047
65.2995066666667	592054464.992188
65.33101	766670853.039063
65.36291	702745621.867188
65.394785	858355738.984375
65.42455	913509734.320313
65.45638	842956926.337891
65.4868733333333	770711495.357422
65.5179916666667	717224172.226563
65.5483433333333	788504248.628906
65.5794983333333	831608513.800781
65.6111633333333	818721629.580078
65.6417366666667	896563122.207031
65.67304	802973712.404297
65.7035016666667	939008645.472656
65.7342333333333	831409537.105469
65.7649616666667	894863348.503906
65.79536	882930894.552734
65.8268733333333	789711940.570313
65.857225	1040620691.67578
65.8878333333333	957251600.513672
65.9202833333333	803518944.839844
65.9525	873314081.421875
65.9843716666667	783938940.148438
66.016785	786154493.457031
66.0492516666667	939507377.662109
66.08058	769416027.431641
66.1121383333333	727599574.742188
66.1441083333333	773503336.078125
66.1756016666667	734033018.316406
66.2062116666667	585092841.490234
66.2374733333333	768922742.199219
66.26693	594136494.503906
66.2976033333333	553446852.611328
66.3292816666667	631331656.806641
66.3595783333333	586752994.662109
66.390075	574191723.65625
66.4211133333333	599162752.673828
66.4521683333333	554810795.650391
66.484115	600331176.730469
66.513415	483842835.90625
66.5451	544942429.304688
66.5761216666667	641733162.880859
66.6070366666667	592854794.833984
66.6381233333333	603353003.78125
66.6699416666667	617028382.181641
66.70249	541154282.849609
66.7352733333333	615824542.261719
66.7661833333333	549082389.027344
66.7979783333333	671191933.486328
66.8291416666667	718977258.011719
66.8602166666667	774570483.080078
66.890985	943311232.605469
66.9228316666667	872489648.839844
66.9531933333333	934132432.378906
66.9858233333333	990080519.339844
67.01758	910286915.953125
67.04884	884059474.410156
67.0805716666667	680783369.277344
67.1129616666667	783182489.091797
67.1432533333333	955725582.431641
67.1738783333333	812010615.310547
67.2056533333333	813157737.222656
67.23735	862582191.589844
67.2678366666667	742003587.958984
67.2980383333333	724679339.710938
67.3282216666667	922369277.134766
67.3587933333333	939362103.162109
67.3901766666667	780772715.287109
67.4213316666667	852773690.855469
67.451715	743583202.466797
67.4830666666667	739562073.482422
67.5139716666667	775184477.339844
67.54546	764065834.765625
67.57782	822173009.042969
67.61045	760659309.796875
67.64072	693292906.492188
67.6724366666667	597095603.359375
67.70367	619635704.71875
67.735895	670703895.160156
67.7673833333333	778745584.095703
67.7984733333333	606152967.164063
67.829515	611344347.556641
67.86025	549962304.919922
67.8902766666667	652431786.765625
67.9215716666667	627605039.822266
67.9523166666667	603529163.28125
67.984145	597462798.59375
68.0155216666667	837092550.564453
68.0464966666667	792592587.357422
68.0767933333333	803723755.039063
68.1067766666667	855369904.908203
68.1388316666667	870562897.71875
68.16957	936650075.146484
68.200865	776649174.117188
68.2318383333333	738937765.386719
68.2648033333333	892602813.642578
68.29634	734379698.070313
68.3287316666667	770002839.40625
68.3612683333333	734634457.314453
68.3931516666667	610630490.308594
68.4252433333333	675180562.564453
68.4569466666667	631771485.515625
68.4887733333333	625226747.201172
68.5194316666667	663353210.175781
68.5504266666667	629890480.388672
68.5823883333333	779673114.464844
68.61317	661088150.398438
68.645235	642714288.271484
68.6770216666667	700872422.923828
68.7083966666667	656665081.972656
68.7402166666667	657902663.623047
68.7708516666667	650986994.126953
68.8027883333333	702053728.060547
68.8353816666667	614503429.757813
68.8672616666667	640626066.253906
68.8984383333333	556612683.871094
68.931845	679297784.488281
68.96355	598543692.306641
68.9949266666667	613836791.451172
69.0266133333333	609040899.476563
69.0577016666667	707137338.953125
69.0878316666667	786058447.337891
69.118145	662559014.587891
69.1498816666667	787781548.953125
69.180795	671985863.359375
69.2115616666667	654854829.34375
69.2436633333333	711307587.197266
69.2751366666667	811979160.396484
69.305715	959878066.181641
69.3370383333333	777883487.994141
69.3688	709698585.964844
69.400075	812416236.703125
69.4323583333333	823204053.933594
69.463205	726320925.058594
69.49396	751116805.796875
69.524965	686254466.724609
69.555505	666978239.181641
69.5865183333333	658435822.435547
69.6180716666667	672035063.347656
69.6482016666667	609087212.882813
69.678935	554220137
69.7101783333333	544872040.572266
69.7420533333333	515316968.683594
69.7735483333333	481942865.761719
69.804205	610180412.527344
69.8362233333333	544090151.878906
69.869535	574359614.722656
69.9013283333333	565907088.230469
69.9328433333333	687088119.339844
69.9632666666667	768762379.349609
69.994665	679600038.833984
70.0254983333333	729118023.957031
70.0566783333333	739241392.662109
70.0879066666667	653354402.75
70.1203866666667	829120958.474609
70.1525533333333	689478270.787109
70.18457	867063183.878906
70.2144733333333	755241089.160156
70.2471466666667	784622442.316406
70.2791616666667	746567872.507813
70.3108816666667	862829249.097656
70.3440266666667	836847440.605469
70.3764833333333	676574445.824219
70.409515	785934304.808594
70.4411583333333	692986019.443359
70.4730616666667	631180199.142578
70.5050216666667	593984923.933594
70.5360966666667	519277094.323242
70.5691416666667	557642356.668945
70.599985	535955387.431641
70.6306233333333	536466405.667969
70.66144	538336851.132813
70.69214	634656174.980469
70.7231483333333	651086584.003906
70.75415	607518158.0625
70.7860283333333	629188590.138672
70.8174016666667	638141570.189453
70.8480516666667	626125325.015625
70.87932	622112147.263672
70.9109416666667	680168542.392578
70.9425283333333	815334508.714844
70.97348	868646796.482422
71.004225	753516202.775391
71.0350833333333	706353154.474609
71.0656533333333	864822914.353516
71.0975916666667	804033620.976563
71.12961	793519991.488281
71.1619166666667	1049651498.94141
71.1929883333333	985404217.986328
71.223795	929707273.539063
71.254485	964636340.894531
71.28529	869538909.986328
71.31573	792483715.460938
71.3466616666667	816562357.705078
71.3788116666667	846508015.470703
71.41026	956952327.691406
71.4417166666667	829555941.361328
71.4727466666667	832095995.435547
71.5025383333333	930525757.761719
71.5323633333333	738565439.125
71.56466	985469878.189453
71.594755	852090579.285156
71.62556	727951321.621094
71.6562433333333	782619280.804688
71.68686	825380061.113281
71.7181966666667	928969238.787109
71.7495416666667	874025814.746094
71.7807783333333	842331103.166016
71.8117316666667	929308327.535156
71.844895	818343329.691406
71.8764766666667	760668463.199219
71.9073933333333	713803063.132813
71.93855	671633013.414063
71.970345	809306437.675781
72.0026916666667	675317545.398438
72.0344533333333	681151607.615234
72.0665666666667	711610014.357422
72.0983866666667	683452825.503906
72.13092	610502006.09375
72.16368	723691425.970703
72.1951916666667	608639462.005859
72.2267583333333	715828146.722656
72.2580016666667	531423188.711914
72.2896183333333	657610177.767578
72.3211366666667	667072766.958984
72.3531933333333	672207134.070313
72.3860016666667	603715367.476563
72.4168683333333	629730016.941406
72.44904	609305906.152344
72.4811666666667	642969645.029297
72.513105	649881685.128906
72.5459766666667	586851043.888672
72.5760566666667	661966108.3125
72.6088483333333	765911480.175781
72.6406333333333	700207860.744141
72.671415	739864279.755859
72.702185	698794602.800781
72.734885	644055356.878906
72.7668766666667	716314317.943359
72.7997583333333	755180151.208984
72.8308816666667	800524768.583984
72.861995	880638337.552734
72.8929	832966696.550781
72.9243783333333	666456387.470703
72.9560683333333	662813102.169922
72.9873983333333	534185109.704102
73.0193316666667	508681928.376953
73.0506466666667	561456807.904297
73.0825116666667	476596632.527344
73.1147116666667	457660689.330078
73.1481183333333	498023711.158203
73.17969	495347163.401367
73.21163	549202414.616211
73.24436	523584791.509766
73.2772483333333	483404789.917969
73.3084633333333	472291395.849609
73.3398166666667	503938004.094727
73.3714833333333	552771380.402344
73.4030083333333	622761002.886719
73.433765	599378908.935547
73.4643816666667	551707307.466797
73.495485	688893517.705078
73.52583	572200815.613281
73.5573283333333	474279882.152344
73.5889866666667	682101692.197266
73.6202016666667	523654544.869141
73.652405	515137776.335938
73.6845616666667	540225148.313477
73.7159383333333	504409261.373047
73.74695	511556989.929688
73.7787783333333	488990850.90918
73.8117916666667	515869113.289063
73.8421233333333	482596016.833984
73.8718183333333	605294998.779297
73.9018266666667	611829718.351563
73.9326733333333	776659938.720703
73.9627116666667	769388758.933594
73.9938316666667	605830082.708984
74.0262216666667	762421099.578125
74.0583016666667	697185931.987305
74.0885066666667	647307145.904297
74.12153	623444696.237305
74.1546966666667	744528219.314453
74.1860416666667	681419763.441406
74.2170833333333	682330381.359375
74.2486183333333	633599799.626953
74.2787683333333	682379413.238281
74.3098566666667	671185423.84375
74.3414166666667	634708155.695313
74.3727783333333	626553072.505859
74.4052383333333	617218659.794922
74.4353566666667	657591126.420898
74.4662183333333	666078655.789063
74.4975866666667	560697235.820313
74.5287016666667	533508289.895508
74.5603416666667	517188923.353516
74.5910816666667	628808369.632813
74.6221133333333	667379390.068359
74.6533266666667	565734719.765625
74.685225	637976770.722656
74.7164966666667	510581487.686523
74.7476116666667	554797107.379883
74.7795016666667	556095590.00293
74.81205	684495147.816406
74.843225	747877913.294922
74.875095	825104634.794922
74.9076366666667	742944353.644531
74.9419983333333	872341545.011719
74.9736983333333	952855239.287109
75.0044583333333	918568507.935547
75.0371333333333	945134434.105469
75.0690616666667	809973105.005859
75.10239	733811469.431641
75.136565	717977647.037109
75.16911	620292920.37207
75.2013316666667	637135655.535156
75.23403	562790676.492188
75.264715	523518038.09668
75.2969533333333	511065742.796875
75.3277083333333	542414496.332031
75.3582966666667	700848085.330078
75.388775	639954939.535156
75.4206316666667	758403715.240234
75.4520866666667	701567059.931641
75.483485	805191272.746094
75.5149733333333	755909866.174805
75.54732	691425781.755859
75.580075	746573024.605469
75.610555	791685195.6875
75.6420316666667	599510015.507813
75.6735366666667	711278696.042969
75.7053166666667	624856772.904297
75.7367533333333	611191354.740234
75.7690016666667	595424283.500977
75.8015466666667	647836030.726563
75.8333983333333	766947318.111328
75.8656166666667	904852650.677734
75.8966466666667	848381147.941406
75.927895	738507480.306641
75.9593183333333	705250477.962891
75.9907266666667	758594737.761719
76.0217333333333	576017366.033203
76.0547016666667	546004964.583984
76.08766	438629471.891602
76.1199166666667	579409650.730469
76.1508116666667	419726439.632813
76.18255	378982948.147461
76.21632	454028317.963867
76.248055	525618915.203125
76.2796833333333	546804708.05957
76.312425	457672105.116211
76.3436483333333	532915142.986328
76.375005	540145282.265625
76.4066233333333	456370210.080078
76.4379533333333	430162228.744141
76.47097	473647255.068359
76.5031183333333	628627910.310547
76.5348516666667	541434553.256836
76.5653766666667	603838172.115234
76.59757	744290390.818359
76.6280083333333	671849382.345703
76.65915	632590646.765625
76.6908033333333	690977150.449219
76.72164	750434253.300781
76.753045	638127833.870117
76.7855066666667	784715352.328125
76.8171683333333	708223843.419922
76.848465	697918244.054688
76.880135	727949078.585938
76.9112416666667	826086553.355469
76.9424983333333	710218943.611328
76.9738116666667	773181374.025391
77.00564	813078117.734375
77.03784	800627454.1875
77.0705366666667	778032767.580078
77.1017816666667	931522259.345703
77.1322683333333	747389392.013672
77.1634833333333	638380436.925781
77.1948966666667	773908164.986328
77.2276483333333	707675984.564453
77.2601166666667	594710252.59082
77.2915433333333	647077528.024414
77.32389	501578867.552734
77.3568916666667	510795689.710938
77.3897366666667	447181310.375977
77.4255183333333	487089535.616211
77.45818	380497256.055664
77.4935933333333	440339444.313477
77.52678	355629284.386719
77.5581016666667	352139799.549805
77.589325	373669130.555664
77.6211816666667	377054943.728516
77.653635	379357066.574219
77.685825	357237301.507813
77.7176233333333	391108772.333984
77.7497716666667	484552973.256836
77.781085	407428135.212891
77.8124066666667	388322034.472656
77.8460533333333	363443149.136719
77.8820366666667	302299876.640625
77.91442	359266114.55957
77.9472233333333	380274791.69043
77.9812983333333	345647363.250977
78.014205	364944858.319336
78.04561	325992193.729492
78.0776883333333	362899860.595703
78.1097033333333	313027536.429688
78.1438933333333	303472899.553711
78.17738	363813182.288086
78.2093683333333	365237788.816406
78.24273	380634065.395508
78.27618	343530369.668945
78.3096516666667	350677435.393555
78.3451866666667	309117327.816406
78.3785683333333	343584775.332031
78.41136	334247075.313477
78.4447533333333	364438584.595703
78.4764883333333	382813581.577148
78.5079183333333	366215237.176758
78.5393833333333	359986021.595703
78.5723916666667	433549408.714844
78.60512	364727001.139648
78.6366916666667	401923499.611328
78.6688316666667	293565780.904297
78.70127	365142577.226563
78.7328583333333	384217518.826172
78.7651383333333	325168469.350586
78.79826	327496289.644531
78.8301633333333	347951422.455078
78.8623416666667	352261543.177734
78.8939116666667	343898856.948242
78.9259016666667	328411205.780273
78.958415	311273329.137695
78.9916516666667	354357197.202148
79.024555	408648807.551758
79.0572266666667	407754919.632813
79.0894833333333	400589646.071289
79.1206116666667	398894652.921875
79.1528816666667	351041217.144531
79.186745	344839199.296875
79.220895	298426740.038086
79.25501	327305206.958984
79.28746	273148218.044922
79.3216233333333	297557371.392578
79.3534733333333	345586509.390625
79.3843966666667	343878114.844727
79.4171383333333	373239945.902344
79.4497083333333	347308689.625977
79.482155	342108975.375977
79.5142783333333	401636745.691406
79.5462216666667	374580378.861328
79.578945	363783081.285156
79.6113083333333	389451944.824219
79.6444766666667	414188781.356445
79.6786683333333	342695062.826172
79.7138016666667	380059372.943359
79.7460716666667	415567338.21875
79.7793666666667	400171185.730469
79.8139766666667	339053705.19043
79.8473033333333	534468802.266602
79.87931	365174924.017578
79.9122416666667	361377397.584961
79.94572	413533680.80957
79.97999	407343439.091797
80.0122633333333	402712393.084961
80.0462883333333	361858550.757813
80.07946	440863597.286133
80.1122566666667	432214541.825195
80.1459883333333	377016461.251953
80.1797066666667	387560251.314453
80.2124033333333	430804375.248047
80.245465	467485787.634766
80.2788533333333	466207657.237305
80.310535	543909236.662109
80.3422883333333	616771409.208008
80.3740333333333	561151823.137695
80.406315	526932827.039063
80.4379883333333	598491219.273438
80.4699683333333	629589701.388672
80.5017833333333	533300158.851563
80.533015	442931444.026367
80.563735	437923810.152344
80.59567	555894202.786133
80.6267633333333	618806364.580078
80.65716	504913170.150391
80.6896283333333	548832055.8125
80.7226166666667	533871080.922852
80.75668	482839224.723633
80.79018	474196681.869141
80.82209	440867567.883789
80.8546	403907061.429688
80.8864983333333	401038438.796875
80.91878	451213039.525391
80.9522033333333	572600640.300781
80.9838083333333	447061838.295898
81.0149783333333	440718682.338867
81.0472383333333	493236541.166016
81.0794833333333	554355069.542969
81.111885	543462287.626953
81.1439933333333	507547928.702148
81.17653	451011417.383789
81.2081933333333	448220754.927734
81.2402183333333	420392273.009766
81.27352	413014499.166992
81.3049866666667	417466176.974609
81.3377083333333	488670224.235352
81.3708566666667	544209432.818359
81.4024366666667	473336976.974609
81.434695	473214421.515625
81.4641116666667	520334530.290039
81.494525	451361360.518555
81.5262233333333	475638779.376953
81.5579816666667	494813521.134766
81.5885683333333	476751044.963867
81.6193816666667	469695323.354492
81.6503233333333	520866879.629883
81.6813266666667	557251587.898438
81.7120133333333	639651564.472656
81.7445966666667	676387070.4375
81.7754416666667	612213819.460938
81.8057833333333	492438372.422852
81.8368616666667	525348325.667969
81.8681916666667	506741461.360352
81.8994	602572179.189453
81.9304566666667	498574323.706055
81.9636883333333	504100619.25
81.99451	506597202.578125
82.026585	428896121.242188
82.0599016666667	517225790.748047
82.0900066666667	485935122.854492
82.1207833333333	485499541.745117
82.1517316666667	458843440.704102
82.1822533333333	368583676.635742
82.214575	471434902.160156
82.2462766666667	406775092.113281
82.277685	372738597.978516
82.3081083333333	440540936.635742
82.339545	477376033.108398
82.3704783333333	481696423.240234
82.401205	547349847.848633
82.4315916666667	516572538.161133
82.463275	499592940.748047
82.4944266666667	576064589.193359
82.5250616666667	600049339.652344
82.5558533333333	485626168.916992
82.5874666666667	522973437.518555
82.61869	494158999.267578
82.6498416666667	446391024.637695
82.6806816666667	443680779.676758
82.7114483333333	452269625.541992
82.7421833333333	433906353.887695
82.7715566666667	507768578.68457
82.8016383333333	556760914.986328
82.8323966666667	724269934.09375
82.8619333333333	552718683.714844
82.8917533333333	589103036.230469
82.9213266666667	872760206.037109
82.9520516666667	755755910.1875
82.982165	670944711.458984
83.01228	660318870.480469
83.04362	543315136.224609
83.07509	547564965.010742
83.1068766666667	601518555.420898
83.1385283333333	586144554.765625
83.1690566666667	763083863.085938
83.1995283333333	737559677.722656
83.2305316666667	697359570.431641
83.2610633333333	783663604.59375
83.29283	688604056.421875
83.3243416666667	617893386.652344
83.3561466666667	642611640.707031
83.3868366666667	556993466.082031
83.4176983333333	594371796.070313
83.44795	523140615.923828
83.479805	567710983.650391
83.5104666666667	500711884.115234
83.5429666666667	580922102.845703
83.5747633333333	582708887.576172
83.6045433333333	603512928.693359
83.63533	571340577.083008
83.6664916666667	441552722.347656
83.69801	553819479.241211
83.7286366666667	532762506.033203
83.7578833333333	497617272.772461
83.7881233333333	548153487.742188
83.8191666666667	526335497.212891
83.8504416666667	522485624.396484
83.882545	518537769.919922
83.9140666666667	505860041.283203
83.9456	523972599.713867
83.97827	654029942.759766
84.01052	640563847.601563
84.0429583333333	783162200.275391
84.0735383333333	672869073.375
84.1047666666667	700663298.251953
84.13683	588949097.759766
84.16878	590154519.044922
84.2002866666667	567232382.683594
84.2323633333333	593151359.367188
84.2636333333333	518301680.397461
84.2945066666667	566375817.290039
84.3260416666667	613328107.448242
84.3576283333333	867818417.980469
84.3885233333333	760374839.066406
84.4192633333333	881136610.037109
84.44992	952629553.630859
84.4804016666667	776138984.285156
84.511705	662370756.913086
84.54291	598892990.93457
84.57562	588891245.230469
84.60847	475848163.609375
84.64117	388439642.55957
84.67431	370903098.794922
84.7050383333333	322302668.847656
84.7367133333333	355189439.699219
84.7685583333333	319588005.537109
84.801895	335541703.754883
84.8338466666667	316480835.277344
84.864905	287860440.179688
84.8968783333333	277995261.491211
84.9287866666667	354163365.910156
84.96015	394778039.446289
84.9910866666667	449289786.924805
85.02336	367460368.729492
85.0547383333333	371475228.996094
85.0852616666667	308711639.930664
85.1188666666667	302612187.573242
85.1504	278001031.735352
85.1815633333333	310012571.254883
85.2137483333333	343533079.924805
85.245945	336539378.329102
85.2802133333333	314235759.831055
85.3125316666667	325617816.06543
85.3462566666667	375557148.385742
85.3796283333333	374964001.274414
85.4115583333333	335196019.321289
85.4447683333333	332017531.027344
85.4774833333333	457223757.662109
85.50765	386801158.548828
85.538565	296060095.928711
85.57028	293318727.623047
85.6025783333333	238811892.955566
85.636685	330914974.516602
85.6689583333333	308880404.331055
85.702525	264843402.129883
85.7343816666667	272259319.081055
85.7660633333333	307510135.601563
85.7975633333333	275337064.131836
85.8290433333333	315774962.15332
85.8605066666667	301415870.095703
85.892915	395689976.427734
85.925395	383032403.166992
85.957565	423373226.796875
85.9905083333333	368190956.993164
86.02535	417836799.399414
86.05715	352016596.230469
86.0910366666667	393303687.210938
86.1225966666667	354853793.280273
86.15381	328418826.980469
86.18445	280416421.729492
86.2179516666667	258247050.132324
86.251005	360175509.68457
86.2833083333333	339346925.689453
86.3148233333333	320366322.365234
86.3460733333333	408319116.793945
86.3778083333333	313140575.018555
86.41248	262485400.298828
86.4457333333333	361696308.263672
86.4778883333333	321083092.916016
86.5092566666667	318275919.859375
86.5412883333333	266744259.241211
86.5751216666667	255398492.600586
86.6066233333333	303616924.624023
86.6406883333333	255718654.558594
86.6713416666667	279250743.535156
86.702895	281409597.241211
86.734295	219477832.523926
86.7679433333333	230652379.759766
86.802045	257942533.488281
86.8357983333333	237879457.288086
86.868005	215834656.679688
86.9025116666667	161208755.926758
86.9372783333333	196739728.006348
86.9706516666667	236353772.038086
87.0024366666667	196627129.640625
87.037385	217652835.179688
87.07275	264923696.205078
87.1058783333333	226989699.693848
87.14009	223908223.521484
87.1730183333333	229936141.152344
87.2043683333333	252404715.410156
87.2372483333333	208584366.307617
87.2723316666667	197332336.788086
87.3068916666667	277093794.74707
87.338465	247059780.254883
87.3718816666667	215075231.179688
87.4048666666667	176001656.21875
87.4382416666667	180816890.100586
87.475045	191150443.688477
87.50898	183145738.290527
87.5449033333333	207813700.611328
87.5755883333333	213675154.310547
87.6087766666667	186269347.324707
87.6425383333333	212289485.060547
87.675285	239025869.496094
87.708605	185033215.383789
87.7426366666667	202355817.993164
87.7738783333333	193178597.543945
87.807225	172202506.853516
87.8415816666667	211979328.588867
87.8730866666667	172253035.299805
87.9078783333333	191357059.563477
87.9406816666667	198529914.373047
87.9761266666667	156079838.512695
88.009695	238718733.919922
88.0415583333333	254770171.15332
88.0738166666667	199853666.016602
88.1065883333333	198848307.826172
88.1404566666667	268559402.842773
88.1713233333333	244990190.712891
88.2053633333333	277942129.041992
88.238055	287621457.219727
88.2715183333333	243484277.890625
88.3071516666667	207934045.956055
88.34295	215165906.24707
88.3774966666667	166316129.679688
88.415525	168577571.310547
88.4501833333333	135874099.561035
88.4880383333333	133274160.441406
88.5248933333333	154455553.361816
88.5613716666667	168926023.136719
88.5960566666667	206713591.057617
88.6306683333333	151574782.875
88.66867	185561120.810547
88.7013883333333	157586771.94873
88.7344866666667	186595658.925293
88.76999	154861302.940918
88.8055766666667	154103506.995605
88.8399133333333	175467529.187012
88.8759166666667	181953739.252441
88.911155	167298398.686035
88.9438633333333	153483605.350098
88.9794166666667	223037335.526855
89.0120616666667	198475263.617676
89.0463633333333	178979997.964355
89.083505	151724590.833984
89.118405	130841645.53418
89.1537783333333	140866656.736816
89.1902333333333	162220806.953613
89.2248683333333	156039912.760742
89.258	178831106.022461
89.29093	187181962.367188
89.3282333333333	143101444.252441
89.3638333333333	172095303.675293
89.3983483333333	171984041.953125
89.4342183333333	141465211.15625
89.4724783333333	147789746.916016
89.50674	126191543.390625
89.5443966666667	160196927.789063
89.58138	139560180.731445
89.620495	164056410.980957
89.6535233333333	192769368.553223
89.6885133333333	183613462.856445
89.725305	159039630.365723
89.759895	224361493.539063
89.793725	216687736.392578
89.8260633333333	166294189.575684
89.861045	163626036.849121
89.895705	159740758.815918
89.9306416666667	161590270.442871
89.9658816666667	161591658.783203
89.9999183333333	154220386.030762
90.0337683333333	148702591.758301
90.0699266666667	155517564.869141
90.106205	170518188.95459
90.1410133333333	171960351.407715
90.17359	152210161.870117
90.209525	151317622.739258
90.2434816666667	156401623.464844
90.2791816666667	119887199.774902
90.3159266666667	130852544.791504
90.3517133333333	124055834.875
90.3900616666667	121895610.671387
90.4286616666667	168739732.253906
90.46205	146051563.130371
90.5001083333333	136147462.134766
90.539205	128058778.867188
90.57436	135003733.021484
90.6091733333333	130102287.382813
90.64849	146127708.830566
90.68549	173669768.431641
90.72069	145599673.36084
90.756725	172392164.059082
90.7916316666667	116114303.897949
90.8288633333333	143695332.169434
90.865645	148964573.27002
90.8994566666667	163701513.645996
90.9359916666667	148587169.342773
90.973135	179761716.705078
91.0077033333333	126106161.004883
91.0448083333333	161730619.258789
91.0795866666667	118104269.855469
91.11518	154183532.13916
91.14788	144116335.154785
91.181055	137104769.826172
91.218065	126512674.531738
91.2550666666667	122851808.464355
91.29237	144368406.200195
91.3260966666667	141100725.620605
91.3623733333333	134223118.901855
91.39988	130458055.855957
91.4371883333333	114910777.999023
91.4741616666667	142039214.162598
91.5088183333333	133612618.708984
91.5455666666667	151866214.539063
91.5808066666667	133413598.024902
91.6145716666667	126810861.23291
91.6516566666667	116835858.286133
91.6912383333333	133837254.867676
91.72733	131628320.097656
91.7629883333333	146015761.501465
91.797635	154452317.428711
91.8355716666667	128578968.354004
91.872735	134395205.796387
91.908545	131243739.88916
91.9451633333333	114194787.690918
91.9818033333333	115416186.654297
92.02054	117841901.118652
92.058785	106208118.689453
92.0938283333333	123816164.484863
92.1308933333333	105948341.206055
92.1679416666667	133133300.522949
92.2010083333333	180961964.473145
92.2347133333333	133998157.458008
92.26976	130558962.486328
92.3046716666667	130181651.353516
92.34188	120204283.55127
92.37734	118500827.895508
92.416145	113142223.242676
92.4565166666667	123150596.484863
92.4929266666667	105687388.452637
92.5318016666667	116147034.771484
92.5710916666667	134121928.453125
92.6096383333333	109028630.54541
92.6469266666667	130359243.479492
92.685305	117627894.840332
92.723955	155579704.562988
92.7589583333333	127816823.03125
92.7974366666667	128087881.922363
92.8330166666667	111518667.125
92.87004	125263405.379883
92.90633	104517605.204102
92.9435083333333	109383252.971191
92.9801016666667	143554957.452148
93.013785	104769665.683105
93.0529983333333	114951752.5625
93.094325	122145692.48291
93.1302716666667	125598421.914063
93.1677416666667	103100868.559082
93.20457	119510767.213379
93.2435066666667	144131490.421387
93.2778783333333	170285283.589355
93.3122166666667	125601073.104492
93.350405	123245085.813477
93.3863333333333	117138268.186035
93.424465	103434646.337891
93.4628566666667	120995261.853027
93.4972533333333	143571316.515137
93.5342966666667	115010675.077637
93.57464	118412243.294434
93.6120866666667	116417795.007324
93.649895	92108821.4238281
93.6878783333333	114188526.136719
93.72755	95270272.074707
93.765625	94791238.5866699
93.8061366666667	113593358.915039
93.84245	114155557.634277
93.8785633333333	112006030.685059
93.914295	112147893.60498
93.9508566666667	127193104.700684
93.986685	89590131.1916504
94.025965	98363310.3945313
94.0660766666667	115286780.609375
94.103595	114837972.133301
94.142665	83254984.9584961
94.18159	72319677.0471191
94.223265	80433742.4731445
94.2614666666667	76659510.3666992
94.298935	96160095.8276367
94.336035	105688040.822754
94.372115	117246774.362793
94.410635	87078083.9206543
94.4511183333333	91478181.208252
94.4919516666667	126917433.742676
94.5252166666667	98960738.1721191
94.56449	112242754.425293
94.604055	90457792.5061035
94.6478183333333	94901195.5585938
94.689755	119744237.056641
94.7251083333333	99275880.4921875
94.7642433333333	70630237.890625
94.8058133333333	73705508.1870117
94.8479033333333	86507560.1796875
94.8840883333333	80136806.0610352
94.9249716666667	90045990.1303711
94.961535	100771451.485352
94.9987366666667	88706129.8183594
95.0399083333333	88254251.5402832
95.081625	73678484.6223145
95.1204083333333	67897446.7285156
95.16294	71159070.1047363
95.2017466666667	64816906.0380859
95.2427433333333	101582118.815918
95.28014	84011408.9040527
95.3198583333333	121087743.351074
95.35279	82963570.559082
95.3924216666667	76421606.4499512
95.432165	70253010.4162598
95.4748316666667	104862502.953125
95.5108816666667	90940785.8417969
95.5503766666667	78335393.7480469
95.5894833333333	89797066.4165039
95.6287583333333	98759771.0380859
95.6689666666667	87570706.8222656
95.7106283333333	80104062.6506348
95.7517433333333	84494664.6816406
95.7904266666667	69715856.8325195
95.8302333333333	78333805.282959
95.8726383333333	72841373.0280762
95.912865	67078397.3586426
95.95465	84822158.8752441
95.99253	60134368.2214355
96.0333033333333	75175852.6813965
96.0749316666667	73349618.9711914
96.11707	80772587.5842285
96.157185	75988580.6501465
96.19982	69789744.5180664
96.23969	92995607.1281738
96.279685	69970941.5422363
96.3228416666667	76495151.0129395
96.3625133333333	79984153.9899902
96.3996566666667	82994822.8352051
96.4380066666667	62788942.7224121
96.4785616666667	88597722.2368164
96.5178	71503894.4863281
96.55722	88595935.8435059
96.5968516666667	68016765.2744141
96.6388516666667	71659692.8918457
96.6804016666667	92226324.8144531
96.7205083333333	82630714.1342773
96.7615966666667	83754829.8210449
96.8016516666667	80984366.875
96.8408683333333	61486474.1230469
96.8838283333333	73678508.7150879
96.9204983333333	64706640.342041
96.9631266666667	67716900.2648926
97.0017133333333	68593211.6208496
97.0407183333333	69638972.6657715
97.0800233333333	69831098.8891602
97.1231166666667	69055283.4042969
97.1637033333333	74253795.6640625
97.2060216666667	72994471.3601074
97.2434583333333	72757404.7895508
97.2835133333333	82383040.137207
97.3265333333333	128362061.726074
97.362375	62482209.0214844
97.40459	80144560.6582031
97.44615	70540367.9035645
97.4836966666667	72770025.8049316
97.5247016666667	69678720.4841309
97.564705	63460610.2185059
97.60651	88544442.498291
97.6462683333333	53469650.5888672
97.6883466666667	53716589.1169434
97.7316316666667	53150443.152832
97.7736966666667	77265122.8952637
97.81464	56800915.1220703
97.8564416666667	66053503.8820801
97.8977633333333	61016230.7329102
97.93584	73043567.284668
97.9781416666667	55643832.6325684
98.019305	78390932.4580078
98.055685	64742598.3659668
98.0977616666667	59281885.4538574
98.138705	59590082.302002
98.17878	62993103.7072754
98.2229183333333	65345636.8361816
98.2629083333333	58160426.7866211
98.3029533333333	63725247.411377
98.34447	57146007.8637695
98.38578	89359744.6359863
98.4227983333333	64670676.0373535
98.465485	57875314.8735352
98.5052166666667	72566985.2832031
98.5484283333333	76361333.2683105
98.5894933333333	57936816.0349121
98.631835	56700576.7336426
98.6765333333333	64385188.3537598
98.7192516666667	53996312.1552734
98.7615466666667	49245452.7658691
98.8045916666667	45922731.7828369
98.84834	59604498.7995605
98.887955	52102778.2193604
98.92969	70554519.909668
98.9693733333333	72370837.2858887
99.010695	50707370.494873
99.0546166666667	74217938.4592285
99.0940733333333	50944579.6569824
99.1358983333333	66587267.6213379
99.1769033333333	58619932.1218262
99.217425	51761161.1787109
99.26049	53461306.7131348
99.3034983333333	53159062.748291
99.345755	66267856.7739258
99.38507	54492138.2910156
99.4266866666667	50298727.7861328
99.4688216666667	55300856.253418
