RetentionTime	Intensity
0.00519833333333333	1784716.05310059
0.0426316666666667	1268480.883255
0.0824566666666667	939334.640869141
0.12487	1157428.39874268
0.168148333333333	1230978.06159973
0.213378333333333	1838529.18737793
0.257656666666667	1601956.33349609
0.301531666666667	1514614.36819458
0.345803333333333	1356807.20272827
0.390635	1522612.18283081
0.434328333333333	1049141.16749573
0.479845	1446219.92678833
0.5243	1613672.77731323
0.568433333333333	1456996.66949463
0.612596666666667	1746773.36898804
0.656831666666667	2717719.79547119
0.700293333333333	3058194.96429443
0.743828333333333	2325269.6321106
0.787123333333333	2230352.00430298
0.831153333333333	1755475.16607666
0.87541	1720699.95935059
0.91988	1472236.24453735
0.964331666666667	1190272.53204346
1.009585	1621701.62005615
1.04636833333333	1278427.53707886
1.09064166666667	1437081.94335938
1.13062333333333	1237899.24209595
1.17157666666667	1335013.559021
1.21422833333333	1384366.04898071
1.25903166666667	1012012.47702026
1.30396166666667	1556071.90228271
1.34799333333333	1521574.16812134
1.39234333333333	1680842.6086731
1.43645	1528924.63473511
1.48154	1392011.38374329
1.52583666666667	1346542.7714386
1.57153833333333	1464155.95858765
1.61608	1649608.03967285
1.66078666666667	1484578.72976685
1.70520666666667	1267627.38113403
1.74907333333333	1279508.99661255
1.79322833333333	1138710.2727356
1.83880666666667	1017166.70779419
1.88445	1411701.66381836
1.92916	1275291.15170288
1.97337833333333	1010853.7776947
2.017835	1181382.83197021
2.05497666666667	1218131.58532715
2.09942833333333	899078.469955444
2.14033	1089205.85610962
2.18257666666667	1230568.97903442
2.22491833333333	1058101.77990723
2.26923	1377930.76580811
2.31352	1156625.32846069
2.35858833333333	1305499.89346313
2.40337833333333	1289658.61621094
2.447535	963299.576141357
2.492705	826587.493026733
2.53764333333333	1028343.74942017
2.58233833333333	996841.728515625
2.62762666666667	1123311.28573608
2.67160333333333	932792.677093506
2.716605	1206772.17068481
2.76083833333333	995999.995635986
2.80433833333333	1018172.23583984
2.849325	1142955.76501465
2.89445166666667	1234976.25881958
2.93906	1329921.15368652
2.98329166666667	1016152.87976074
3.02698	1265840.20932007
3.06465333333333	1281755.7572937
3.10955666666667	1129904.3999939
3.15141833333333	918614.368087769
3.194885	1140211.88754272
3.23786833333333	1096747.54144287
3.28204166666667	1297785.02450562
3.32557666666667	974209.806213379
3.37042666666667	1455923.29440308
3.41468833333333	1575950.48565674
3.460005	1545800.89093018
3.50505833333333	1493052.79574585
3.550555	1901373.13366699
3.59490666666667	1652581.60797119
3.641135	1864580.24462891
3.68744166666667	2758457.30807495
3.73279166666667	2457145.30792236
3.77866	1713581.48794556
3.82488333333333	2043428.77813721
3.86997	1965666.94497681
3.91418333333333	1951566.99514771
3.959485	1583243.4954071
4.00585	1885046.35803223
4.05215333333333	1566253.69274902
4.09285333333333	1421122.53092957
4.13806	1429402.83956909
4.179845	1494080.38247681
4.22316333333333	1567024.41598511
4.26779333333333	1607408.59133911
4.31202166666667	1317776.4956665
4.35594666666667	1237150.89085388
4.40147666666667	1388443.25
4.44725833333333	1209919.28849792
4.49329833333333	1348317.24993896
4.53900666666667	1339614.29956055
4.58245666666667	1483532.81784058
4.62769666666667	1455076.7555542
4.672725	1351823.36276245
4.716585	1264932.72549438
4.76167166666667	1075389.07633972
4.807885	1113250.86154175
4.85379	1172898.47044373
4.89952833333333	1374214.58869934
4.94505333333333	1583282.78274536
4.98982166666667	1324038.76132202
5.03458333333333	1314254.16325378
5.08062666666667	1264574.58818054
5.12067166666667	1194791.19828796
5.16577333333333	1200903.35696411
5.208865	1126732.63076782
5.252465	1326545.07015991
5.29495166666667	1124606.50720215
5.34065833333333	1389363.02282715
5.38625333333333	1433651.76858521
5.43001833333333	982493.619979858
5.47407833333333	1749562.64263916
5.51851666666667	1026658.50054932
5.56433166666667	1252073.17608643
5.61009666666667	1104023.05519104
5.65376833333333	1198761.06762695
5.69875833333333	1458219.70730591
5.74299	1242903.81871033
5.78861833333333	995776.652114868
5.83449166666667	1069690.58377075
5.87907833333333	1398757.80102539
5.92381333333333	1239941.35995483
5.967695	1059757.35295105
6.013665	1325292.70425415
6.05768833333333	1355089.38449097
6.10263333333333	1316137.8977356
6.141725	1128566.35722351
6.18668833333333	1269117.89077759
6.22860833333333	1330807.82608032
6.27212	1331758.73248291
6.316615	978453.501907349
6.36113	1004597.32223511
6.40705166666667	1272053.80010986
6.45109	889109.950057983
6.49575166666667	1004098.23690796
6.54166166666667	1017849.00202942
6.58855166666667	1190276.62901306
6.63324	1171954.78033447
6.67884666666667	1465375.82954407
6.72395666666667	1366848.95166016
6.76859333333333	1501558.30102539
6.81324333333333	1140378.10388184
6.858505	1208430.17808533
6.90327166666667	1543030.5848999
6.94773	3214455.01934814
6.99087333333333	1754828.90368652
7.035875	1716593.93960571
7.08053	2066933.59951782
7.12471833333333	2573408.77206421
7.16352166666667	2760940.37252808
7.20872666666667	4115424.20715332
7.25323166666667	5943258.3840332
7.29632333333333	7152086.18475342
7.34094166666667	9602934.80749512
7.38496833333333	9238210.32769775
7.43107833333333	8592879.41900635
7.47560333333333	9656239.43151855
7.5206	9937166.14953613
7.56544833333333	11449325.1231079
7.61081333333333	10546706.9842529
7.65747666666667	11246455.9754028
7.7021	16809721.5740967
7.74743	23524421.5617676
7.79285166666667	30107211.7927246
7.83633833333333	28843241.7137451
7.881195	26034353.6368408
7.92517666666667	28272412.6976318
7.96855166666667	33878203.5500488
8.014715	24888880.3791504
8.05814	24669869.4686279
8.1033	16801037.8426514
8.15081166666667	21569888.737793
8.19252666666667	19367548.7332764
8.23832	21941178.3970947
8.28266166666667	18724084.3015137
8.32950166666667	20096811.4313965
8.37391666666667	21871163.4191895
8.41988666666667	23559810.3198242
8.463715	22564957.0629883
8.507495	23386278.9527588
8.55338833333333	24180833.6043701
8.59594666666667	24863637.5266113
8.64164166666667	32241723.8345947
8.68727833333333	27698726.2158203
8.730505	28915421.4989014
8.77442666666667	29060339.0444336
8.818465	34343785.2718506
8.86184	48194616.5292969
8.90804333333333	61830615.9272461
8.95329833333333	62014760.8764648
8.99401333333333	80812416.4611816
9.03295	92750540.0639648
9.070675	105012510.495361
9.11291333333333	113056386.578857
9.15409166666667	100434032.027344
9.20035333333333	101875581.502441
9.236355	125704997.69043
9.27639	117137174.59082
9.31797666666667	108546628.023926
9.35719	101531958.552734
9.397585	105155777.331543
9.43697	124366607.013184
9.47927666666667	120023853.375
9.51979333333333	167969192.481934
9.55781333333333	222072812.119629
9.60123	241427875.282227
9.64053166666667	245149402.183105
9.68146	254585182.284668
9.72027166666667	317646054.857422
9.75718166666667	245504016.086914
9.79364333333333	233560633.149414
9.829165	201171965.647461
9.86526333333333	171649697.793457
9.90894833333333	173211706.64502
9.94867833333333	180960798.39502
9.99116166666667	207644888.28418
10.02485	205531086.612793
10.0658016666667	232202129.72168
10.1021366666667	223110404.171875
10.14064	214861298.650879
10.181255	218469850.106445
10.2192816666667	197840179.033203
10.255095	209537289.115234
10.287535	220633827.82373
10.3256	242190068.359375
10.3651683333333	248888850.946777
10.3998066666667	271033687.549805
10.4445366666667	388555886.791992
10.48376	407711771.446289
10.5217633333333	461880718.024414
10.5592333333333	617214593.941406
10.595995	479714199.004883
10.6324416666667	450924026.549805
10.668155	540155928.005859
10.7107166666667	386241767.166016
10.7518633333333	361153646.22168
10.7907516666667	316154483.697266
10.8278833333333	271200740.594727
10.8608383333333	258528394.895508
10.896745	289643431.388672
10.9366466666667	285260449.375977
10.973105	306126261.289063
11.0100033333333	233813429.37793
11.0497666666667	255500105.742188
11.08788	246006862.992188
11.1266833333333	210430210.881836
11.1648716666667	215327789.639648
11.2094383333333	196834037.676758
11.2507716666667	201494582.916016
11.2852683333333	184846628.696777
11.3233033333333	204392838.629883
11.35841	212226003.955078
11.39779	248618731.881836
11.4309983333333	255582740.438477
11.468245	294872777.554688
11.5020866666667	340553976.243164
11.5391716666667	394880801.814453
11.5755383333333	290450851.776367
11.615105	297342303.390625
11.6516016666667	294671601.966797
11.6915233333333	389954813.026367
11.7282133333333	291338468.950195
11.7659533333333	296900134.71582
11.8079466666667	294133415.640625
11.8483733333333	254179882.569336
11.882695	314443455.452148
11.9168833333333	230258014.90625
11.9554616666667	262910116.317383
11.9903516666667	264197512.797852
12.0260533333333	309703183.914063
12.0599733333333	313019129.525391
12.0956633333333	358759802.708008
12.1258316666667	400931684.535156
12.1666483333333	385578774.68457
12.20279	496593677.959961
12.2365416666667	426322323.275391
12.2717966666667	446701611.792969
12.307525	455568320.113281
12.3407433333333	540755544.320313
12.3731266666667	560141415.919922
12.404745	767849694.164063
12.440445	647895183.978516
12.4699133333333	695115607.701172
12.509445	685455637.236328
12.54629	699359490.005859
12.5811883333333	743903948.658203
12.619335	767852333.664063
12.654045	802121410.039063
12.68689	893642855.326172
12.7240183333333	938653243.601563
12.7587933333333	1006773928.20313
12.7929733333333	1218375528.03906
12.8261216666667	1146093317.21875
12.8621433333333	1172313810.56445
12.8943683333333	1028837796.23047
12.928145	1058482321.08594
12.9592866666667	1329760999.33984
12.9952733333333	1157395147.96094
13.02981	1022771234.83984
13.0671483333333	1064297854.15234
13.100585	872521549.703125
13.13704	915931616.207031
13.16737	1041940424.48438
13.2024133333333	974863609.871094
13.2354933333333	824022502.322266
13.2699783333333	878730897.894531
13.302545	976959284.082031
13.33606	814889979.074219
13.3729366666667	1141330768.45508
13.4080233333333	1002712664.88086
13.4471166666667	1003582011.85547
13.4771033333333	1041621679.67383
13.5173416666667	1007197312.8125
13.556385	1315929020.39844
13.5852983333333	988890634.529297
13.6252616666667	1028425324.01563
13.6597416666667	1000679425.98633
13.6923016666667	823811592.501953
13.726645	796688689.550781
13.7594716666667	779866290.777344
13.794215	751415127.533203
13.8283216666667	827291252.951172
13.8599616666667	759940777.490234
13.8937516666667	731589126.230469
13.9271983333333	676702893.498047
13.961655	741271028.523438
13.9943783333333	810683356.951172
14.029405	826964854.474609
14.062065	754209065.333984
14.0950133333333	859159790.582031
14.129595	794788012.710938
14.1686883333333	872790009.988281
14.2019733333333	785705250.150391
14.2367533333333	656930353.433594
14.270735	842849566.478516
14.3024433333333	835570561.986328
14.3346866666667	885779200.855469
14.3675516666667	870095182.148438
14.4004983333333	932599675.701172
14.4333983333333	1087493826.41016
14.4664733333333	976668777.998047
14.4969916666667	879549012.480469
14.53116	869287324.529297
14.5654983333333	922833674.853516
14.5980466666667	999868725.677734
14.6331833333333	1436704522.30078
14.667935	1177939654.16016
14.70358	1128063476.85547
14.7335433333333	1315728155.66797
14.76808	1207472990.96094
14.7993416666667	1277626847.54492
14.8372116666667	1273061321.46484
14.8713366666667	1304104170.23242
14.9052083333333	1279609594.80078
14.9398366666667	1162433067.42578
14.974405	1003470591.6543
15.008155	1177074538.22656
15.0440783333333	1299183108.25781
15.07718	1033125579.33984
15.1086566666667	986287895.197266
15.1440333333333	872423053.253906
15.180925	901540473.835938
15.2163016666667	1013593064.19531
15.2534116666667	903066872.558594
15.287865	999342839.755859
15.3223883333333	802043800.320313
15.3572716666667	678934307.488281
15.39372	783465382.373047
15.4286733333333	900630252.300781
15.4626466666667	808554602.154297
15.4984433333333	846218576.121094
15.53199	770689295.552734
15.5659316666667	761698138.763672
15.6033766666667	819501716.160156
15.6388583333333	893876868.472656
15.6770016666667	808676371.501953
15.71309	807391018.607422
15.7419683333333	742456094.576172
15.7813816666667	886374076.363281
15.8144233333333	895760306.152344
15.8475716666667	801145492.044922
15.881975	852582485.503906
15.9159716666667	1008406544.70703
15.9466816666667	1040851163.48828
15.9829716666667	1046105240.01953
16.0166683333333	977436109.347656
16.0484933333333	953441610.734375
16.0820733333333	1114484389.60156
16.114245	1074136793.30078
16.144615	1051241735.91211
16.1762183333333	1225580160.60156
16.2091566666667	1304440565.81641
16.2413	1157243398.87109
16.2757966666667	1286871924.90234
16.3079983333333	1459984092.01172
16.3396916666667	1423667335.98438
16.37226	1446957049.52344
16.4046416666667	1361044604.74805
16.43773	1368846274.46875
16.47648	1638888253.80859
16.50737	1288035759.33203
16.54745	1401578473.75
16.5783733333333	1519713140.62891
16.610965	1238052297.95898
16.64854	1352251493.25781
16.6802266666667	1153933928.44922
16.716375	1214292384.47461
16.7493266666667	1087393452.36914
16.781005	1092437652.17969
16.8157916666667	925337602.408203
16.84975	913109053.199219
16.8820983333333	1009506421.40625
16.913475	1015307946.13672
16.9438733333333	926933009.779297
16.9758166666667	1064973108.5625
17.0065866666667	1071412989.67383
17.0369066666667	887787069
17.068655	922259537.638672
17.1020066666667	930862279.074219
17.1358566666667	943586279.09375
17.1691516666667	866818610.003906
17.199725	905719855.78125
17.2319483333333	959774312.214844
17.26346	966032471.447266
17.2972283333333	1013444937.22266
17.3314133333333	845144141.90625
17.3695233333333	988861185.894531
17.3996383333333	1026010958.25
17.4329066666667	957840753.460938
17.467285	963779182.373047
17.4984716666667	832284334.71875
17.5319933333333	939949760.347656
17.5657683333333	878715010.371094
17.5958683333333	1071052541.67969
17.6287216666667	987544804.654297
17.661225	1022944433.10938
17.6933933333333	1059344406.32031
17.7274433333333	1087451784.42188
17.7607066666667	1143002894.3125
17.7912116666667	1113835237.33984
17.8239216666667	965639334.605469
17.859235	1182913778.22266
17.8909316666667	1131230106.60547
17.9224533333333	1458146641.72266
17.95454	1132225257.08594
17.9872633333333	1242556479.09766
18.0194716666667	1391250626.07031
18.0494233333333	1287782085.54688
18.0814416666667	1287143247.38281
18.1137433333333	1335578815.32031
18.1462366666667	1295235555.47266
18.178805	1479212746.50781
18.2111816666667	1368360053.61328
18.242805	1217504539.92188
18.27645	1192147947.24219
18.307995	1341348969.70313
18.341015	1447744379.62891
18.36847	1148759511.02148
18.4038583333333	1244331367.47656
18.435285	1352629136.77734
18.467925	1268666438.67969
18.49856	1281912162.39844
18.5342966666667	1328690535.9375
18.56657	1498788506.16016
18.5984816666667	1499729040.62891
18.63039	1535861553.30859
18.66456	1493929083.23047
18.696075	1312392401.42969
18.7314333333333	1483490354.99219
18.7651183333333	1577634194.71484
18.7973283333333	1270237616.45703
18.8333633333333	1129943993.89844
18.86764	1435278331.38281
18.8992033333333	1195579870.80078
18.9330666666667	1424709211.32031
18.964925	1285284831.16797
18.9962683333333	1045238985.9375
19.0294616666667	1305189429.15234
19.06103	1153864226.06641
19.09357	1069235308.08008
19.1250883333333	996277204.460938
19.1571983333333	1093543432.89258
19.1904966666667	1171617534.32031
19.223075	1126059274.85156
19.2545166666667	1199111688.03125
19.2893733333333	924779811.902344
19.32322	1121528835.88672
19.3552216666667	1127690789.74609
19.39022	896628064.335938
19.42419	948858332.572266
19.4564716666667	1015698830.86719
19.49085	986964922.578125
19.5238316666667	1018961612.70313
19.5590766666667	1105173142.91406
19.5917733333333	999297699.535156
19.62391	1211667397.03906
19.654695	1162713889.66797
19.6870233333333	1261877345.60547
19.7224783333333	1286321138.23828
19.7556516666667	1215647963.97266
19.787315	1391689093.47656
19.8179133333333	1407930440.52734
19.85164	1396220803.48438
19.8858016666667	1312058320
19.923035	1232754077.45313
19.958625	1335578770.85547
19.9907383333333	1362358744.10547
20.0235266666667	1326018583.09766
20.055045	1314279572.27344
20.0879366666667	1229215146.11719
20.1198533333333	1324912759.75391
20.15096	1347008279.88281
20.1831233333333	1379548015.10938
20.21243	1141422861.12109
20.2451683333333	1460360281.93359
20.2768783333333	1283105650.875
20.3097716666667	1199949882.41211
20.3411583333333	1278072208.54297
20.3717133333333	1291823604.04688
20.4028183333333	1111328995.31055
20.4357	1118295885.30859
20.4697866666667	1114537245.94531
20.5040416666667	1376460182.60938
20.5371816666667	1232852338.60547
20.569005	1236326981.13281
20.600855	1175819079.25391
20.6370883333333	1427102788.99219
20.6639466666667	1234595497.38281
20.6991883333333	1271674659.17969
20.7298233333333	1316202079.51563
20.7638116666667	1267687656.61719
20.7992966666667	1273405490.92188
20.8288183333333	1248611959.81641
20.86176	1239328170.16797
20.8954916666667	1193814301.47656
20.931895	1195153555.55078
20.9649583333333	1279009261.50781
20.9999816666667	1268153960.53516
21.0314283333333	1136583735.58594
21.06481	1179310927.71484
21.0926516666667	1201227887.80078
21.1247233333333	1113816920.42969
21.1564833333333	1338677381.54688
21.1891066666667	1248972535.05078
21.2204633333333	1219173857.40625
21.25347	1466851073.73438
21.2831933333333	1121944517.70703
21.317265	1162048164.77734
21.35062	1137943054.57422
21.382025	1159764681.68359
21.413935	1087009211.63672
21.4485566666667	1236236336.0625
21.4805916666667	1036147314.05859
21.511835	1115843308.60938
21.5495933333333	1131015453.97266
21.57979	1291923402.03125
21.6121016666667	1073934709.28906
21.6463133333333	1277789143.17188
21.6780816666667	1412021995.10938
21.7110283333333	1399937799.74219
21.7455616666667	1214956103.78125
21.7808033333333	1366048075.91406
21.8162833333333	1345452061.25391
21.84965	1494665400.76563
21.8807483333333	1260063821.25195
21.9132933333333	1261398648.23828
21.945535	1292412165.50391
21.9780916666667	1273310726
22.01219	1108354447.31445
22.04929	1348382428.23828
22.0850383333333	1255842786.39844
22.1163383333333	1219390889.70703
22.1522733333333	1212530428.46875
22.1835866666667	1251212221.15234
22.2136816666667	1284915873.22656
22.24358	1108952273.96484
22.2768866666667	1012006091.12109
22.309305	1118925597.50391
22.3407583333333	1050011859.97266
22.3734816666667	1105964990.75
22.4038533333333	1150173746.70313
22.4360116666667	1196667743.05469
22.4670333333333	1085218833.09766
22.499645	1157822131.69531
22.5326833333333	1223669043.08594
22.5642216666667	1337646604.40234
22.5971283333333	1298519477.48047
22.63086	1115108770.69531
22.6645916666667	1178319472.62109
22.6971766666667	1100114835.96094
22.7283216666667	1121557261.16406
22.7603416666667	1314193245.62891
22.79409	1197343681.12109
22.8214266666667	1181813516.58203
22.852	1422645471.39063
22.8830816666667	1249741275.82813
22.912935	1063794667.89453
22.9457733333333	1326896697.25391
22.9766133333333	1311005136.21484
23.0109016666667	1301683172.69922
23.0445116666667	1257200730.07422
23.0783216666667	1355456187.16016
23.1130116666667	1504545187.67188
23.1457116666667	1482806091.48828
23.1805133333333	1434976671.36328
23.2143416666667	1353781571.42188
23.246145	1753325186.25391
23.279325	1235311814.29688
23.3141183333333	1499313848.76172
23.3448533333333	1492272117.65625
23.3765683333333	1288093367.98047
23.408425	1310905454.42188
23.4402933333333	1282129717.35547
23.47107	1368673635.46875
23.5012533333333	1632618584.72656
23.5320066666667	1286953850.82813
23.56366	1264565191.98047
23.59609	1491141286.57031
23.6256516666667	1315761498.26563
23.6578983333333	1483271998.21875
23.6921283333333	1434234577.03125
23.7249333333333	1505902963.58984
23.75717	1501954910.92188
23.7886116666667	1463990801.16016
23.8203516666667	1555370835.4375
23.8511033333333	1709472569.62891
23.8858516666667	1535207396.375
23.9232616666667	1591940256.91016
23.9528683333333	1815383206.13281
23.9856316666667	1505578516.35156
24.018	1867770217.34766
24.048875	1870511285.49219
24.08176	1829760300.59766
24.118145	1563330832.16406
24.1519016666667	1526173630.37109
24.1839466666667	1412155198.48828
24.2157416666667	1607022029.51172
24.2483066666667	1527451966.85938
24.2829	1549904591.24219
24.3129766666667	1451232054.78906
24.3446483333333	1320311931.69531
24.378995	1345482159.04297
24.4124633333333	1271630509.46094
24.443915	1283128098.11328
24.47473	1398278054.97266
24.5073966666667	1345649520.21094
24.5400016666667	1411395642.74609
24.5717533333333	1763864715.40234
24.6034783333333	1381050199.18359
24.6364983333333	1378344221.08594
24.6662633333333	1590894421.33203
24.698555	1445026168.56641
24.731835	1474802751.89844
24.7647066666667	1408973728.03125
24.7963166666667	1565767809.94531
24.8311766666667	1668569279.54688
24.8638416666667	1564354669.6875
24.895465	1454736953.36328
24.93015	1559373928.10938
24.958825	1463500242.26172
24.992245	1559263490.15625
25.025665	1491372900.07813
25.0576783333333	1524163261.25781
25.090225	1453279862.91406
25.121755	1772620163.33594
25.1537566666667	1567811927.14453
25.1834466666667	1445956576.70313
25.2157683333333	1601614251.83984
25.2479583333333	1732244930.07031
25.280135	1546420293.39453
25.3140633333333	1559053698.4375
25.3473483333333	1603528371.24219
25.3837416666667	1497425371.62109
25.4174533333333	1389795784.83203
25.4497266666667	1478689710.90625
25.4809883333333	1433971616.25
25.512755	1345175354.92188
25.5415966666667	1268236781.10938
25.5742316666667	1363562257.44141
25.6064916666667	1442140675.07422
25.6405983333333	1268258777.03906
25.6738616666667	1607197907.19141
25.7060333333333	1316880224.33594
25.7405966666667	1529528635.66406
25.7726816666667	1302352649.83594
25.806575	1363657268.76172
25.8345666666667	1330963782.55078
25.86513	1367974001.58984
25.8953733333333	1390170967.83594
25.926555	1254946347.22266
25.9613483333333	1290047257.30469
25.99466	1350892134.43359
26.0275666666667	1642797942.27344
26.0614033333333	1404676278.97266
26.093415	1554360473.55469
26.1273016666667	1440708894.65625
26.162295	1405381651.89453
26.1929216666667	1469727260.46094
26.222975	1301667191.51953
26.2551683333333	1469990353.41406
26.2850266666667	1368281861.98828
26.3187633333333	1396352685.23828
26.352245	1446762499.66797
26.3857533333333	1381417055.35938
26.4175816666667	1443360156.55469
26.4496383333333	1567591268.19922
26.4822833333333	1209064111.17578
26.5143216666667	1449440419.08594
26.547865	1272435190.06641
26.5824283333333	1375420648.5625
26.6154233333333	1426345440.74609
26.6483383333333	1350437905.83203
26.6805416666667	1559995902.70703
26.7087983333333	1376364673.52344
26.7416633333333	1521901016.49219
26.7732966666667	1308566616.38281
26.8073466666667	1590547068.85547
26.840375	1356116914.51953
26.8723	1594557149.1875
26.903705	1706662264.875
26.933775	1435896332.55078
26.9672666666667	1536453337.99609
26.9974533333333	1678057331.78125
27.0261833333333	1476354620.01172
27.0589816666667	1715092591.14063
27.0910733333333	1627954817.84375
27.1211083333333	1673368975.82031
27.153225	1710634265.67578
27.1852716666667	1531675859.85547
27.2184433333333	1930289895.10938
27.2505233333333	1494485987.08594
27.28152	1588514283
27.313405	1366062091.51172
27.3455033333333	1431176831.95313
27.3755816666667	1842521003.0625
27.4073266666667	1502623587.125
27.43983	1434059975.8125
27.47298	1302720072.37109
27.5044766666667	1359638304.24219
27.537895	1236567692.65625
27.5700166666667	1413905027.15625
27.6007733333333	1453754651.21875
27.63337	1459458033.50391
27.6653166666667	1461011950.19141
27.69723	1393117020.46484
27.7277116666667	1348903313.15625
27.7597633333333	1608585986.59375
27.7904983333333	1511278492.37109
27.8241183333333	1422763417.50391
27.85696	1637916299.78125
27.8889	1472843311.3125
27.9224383333333	1610961018.43359
27.9550983333333	1467700361.35547
27.987765	1746070364.44531
28.0201116666667	1514974475.18359
28.0519716666667	1753674199.59375
28.0819566666667	1668604194.73828
28.1155233333333	1533738753.02734
28.147725	1599005851.71484
28.17921	1468547947.95703
28.2119183333333	1524784900.98047
28.2460783333333	1425194304.84766
28.2788116666667	1582192104.49609
28.3083783333333	1578315515.35156
28.3402566666667	1678967497.5625
28.3732616666667	1829128071.17188
28.4058166666667	1742905917.47266
28.4369116666667	2114046768.67969
28.4692466666667	1771781866.91797
28.500935	2079834590.45313
28.53258	1991999699.50781
28.564765	2415565283.26563
28.59481	2272289796.08203
28.6244033333333	2187806794.02344
28.6544766666667	2515053111.83984
28.6848066666667	2432040167.63281
28.715965	2751812767.52344
28.747025	2158913185.20313
28.7778633333333	2159992582.94922
28.8102966666667	2423546826.69531
28.84236	2380368257.78906
28.8763533333333	2255749303.91016
28.9093616666667	2641257356.94922
28.9397783333333	2439921346.66797
28.9720233333333	2581782347.78125
29.0046733333333	2622871779.99219
29.0351416666667	2206791947.97656
29.066435	2385202251.96875
29.0997366666667	2225919335.99219
29.132865	2023210688.54297
29.1663233333333	1989701536.62109
29.2001	1992898703.12891
29.23222	1981435786.05469
29.2655666666667	1750039187.58203
29.2987816666667	1541582243.76563
29.3326016666667	1501849787.55469
29.3658833333333	1788252069.84375
29.3990783333333	1598646557.9375
29.4301816666667	1817156039.51953
29.4607066666667	1671452011.55469
29.49305	1646763396.98828
29.5241133333333	1736309017.75781
29.55712	1720761516.00391
29.5877316666667	1640661314.34766
29.6204666666667	1682507371.07031
29.65078	1952566660.20313
29.6815166666667	1868942700.80078
29.7124633333333	1869132925.59766
29.7457683333333	2351408444.4375
29.77733	2093140933.41016
29.8079366666667	1956177632.21094
29.8389	2353834090.20313
29.8694666666667	1933081868.00781
29.9006816666667	2021906439.24609
29.9331083333333	1914241394.48047
29.9661016666667	2010836199.23047
29.9979016666667	1958861871.73828
30.0307183333333	2056702060.67188
30.06364	2112692305.71875
30.0943333333333	2020713953.47656
30.1260016666667	1811363832.55469
30.156245	1759379817.80469
30.187645	2026269476.57031
30.220245	1823798956.99609
30.2523733333333	1956808146.9375
30.284625	1939553697.875
30.3175816666667	2210023328.21875
30.350605	2014901125.69531
30.38233	2141985348.57031
30.4143583333333	2158582235.82031
30.4457233333333	2162932591.89844
30.47888	2140875556.33984
30.5101266666667	2326308748.40625
30.53995	2460426926.59375
30.5709883333333	2230872328.21875
30.6017266666667	2483559175.60156
30.6311633333333	2729318645.65625
30.6627883333333	2897271670.27344
30.6927166666667	3130233189.04688
30.72212	3145415373.90625
30.7522766666667	3662268822.99219
30.7844883333333	3497618711.05469
30.8154716666667	3154681250.46094
30.8459733333333	3223050055.07813
30.8779733333333	3321013969.53906
30.9085133333333	3360817552.99219
30.9421816666667	3562080935.6875
30.9722433333333	3081613458.82031
31.00314	3037528349.78906
31.03497	3363558924.55469
31.0693483333333	2926988257.83594
31.10109	2825514257.16016
31.134075	3129253032.28906
31.16689	3303050355.375
31.1973266666667	2913818861.6875
31.22829	2729023856.02734
31.2608666666667	2639350890.66406
31.29467	2950335758.89063
31.3242683333333	2626020452.26953
31.3563116666667	2590512785.20313
31.3873183333333	2616130375.86719
31.4199783333333	2453526024.87891
31.4529816666667	2177716963.46094
31.4862566666667	2391895245.85938
31.51796	2433184400.14844
31.5487466666667	2541654643.9375
31.5792883333333	2356391874.92969
31.6103716666667	2395178789.03125
31.6414033333333	2204146977.375
31.67383	2376284733.45313
31.7038133333333	2333066527.73828
31.734815	2285852453.92578
31.7653383333333	2176263080.66406
31.7967633333333	2586368353.17969
31.826215	2406087040.06641
31.8568783333333	2575078617.03906
31.88872	2371503465.21094
31.9191483333333	2492297983.78125
31.9502783333333	2186560755.97656
31.9803633333333	2297213089.46875
32.0143233333333	2519290307.88281
32.0437	2374597844.25781
32.0761866666667	2225621119.97266
32.1077483333333	2728104268.92969
32.13841	2312953796.09375
32.1688383333333	2581883512.27344
32.19941	2189846547.26563
32.2304183333333	2270112577.40234
32.2609133333333	2238062933.96094
32.2934966666667	2314949994.6875
32.325275	2622230952.96094
32.3578016666667	2723052380.25781
32.3896433333333	2172765609.05469
32.42065	2030809643.82813
32.4527033333333	2294502548.125
32.483265	2263480712.30469
32.5142016666667	2221054834.76172
32.5437933333333	2472972674.625
32.5762366666667	2326114089.80078
32.607135	2419539290.34375
32.639135	2488956972.75391
32.6701166666667	2766031137.75
32.7041166666667	2391530243.67188
32.7350916666667	2508353907.14844
32.767825	2322357310.98828
32.8002333333333	2233027855.1875
32.8332633333333	2324598063.85156
32.865115	2166068051.53906
32.89805	2099362264.71094
32.9279916666667	2138970182.17969
32.9613716666667	2077756203.12891
32.994775	2154681515.24219
33.02629	2181194897.46875
33.0603166666667	2402046172.4375
33.0924816666667	2291666442.15625
33.12346	2034293846.0625
33.155475	2057151978.44922
33.1867683333333	1916307952.16797
33.2184333333333	2691426551.1875
33.2496616666667	2236900276.53906
33.280535	2288370947.61719
33.3114733333333	2143951750.40625
33.3421766666667	2054063102.72656
33.3733583333333	2479625235.09375
33.4021166666667	2313053037.82031
33.4316	2244071594.17969
33.4600216666667	2308725897.08594
33.4899016666667	2228851290.25
33.5211683333333	2060591082.20313
33.5530333333333	1844022582.01953
33.5834266666667	2191184140.49219
33.614555	2051802651.39063
33.6458666666667	2076187806.125
33.67826	2102182887.34375
33.709495	2331526719.03125
33.7431583333333	2302346163.63281
33.7734616666667	2395821050.40625
33.80448	2360302164.16406
33.8367133333333	2739078965.65625
33.8687433333333	2859352522.52344
33.9002683333333	2666598655.44531
33.9352116666667	2464848671.60156
33.9668566666667	2763258308.29688
33.9998816666667	2719844459.53125
34.03174	2412418248.45703
34.0627616666667	2683152678.52344
34.094085	2735172984.35938
34.125505	2454228539.22656
34.156615	2522680850.53125
34.1879983333333	2179289635.60156
34.220625	2199587782.01953
34.2510616666667	2409272259.46875
34.2808683333333	2361467892.89844
34.3115816666667	2566268511.17188
34.34268	2387049708.53906
34.374365	2384270510.49219
34.4064216666667	2483137267.60156
34.4396466666667	2569448772.33594
34.468795	2476005361.46875
34.5003383333333	2631055373.23438
34.531515	2578799334.35938
34.56311	2492074599.82813
34.5948166666667	2215226675.60938
34.625955	2449512966.76172
34.6566766666667	2417502341.33984
34.6876233333333	2429352816.60156
34.7191033333333	2194129247.80859
34.7528333333333	2340529746.05469
34.7853983333333	2337604656.4375
34.816795	2371059747.625
34.8474833333333	2127134940.875
34.879165	2444081294.66406
34.908835	2551063033.11719
34.942395	2276659973.04688
34.9729216666667	2447144591.92188
35.0063883333333	2471622002.29688
35.038715	2201473361.82031
35.0703233333333	2242921719.79688
35.1019	2502804886.03125
35.1316366666667	2596205769.89063
35.1616866666667	2841005628.82031
35.19293	2662872705.53906
35.224945	2940589522.14063
35.2575433333333	2542475668.25
35.29026	2933694493.52344
35.3203183333333	2831416904.45313
35.3506666666667	3092242126.6875
35.38326	3021102228.33594
35.4146333333333	2562550615.57813
35.446615	2714051987.09375
35.4758533333333	2899505500.60938
35.5086983333333	2722897545.19531
35.5369966666667	2574334395.01172
35.5679733333333	2814461126.17969
35.6002116666667	2510947352.37891
35.6311316666667	2491793135.04688
35.66137	2327542270.90625
35.6915166666667	2206687894.0625
35.7256283333333	2232770691.75781
35.755675	2095777129.11719
35.787035	2152532630.78906
35.81566	2353192324.24219
35.8466883333333	2439259854.875
35.8771816666667	2570473644.97656
35.9084966666667	2120353251.95313
35.9388566666667	2507230876.01172
35.9688166666667	2605110920.53125
35.9991616666667	2373154447.0625
36.0325716666667	2764817108.42188
36.0636866666667	2411167323.91406
36.0952716666667	2609739446.67188
36.1254766666667	2575617416.34375
36.1568483333333	2794538683.28125
36.1875016666667	2763567597.76563
36.2191366666667	2572207677.4375
36.2502616666667	2638430880.26563
36.2795033333333	2407349322.23438
36.3104533333333	2332616571.44531
36.3421716666667	2520489905.5625
36.3739483333333	2616364475.28125
36.4042066666667	2514515670.58203
36.4352466666667	2237929586.98438
36.46572	2748171558.16406
36.4969466666667	2411547938.10156
36.5286783333333	2313559952.78906
36.5608916666667	2367549937.65625
36.59247	2205481559.48438
36.6241416666667	2039624768.35547
36.6557516666667	2132922413.94141
36.68724	2213471006.64844
36.7183916666667	2087380473.17188
36.74955	2422321964.75
36.77975	2164267371.70313
36.8098733333333	2125747222.52344
36.8422966666667	2213008771.3125
36.8742916666667	2255444182.21875
36.90625	2600348978.39844
36.935705	2610287111.21094
36.9667566666667	2232828202.10156
36.9974366666667	2318183992.67188
37.0284583333333	2337908501.96875
37.059465	2528274997.39063
37.0914883333333	2794877525.51563
37.1232883333333	2567766491.99219
37.1552366666667	2475630505.98438
37.18679	2375110172.94531
37.2181583333333	2476069873.39844
37.2498533333333	2504963695.21875
37.2807683333333	2508003562.38281
37.3129183333333	2499884358.05078
37.3434866666667	2208368811.90625
37.3742516666667	2440378700.32031
37.40512	2125930888.5
37.4385833333333	2371740346.98438
37.46929	2033553498.06641
37.500165	2167140406.51953
37.528625	2414545346.44531
37.558345	2231481528.42969
37.5898266666667	2604786838.45313
37.6208183333333	2364872391.5625
37.6531183333333	2470067704.77344
37.68583	2899168256.57813
37.7176166666667	2573925794.44531
37.7483966666667	2748572976.10938
37.779075	2343354578.04688
37.809905	2376726327.15625
37.8401666666667	2569057582.16406
37.8717716666667	2329736561.03906
37.9030716666667	2650521570.63281
37.9352083333333	2872270686.42969
37.9659416666667	2799699821.52344
37.99601	2741031262.46094
38.02892	2813302100.01563
38.05798	2414079025.53125
38.0893933333333	2177642335.97656
38.1229433333333	2560092113.88281
38.15575	2372786721.14063
38.1889416666667	2168557929.5625
38.2217933333333	2160853138.49219
38.254325	2671233869.125
38.2867966666667	2310124244.9375
38.3173066666667	2050722299.51563
38.349005	2449938755.60156
38.3817433333333	2274221107.98438
38.41259	2291696829.22656
38.4427366666667	2335166782.33984
38.4746566666667	2335924739.96094
38.5043566666667	2460556721.55469
38.5334933333333	2336530079.33594
38.56372	2459019382.45313
38.5945883333333	2427339009.41406
38.6252383333333	2776570786
38.655975	2560099846.3125
38.6880216666667	2582626135.54688
38.7194316666667	3152406784.35156
38.750685	2563568237.11719
38.7817433333333	3050465195.33594
38.8124133333333	2763058150.4375
38.8433516666667	2603842388.85156
38.8751633333333	2456018804.625
38.9061866666667	2357265720.50781
38.9379666666667	2630231403.10938
38.9691916666667	3096313525.32031
39.0026233333333	3034277598.5625
39.03338	2608566333.95313
39.0646516666667	2759153054.35156
39.0961833333333	2675159033.75
39.126955	3029791443.57031
39.1599583333333	2704539455.96094
39.19322	2953348781.53906
39.22604	2288457024.85938
39.2569	2362836807.0625
39.2889733333333	2665671360.09375
39.3201466666667	2465799632.53125
39.3505233333333	2526858029.90625
39.38065	2280706757.73438
39.41291	2939517341.65625
39.4438633333333	2380285102.82031
39.47417	2434643047.41406
39.5036516666667	2520193442.10938
39.5357366666667	2805223733.28906
39.5669333333333	2657143157.91406
39.5995566666667	2510884964.09375
39.6334533333333	3537814172.86719
39.6630933333333	2360313253.875
39.6947916666667	2589369557.88281
39.7265616666667	2784241634.44531
39.759235	2688153274.75781
39.7889366666667	2280242403.40625
39.8221883333333	2623668127.66406
39.851025	2319099728.44922
39.8836633333333	2432984196.33594
39.914725	2496447853.04688
39.9463033333333	2591297693.25781
39.9749866666667	2254228534.82813
40.0072066666667	2312215632.75
40.0379933333333	2430679049.26172
40.0683766666667	2554755815.03125
40.0990916666667	2231305904.79297
40.1311533333333	2402653077.64844
40.162345	2388429970.60938
40.1932766666667	2352131767.69531
40.2241583333333	2365969557.07031
40.2540666666667	2099818577.4375
40.2829433333333	2060307796.65625
40.3120033333333	2201096719.14063
40.3422	2536186175.70313
40.3722733333333	2754035060.17188
40.4049216666667	2440426391.76563
40.4360416666667	2537823352.5
40.46829	2949853499.13281
40.50002	2853235813.84375
40.5315116666667	3074034975.27344
40.5626983333333	2661368342.67969
40.5936533333333	3017849358.61719
40.6235366666667	3535362600.625
40.655205	2839324402.99219
40.6871883333333	2600290943.77344
40.7189716666667	3268729981.76563
40.7516	2815947529.28906
40.7830866666667	2902176371.22656
40.81366	2473256804.36719
40.8447166666667	2447051619.8125
40.8766366666667	2564165925.91406
40.9080383333333	2938038766.36719
40.9398216666667	2589098531.64063
40.9729	2660432379.34375
41.0053583333333	2436237147.23438
41.0366883333333	2503641874.65625
41.068735	2551931460.20313
41.099375	2298035129.13281
41.13018	2498320914.25781
41.1610916666667	2292871401.07031
41.192845	2122196505.30469
41.226185	2127422759.36719
41.2585233333333	2232127545.4375
41.289685	2162312069.78125
41.3201716666667	2495232768.96875
41.34982	2923572846.34375
41.3809283333333	2248416907.72656
41.4120583333333	2648188986.28125
41.4431283333333	2496076079.39063
41.4754633333333	2806396752.94531
41.5072716666667	2504575039.25781
41.5390083333333	3313474665.50781
41.5681583333333	2789516212.17969
41.598435	2928741201.21875
41.6293733333333	2586532510.375
41.660465	2387219051.42969
41.692345	2883999943.92969
41.7232216666667	2628576132.41406
41.75511	2479953048.07813
41.7877566666667	2413336237.52344
41.81955	2247833344.03906
41.8538066666667	2572383642.25781
41.8836483333333	2512864153.53906
41.9152	2052232108.16406
41.9451133333333	1972040686.21875
41.9766683333333	2078414757.67188
42.007815	1931344526.49219
42.0388083333333	2590630293.42969
42.070265	2000677240.83594
42.1022433333333	2133002056.97656
42.1339033333333	2483618395.21875
42.1630383333333	2620792528.53125
42.1949166666667	2545872929.27344
42.2258266666667	2305402153.96875
42.25673	2420884687.8125
42.28705	2340521409.99219
42.3174433333333	2248358827.19531
42.347625	3408832776.61719
42.3772616666667	2386623628.10938
42.40766	2550717251.52344
42.43805	2523954764.01563
42.4678066666667	2346945355.79688
42.498565	2659555441.38281
42.5299833333333	2442599914.10156
42.5613066666667	2525810816.40625
42.5919266666667	2400325036.08594
42.6224983333333	2570698618.83594
42.6528016666667	2895556066.20313
42.6847716666667	2510541098.47656
42.714715	2576763335.44531
42.7457866666667	2831481605.82813
42.778025	3097122155.625
42.8112933333333	2770732967.42188
42.8430516666667	2606336909.11719
42.8754983333333	2757446972.22656
42.9063033333333	2615132388.97656
42.9381466666667	2666900203.03125
42.9669133333333	3401175759.59375
42.998385	3010329512.71094
43.02875	3096328108.875
43.0609166666667	2788004682.07813
43.0911416666667	2950818912.25781
43.1224	2448131105.89844
43.156125	2523109825.90625
43.1874	2289846185.53906
43.2199166666667	2818616824.39844
43.2517183333333	2776299577.89844
43.2821666666667	2401123645.89844
43.3142366666667	2381109921.5
43.3446233333333	2450333929.46875
43.37524	2427387749.27344
43.40611	2290893067.01563
43.437055	2968411223.54688
43.4667833333333	2546813385.60938
43.49751	2494981508.24219
43.5273483333333	2764463135.09375
43.5571683333333	3167060427.92969
43.587715	2538267282.67188
43.61941	2535947539.33594
43.6510483333333	2382781993.53125
43.6832266666667	2701882232.95313
43.7136016666667	2757960157.67969
43.7444916666667	2559480319.85156
43.7753366666667	2758479668.34375
43.80634	2337414503.34375
43.8384766666667	2428413880.67188
43.86892	3053065364.69531
43.8995433333333	2432095561.96094
43.9288283333333	2278550288.71875
43.9587416666667	2817907037.625
43.9892183333333	2557242790.13281
44.0195766666667	3086461388.22656
44.0486883333333	2541341730.14063
44.0790716666667	2623176202.89063
44.1098966666667	3603825973.84375
44.1418283333333	2660439775.125
44.17347	2859221036.58594
44.20467	3195821808.19531
44.2368333333333	2622521196.98438
44.2672733333333	2635921226.71875
44.2971283333333	3029268941.49219
44.3277066666667	3008126025.52344
44.3574016666667	2752263777.04688
44.3864916666667	3096553712.58594
44.4170216666667	2684657639.67188
44.4480383333333	2664382598.86719
44.4794583333333	2596090320.52344
44.5107933333333	2460582726.77344
44.5419683333333	2685006260
44.573115	2943887043.02344
44.6047283333333	2674179604.15625
44.6356833333333	2833702701.39063
44.666935	2643489800.63281
44.6970716666667	2605116288.94531
44.7287933333333	3167943798.42188
44.7599783333333	2854160377.99219
44.7919916666667	2934647565.00781
44.8216716666667	2941896145.00781
44.853015	3478208412.96875
44.8836016666667	3099218522.6875
44.9144733333333	3043702478.02344
44.9442966666667	3590962046.91406
44.9738616666667	3511978333.3125
45.0045933333333	2942901735.30469
45.034005	3741438032.4375
45.0633533333333	3580836165.125
45.0942533333333	3137926553.98438
45.125935	2977324416.64844
45.157605	3000653466.82813
45.1888066666667	3454868667.78906
45.2202533333333	2909989841.33594
45.251615	2887244322.74219
45.2831333333333	3090500304.72656
45.3151083333333	3537352421.90625
45.3450033333333	3598714622.71875
45.3752183333333	3730341834.375
45.4071616666667	3365997724.1875
45.4382966666667	3077965015.96875
45.468535	3140185169.07813
45.4999533333333	3144751445.04688
45.5305383333333	3165507082.16406
45.5617533333333	3025123260.46094
45.5937566666667	2845380053.57031
45.625475	2801722289.90625
45.6564833333333	2860082399.46094
45.68739	2652991606.92969
45.7195016666667	2905484839.22656
45.7502333333333	2806911653.19531
45.781335	2650892103.44531
45.8122333333333	3063399831.53125
45.8440516666667	2899392476.19531
45.8760683333333	2941243909.09375
45.9066916666667	2991796999.4375
45.9395616666667	2815016815.40625
45.9701316666667	3148719746.88281
46.000395	3492556432.40625
46.0303333333333	2733748906.07813
46.062315	2692131027.39844
46.0933466666667	2881882125.67188
46.1231033333333	3421770314.21094
46.1532816666667	3121004104.49219
46.1847466666667	2725508506.47656
46.2150083333333	2627540118.55469
46.2444433333333	2617970577.19531
46.2741816666667	2883080713.28906
46.304125	2957113307.63281
46.334525	3557098815.01563
46.3643483333333	2885307473
46.39603	3364171008.24219
46.42721	2649741534
46.4576416666667	2761852156.76563
46.4889333333333	2783585714.5625
46.5203833333333	3192863753.34375
46.5509166666667	2490515400.89063
46.582875	2662998876.36719
46.6139066666667	2534088734.39844
46.6445016666667	2715230352.3125
46.6755766666667	3087251660.86719
46.7060966666667	2957481126.11719
46.7373416666667	2540202691.20313
46.7679316666667	2451632555.61719
46.7988816666667	2820753609.14063
46.8289783333333	3301336701.21875
46.85946	2663423766.69531
46.8897266666667	2925636185.73438
46.9214366666667	2619452475.42188
46.951995	3158251333.00781
46.98283	2600400280.19531
47.01366	2577799145.51563
47.0426483333333	2758969134.5
47.0729916666667	2788413007.70313
47.1030483333333	3328050713.76563
47.1322883333333	2419293791.30469
47.16235	2893165662.75781
47.1917983333333	2997371835.10938
47.2228033333333	2957052996
47.2541083333333	2590253014.52344
47.2849966666667	2566094464.97656
47.3161383333333	3329671728.21094
47.3472683333333	2728558933.21875
47.3771633333333	2921555536.72656
47.408095	2706338677.00781
47.4388316666667	3576058082.27344
47.4694666666667	3309841610.95313
47.5001466666667	3131286475.14844
47.5312683333333	3502215925.35938
47.562835	4370454073.75781
47.5935933333333	3364994721.82031
47.6242816666667	3263202049.1875
47.6550183333333	3730898802.88281
47.6836066666667	3622155096.32031
47.7150066666667	3585625621.90625
47.7455833333333	3969348357.75
47.7772633333333	3164157343.84375
47.8080916666667	3094238855.08594
47.839265	2971831820.95313
47.8700933333333	3259588672.15625
47.901305	3137142809.32813
47.9318233333333	3278839220.47656
47.963075	3742388895.35156
47.9935883333333	3567341313.22656
48.02528	2945600972.44531
48.0575933333333	3726091717.92969
48.0898033333333	3390569347.10938
48.1214716666667	3582585017.36719
48.1516583333333	3029623273.73438
48.1821583333333	2670268250.00781
48.21391	2733669389.08594
48.2458166666667	2669188805.16406
48.2778233333333	2655952718.5625
48.310425	2517694873.02344
48.3438266666667	2663007678.35938
48.3760283333333	2889108092.78906
48.4091033333333	2861367168.25
48.440285	3076464036.71094
48.4709783333333	2765382148.54688
48.5017683333333	3737467522.9375
48.5331666666667	3184080033.64063
48.5651833333333	3415996915.86719
48.5962633333333	3430301849.82031
48.6283066666667	2934292649.01563
48.6607116666667	3053890933.03125
48.692545	2908712583.54688
48.7227816666667	2542276130.53906
48.7526366666667	2544019993.42969
48.785475	2423004404.20313
48.8151716666667	2829822154.98438
48.846505	2957835937.60938
48.876115	3280487216.35938
48.9075916666667	3210171727.97656
48.9381133333333	2736248135.97656
48.9687766666667	2763852675.60156
48.9987933333333	3708814519.77344
49.0294383333333	3044887604.78125
49.0610483333333	3366310849.64063
49.0920783333333	3183580925.39063
49.1225983333333	3035090462.00781
49.1533216666667	3688008897.47656
49.1831266666667	3765950552.07031
49.2141433333333	3280288191.57031
49.24544	3127852952.84375
49.2762466666667	3177689766.58594
49.3071666666667	3260290451.96875
49.3381366666667	3235007285.75781
49.3694966666667	3479337575.82031
49.400745	3792018844.14063
49.430975	3716668044.86719
49.462295	3351686782.27344
49.493485	3451987775.80469
49.5241133333333	3478829694.67969
49.5554666666667	3410044122.21875
49.587185	4320960566.69531
49.6175033333333	3203605194.58594
49.6484016666667	3291637052.32031
49.6793066666667	3530921278.05469
49.709795	3625388115.64844
49.7404216666667	4282133288.1875
49.7724466666667	4550402930.39063
49.8051883333333	4100908555.39844
49.8370466666667	4303886874.52344
49.8681116666667	3666640828.45313
49.9004616666667	3240891470.07031
49.9333933333333	3351305132.72656
49.964675	3879259831.50781
49.995335	3077409340.26563
50.0264883333333	3451593755.03125
50.0570316666667	2899293962.96094
50.0887966666667	3442099963.76563
50.11907	2859340501.01563
50.1499683333333	3343926517.41406
50.1810283333333	3027715974
50.2132166666667	2894487795.4375
50.2459816666667	3017096991.39063
50.2781316666667	3209531466.52344
50.30975	2884214328.29688
50.3409433333333	3073261514.67188
50.3729983333333	2945757575.83594
50.4046433333333	2793099779.42188
50.4368933333333	3366361464.39063
50.4692933333333	3330702963.95313
50.5019233333333	3580879096.39063
50.5334233333333	3430158991.82031
50.56508	2663487595.79688
50.5971083333333	3542972786.53125
50.6281783333333	3208110789.125
50.660865	2997936614.38281
50.6916083333333	2971575493.51563
50.722205	2745461020.17969
50.7535516666667	3056822449.27344
50.783415	2844305606.53125
50.81442	2851681087.53906
50.8452916666667	2881539518.5625
50.8762316666667	3197333090.17188
50.9075616666667	2886000144.28125
50.9401266666667	2818740959.63281
50.9719933333333	2928825189.11719
51.0037833333333	2542102372.77344
51.034255	2782693028.59375
51.0661683333333	2509989125.57813
51.096495	2610550089.16406
51.1251783333333	3231018876.14063
51.15577	2660844646.91406
51.1872383333333	2894688818.96875
51.2196766666667	2999568848.72656
51.251145	3060703252.4375
51.2822633333333	3442877395.89063
51.3138	2878667831.35938
51.34553	3028339397.14844
51.3767716666667	3160606624.26563
51.4074883333333	2992750748.45313
51.4403383333333	2673785151.99219
51.47318	2873584885.01563
51.506905	2862064468.92188
51.5393366666667	2794012517.82031
51.5719083333333	2823014538.60156
51.6033333333333	2528845957.17969
51.6361933333333	2795693030.75
51.6675633333333	2587519678.49219
51.6992366666667	2522673522.35938
51.7294483333333	2603559488.72656
51.760465	2478824435.71094
51.7924833333333	2317476339.49219
51.8231033333333	2309239000.8125
51.8547516666667	2473440031.33594
51.8864833333333	2460569472.69531
51.9173266666667	2319274659.41406
51.948705	2153558852
51.9794483333333	2406615194.77344
52.009975	2405764138.17188
52.0403266666667	2255605590.92188
52.0715933333333	2638648765.14063
52.1027283333333	2789938601.79688
52.1336966666667	2618505327.14063
52.163195	3067019847.60938
52.19398	2952418780.65625
52.224655	2774774285.70313
52.2555616666667	2910256244.16406
52.2874883333333	2853208277.125
52.3182183333333	2723994136.45313
52.3499733333333	2824715972.54688
52.38026	2680502011.78906
52.4102366666667	2641055287.57813
52.4404116666667	2506722300.57031
52.4704483333333	2576807229.76563
52.500705	2820475013.38281
52.5303416666667	2561015826.54688
52.5619166666667	2555655938.46875
52.5929816666667	2718424185.71094
52.6246183333333	2742876689.10938
52.6553883333333	2827231606.17188
52.6873433333333	2841659463.08594
52.7188566666667	2951536252.63281
52.75114	2750853569.04688
52.7835333333333	2907015830.14844
52.815965	2702117713.91406
52.848215	2689971049.64844
52.8792566666667	2588551177.00781
52.9098933333333	2725755754.30469
52.9406266666667	2669486766.75
52.9724166666667	2564170347.05469
53.00398	2627550154.20313
53.0352966666667	2500569070.53906
53.06635	2450493574.52344
53.0973783333333	2566018069.82031
53.12829	2311809640.08594
53.1586433333333	2497560576.10938
53.190015	2327525052.58594
53.2218383333333	2237238374.375
53.2518566666667	2406094810.72656
53.28266	2270834728.78125
53.3137416666667	2712427960.98438
53.3435516666667	2332485527.25
53.376025	2248967093.13281
53.4074883333333	2401954713.5
53.4381833333333	2348121076.64063
53.4697483333333	2190346507.22656
53.501675	2366029194.09375
53.5337066666667	2459598987.00781
53.5650283333333	2399992041.04688
53.5973783333333	2342414621.10938
53.6285883333333	2516642058.375
53.65963	2510671302.10938
53.6906716666667	2505685061.82031
53.7213016666667	2553327899.46875
53.75197	2566616795.98438
53.7833233333333	2540301665.92969
53.81452	2418099386.5625
53.8460366666667	2426506433.67188
53.8776616666667	2505652429.64844
53.9093633333333	2504700727.65625
53.9411	2541307999.70313
53.97325	2611867378.28125
54.0044283333333	2923754971.46094
54.036075	2510762383.39063
54.067065	2494743128.10938
54.0986283333333	2721404707.9375
54.129055	2397866443.10938
54.1599933333333	2295273715.28906
54.1910166666667	2288827941.88281
54.2214266666667	2428881884.6875
54.2524983333333	2297881942.38281
54.28432	2276826069.74219
54.31506	2295305013.94531
54.3465333333333	2193379177.60938
54.37891	2171151017.13281
54.4109583333333	2093611260.46094
54.44237	2170799549.38281
54.47369	2345549605.54688
54.5040083333333	2101797692.97656
54.5344183333333	2272294634.64063
54.5652566666667	2253297534.46875
54.595465	2257857677.51563
54.6273483333333	2160428910.3125
54.6567283333333	2965914089.5
54.6867083333333	2548677825.11719
54.7170783333333	2326648537.00781
54.7484583333333	2279692776.625
54.77919	2496057136.47656
54.8101316666667	2447108415.57813
54.8403116666667	2367485673.72656
54.8698766666667	2377581215.39063
54.8997383333333	2466458530.70313
54.9307333333333	2838820077.60156
54.960825	2503953746.53125
54.9920983333333	2767067868.78906
55.022405	2704266439.23438
55.0539166666667	2734274244.34375
55.0851216666667	2708499093.72656
55.1158516666667	2652223960.50781
55.1475066666667	2659193452.29688
55.17757	2619397179.35156
55.2079833333333	2666102117.82031
55.2390883333333	2586726113.50781
55.2715333333333	3024434682.78125
55.3020733333333	2743189469.28906
55.3322816666667	2600175633.46875
55.3642266666667	2568826951.22656
55.3962516666667	2569729687.53906
55.42685	2433969441.67969
55.45709	2320505629.07813
55.4892783333333	2447098373.19531
55.5201616666667	2819635167.53125
55.5502566666667	2478800370.50781
55.58184	3172048134.03906
55.6129816666667	2597977245.53125
55.6436733333333	2523969429.63281
55.6761566666667	2546624128.74219
55.7065233333333	2790133329.80469
55.7382983333333	3015944649.03906
55.769945	2654388240.89844
55.8011216666667	2523750237.21875
55.83105	2462419609.10156
55.8614366666667	2605600266.74219
55.892605	2536355088.15625
55.9241816666667	2583132799.40625
55.95578	2470731888.72656
55.9882616666667	2445795887.32031
56.020815	2303707554.10938
56.0540183333333	2408455602.91406
56.086195	2641957704.05469
56.1188533333333	2304114600.71094
56.1504733333333	2523270665.94531
56.1818966666667	2158818920.71094
56.2132566666667	2479769106.96875
56.2456666666667	2309026941.72656
56.277965	2221317908.05469
56.3094383333333	2152301973.82813
56.3391983333333	2443640427.05469
56.37114	2629822419.84375
56.4018083333333	2660266896.96875
56.432095	2986722810.65625
56.46349	2898084237.82813
56.4941616666667	2860281892.44531
56.5243033333333	3390891101.10938
56.5552316666667	3078697306.24219
56.5866866666667	3376868636.75781
56.6189933333333	3366613728.41406
56.650185	3417750163.10156
56.682115	3143195665.32813
56.71395	2897223767.52344
56.7451566666667	2909748227.49219
56.77753	2815849630.51563
56.8087466666667	2644345217.65625
56.8413033333333	2624770486.14063
56.8734	2634841497.28125
56.9045616666667	2410703852.9375
56.9351133333333	2506332953.14844
56.9669933333333	2426394675.22656
56.9976366666667	2282655300.0625
57.0289933333333	2232552049.26563
57.0602466666667	2271258356.1875
57.093045	2311871954.77344
57.1257066666667	2118943201.14063
57.1572066666667	2128978258.09375
57.188255	2005197979.47656
57.2208516666667	2110062081.41406
57.252175	2336790577.0625
57.2835866666667	2130160500.08594
57.3154616666667	2214967420.34375
57.3461016666667	2089192782.10156
57.375975	2209469525.85156
57.40829	2187593783.82031
57.43984	2091819413.14453
57.4715483333333	2143114923.45313
57.5028883333333	2578125972.55469
57.5337333333333	2458516748.82813
57.56425	2361197882.99219
57.5953033333333	2344835007.42969
57.6267183333333	2465085429.84375
57.6584883333333	2456099906.09375
57.6895633333333	2445064143.1875
57.7210166666667	2483037153.9375
57.7520116666667	2456181988.64063
57.78289	2450986212.94531
57.81452	2532183596.6875
57.8460466666667	2494736489.35156
57.87775	2394413330.92969
57.9095366666667	2474714571.34375
57.9406583333333	2475280977.05469
57.9721416666667	2506412894.69531
58.0034666666667	2594539283.09375
58.0347216666667	2561679416.71875
58.0659866666667	2654525212.40625
58.0972916666667	2819913361.30469
58.1277266666667	3184929248.53125
58.159645	3241731290.42969
58.1921783333333	3265694287.99219
58.222995	3088394246.94531
58.25491	3123343124.27344
58.286025	3381752024.17188
58.3165466666667	3236237268.84375
58.347015	3239236850.30469
58.37914	3151749953.625
58.4103216666667	3111994001.07031
58.44114	2864337646.46875
58.4734933333333	2778849859.86719
58.5059683333333	2674611305.50781
58.5380133333333	2807124976.82813
58.5700266666667	2641088743.07813
58.6020033333333	2890726724.95313
58.6329666666667	2445451657.22656
58.6643033333333	2383564103.49219
58.6949166666667	2315600825.61719
58.726355	2468387894.92188
58.7581416666667	2341542039.03125
58.7905433333333	2268224607.50781
58.82233	2309488731.61719
58.8536583333333	2222650321.69531
58.8853566666667	2289324199.47656
58.9160866666667	2314554631.59375
58.94716	2123608335.82813
58.9782716666667	2288680442.14063
59.0082716666667	2183478802.44531
59.03982	2186922661.67969
59.072155	2140808199.73438
59.104445	2453065574.59375
59.1358466666667	2353755831.89844
59.16502	2197141016.21094
59.1968183333333	2212178924.60938
59.22761	2259452838.86719
59.2600466666667	2195049092.57813
59.2924216666667	2309034947.09375
59.3240383333333	2330614973.3125
59.3551016666667	2281554269.49219
59.3859683333333	2798401532.05469
59.4177316666667	2374223711.30469
59.4509033333333	2625393887.09375
59.4826733333333	2695068423.44531
59.5136016666667	3135675741.63281
59.543865	2569546848.71094
59.575445	2516734860.4375
59.6065533333333	2765832282.91406
59.6358566666667	2524593745.59375
59.6671733333333	2397653668.15625
59.6984533333333	2386200500.39844
59.72934	2544768523.44531
59.7593433333333	2466618110.74219
59.7902516666667	2527246110.34375
59.821565	2563756906.75781
59.8528866666667	2558146530.32813
59.88309	2943125490.41406
59.9148533333333	2730041555.00781
59.9458916666667	2895633687.22656
59.9761366666667	2697350043.10156
60.0079966666667	2686958013.63281
60.039335	2363680988.57031
60.0705633333333	2337884837.21094
60.10134	2675982552.72656
60.1335183333333	2463690781.32813
60.1648566666667	2447656284.77344
60.1967216666667	2189121625.28125
60.2265016666667	2196023609.09375
60.25816	2122056289.99219
60.2907183333333	2138287331.35156
60.322165	2168325201.73438
60.35358	2163548951.00781
60.38426	2750413890.625
60.41546	2357878230.28906
60.4473766666667	2451071288.375
60.478685	2502229459.64844
60.5101716666667	2660515084.625
60.541955	2472466392.3125
60.5729316666667	2537120536.30469
60.6046833333333	2511310244.75781
60.63472	2593728137.70313
60.665545	2508478012.48438
60.6963916666667	3422672066.69531
60.72737	3064000870.25781
60.758295	3293044574.13281
60.7897933333333	2764508030.57031
60.8221433333333	2370851737.95313
60.8518566666667	2470056607
60.88245	2451926437.82031
60.9131466666667	2569948280.32031
60.9431966666667	2376978116.91406
60.9747916666667	2173452224.39063
61.0070333333333	2709084208.53906
61.0380466666667	2045891003.66406
61.0691616666667	2159193801.89844
61.09976	2040423520.08594
61.13135	2059510398.28906
61.1626766666667	2016810636.71094
61.193275	2159034677.42188
61.22494	2260236050.49219
61.2567033333333	2044545124.64844
61.2868683333333	2154701004.32031
61.31724	2163765111.52344
61.3469566666667	2443489971.98438
61.3778266666667	2178069283.3125
61.4088066666667	2139984590.92969
61.4398683333333	2485374918.97656
61.47169	2073814004.32031
61.5020483333333	2208421298.125
61.533865	2108432953.75781
61.5648	2031599592.42188
61.595545	2094396594.40625
61.6273566666667	2038219595.55469
61.6590533333333	2025952476.91406
61.6898733333333	2131370792.49219
61.7214533333333	2402631805.78125
61.7526616666667	2240832442.74219
61.7834083333333	2246955310.28906
61.8158216666667	2270179314.60938
61.8472583333333	2525900220.94531
61.8780066666667	2279916368.04688
61.9096016666667	2355252165.89063
61.941385	2633268641.97656
61.974625	2431269249.80469
62.0067266666667	2271769572.24609
62.038365	2449139056.92969
62.06918	2743939068.61719
62.10057	2469677922.92188
62.1316316666667	2506700016.21094
62.1635633333333	2325740381.40625
62.1958783333333	2384745504.0625
62.2269966666667	2447538920.17188
62.2586883333333	2837379659.32813
62.2900666666667	2285642152.22656
62.321185	2270892506.66406
62.3520433333333	2436374111.67969
62.3828133333333	2094622896.25781
62.414555	2142583613.01563
62.4449483333333	1935746415.34375
62.4764383333333	2032774035.09375
62.507655	2050244365.57813
62.539375	2099688840.70313
62.5697416666667	2132258179.17188
62.6003916666667	2122727777.52344
62.6318433333333	2266471993.44531
62.6638716666667	2094882125.10156
62.69576	2155998293.61719
62.7276116666667	2422439451.42188
62.7598983333333	2171811784.15625
62.7919816666667	2237092760.08594
62.8229466666667	2096288026.96875
62.8557033333333	2161806602.55078
62.8879016666667	2144893582.17188
62.918605	2106646523.28125
62.9497633333333	2118930998.76563
62.9826716666667	2872280489.94531
63.0139783333333	2365281656.17188
63.0456716666667	2371794062.41406
63.0768433333333	2410498086.78125
63.1083866666667	2428448103.50781
63.140395	2780014434.48438
63.1709133333333	2606253945.94531
63.2027183333333	2570019627.9375
63.234355	2562706924.14063
63.2645583333333	2420817841.51953
63.2957833333333	2434921009.35156
63.3271533333333	2483022005.0625
63.357325	2412080255.60938
63.3879116666667	2638829022.49219
63.4191066666667	2275199473.38281
63.45098	2304211552.5625
63.4812533333333	2468896520.57813
63.5135366666667	2348331227.57813
63.5449366666667	2341893169.75
63.5752733333333	2338152133.67969
63.6055883333333	2425043684.99219
63.63625	2295647175.76563
63.666855	2365601205.41406
63.6958016666667	2324976966.46875
63.72708	2351602648.62891
63.758885	2445958168.89063
63.7906816666667	2613302999.01563
63.8230733333333	2352556654.26563
63.8544933333333	2176940825.35156
63.886755	2139199678.46094
63.9186016666667	2026025731.25391
63.9499316666667	2039118118.50781
63.9822666666667	1957472363.00391
64.01327	2039382558.73047
64.0445583333333	1864028625.52734
64.0756683333333	2020956546.82813
64.1070016666667	1937245724.69141
64.1382933333333	1879965922.85547
64.169095	1769429950.23047
64.2000866666667	1703811687.89453
64.23126	1694965365.80859
64.26287	1748409530.14844
64.2932533333333	1772873347.96484
64.3246383333333	1793031973.47656
64.3554383333333	1865900942.33594
64.3854466666667	1814725166.23438
64.4162483333333	2062525736.34375
64.4469083333333	2134576265.72656
64.476915	2150659829.24609
64.5089133333333	2413517319.78906
64.5410233333333	2220065671.09375
64.572635	2427349157.76563
64.6031716666667	2701204906.625
64.633205	3017136123.98438
64.6647066666667	2707181557.99219
64.6963333333333	2400168460.57031
64.7272216666667	2391138730.83594
64.7589716666667	2761066937.94531
64.7899166666667	2347721365.65234
64.8210883333333	2559227228.86719
64.85222	2205976875.625
64.883715	2188751973.47656
64.9147116666667	2250820660.30078
64.9452866666667	2199747703.8125
64.975745	2180880372.95313
65.0074066666667	2240979187.03906
65.03909	2432583872.61719
65.07046	2137846620.57031
65.1020516666667	2319715558.14844
65.1337766666667	2177547625.51563
65.16526	2212719530.58594
65.1966516666667	2384866784.45313
65.228725	2234199012.3125
65.2607883333333	2316101577.58594
65.2917716666667	2268482711.875
65.32268	2255184154.42188
65.3538366666667	2363490325.10156
65.3855083333333	2744382173.6875
65.4154283333333	2236369524.40625
65.4452733333333	2181198535.56641
65.475855	2300099433.07813
65.50712	2155942835.67969
65.539795	2225703714.39844
65.5723633333333	2199539883.90625
65.6037316666667	2157334783.60938
65.6360466666667	2227241982.81641
65.6684466666667	2289930066.98438
65.7005533333333	2185466731.50781
65.7323316666667	2227729406.21094
65.7637766666667	2210508545.40234
65.79531	2272505525.73047
65.8267583333333	2759731341.01563
65.85832	2562343071.5625
65.8905833333333	2273847978.19922
65.922755	2668069347.75781
65.9548316666667	2200810882.37109
65.98636	2268147761.64063
66.0176633333333	2281240250.98438
66.049595	2186090963.21484
66.081895	2212688014.375
66.1133516666667	2333404664.01953
66.144795	2203897091.34766
66.1757366666667	2234838174.86719
66.2075266666667	2254206296.48438
66.2394466666667	2195997338.73438
66.2706116666667	2215998681.36719
66.3020766666667	2277026922.4375
66.3334033333333	2094919970.99219
66.3659266666667	1962451526.52734
66.3976183333333	1905372293.86328
66.42919	1969299894.52344
66.4607566666667	2098172841.36719
66.492395	1950957262.26563
66.5232966666667	1936294505.36719
66.5549683333333	2017347961.83594
66.585725	2007281121.78125
66.6178083333333	2056864015.8125
66.649305	1993619033.20703
66.678965	2180484897.09375
66.709435	1929606973.65625
66.740105	1987758691.36719
66.77116	1815718709.02734
66.80278	1980908662.19141
66.8338666666667	1872684754.93359
66.8646816666667	2117080445.9375
66.8966383333333	2109775324.28906
66.9277866666667	2209411407.08594
66.9589966666667	2177638751.78125
66.99087	2338386786.65625
67.0216166666667	2201685329.42188
67.0529366666667	2430471904.63281
67.08322	2300878922.34375
67.1138	2344533757.71094
67.1442183333333	2299637003.51563
67.175325	2345534240.25
67.20707	2201543257.28906
67.2393833333333	2186324754.90625
67.26994	2123114041.00391
67.3011333333333	2342594338.49219
67.3320216666667	2350608306.07422
67.3642466666667	2445977092.63281
67.396845	2384482191.67188
67.427235	2276059688.13281
67.4583283333333	2467047378.99219
67.4899216666667	2290436931.83203
67.521565	2181122807.89453
67.553375	2383839578.89063
67.5856816666667	2162299882.88281
67.6186216666667	2175531959.38672
67.65163	1965334861.02734
67.684445	2046050156.58203
67.7168533333333	1995872639.64844
67.74845	2039164686.19531
67.779345	2039946062.35938
67.811065	2183653573.54688
67.84242	2397516226.44531
67.8738966666667	2067747735.65625
67.9057116666667	2155941066.48047
67.9373283333333	2140264449.14453
67.9695366666667	1997998491.14063
68.00129	2166646562.30469
68.03272	2064994319.80859
68.0636616666667	2026556507.76172
68.09379	1951342753.73438
68.1253066666667	1967291459.53516
68.1566733333333	1820436400.08203
68.18798	1855646280.26563
68.2195916666667	2036678949.72266
68.2515133333333	1853104063.48047
68.2834583333333	1781844349.32031
68.31542	1855448700.69141
68.3466	2011557871.24609
68.3783933333333	1945341934.77344
68.4095083333333	2070926369.91406
68.4397566666667	2163594280.88281
68.4697633333333	2239245436.15625
68.5005233333333	2180547332.86719
68.5308366666667	2197394909.94141
68.5615483333333	2195232235.54297
68.5930316666667	2390045221.09766
68.6241883333333	2270113601.13281
68.6558466666667	2285151287.83594
68.68689	2328633789.60547
68.7188133333333	2240400790.38672
68.7495216666667	2246533750.66016
68.780445	2399260069.53125
68.8119	2056141433.79688
68.843965	2055163364.57813
68.8749566666667	2152410648.16797
68.9070316666667	1877708419.24609
68.9382233333333	1818842081.98438
68.9696083333333	1893124271.71484
69.0014666666667	1985536385.12109
69.0327066666667	1976358595.05469
69.064215	2023793625.49219
69.094835	2255771614.86719
69.1251016666667	2218741560.39844
69.15617	2485215788.91406
69.186165	2462710629.83594
69.2161366666667	2540924782.4375
69.2468433333333	2953108620.23438
69.277545	2779178513.97656
69.3089966666667	2683610796.19531
69.34066	2830985768.78906
69.3721166666667	3097201630.15625
69.4041033333333	2886624721.07031
69.4343216666667	2959510279.53125
69.465875	2755695248.61719
69.49721	2872768146.86719
69.528395	2777796002.78906
69.5592966666667	3096573213.23438
69.5911966666667	2720083746.625
69.62305	2538866102.47266
69.655205	2734247575.27344
69.687435	2520314007.05469
69.7195066666667	2448483524.87109
69.7496833333333	2196691789.64453
69.781285	2248906886.12891
69.8121916666667	2136125591.03516
69.8440666666667	2175009006.34766
69.8752683333333	1951853337.96875
69.9065516666667	1948504647.42188
69.9384566666667	1935050096.49609
69.9708266666667	1778321439.71875
70.002775	1878561964.72266
70.0347033333333	1880515863.66406
70.0665216666667	1855787114.57422
70.0979166666667	1837908366.05859
70.12923	1832825695.39453
70.160265	1962944376.11719
70.1919383333333	1806045726.53516
70.223375	1810376285.76563
70.2550983333333	1822938294.47656
70.286845	1762543154.65625
70.318965	2008512078.00781
70.3503783333333	1763888557.09375
70.38224	2195487854.42188
70.414475	1843013098.01172
70.44623	2009366907.47266
70.47785	2175209311.32031
70.5098333333333	2101925921.48047
70.5420066666667	2192291979.06641
70.5737533333333	2069411696.47266
70.6056183333333	2216624282.47266
70.6370133333333	2052512900.73828
70.6692516666667	2058361427.50781
70.70169	2032917182.97656
70.733395	1937033603.85156
70.7646133333333	1812505322.05859
70.79627	1784111670.09766
70.8283383333333	1948425945.89844
70.86019	1781507000.40234
70.8933283333333	1682117477.81641
70.9258583333333	1712460624.25391
70.9576283333333	1745999041.75781
70.9893316666667	1745489118.50781
71.0223966666667	1736257268.22656
71.0540616666667	1707285918.98438
71.0856483333333	2085885284.18359
71.1171866666667	1767643876.64453
71.1476516666667	1623216199.07422
71.1773483333333	1679107083.18359
71.2085483333333	1876513099.54297
71.2396516666667	1605778961.15625
71.2712983333333	1498718079.71484
71.3014383333333	1472024645.28516
71.3326	1533569941.63281
71.3632716666667	1702394900.00781
71.394085	1624112169.76563
71.4253316666667	1786875822.13281
71.4560516666667	1918698156.40625
71.4862766666667	1942820498.49219
71.517575	1989286609.11719
71.5484433333333	2329485844.71875
71.5798983333333	2345439268.09375
71.6105516666667	2381364882.42188
71.6417983333333	2318980931.13672
71.6729316666667	2502767471.54688
71.7039383333333	2490704215.28906
71.7354866666667	2538490946.33594
71.7663166666667	2488729197.76563
71.796305	2458858835.78125
71.8270583333333	2558915572.97656
71.8581066666667	2560924705.10938
71.88928	2317937840.35547
71.9209316666667	2204549632.69531
71.9525883333333	2233460351.69922
71.9833216666667	2241630711.27734
72.0140783333333	2234501714.46094
72.045365	2278439325.55469
72.0768583333333	2168381816.39453
72.10906	2461902289.14844
72.1406683333333	2308814919.44141
72.1725733333333	2381119087.81641
72.2046216666667	2417569821.70313
72.23689	2443189042.70313
72.2686283333333	2493235379.42969
72.300945	2378202309.61328
72.332375	2340548438.34375
72.3645866666667	2317295942.40625
72.3963616666667	2245786809.81641
72.4273266666667	2494275746.47656
72.4586	2346245636.78906
72.4896716666667	2042742542.73047
72.5212366666667	2055405217.01172
72.55135	1943485347.30469
72.581365	1863146828.89844
72.6126933333333	1921626577.45313
72.6430766666667	1785801789.69141
72.67309	1871911187.68359
72.7049833333333	1735488924.51172
72.73646	1709410981.47656
72.7680383333333	1728405043.47656
72.80025	1755271225.25391
72.8329133333333	1909265491
72.86519	2078672633.41016
72.8965783333333	2030524284.51563
72.9283283333333	2286803636.34766
72.9597966666667	2420602820.33594
72.9912666666667	2410556958.21484
73.021775	2352157196.87109
73.0529166666667	2558118785.88672
73.0844233333333	2647152325.86719
73.1160983333333	2265268942.80469
73.14845	2315376183.45703
73.1809433333333	1992764520.42969
73.2122583333333	2125514574.77344
73.2437716666667	2042519894.26172
73.27614	1829428188.19531
73.3080133333333	1815918865.44922
73.3404883333333	1851857290.08203
73.3714216666667	1766911298.46094
73.4039316666667	1789436001.92969
73.43564	1881611275.76563
73.4675383333333	1991403180.42578
73.4985633333333	1959552820.46875
73.5301966666667	1881979248.45313
73.5626366666667	2069341833.27734
73.5945433333333	1862698702.91016
73.6267166666667	1911759075.96875
73.6577933333333	1870163395.69531
73.6889583333333	1796388607.25
73.7194983333333	1746968806.94531
73.7506133333333	1882617481.47656
73.7824883333333	1764618213.26172
73.8134983333333	1712131229.80859
73.84456	1792874169.91406
73.8752566666667	1957440141.37109
73.9067883333333	1902835448.07422
73.93712	2088302636.67578
73.96863	2158192564.80859
73.99943	2471578348.28906
74.0298	2363403027.66406
74.0612683333333	2425925196.42969
74.0924533333333	2620505101.03125
74.1247833333333	2636966305.49609
74.1564983333333	3164250618.36719
74.1883116666667	2719682841.375
74.2193016666667	2887206039.60156
74.2498916666667	2951198615.92969
74.2806533333333	2550634115.69531
74.3133516666667	2683939807.13672
74.3445233333333	2550329994.59375
74.37648	2468602144.32813
74.4072066666667	2455990399.13281
74.4382133333333	2385845010.78906
74.4693583333333	2134965374.48438
74.4995916666667	1987652273.03125
74.5311283333333	1979529228.55469
74.5627433333333	1760595860.90234
74.59477	1954035085.64453
74.62641	1826499905.45703
74.657905	1828677994.35547
74.6896166666667	2162915843.82422
74.721815	1726905003.55078
74.7530383333333	1662990722.01953
74.7845233333333	1676203218.42969
74.8163683333333	1929184323.01172
74.8476883333333	1643513151.51172
74.8789783333333	1582837302.46875
74.9100383333333	1576683387.15234
74.9416016666667	1565319013.69922
74.9735983333333	1441578106.15625
75.0065566666667	1360755781.25391
75.03772	1421023491.26172
75.0696583333333	1330525517.20313
75.1008516666667	1359627626.23828
75.1322416666667	1357544947.17969
75.165075	1288404070.23047
75.1958566666667	1193946324.36328
75.2268083333333	1195051621.11719
75.25817	1117426966.97656
75.2898966666667	1177982711.62109
75.32235	1163773699.49609
75.3543366666667	1131886774.91016
75.3860483333333	1161732184.04297
75.41809	1166352435.33203
75.4494383333333	1094452212.19922
75.4817566666667	1163859739.81641
75.5135183333333	1117784687.70313
75.544515	1101345759.51563
75.5761183333333	1079907891.71484
75.6079866666667	1085853169.94922
75.64047	1104005568.38672
75.67266	1252595933.48828
75.703415	1111449498.20703
75.7353466666667	1162828764.27344
75.7667616666667	1167191035.25391
75.7976183333333	1208211095.07813
75.828915	1128921448.27344
75.8611316666667	1270548761.54688
75.8926233333333	1200308372.05078
75.9243666666667	1204707427.57031
75.9563933333333	1155625083.77344
75.989215	1153660326.08594
76.0213183333333	1210332710.99609
76.0526266666667	1109927115.30859
76.0843416666667	1214124401.14063
76.11638	1181939645.95313
76.1493016666667	1190505055.35938
76.181095	1176169510.48438
76.212745	1442716599.73828
76.24431	1286381987.30859
76.2767333333333	1357885313.27734
76.3088466666667	1294056839.97656
76.3416	1428007967.14453
76.3748716666667	1347706589.67188
76.4068516666667	1262393704.01172
76.4383116666667	1278303320.53906
76.4711516666667	1221960277.14453
76.5035216666667	1229025391.60547
76.53569	1251269923.91016
76.5672683333333	1302257795.95313
76.599645	1227001547.36328
76.6317266666667	1417489374.5625
76.6622433333333	1439402929.90234
76.6936516666667	1330483715.91797
76.7250266666667	1422359002.40234
76.75688	1628686988.45703
76.78824	1496220194.09766
76.8196666666667	1619561461.89063
76.8509483333333	1555744263.11719
76.8824433333333	1621253993.41797
76.912855	1604087372.45703
76.9437683333333	1809516710.43359
76.9755766666667	1736734630.07422
77.0083	1964278913.88672
77.0409483333333	2030209931.79297
77.0737366666667	1674898859.78516
77.106155	1765937659.23438
77.1394783333333	1549571952.97266
77.1722383333333	1779262466.40625
77.2050283333333	1571073959.12109
77.2374683333333	1448334595.41406
77.269825	1350080969.50781
77.3030933333333	1369041363.19922
77.3349316666667	1264238838.40625
77.3670033333333	1218590037.34375
77.4002066666667	1367444136.53516
77.4336516666667	1424374889.80078
77.4663933333333	1475366262.28516
77.4984033333333	1431395219.96094
77.5304933333333	1332176467.79297
77.56314	1365961698.91016
77.5944333333333	1489109015.00391
77.6256333333333	1442695963.95703
77.6566366666667	1468732235.41406
77.6889283333333	1464369500.70703
77.7211966666667	1448719915.62109
77.7540383333333	1256463913.25781
77.7857066666667	1228390054.51172
77.81703	1163662881.03906
77.848815	1168308476.35547
77.8809333333333	1219370998.17188
77.9121766666667	1319642669.33203
77.94503	1193205203.52344
77.9768033333333	1272477829.19922
78.0097883333333	1332263466.11328
78.04204	1317221653.94922
78.074725	1305083736.96484
78.10584	1273505271.16797
78.1389533333333	1222421344.80859
78.17064	1232636855.88672
78.2034366666667	1233695977.72266
78.2359233333333	1176645441.42188
78.2686233333333	1186153009.78125
78.3002516666667	1151541712.78906
78.3331683333333	1204926340.53516
78.3649216666667	1307415270.07031
78.3969116666667	1161869439.84766
78.4291616666667	1269306532.80078
78.4613083333333	1367894861.12109
78.492915	1318645627.71875
78.5244183333333	1373604185.60547
78.5556466666667	1322684798.41406
78.5863766666667	1505326354.12109
78.61841	1404024797.30859
78.6512683333333	1440775348.73828
78.68408	1488110238.26953
78.716365	1435433018.65234
78.7487533333333	1469323258.62891
78.7819183333333	1461743434.40625
78.81407	1542612050.16016
78.846545	1508247214.57813
78.8801333333333	1463751960.45703
78.911765	1332947005.36719
78.94426	1416145562.02344
78.97733	1288475278.32813
79.0100933333333	1359563620.9375
79.04422	1238143798.86328
79.0769216666667	1313506611.47266
79.11001	1110095728.21484
79.14258	1119510575.82422
79.174255	1209826798.90234
79.2069433333333	1165044468.42969
79.2399016666667	1023868653.37305
79.271495	982166057.130859
79.30412	1262530888.50781
79.3364866666667	1090895645.16016
79.3686866666667	1074416642.00391
79.4022	1037817378.28516
79.4342983333333	1004257539.31445
79.4663383333333	1085416487.01563
79.4988733333333	1058206002.74219
79.5310033333333	1089027422.33203
79.5635183333333	1058391018.95508
79.5952933333333	1131335874.21875
79.6288733333333	1144637055.67578
79.6603816666667	1112194475.42969
79.691855	1178973243.41797
79.7235633333333	1255498888.80859
79.7562166666667	1202891694.73438
79.7884516666667	1315720106.42578
79.8204866666667	1212520822.89844
79.8531066666667	1197684785.52734
79.885675	1288461820.5
79.91745	1166831744.55078
79.94956	1172194070.77344
79.9823283333333	1331232942.64844
80.0142166666667	1251744074.76953
80.0456933333333	1265716492.63281
80.077575	1236763464.71875
80.1091533333333	1442274885.14844
80.1404316666667	1394554465.09766
80.1720383333333	1404070407.12891
80.2030966666667	1467081744.32813
80.235025	1462046039.25
80.265925	1355277765.125
80.2969733333333	1338041779.14844
80.3281	1406954161.46094
80.3597383333333	1518448212.78516
80.3921133333333	1436438108.70313
80.4235866666667	1465298312.69141
80.4551316666667	1342066925.03906
80.4864866666667	1330434738.69531
80.51747	1308020177.19922
80.5498183333333	1174044861.39844
80.5816183333333	1262008235.24219
80.6129666666667	1125027636.3125
80.64459	1119492946.23047
80.6762033333333	1068272033.41016
80.708415	1078920821.16797
80.74179	1034293446.30078
80.77426	1069950644.19531
80.80575	1121581021.79688
80.8362666666667	1312919418.03125
80.86718	1167396402.80859
80.8990633333333	1290335040.60938
80.9311716666667	1266814767.54297
80.9625083333333	1374469309.05469
80.9932	1442448186.76953
81.02476	1570541496.91797
81.056355	1571311293.23438
81.0891466666667	1593807376.80078
81.1210033333333	1593331731.48047
81.1527883333333	1686757843.94141
81.1842033333333	1670590046.00781
81.2160683333333	1676970084.47266
81.2474816666667	1695593751.17969
81.278335	1699631082.57813
81.3096366666667	1665281462.0625
81.3417066666667	1656795651.29297
81.3729783333333	1659669863.55078
81.4044383333333	1622006305.36328
81.43509	1563119373.36719
81.466485	1531389245.44922
81.4987833333333	1550556392.58203
81.5303766666667	1482443245.40234
81.5623616666667	1601247424.42188
81.5941233333333	1726312701.10938
81.624845	1604777786.91016
81.6568266666667	1602309114.77344
81.6873716666667	1646574931.88672
81.7184	1569323427.64844
81.7498683333333	1506289174.34375
81.781695	1801706739.28125
81.8113483333333	1368949176.44141
81.8432366666667	1588375654.00781
81.8755966666667	1567830259.82031
81.9065283333333	1676049333.75
81.9379066666667	1635897243.55469
81.9689833333333	1678327373.48828
81.9996366666667	1762486609.53125
82.031355	1754065850.85938
82.0626433333333	1608426986.85938
82.09341	1583330869.42969
82.1250666666667	1631932887.85547
82.156405	1589142739.12891
82.187935	1862291269.41797
82.2198	2183765324.44922
82.2503966666667	2214599590.00781
82.2818233333333	2257789205.51172
82.3130666666667	2214074399.78906
82.3439483333333	2317721264.96094
82.375265	2200489221.83594
82.4065683333333	2083637960.11328
82.4388016666667	1916638472.46875
82.4696916666667	1917522105.41406
82.501915	1950516987.11328
82.5333516666667	1893183063.3125
82.565495	1836525253.49219
82.5975016666667	1722756470.47656
82.6295133333333	1690615650.60938
82.66157	1708801081.58203
82.69281	1392001187.05078
82.723225	1383234806.72656
82.7556516666667	1309486704.89453
82.7878533333333	1239048525.83594
82.821525	1159838093.29297
82.85251	1225674561.59766
82.8854233333333	1075291877.375
82.9170966666667	1045942037.73047
82.9506	1021324618.93359
82.9829166666667	934098467.589844
83.0159116666667	952419883.068359
83.047945	954130406.328125
83.0800266666667	956672998.744141
83.11255	1042537959.46875
83.1436933333333	1067067330.80859
83.1761216666667	1075637158.39453
83.2085566666667	1010685785.41602
83.2416	1022260408.76367
83.2742366666667	1032553923.56641
83.3070016666667	934343827.867188
83.339385	1036216329.22656
83.3722066666667	1001012221.76953
83.4041283333333	1102305607.04297
83.4356216666667	1231629030.02344
83.4666483333333	1371434139.26563
83.4980883333333	1052961000.24414
83.5298433333333	1150368972.86133
83.55983	1168907608.91992
83.590295	1115365218.94531
83.62184	1014415111.51563
83.6529883333333	1069831110.76953
83.6842966666667	1117231083.73828
83.7154066666667	1145127110.36719
83.74686	1106097735.59961
83.7789866666667	1124714567.91016
83.8111833333333	1114653997.61328
83.8428	1079798924.63867
83.8750966666667	1023547410.24414
83.9075633333333	1074828037.84961
83.93896	949781923.322266
83.970615	1004114897.54102
84.0023316666667	944296443.931641
84.0342166666667	870826391.224609
84.0655666666667	908140069.671875
84.09672	913548804.244141
84.1287916666667	909066972.746094
84.1616416666667	915353001.671875
84.1934966666667	977206862.742188
84.2261183333333	1012159927.21875
84.2574833333333	1045692932.82031
84.2888966666667	1033977750.64258
84.3202816666667	986142595.603516
84.351995	993993788.056641
84.383555	1017575913.6582
84.4154483333333	985667686.740234
84.44801	1010934386.53516
84.4802783333333	1136205836.80664
84.51277	1119976673.38281
84.545885	1122190074.51758
84.57787	1166962698.61914
84.6092533333333	1138849390.5918
84.6409733333333	1058877617.39648
84.6734083333333	1172136179.44141
84.7060733333333	1086796989.08594
84.7380383333333	989180302.523438
84.7685616666667	979642652.511719
84.7997733333333	845411077.066406
84.8309533333333	933571904.960938
84.863465	850884913.441406
84.896285	817066280.277344
84.928185	759580916.953125
84.9603133333333	726899220.751953
84.9923016666667	714712015.722656
85.0254666666667	720352932.205078
85.05775	683686760.109375
85.08979	655973599.771484
85.1218733333333	671501386.179688
85.1541716666667	639358873.683594
85.1876483333333	603716632.050781
85.2201866666667	559120102.619141
85.2524033333333	574870828.458984
85.2853	545756098.484375
85.3181383333333	560560448.820313
85.3525633333333	539177143.234375
85.3855383333333	556281251.410156
85.4181966666667	529023831.662109
85.4520616666667	511587185.179688
85.48607	475996527.499023
85.5200016666667	488362435.300781
85.552905	463872986.375
85.5867166666667	458013596.884766
85.619685	490980941.43457
85.6507383333333	463244519.213867
85.682585	468727793.048828
85.716065	449578751.992188
85.7495966666667	482114304.445313
85.7822816666667	447007777.689453
85.8141366666667	462570134.993164
85.8460816666667	433034709.924805
85.87971	409476837.060547
85.9130916666667	386326994.852539
85.9450133333333	384057280.758789
85.975995	393293377.581055
86.0098316666667	403988865.391602
86.043195	410587060.307617
86.076315	380600224.005859
86.10901	388926732.770508
86.1422783333333	405702696.334961
86.1759466666667	372809056.147461
86.2112033333333	391928073.749023
86.2437133333333	382535105.50293
86.2765466666667	388836000.207031
86.3119933333333	425237182.900391
86.34581	395099174.217773
86.3797166666667	367166446.152344
86.4139716666667	364163543.397461
86.447325	342838086.624023
86.4821483333333	328950755.841797
86.5149033333333	319932541.888672
86.54684	335148950.885742
86.5819483333333	340899619.112305
86.61319	312223693.652344
86.6476766666667	322847642.303711
86.6792133333333	308257237.34668
86.7125	305833991.228516
86.7454	329819734.880859
86.7781616666667	296825994.112305
86.8132416666667	290247901.543945
86.8458216666667	292289304.779297
86.8807133333333	318997181.060547
86.9150166666667	304876679.311523
86.9495716666667	310440866.999023
86.9826916666667	304879655.009766
87.0157133333333	289744232.137695
87.05049	284882598.613281
87.0843183333333	290546757.847656
87.1166016666667	300124298.976563
87.1502133333333	290577004.97168
87.1829166666667	261778299.826172
87.2164166666667	250286439.073242
87.2519783333333	295757670.651367
87.2840133333333	332675166.550781
87.3191216666667	333195372.37207
87.351765	293827811.322266
87.3849633333333	297272772.532227
87.42138	261214896.28125
87.4548866666667	302477455.167969
87.4901183333333	258096985.322266
87.52585	241955807.883789
87.5634283333333	276616065.761719
87.5978466666667	269829879.677734
87.6323133333333	269951312.43457
87.66905	299207379.52832
87.704875	341492140.333008
87.7398183333333	364944961.426758
87.773445	354555039.49707
87.8075916666667	315059098.726563
87.8440616666667	304017158.397461
87.8781933333333	289683696.869141
87.9124333333333	276458524.321289
87.9483933333333	270439907.804688
87.98364	244121251.99707
88.0194183333333	248941273.080078
88.05443	231083442.458984
88.091335	245615314.123047
88.12391	205380141.956055
88.1622716666667	206215684.364258
88.1972483333333	201184803.050781
88.2349283333333	199937599.241699
88.2707966666667	191591423.048828
88.3059983333333	213768439.107422
88.342075	219780063.174805
88.378185	239215091.055664
88.4140266666667	208006778.62207
88.4495016666667	229637322.757813
88.4842533333333	217633056.368164
88.51692	223900148.549805
88.5514583333333	212607478.34375
88.5854133333333	207594562.060547
88.61805	220616248.753906
88.65328	219493479.617188
88.69117	203357297.725098
88.7283983333333	185502618.236816
88.7668733333333	176188035.194824
88.8024566666667	186246230.62207
88.83806	209300639.401367
88.87412	200123046.411621
88.9139	224569977.089844
88.950985	240375661.750977
88.9871766666667	213375466.770996
89.0264816666667	201123987.553223
89.0623966666667	197795694.893555
89.096935	180748026.5625
89.136855	195891158.029297
89.1705783333333	184119760.529785
89.2034316666667	178004181.273438
89.2402883333333	173538323.712402
89.279315	175581543.45752
89.3129116666667	169612486.900879
89.3519766666667	171626293.149414
89.3884866666667	171294319.236328
89.4256983333333	163079290.464844
89.4620316666667	141664664.282227
89.496335	161497777.585938
89.5339216666667	153573992.222656
89.5698633333333	159038556.814941
89.604175	151118396.708496
89.6414566666667	154120907.166992
89.6818783333333	149029316.398438
89.7206466666667	146198408.288086
89.7610716666667	141163376.26123
89.7962633333333	133876488.71582
89.8347316666667	143895445.092285
89.8733316666667	146034222.362793
89.911425	136493044.915039
89.952845	138317636.440918
89.9891233333333	150325010.256836
90.0254316666667	146618641.309082
90.06638	152745512.266602
90.10223	162608332.819336
90.1412266666667	150038007.090332
90.1810866666667	161137012.454102
90.2133016666667	177190581.015625
90.250415	161323720.285645
90.2862016666667	157288591.438965
90.321935	149185639.807617
90.3590516666667	150780237.996094
90.3937333333333	158811239.003418
90.4320983333333	162390511.643555
90.4644883333333	161907259.719727
90.50489	195288601.833984
90.5432916666667	184083851.176758
90.5815633333333	174668658.49707
90.6198366666667	178802618.857422
90.6589366666667	162840918.520508
90.6992083333333	146897997.901367
90.7378933333333	144063801.127441
90.7768066666667	145113510.186523
90.8127766666667	136375720.568848
90.8488033333333	125552465.184082
90.8848266666667	140706401.631836
90.9241333333333	146804055.124023
90.9613516666667	152915115.254883
90.9988	150361624.989746
91.0372183333333	140160352.712402
91.0788616666667	143901037.96875
91.1154166666667	145060920.400391
91.1551333333333	145514614.858887
91.1927783333333	141227198.541504
91.2263866666667	135480547.0625
91.2650133333333	129950837.3125
91.3020266666667	128515780.044922
91.3400133333333	126779881.942383
91.379105	124770121.696289
91.419065	137081498.290039
91.45992	126522437.384766
91.4935933333333	124938657.634277
91.5338033333333	116296136.883789
91.575875	127735886.196289
91.6163633333333	121970771.298828
91.6539833333333	123944172.858398
91.6914466666667	119664049.633301
91.7280416666667	117843838.612793
91.7653183333333	123177503.688477
91.8073633333333	124955971.367676
91.8428266666667	122969670.519531
91.879845	124685937.383789
91.9172083333333	141491409.433105
91.9574783333333	126387143.262695
91.9948083333333	115611740.987305
92.03575	108436559.233398
92.0752816666667	111767271.179199
92.1144916666667	113483122.92627
92.1563883333333	107473758.401367
92.1948866666667	106805066.406738
92.232445	119249811.385254
92.2670233333333	108833323.527344
92.30921	119565952.848145
92.343135	102982921.913086
92.38559	125344929.530762
92.4232433333333	111984431.303223
92.4643916666667	116544382.771973
92.5061083333333	117276497.669434
92.5415933333333	104214781.375488
92.5826866666667	112204190.395508
92.6252233333333	96389152.4067383
92.6595433333333	104897060.66748
92.6974816666667	107660162.793457
92.73397	102299838.352539
92.7747483333333	103659897.191406
92.8169033333333	110196602.104492
92.8547483333333	110033928.659668
92.8936816666667	114113645.757324
92.928775	117703684.661621
92.9664216666667	113430823.84082
93.0078266666667	117733332.759766
93.047875	112561170.421875
93.0895083333333	114303056.38916
93.1258833333333	115257045.623535
93.1638433333333	114933763.51416
93.201275	102783737.441406
93.23832	126952507.144043
93.274325	120870964.316895
93.315525	127221196.891113
93.3489233333333	123832224.206543
93.391715	122077439.010254
93.4251966666667	119707384.157227
93.4636216666667	124914928.424316
93.5028716666667	100093787.32666
93.54496	107074004.064941
93.5842516666667	99259929.0419922
93.6256316666667	94816103.0698242
93.6665783333333	97076845.1328125
93.7093533333333	94575988.8774414
93.7482733333333	100895973.031738
93.788855	106267748.169434
93.8311	93578792.8876953
93.8719	95168515.3071289
93.91066	91527166.3105469
93.9512683333333	87371122.0024414
93.992545	86397524.3381348
94.03211	84761138.7939453
94.0646583333333	91195396.2255859
94.1060583333333	96096376.3701172
94.1424816666667	89087895.3759766
94.183605	105566239.18457
94.2208533333333	90882291.7553711
94.2601733333333	97274361.2163086
94.2968983333333	95814262.7895508
94.3365616666667	99979364.815918
94.36845	95330092.184082
94.4114433333333	113342666.759277
94.4539483333333	89529124.9907227
94.4938566666667	85602220.1916504
94.533085	83189168.6538086
94.5757583333333	87806283.1230469
94.6187466666667	85762887.5559082
94.65963	90522576.5151367
94.7005083333333	88229237.074707
94.7419416666667	86208884.1938477
94.7795016666667	74507874.8417969
94.8213283333333	95014824.5688477
94.8640483333333	90164192.8432617
94.9044016666667	91459289.5844727
94.944245	112720116.40918
94.983805	101399582.142334
95.0250833333333	120753549.570313
95.0640616666667	119164765.939453
95.1079783333333	136548405.305664
95.1470483333333	126682038.024414
95.1859983333333	105126151.746094
95.2254183333333	113356872.845703
95.2666616666667	108635184.503418
95.3035883333333	107467813.418945
95.3415466666667	103486943.718262
95.3845866666667	95227502.6743164
95.4186583333333	99351065.6811523
95.4606066666667	87543120.9580078
95.4999283333333	95809791.4033203
95.5386233333333	88711864.3325195
95.5825816666667	99229341.5429688
95.62016	95357914.0048828
95.6613383333333	92304453.2104492
95.70447	84011108.0932617
95.7465083333333	94447427.1757813
95.7882166666667	78397841.8891602
95.8250683333333	81278223.7563477
95.86858	81287981.8076172
95.9096066666667	89253555.9526367
95.9509883333333	84078920.0341797
95.9886916666667	85301347.5961914
96.03216	83149313.394043
96.0703133333333	79351097.5361328
96.1133966666667	75583413.0942383
96.158215	81330650.3466797
96.1943733333333	81132300.1166992
96.2354766666667	74104617.0380859
96.27701	75562826.9418945
96.3166916666667	70077316.9228516
96.3574883333333	77045739.7285156
96.4002283333333	82645511.6333008
96.435625	76685206.9135742
96.4805533333333	76168539.1186523
96.52056	72568945.6674805
96.5635616666667	79267362.394043
96.60464	83221641.2036133
96.643175	74972197.9750977
96.6847066666667	70960794.890625
96.7292466666667	73053277.2973633
96.7718983333333	69762680.4863281
96.8170133333333	67434837.6191406
96.853735	68968175.90625
96.8979233333333	69156682.7573242
96.940375	70059469.4077148
96.9859516666667	77864671.0415039
97.02288	66810063.9042969
97.0660066666667	71056807.2126465
97.1057683333333	66173205.2509766
97.148635	75361560.9287109
97.1923583333333	63744033.5839844
97.2304316666667	68643236.7026367
97.272925	70082338.8803711
97.3139583333333	62359844.2219238
97.3544766666667	69999625.453125
97.3947583333333	72102931.9526367
97.43506	74888066.4248047
97.4700566666667	71148707.0395508
97.5133983333333	72013907.2724609
97.5558433333333	71482199.1032715
97.597705	68229424.638916
97.6395733333333	68040679.8666992
97.6817233333333	67004135.3286133
97.722795	67923789.4262695
97.76595	70940303.5708008
97.8082416666667	68889819.246582
97.8498666666667	66770530.4318848
97.888065	62004563.3239746
97.9310833333333	65983187.5878906
97.9746383333333	72841952.2297363
98.0174533333333	61326422.5649414
98.0549183333333	63832605.4152832
98.098455	65729218.4316406
98.1402866666667	64929225.0014648
98.1809566666667	59632326.480957
98.2252916666667	61856266.3742676
98.2628383333333	62517165.1359863
98.304335	62178678.2687988
98.3443583333333	66401497.8950195
98.3852483333333	65783180.9277344
98.4273266666667	65923536.0095215
98.4684333333333	63290448.5319824
98.5039666666667	62251603.8925781
98.5452983333333	59861097.8911133
98.5882916666667	69084417.253418
98.6300033333333	55911077.3701172
98.6717966666667	55636745.7214355
98.715425	64614198.9082031
98.7569433333333	60746170.3305664
98.8000433333333	61099244.9658203
98.8414716666667	60614503.6403809
98.88284	61760900.3950195
98.9243883333333	54849289.8649902
98.9675	59239571.8212891
