RetentionTime	Intensity
0.00538166666666667	434920.471206665
0.0440466666666667	510519.684158325
0.0861183333333333	510090.807067871
0.129801666666667	488970.427474976
0.173951666666667	454190.175445557
0.219213333333333	2178502.77096558
0.259856666666667	12944637.2271729
0.296156666666667	22028663.0192871
0.33217	26959685.0543213
0.366848333333333	29098967.4195557
0.40307	30508112.0415039
0.439291666666667	32779623.1376953
0.477835	31541136.4658203
0.514618333333333	29452129.9581299
0.554593333333333	30360875.2674561
0.594106666666667	36411903.8303223
0.630488333333333	48722222.8422852
0.668743333333333	52095134.619873
0.711298333333333	54429565.6706543
0.755246666666667	44474796.4985352
0.800458333333333	35534745.3212891
0.845698333333333	27775417.8765869
0.89041	23672998.6999512
0.936631666666667	22701589.8029785
0.983985	19706284.3814697
1.029385	24556798.9083252
1.06754333333333	31388199.3791504
1.10885833333333	32001853.8708496
1.15220833333333	36067969.9868164
1.19353	37200118.0378418
1.23834166666667	37140085.300293
1.276595	37107111.1789551
1.31030666666667	36812017.8703613
1.34734	40255235.4428711
1.39024666666667	43549184.6782227
1.42628833333333	39550057.7687988
1.46629	37550640.5227051
1.51052833333333	32823852.0715332
1.54768666666667	29681312.2280273
1.59145333333333	25471513.4086914
1.630805	25622989.6575928
1.67114833333333	26622680.3831787
1.70831833333333	27921312.4997559
1.74995166666667	29575249.7116699
1.79508333333333	30897408.1746826
1.838455	29670111.1409912
1.883725	27723214.8896484
1.92483333333333	25696007.9908447
1.96642666666667	24602704.873291
2.01033333333333	32976023.7229004
2.05012333333333	40016387.0725098
2.091345	53374500.1384277
2.13257	60579603.9960938
2.17675	58889143.7016602
2.21826	52447506.0480957
2.262065	44001526.1809082
2.30334833333333	35241637.0388184
2.34248833333333	33226500.9245605
2.38166833333333	28447716.3638916
2.42280333333333	25282698.8101807
2.46456833333333	23913292.9555664
2.508895	24777474.8067627
2.549995	24848097.8424072
2.59318333333333	26159300.0444336
2.63686666666667	27265515.6654053
2.67147	25798901.427002
2.71315666666667	29339506.1804199
2.75219	30715825.942749
2.79506	28227292.1552734
2.83779166666667	29384424.4420166
2.88060333333333	32871487.5993652
2.92382666666667	35031831.048584
2.964405	33853812.9838867
3.00850666666667	37113093.9101563
3.05103666666667	34850397.3249512
3.09587833333333	38648163.953125
3.13138	40426427.9770508
3.167035	33713655.9265137
3.21054833333333	37677703.9433594
3.25172666666667	40060095.0649414
3.29704333333333	41362642.4494629
3.33987166666667	40498941.0583496
3.38443333333333	38769089.0524902
3.42245666666667	34109420.4907227
3.466515	34786905.6157227
3.50911666666667	32759268.78125
3.549395	33053871.7762451
3.591915	38502708.644043
3.635185	39838927.5239258
3.679545	40756383.1379395
3.71102166666667	46038024.9296875
3.75342166666667	49054866.171875
3.79605333333333	49782168.277832
3.83909166666667	50670445.3820801
3.87981	50362430.8378906
3.920015	50913680.4921875
3.96200166666667	50288633.4714355
4.00562833333333	46501465.6462402
4.04586333333333	40981074.6801758
4.08908166666667	41624469.2253418
4.12709833333333	34862417.1558838
4.168135	32406985.7529297
4.20847333333333	31332273.9168701
4.248125	31724935.0004883
4.29192333333333	27621307.8470459
4.33265666666667	29596992.034668
4.37429166666667	28428381.0229492
4.415145	27376336.2496338
4.45438666666667	30264078.3752441
4.49487833333333	29417266.1300049
4.53564666666667	33811222.614502
4.57343833333333	33567145.8823242
4.612875	36241711.5549316
4.65427166666667	39122919.4384766
4.695645	46325822.2866211
4.73102666666667	45864091.6550293
4.773465	53438973.1630859
4.81313166666667	52436211.1259766
4.85559166666667	58081862.1125488
4.894485	51783454.0869141
4.93332	53811161.9416504
4.97199333333333	57083761.4836426
5.010335	53294601.123291
5.05379666666667	64636705.026123
5.08686	63836244.0771484
5.13053333333333	71326246.3259277
5.17211166666667	86811046.3994141
5.21107333333333	109104832.602051
5.24399166666667	146949184.279297
5.27939666666667	161027152.125977
5.31672	176173689.853516
5.34743166666667	226565308.254883
5.38473333333333	361110235.671875
5.41805	422066878.453125
5.450035	401634508.927734
5.48116166666667	323224371.115234
5.51121666666667	311509021.683594
5.54253333333333	374074713.417969
5.57175	431252544.431641
5.60194166666667	516868499.490234
5.62927333333333	521100650.332031
5.65899166666667	638505370.759766
5.68951166666667	763192382.160156
5.72126666666667	885171176.3125
5.75232	844028586.921875
5.780825	856733751.253906
5.80918666666667	830177440.601563
5.83919	808075889.238281
5.86897333333333	984268607.742188
5.89787666666667	1215063535.98828
5.92676	1386556985.83984
5.956655	1355514095.73047
5.98690333333333	1272549026.49219
6.01693166666667	1081177743.49219
6.046455	964026449.792969
6.07334	998221269.992188
6.09902333333333	925565438.34375
6.12541666666667	1006937974.21484
6.15471166666667	1233451627.35547
6.18345666666667	1441737426.49219
6.21153833333333	1586129380.15234
6.24018833333333	1814300591.96094
6.26900666666667	1650733389.64453
6.29841666666667	1880538132.70313
6.327935	1842912649.1875
6.35606333333333	1802357315.32031
6.38292333333333	1601319060.24219
6.41265166666667	1750366143.38281
6.44072	1523000920.125
6.47040333333333	1591886797.23828
6.500225	1549709108.9375
6.52970666666667	1454969247.41797
6.55822	1426239944.64453
6.58869666666667	1349612765.80859
6.61565833333333	1385998606.53125
6.64435666666667	1400935009.23047
6.67016333333333	1323012599.38281
6.69883166666667	1274757452.37109
6.72736833333333	1227243187.62109
6.75606	1279438987.44531
6.78507166666667	1360278968.02344
6.81352333333333	1472318330.1875
6.84151166666667	1514324053.33594
6.86866	1440348358.78906
6.89658333333333	1509234581.875
6.92588333333333	1514461381.39844
6.95387	1450711050.20703
6.98167333333333	1344224733.625
7.01155	1331612627.01953
7.04137	1251686518.54688
7.07226666666667	1251048338.85156
7.103235	1080369087.83594
7.13489833333333	1239015199.44531
7.16681333333333	1303744023.52344
7.19645833333333	1272488344.08984
7.22790666666667	1294711662.32031
7.25789166666667	1291353765.91016
7.28733833333333	1329601051.82422
7.315185	1330185411.73438
7.34453666666667	1230913330.24219
7.37309666666667	1215330780.79297
7.402365	1220699368.96875
7.43317333333333	1135739869.84375
7.46129333333333	1111973855.78906
7.48991	1146286467.01172
7.51779166666667	1129269099.9375
7.54725166666667	1141106620.58203
7.577565	1083942998.22656
7.60697666666667	1020252417.90625
7.63503	1045212727.5625
7.66619666666667	868751843.011719
7.69477	996646874.152344
7.72584	1059315448.79297
7.75607	1042768832.16016
7.78494	1093620046.36328
7.815525	1118850329.59766
7.84675666666667	1149280752.08203
7.875905	1191840123.29688
7.90322	1123277908.40234
7.93573166666667	1254465009.91016
7.96534666666667	1318348071.88281
7.99307166666667	1193258150.75391
8.02325833333333	1290136579.48438
8.05396	1265471096.09375
8.08366833333333	1306676655.08984
8.11281833333333	1369340000.58203
8.14282166666667	1407506941.91406
8.17233833333333	1377235521.26172
8.20278	1271735341.91797
8.23411666666667	1333540629.375
8.26157333333333	1288492069.09766
8.29311833333333	1452052178.27344
8.32030666666667	1299301271.41797
8.349515	1315441579.96875
8.37917	1151144014.42578
8.40879666666667	1149374782.28906
8.438985	1083636092.1875
8.46787833333333	1070700312.59766
8.49601166666667	1050523771.19141
8.52543833333333	1089166032.34766
8.55436166666667	1131372729.54688
8.583425	1191747641.52344
8.61219666666667	1152357325.16797
8.640345	1131074094.79688
8.67159	1123753677.10156
8.701575	1082696444.73047
8.73127166666667	1124158705.10156
8.760165	1179278448.70703
8.78916333333333	1290678608.12891
8.81813833333333	1161786789.78125
8.84757166666667	1190404529.41797
8.87722833333333	1052444912.08984
8.90715166666667	1066364613.17969
8.93723166666667	893518863.867188
8.96864333333333	993017429.007813
8.99638666666667	977542360.207031
9.023875	992200122.722656
9.05334333333333	939294433.867188
9.08165166666667	953081322.3125
9.11208666666667	1038023362.02344
9.143295	1111920062.92969
9.17460666666667	1136645739.67188
9.203975	1256240642.28906
9.233835	1156520107.74219
9.26638	1164796277.27344
9.29712333333333	1216583860.125
9.32863166666667	1191619350.50781
9.35721166666667	1248433462.74219
9.38997833333333	1166440969.89063
9.421535	1176253107.73828
9.45439166666667	1189342835.30469
9.48594333333333	1100556049.92188
9.51719833333333	1230662027.61328
9.54888833333333	1166745851.57422
9.58217333333333	1212458694.54297
9.61448833333333	1060839974.59375
9.64730666666667	1225141154.91406
9.67839833333333	1144077416.92578
9.71037166666667	1160644362.48047
9.740015	1209424910.64453
9.77101166666667	1130882773.00391
9.80212833333333	1218266671.70313
9.834785	1159567444.17578
9.86498333333333	1123767557.51953
9.89670333333333	976664397.363281
9.93021	1116393320.19141
9.96151833333333	1011461548.51172
9.99269333333333	977212091.042969
10.0253333333333	972554697.976563
10.0546933333333	823999432.382813
10.0862683333333	932822528.003906
10.1158333333333	939913630.964844
10.1468216666667	920813811.449219
10.176905	913612102.851563
10.2072616666667	901338370.710938
10.2388	947332334.234375
10.2699683333333	897357972.730469
10.3043116666667	991734753.757813
10.3353183333333	1070986938.39063
10.3676716666667	1039786823.09375
10.3975716666667	942702035.5
10.4276683333333	1038485569.44141
10.45792	1046337514.98047
10.48675	1036674492.16406
10.5169083333333	1066729696.53906
10.5472166666667	965262058.46875
10.5780533333333	994200183.535156
10.6081416666667	912972856.097656
10.6382516666667	953409237.445313
10.6694833333333	985012259.816406
10.69952	967603588.640625
10.7307383333333	985427940.546875
10.7606033333333	1007031975.14063
10.790715	1056794716.03906
10.8217883333333	1052099958.80859
10.85213	1080215987.64453
10.8809716666667	1077616132.75391
10.9086983333333	861927001.804688
10.9386366666667	1003585457.08203
10.9689816666667	972621059.328125
11.0025866666667	934108884.371094
11.0341683333333	916991530.15625
11.066755	895399651.398438
11.09806	901639268.046875
11.1301233333333	883379328.59375
11.160205	888915890.492188
11.1922316666667	845033481.484375
11.2233883333333	858400016.921875
11.254345	865489255.738281
11.2878566666667	872754494.71875
11.3163233333333	865350081.212891
11.346955	903141340.03125
11.3779066666667	890961001.582031
11.4085266666667	943506071.410156
11.4388	907869409.746094
11.471455	970762701.824219
11.5032166666667	915675082.5625
11.536125	1024844552.07422
11.57073	1097138682.57031
11.60151	1060895519.87891
11.632185	1048599475.69531
11.6618	1068011588.27344
11.6917133333333	1057051060.27734
11.721995	1030531065.73438
11.7535483333333	1003264865.63281
11.784065	977046161.941406
11.8132766666667	998617477.296875
11.8434716666667	992102209.011719
11.873975	966777106.035156
11.9050216666667	911971086.140625
11.9366033333333	946463569.933594
11.9671733333333	933942897.273438
11.9976766666667	911442848.894531
12.029275	920117652.878906
12.0597133333333	874213172.488281
12.0894633333333	810909451.125
12.1190633333333	820098917.277344
12.1478883333333	836162133.125
12.17978	856011499.558594
12.2105916666667	780601763.570313
12.24225	844271300.179688
12.2724516666667	821213026.949219
12.302815	851202965.207031
12.3357633333333	798975041.652344
12.3678616666667	747725920.257813
12.4028166666667	798433121.851563
12.4357	811110271.425781
12.4666483333333	816338279.070313
12.4957866666667	875848553.667969
12.5276783333333	894016249.425781
12.559855	879155254.179688
12.5900016666667	822189165.183594
12.6207733333333	815518113.382813
12.6531833333333	985707084.359375
12.6836983333333	917411583.574219
12.715765	922484376.136719
12.7475416666667	954201296.339844
12.7802533333333	889799564.351563
12.8094866666667	756368514.597656
12.84101	766337027
12.8726366666667	973270678.535156
12.9014616666667	897497019.207031
12.9300916666667	938562245.605469
12.959695	914870324.128906
12.9893733333333	893320377.449219
13.0212733333333	911670548.121094
13.0537816666667	737247017.679688
13.0835616666667	914734924.648438
13.1128866666667	771206889.125
13.1432633333333	939728360.144531
13.1769266666667	892478638.859375
13.20796	922977631.671875
13.2417033333333	867064186.285156
13.27242	897743754.273438
13.30411	945170549.628906
13.3343466666667	930971807.277344
13.3640033333333	910799616.179688
13.39473	976004688.308594
13.425405	1007881644.75781
13.45472	1088348881.73438
13.4844716666667	1074132112.37891
13.5145616666667	1130989225.22656
13.54682	1103306647.07422
13.5753183333333	1114935064.62109
13.6068616666667	1022732497.14844
13.6379866666667	1060719671.8125
13.6681833333333	1064539717.89453
13.6983833333333	1060784152.21875
13.7301966666667	1061592519.83594
13.759995	1007074922.11328
13.791365	1051659142.41797
13.82107	1118551421.83984
13.850975	1083299215.81641
13.879275	1103148569.29688
13.9115716666667	1125061118.54688
13.941055	1179995667.375
13.9711166666667	1140880720.25391
14.00229	1076886400.99219
14.0336016666667	1000972336.55469
14.066025	991229177.867188
14.0964516666667	792684822.792969
14.1281833333333	943247245.5625
14.15739	988718328.066406
14.1883566666667	951458129.667969
14.2206616666667	970015797.796875
14.25516	1002856106.86328
14.286445	1032749346.5
14.3170683333333	928336637.269531
14.34806	1127050039.5625
14.3809266666667	1152204567.05859
14.4115216666667	1139997842.63281
14.4421366666667	1182954096.96484
14.4731866666667	1155315963.94141
14.50582	1142261780.57422
14.5372566666667	1140005627.0625
14.5684566666667	1121563060.77734
14.599385	1091989299.79688
14.63275	1124850424.33203
14.6645016666667	1035330236.29297
14.6962583333333	1055699783.14844
14.72677	1100977555.92969
14.7587116666667	1082982492.69922
14.7904133333333	1058058291.97266
14.81943	1095321222.07813
14.8502883333333	1090108942.27344
14.8789066666667	1117075450.4375
14.9076716666667	1116738886.96875
14.9377516666667	1148518042.28125
14.9713966666667	1279493777.62109
15.0037766666667	1172256557.41797
15.0342366666667	1222460942.08984
15.0651766666667	1268510311.73047
15.096945	1181080612.35938
15.1276766666667	1189510820.03125
15.1605583333333	1146641443.34766
15.193385	1178750868.37891
15.2243566666667	1216265340.74609
15.2548766666667	1229290968.60156
15.2869516666667	1198452376.69922
15.3178133333333	1135968831.25781
15.348055	1178641420.75391
15.3812783333333	1100946719.20313
15.4130883333333	1117363939.72266
15.4441383333333	1126721874.22266
15.4738366666667	1070194505.375
15.5024716666667	1060298575.4375
15.53425	1033790507.90234
15.563705	1051935990.28125
15.5936666666667	1077616102.25391
15.6248216666667	1089186585.63672
15.65553	1071660067.26953
15.685455	1072445684.21094
15.7165916666667	1081223702.57813
15.74795	1109314721.32031
15.77885	1065107859.26172
15.8129316666667	1084257176.24609
15.8447066666667	1108028571.40625
15.87729	1112368150.625
15.9105333333333	1157367089.56641
15.9443183333333	1062772472.99219
15.97673	1068765121.49219
16.0101483333333	1195452648.07422
16.0432	1071107150.4375
16.0731483333333	1051306143.11719
16.1033433333333	1054406407.86719
16.1356133333333	1027209672.80469
16.1677233333333	1083902534.60938
16.1987816666667	1093592473.96484
16.2308333333333	1075208333.72656
16.2622533333333	1018748915.19531
16.2941666666667	994721196.875
16.3251716666667	1009525980.99219
16.3555466666667	999120164.84375
16.3872016666667	930768100.480469
16.41874	926733053.277344
16.4497783333333	974128217.445313
16.48398	919514068.28125
16.5143383333333	897748944.160156
16.5453483333333	949615712.382813
16.5772766666667	945126173.859375
16.610345	955479162.535156
16.6416866666667	934581044.527344
16.6711916666667	985741641.910156
16.7006783333333	967080229.59375
16.733745	967609032.1875
16.7653216666667	976958267.695313
16.7968983333333	919297147.375
16.8291566666667	1002470650.52344
16.8603	948023819.648438
16.8908166666667	937268455.566406
16.9206283333333	928203530.328125
16.9519783333333	931939087.03125
16.985055	938074488.984375
17.0153533333333	965918336.519531
17.04559	989734400.925781
17.07644	1063194636.29688
17.107225	1017248131.16406
17.137535	1047504653.61719
17.1685716666667	1079698230.23438
17.2009133333333	1142645533.81641
17.2329033333333	1125795258.21484
17.2658333333333	1161739129.55078
17.29647	1139137976.42969
17.3279083333333	1125689626.39453
17.359565	1142442914.71484
17.3900566666667	1151054835.74609
17.421385	1089425659.95703
17.4529216666667	1139338054.82422
17.48379	1067686179.07031
17.5153366666667	1036005132.58984
17.5474583333333	1028992116.02734
17.5784233333333	959324440.960938
17.6110983333333	950843536.890625
17.6433766666667	896905010.574219
17.674365	899915570.96875
17.7040066666667	887150338.589844
17.7351083333333	860088184.789063
17.766515	856587448.046875
17.796315	827248049.953125
17.8284416666667	808756118.859375
17.8589716666667	827686621.421875
17.8893966666667	809245301.214844
17.9199566666667	804467580.578125
17.9518783333333	779848105.628906
17.9834016666667	737376216.121094
18.0172583333333	758107422.742188
18.0526883333333	745081552.027344
18.08515	808868515.324219
18.1156916666667	816545628.53125
18.1465083333333	768172273.476563
18.17862	869817588.707031
18.20882	805864701.3125
18.2417466666667	921997048.699219
18.2696633333333	906307859.046875
18.3026716666667	909511213.433594
18.33475	926152184.96875
18.3671516666667	946282408.117188
18.3984283333333	838692530.660156
18.4278366666667	973429029.550781
18.4606933333333	969855861.765625
18.490695	1082446091.38281
18.5210866666667	995740528.59375
18.5548316666667	967878164.117188
18.588735	957563018.371094
18.6201233333333	935760712.511719
18.649805	955971906.996094
18.6838466666667	921931270.847656
18.7120216666667	989835454.355469
18.7455283333333	902036824.402344
18.775985	926595729.539063
18.8054383333333	877614935.980469
18.8370633333333	893550135.96875
18.8671333333333	925419212.023438
18.89895	912775379.355469
18.92829	895110004.214844
18.9584083333333	896920111.472656
18.9899833333333	932591233.972656
19.0219833333333	901821117.171875
19.0523783333333	871782938.082031
19.0861916666667	903798848.390625
19.11997	939050058.535156
19.1542866666667	995136854.3125
19.1862483333333	1036234853.92969
19.2153083333333	1145433620.46484
19.247635	1216783060.91406
19.280255	1197468588.91016
19.3096683333333	1242635336.62109
19.341	1248550436.01563
19.372275	1336655101.81641
19.4048233333333	1279861651.80859
19.4373183333333	1398063830.75781
19.46949	1333864725.94141
19.5039433333333	1366192507.50391
19.537255	1365904317.47266
19.572225	1387548780.44141
19.6059433333333	1386733508.6875
19.6392916666667	1431783896.91797
19.670265	1450494138.08984
19.703305	1340946755.98828
19.7345633333333	1401537733.17578
19.7684766666667	1398149403.42188
19.7994233333333	1288592376.1875
19.8299866666667	1281074282.65625
19.86065	1248621157.42578
19.8926133333333	1225448475.21875
19.92424	1162792423.28125
19.95404	1202353514.46875
19.9861916666667	1318355471.19922
20.0180216666667	1074403426.05859
20.0497466666667	1118892211.48047
20.0821233333333	1153480375.64063
20.11255	1101836189.68359
20.14527	1080852690.05469
20.1774616666667	1077992851.23438
20.2096033333333	1089526096.65625
20.2396266666667	1011812296.33984
20.2722616666667	1034670706.41016
20.3046533333333	1056169967.07813
20.3346483333333	973417888
20.3656466666667	954028417.445313
20.397855	899421542.328125
20.431505	861464771.257813
20.46476	897135404.648438
20.5000733333333	857858850.300781
20.5318116666667	929214078.621094
20.563305	906199640
20.5951783333333	960501849.285156
20.6282683333333	907247250.4375
20.66068	934499969.546875
20.693135	934430632.902344
20.726795	906943671.167969
20.7594433333333	1080290253.48047
20.7919583333333	1006112173.78906
20.8260433333333	993733971.84375
20.8590616666667	1029033125.74219
20.8914366666667	1125500916.63281
20.923895	1047344429.54688
20.956615	987790743.015625
20.9888483333333	1022644122.89453
21.0208	1016816042.67578
21.0548683333333	1014462989.69141
21.08774	1018093844.19141
21.12053	978818108.808594
21.1510466666667	988285906.792969
21.1849483333333	980033249.757813
21.22061	988176513.933594
21.2487433333333	980191146.59375
21.2793366666667	1010458513.16406
21.3127666666667	989325294.925781
21.3432383333333	958419919.390625
21.3751716666667	993038392.144531
21.40588	1019350938.86328
21.4378616666667	975575833.269531
21.470325	1008008815.73047
21.5019566666667	997838044.09375
21.5334183333333	931308917.199219
21.5642083333333	972167708.035156
21.5947233333333	972685887.394531
21.628605	953631177.644531
21.661145	982952270.402344
21.6939933333333	985615072.3125
21.7259316666667	989714830.917969
21.7583683333333	1029952362.1875
21.790805	1008084338.76563
21.8217466666667	1021016139.99219
21.8535466666667	1071450075.90234
21.8846266666667	1040432127.87109
21.91559	1056979582.53906
21.94787	1057440065.06641
21.9789766666667	1169959385.16406
22.0093033333333	1056445221.76172
22.041315	1096350650.08984
22.07277	1094679823.76172
22.1045633333333	1083243815.47266
22.136665	1149271458.29688
22.1664516666667	1123110029.54297
22.1983433333333	1138566051.84766
22.2320166666667	1141211117.04688
22.2620933333333	1165340677.4375
22.2945666666667	1183374047.79297
22.3247033333333	1211576547.35156
22.3567033333333	1183666449.61719
22.38744	1261089799.05078
22.4208033333333	1218140750.78516
22.45335	1242288500.47656
22.4842233333333	1244820766.73828
22.5170783333333	1225695585.64453
22.54938	1270994721.64063
22.5822016666667	1291950906.64844
22.61415	1246739476.0625
22.646995	1174205401.43359
22.67979	1232990752.46094
22.7125283333333	1134298817.44531
22.7444666666667	1129840496.26563
22.7768266666667	1122472272.14063
22.8104716666667	1121758048.50781
22.840225	1113220670.82422
22.8710583333333	1141078409.83594
22.90409	1096014631.10156
22.9353583333333	1148078136.23828
22.966915	1177490113.87891
22.999385	1139889610.42578
23.0300166666667	1140223505.81641
23.0599	1172780510.50391
23.0904433333333	1263040645.06641
23.1212083333333	1160912986.72656
23.152095	1216262208.21484
23.184885	1261387017.94141
23.2170066666667	1281893838.42188
23.2502066666667	1305630142.25391
23.2816583333333	1407266264.75781
23.3142966666667	1395978899.69531
23.3463966666667	1496616437.25
23.3767966666667	1423183030.05469
23.4079583333333	1384302122.29297
23.4403633333333	1422208659.25
23.4711783333333	1393246805.99609
23.5046283333333	1464919115.56641
23.5376366666667	1532792128.05859
23.569115	1442388362.54688
23.6010683333333	1403704170.125
23.6331016666667	1464645929.80859
23.6659283333333	1466340078.40625
23.6984566666667	1519519817.51563
23.7325333333333	1463088870.17969
23.7645883333333	1418887038.80859
23.7986216666667	1448180576.21484
23.8299666666667	1431616482.28906
23.8619266666667	1407182571.40234
23.8950566666667	1381405934.10547
23.9288516666667	1399625572.36328
23.96282	1385053657.46094
23.99343	1330993381.75
24.0261666666667	1358916013.04688
24.0583433333333	1314033276.53516
24.089175	1361917391.59766
24.119575	1341285362.23828
24.1504166666667	1270322291.79297
24.1814916666667	1262055320.42578
24.21214	1311218801.34766
24.2447216666667	1221953261.04297
24.2756683333333	1338989324.23047
24.307165	1250787644.75781
24.3374966666667	1286466675.66406
24.3697783333333	1445151881.92188
24.40043	1249438161.07422
24.4315033333333	1380682261.94141
24.4622183333333	1304334676.11328
24.4919233333333	1367069666.73828
24.5225316666667	1347752225.41016
24.552815	1354181291.14063
24.584795	1291659342.88281
24.616215	1315192566.60156
24.64757	1313776538.10156
24.6783833333333	1464987647.90625
24.7100833333333	1288857624.70313
24.741995	1317197948.52344
24.77331	1418117147.85938
24.8062716666667	1381095738.29688
24.8390333333333	1344254734.59766
24.8702283333333	1367271103.05078
24.9044416666667	1374734238.01953
24.934975	1320984850.42188
24.9688466666667	1403794186.91406
25.0025116666667	1465278942.11328
25.0336866666667	1336226810.02734
25.0651466666667	1450628980.44922
25.096855	1393225849.875
25.126135	1473690521.88281
25.1606883333333	1387212084.89844
25.1916766666667	1364354245.54297
25.22341	1473151864.90625
25.2548483333333	1348641438.80859
25.286455	1322665254.24219
25.317445	1306957727.91016
25.350185	1263870981.68359
25.3812466666667	1205755994.89844
25.4117683333333	1303037010.91016
25.442365	1213635435.67578
25.47306	1152302571.02734
25.5048183333333	1142611825.60547
25.53614	1091972845.22266
25.5666083333333	1094836418.375
25.598685	1061808376.125
25.6320066666667	1063094628.53906
25.663785	1030013718.8125
25.69366	1014983633.07422
25.7244483333333	1036256578.69531
25.7546933333333	1001985676.47266
25.7865	1018631565.13672
25.8167816666667	1062562012.13281
25.8488683333333	1086609034.14453
25.88124	1060045533.92578
25.9132916666667	1103397980.36719
25.9439666666667	1154450640.52734
25.977125	1116670334.13672
26.0090233333333	1197870752.61719
26.0411533333333	1251952540.40625
26.0729616666667	1235129845.79688
26.1074516666667	1261197949.17188
26.1373583333333	1236664844.37109
26.169465	1364162096.68359
26.2004466666667	1294022172.94141
26.23181	1342867400.375
26.2635283333333	1383332433.48828
26.2956216666667	1321484274.16016
26.3266383333333	1351458382.74219
26.3576233333333	1339802589.71875
26.3904633333333	1206455894.75391
26.4229433333333	1350392243.64063
26.4528816666667	1308858931.46094
26.48349	1274683883.51563
26.5149133333333	1195882744.62109
26.54727	1224174641.80078
26.5791716666667	1194783165.48438
26.61193	1145664720.8125
26.64446	1095328840.05078
26.674915	1054262294.73438
26.7063933333333	1027200159.23438
26.7381983333333	1053710155.87109
26.769955	1019740804.65625
26.8009833333333	989453293.046875
26.8304466666667	1005767878.5
26.8614966666667	1047315146.83984
26.892885	1056773079.80078
26.9237583333333	1041686283.38281
26.9545416666667	1038268310.87891
26.985435	1069576117.65234
27.0189783333333	1100990376.35547
27.0491916666667	1115732444.50391
27.0816133333333	1131257750.03516
27.1128716666667	1184016108.59766
27.145255	1162271039.98828
27.1759483333333	1216869856.65625
27.2080783333333	1255552571.42188
27.2395	1256269204.71094
27.271725	1297497216.78516
27.3041466666667	1345620067.85547
27.3351933333333	1343066758.09375
27.367995	1403226304.63281
27.4019	1424896662.59766
27.4360933333333	1424512342.21094
27.4670633333333	1421650768.67188
27.4983333333333	1390319865.6875
27.53109	1403053284.26172
27.5627116666667	1362355846.42578
27.59596	1342714268.04688
27.6277266666667	1316600973.47656
27.6603516666667	1299972638.71484
27.6912783333333	1253352123.50391
27.7233266666667	1263934454.17188
27.7547616666667	1225453360.69531
27.7870116666667	1235635289.23438
27.8180666666667	1185926965.1875
27.84942	1162077890.08984
27.8806083333333	1130515858.08984
27.9118666666667	1196990757.69922
27.9444466666667	1083543664.77344
27.9760033333333	1119627034.69141
28.0065616666667	1171919308.02344
28.0368183333333	1121408487.12891
28.067175	1156771182.15625
28.0981233333333	1187815338.53516
28.1299366666667	1200304788.38672
28.1595566666667	1240190706.05078
28.1919266666667	1234885899.74219
28.2224133333333	1291239615.94922
28.2550516666667	1377865647.22656
28.287265	1310747667.32422
28.3185433333333	1353035742.30469
28.3478783333333	1328072469.84766
28.3796716666667	1357352921.53516
28.4110983333333	1352344865.72266
28.4435966666667	1344692194.57031
28.4734533333333	1365420227.32813
28.503675	1306594173.05469
28.53535	1301825843.65234
28.5672683333333	1267277250.91406
28.5990033333333	1281450826.03906
28.6310783333333	1279699310.11719
28.6623216666667	1292488290.07422
28.692375	1333393349.37891
28.7229683333333	1333561251.01563
28.7526	1399219978.97266
28.7838266666667	1391453508.71484
28.8134066666667	1395122722.96875
28.8440066666667	1428641733.48047
28.8750983333333	1417601573.26953
28.90608	1467713551.44922
28.93681	1487425568.79297
28.9685866666667	1564002457.3125
28.9988083333333	1492887645.28906
29.03106	1505575803.69922
29.0628483333333	1514953544.43359
29.09496	1566537895.30859
29.1272883333333	1628313989.43359
29.1581666666667	1535256266.86719
29.1886916666667	1700832418.39063
29.2209016666667	1518143999.42578
29.2532016666667	1461473089.48438
29.2855216666667	1508834527.10156
29.31609	1442032394.76953
29.3474716666667	1416653236.86719
29.3782566666667	1406185564.65625
29.4097166666667	1460114024.74219
29.44088	1496432899.63672
29.471425	1554025235.34375
29.5017533333333	1563409665.20313
29.5342	1562376209.92578
29.5668466666667	1531343661.9375
29.596225	1559405760.52734
29.627625	1591395323.32813
29.6581766666667	1504995248.46094
29.6911116666667	1474299978.63672
29.721245	1489871256.78125
29.7521283333333	1408463566.8125
29.7844166666667	1397346917.53906
29.8164116666667	1361831507.46875
29.8473483333333	1399491341.73438
29.8794966666667	1456555817.38281
29.911535	1381923846.60547
29.9436666666667	1404933307.19922
29.974615	1461522754.84766
30.0063116666667	1436533724.34766
30.03783	1562235603.3125
30.07011	1667599000.78516
30.1003816666667	1682792550.06641
30.1320316666667	1689886346.00391
30.1647416666667	1699005855.40234
30.1962883333333	1704601113.11328
30.22709	1630445757.07031
30.2582316666667	1723469895.30469
30.2906466666667	1619515220.625
30.3220683333333	1637570087.24219
30.352275	1631602619.87109
30.3831533333333	1680032859.60156
30.4133183333333	1750965146.625
30.4436916666667	1637567586.24219
30.4738066666667	1548534268.66797
30.5041783333333	1620467814.16797
30.534195	1613476813.1875
30.5637066666667	1503215574.75391
30.594585	1492035762.99219
30.624045	1584636372.86719
30.6559066666667	1539945425.35547
30.6863083333333	1551827219.41797
30.7162133333333	1534287948.63281
30.746085	1512756881.76172
30.77579	1508149744.49219
30.8074483333333	1432910269.24219
30.83761	1450995387.02734
30.8699016666667	1413122774.90625
30.9027	1387177307.94531
30.9339733333333	1388676304.84375
30.9655966666667	1335714103.96875
30.9963983333333	1334564404.24609
31.0278116666667	1396456081.77344
31.0591816666667	1321496915.07813
31.090025	1302766231.14844
31.1212533333333	1363088457.67969
31.1517933333333	1320712270.91797
31.1836516666667	1342171668.76953
31.2153466666667	1404582959.77734
31.246745	1384428006.93359
31.2799383333333	1404086618.83203
31.31296	1450998215.05859
31.3455983333333	1452254669.30859
31.3765483333333	1445492804.58203
31.407065	1387429982.66797
31.4372	1423325193.30859
31.4683066666667	1426534808.48047
31.4979583333333	1387184483.26172
31.5283883333333	1416460224.07813
31.5591533333333	1398704331.61328
31.5885633333333	1430006387.41406
31.6178683333333	1577018018.63672
31.64778	1466037500.99219
31.6780083333333	1561930686.83203
31.7075416666667	1641222169.02344
31.7374833333333	1666076715.14844
31.7685466666667	1657067456.65625
31.7997183333333	1694923531.52344
31.8316	1704926856.22266
31.862625	1717812633.4375
31.89538	1698951265.10938
31.927195	1675801455.67969
31.9583183333333	1637243158.25391
31.9903433333333	1581802132.35156
32.0204266666667	1663580068.29297
32.0518483333333	1641209645.89844
32.0820933333333	1630032207.85156
32.1155666666667	1582536777.21094
32.1464983333333	1547833687.98438
32.177095	1557973941.05469
32.208685	1628995847.27734
32.2393883333333	1534984414.50781
32.2714933333333	1460352822.85547
32.303615	1491122238.45313
32.3341983333333	1465949832.53906
32.3643566666667	1366283121.01563
32.396275	1407275873.35156
32.42618	1314352917.61719
32.45616	1388078483.75391
32.4859766666667	1339262531.51563
32.5162266666667	1394119934.17188
32.5449016666667	1489699360.09375
32.5748783333333	1388530528.63281
32.603465	1474261483.54297
32.6335333333333	1466031809.75391
32.6628366666667	1474593708.66797
32.6931883333333	1465205498.28906
32.7232166666667	1424734731.33984
32.7537316666667	1426947309.71484
32.78607	1448002945.64063
32.8172316666667	1447062363.5
32.8482083333333	1447410385.12891
32.8798916666667	1419045152.41406
32.9112716666667	1447110951.17578
32.9417966666667	1469840130.96875
32.9736283333333	1420138148.58203
33.0030683333333	1445795995.71875
33.0344266666667	1428337957.31641
33.0663216666667	1444413346.00391
33.0988216666667	1413520920.85547
33.1305583333333	1491547343.6875
33.1627766666667	1482713125.96875
33.19516	1413285075.94141
33.226295	1432812290.47266
33.2577566666667	1444584008.55859
33.28877	1429032556.07422
33.3197816666667	1498583791.48438
33.3512333333333	1381146735.5
33.38391	1404708699.91797
33.415085	1396087678.9375
33.4476083333333	1389487596.91016
33.4787283333333	1397645947.48047
33.5101316666667	1331652434.58203
33.5393316666667	1379706068.35156
33.5686816666667	1362292274.10938
33.599445	1364042465.63281
33.6309616666667	1328841636.79297
33.6608933333333	1345148212.74609
33.6915883333333	1406624749.57422
33.7221766666667	1422486288.54297
33.75316	1354733142.22656
33.78308	1416215908.39844
33.8149833333333	1455219093.67188
33.8458933333333	1474332898.66016
33.8765	1563797326.47266
33.905885	1534692742.3125
33.93632	1491301660.36719
33.96625	1483434449.49609
33.9974533333333	1501347100.25
34.0283516666667	1483141798.84375
34.0572983333333	1433553761.43359
34.0878883333333	1391092731.25391
34.1178533333333	1346092122.34766
34.14828	1310167860.63672
34.1788016666667	1314643800.72656
34.20878	1323185166.39453
34.2385716666667	1354356486.25391
34.2697033333333	1416489925.49609
34.3011366666667	1453427725.07422
34.3301416666667	1496634006.53906
34.3611283333333	1564126456.46484
34.39132	1617357839.92188
34.4212166666667	1700472135.79688
34.45287	1728482295.07813
34.4842783333333	1823021907.24609
34.5159966666667	1776807011.61328
34.54493	1862248265.92969
34.575455	1941712276.61719
34.60636	1901347704.46875
34.6366083333333	1896842769.03125
34.6680166666667	1942582108.27344
34.70008	1845684895.82031
34.7303166666667	1746796773.09375
34.7606233333333	1772393495.875
34.7911716666667	1700890881.01172
34.8211516666667	1669638023.3125
34.85299	1657224470.98828
34.883845	1611893484
34.9125483333333	1508290587.01563
34.9435933333333	1539087471.66016
34.9738033333333	1541711401.34375
35.0046916666667	1509705534.23438
35.0356333333333	1445733738.53516
35.0669016666667	1479713540.54297
35.09868	1400694227.03125
35.12925	1398258350.92578
35.1607416666667	1357571234.86719
35.1914866666667	1387055063.49609
35.221515	1421176574.06641
35.2531683333333	1570081505.67969
35.28431	1463288921.23828
35.3146966666667	1524931351.84375
35.345045	1648651326.55859
35.3750916666667	1601200657.64844
35.403695	1800043607.81641
35.43302	1764293807.30469
35.4634616666667	1857726968.75
35.4916133333333	1969561989.21875
35.52235	1867371832.29688
35.5535583333333	1826533834.85156
35.5847283333333	1769765434.90625
35.6168066666667	1693945077.42188
35.6488833333333	1685528340.9375
35.679805	1602502387.94531
35.7115666666667	1564543007.75781
35.7425266666667	1534610420.67969
35.773885	1530760530.01172
35.8048566666667	1491090682
35.8352633333333	1470959555.66016
35.866345	1488700034.83594
35.8965716666667	1532561796.83203
35.92823	1533089742.73047
35.9599066666667	1552943810.63672
35.9907566666667	1562065111.58984
36.02112	1596245486.5
36.0504933333333	1553107582.38281
36.07946	1593481625.09766
36.10905	1568517480.36328
36.1393166666667	1529641230.3125
36.1690583333333	1619177892.97656
36.1981983333333	1511282107.88672
36.227895	1594264363.4375
36.2578183333333	1589195051.91016
36.2874566666667	1606204564.74609
36.317325	1604059961.99219
36.3473583333333	1608616509.96875
36.3775633333333	1657436640.91797
36.40784	1659091669.78516
36.43697	1703423874.50391
36.46772	1754509343.74219
36.49774	1802238299.14453
36.5283783333333	1800740349.18359
36.5584233333333	1826478023.57031
36.58955	1771782784.8125
36.619205	1713460954.0625
36.650015	1768205911.43359
36.681405	1759332794.78906
36.71364	1649975322.62891
36.745525	1665686257.64453
36.7769583333333	1609458316.65234
36.8074633333333	1568432460.47266
36.8390983333333	1529450046.25
36.8702516666667	1601455378.16406
36.9012366666667	1553923613.25781
36.932505	1464135268.30078
36.96415	1541377545.96875
36.9943116666667	1434459039.24219
37.024965	1444326834.20313
37.0559816666667	1416578208.00781
37.0870366666667	1421744327.14063
37.1179916666667	1483079454.90625
37.1478883333333	1439793323.73438
37.1771283333333	1437495598.57031
37.2061733333333	1421273966.26563
37.2365416666667	1525128462.21094
37.26702	1465919425.33594
37.2968983333333	1567591563.17188
37.3278916666667	1494629352.47656
37.3584433333333	1553969906.24219
37.3892716666667	1493640398.21484
37.4194416666667	1531131352.08594
37.4501266666667	1499604343.51172
37.4806883333333	1558632995.48828
37.5109333333333	1537040528.84766
37.5412983333333	1576390217.67578
37.5723916666667	1523643288.32031
37.604155	1531946248.93359
37.635375	1503061073.96875
37.667755	1530533198.46875
37.6992333333333	1493684397.21875
37.7303783333333	1518264632.30078
37.7597016666667	1522036416.93359
37.7904683333333	1459007376.41797
37.8215666666667	1483540399.46094
37.8531116666667	1504372460.19531
37.88324	1449776737.46484
37.9147133333333	1421413997.625
37.945375	1415764212.34766
37.97506	1360883578.98438
38.00492	1330736615.76563
38.035615	1333292741.75391
38.0666133333333	1327979608.16406
38.0959816666667	1391231810.42578
38.1251766666667	1370936021.28516
38.156015	1480341721.42969
38.18577	1477149290.23828
38.21609	1499418724.94922
38.2463683333333	1538693851.64453
38.2771616666667	1619485125.14453
38.3063666666667	1652038171.41406
38.3361766666667	1669197439.76563
38.3655283333333	1642788724.77734
38.3942333333333	1709547955.625
38.42492	1729741867.625
38.455545	1720597726.07813
38.488095	1715374548.32422
38.5187483333333	1654865010.53516
38.548965	1733820356.26563
38.58096	1709129716.71484
38.612055	1827338282.88672
38.64391	1676816963.38672
38.6756183333333	1754164107.35156
38.706625	1785811404.24219
38.7378433333333	1745896898.46094
38.7684766666667	1834202812.45313
38.7998116666667	1827970648.01953
38.8317483333333	1783933805.67188
38.8626966666667	1705223995.97656
38.8937583333333	1814865994.20313
38.92449	1896219365.67969
38.9554783333333	1888734005.65625
38.985605	1796583898.77734
39.0150783333333	1810080859.64063
39.0457116666667	1835068150.75391
39.0759733333333	1715931967.26563
39.1058333333333	1721355498.76563
39.1368633333333	1732916989.01953
39.166915	1630566612.63281
39.1968766666667	1649555052.88672
39.2270183333333	1607114880.53125
39.2563283333333	1626907512.11719
39.2865683333333	1583876077.25391
39.3162266666667	1584176817.84375
39.3462716666667	1530975725.28516
39.3766233333333	1563793578.36719
39.407085	1666549765.85156
39.4380616666667	1611971360.6875
39.4681116666667	1652886553.58203
39.4986183333333	1679741188.82031
39.5286033333333	1643007758.00391
39.55825	1666979387.17969
39.588435	1640574021.62891
39.6188116666667	1628602207.94922
39.6488766666667	1702208975.75
39.6790816666667	1555188181.71484
39.709275	1549038495.25
39.7400666666667	1639042301.39063
39.7722616666667	1541324334.96875
39.8025833333333	1494261731.91797
39.8356816666667	1578947351.4375
39.86754	1565771872.69922
39.897785	1529108770.61719
39.9280133333333	1587679161.79297
39.95858	1519351794.73828
39.9882583333333	1492022320.21875
40.0194583333333	1545350416.23047
40.0501133333333	1635361736.41016
40.08159	1622519091.84766
40.1129583333333	1571557258.39063
40.1445983333333	1623611159.62891
40.17403	1596483212.21875
40.2038216666667	1615026026.14844
40.2359433333333	1591419473.80078
40.26734	1594121098.68359
40.299095	1716588211.8125
40.330835	1666537857.89453
40.3609383333333	1749282167.82813
40.3919833333333	1713715609.58594
40.4216733333333	1772283458.60938
40.4520683333333	1734652212.76563
40.4827233333333	1825079790.62109
40.5137933333333	1974014410.82031
40.54504	1825381969.85156
40.57517	1927226464.24219
40.6053016666667	1886807832.90234
40.6358866666667	2018437905.14063
40.6670766666667	2013428386.52344
40.6981966666667	1939553211.09766
40.7296083333333	1950296553.64844
40.76209	1977379927.08984
40.79321	1960988607.33594
40.8235966666667	1929298681.23828
40.8540183333333	2006500509.16406
40.88504	1902657288.92578
40.9156733333333	1811727992.98438
40.9454716666667	1784788458.17188
40.9764366666667	1707744523.10938
41.0060316666667	1713183993.10547
41.0348966666667	1813228156.41406
41.0640633333333	1871210467.14844
41.093275	1906622817.44922
41.12204	2007965767.64844
41.1514866666667	2006589606.02344
41.1813683333333	2014242905.76953
41.21208	2081164376.46094
41.2426383333333	2034767865.06641
41.27273	2075136095.00781
41.3035666666667	2118258951.19531
41.3342083333333	2094326848.1875
41.3648716666667	2014730303.82813
41.394495	2053532433.60938
41.4250516666667	1928302700.89063
41.455675	1844785544.00391
41.485495	1762077026.63672
41.5147416666667	1800826493.04688
41.5446933333333	1750376773.58984
41.5757483333333	1804543667.57813
41.605515	1808886792.8125
41.6358933333333	1831408022.19531
41.6650016666667	1757286818.53125
41.6962283333333	1850304558.42188
41.7264166666667	1987565618.3125
41.756885	1898812321.32813
41.7883933333333	2063735307.42969
41.8184333333333	1965167005.38281
41.8502333333333	2055294469.57031
41.8808483333333	2043791861.61719
41.9113833333333	2025755210.94531
41.94114	2075510420.44531
41.9712533333333	1945784487.375
42.0019233333333	2023873625.52344
42.032425	2023395106.49219
42.0627	2131249998.51563
42.0939466666667	2105188987.26563
42.1246033333333	2135430208.61719
42.1541333333333	1998994388.51953
42.184585	2094546025.59375
42.2153083333333	1864016473.78125
42.2446166666667	2033030597.50781
42.2741233333333	1819638283.43359
42.3043633333333	1903579449.23828
42.33503	1803796984.91797
42.36592	1754143185.17188
42.3961033333333	1834380581.15625
42.4270116666667	1684122879.40234
42.45808	1675707793.99609
42.4892816666667	1647676889.46484
42.520695	1702957664.92578
42.551035	1713400605.17969
42.5817233333333	1680089243.71875
42.6120266666667	1705778626.32422
42.6426716666667	1675421510.85156
42.6739383333333	1625615970.28516
42.7035766666667	1625462544.80469
42.7345766666667	1609671319.54688
42.7650666666667	1701259561.125
42.79597	1653089132.42578
42.826665	1674715794.99219
42.8566083333333	1573441532.60156
42.8879116666667	1638886710.875
42.9185933333333	1590843276.86328
42.9483616666667	1608168699.87891
42.9808866666667	1628864998.65625
43.0113366666667	1656703075.08203
43.0430266666667	1684674481.69531
43.073155	1537722466.39063
43.1033733333333	1573187149.07422
43.13502	1589701259.17188
43.164915	1615439402.29688
43.19547	1631332147.53516
43.2263566666667	1653366360.20313
43.256745	1654505309.79688
43.2865216666667	1745226736.30859
43.3157966666667	1701049754.11328
43.3460216666667	1752712584.09375
43.37569	1792267961.60938
43.4064733333333	1791282603.17578
43.4369416666667	1809683698.32813
43.4677933333333	1709206049.28906
43.4977266666667	1611270097.89063
43.5293966666667	1615143602.23047
43.561035	1569836479.03125
43.5927533333333	1486782811.97656
43.624845	1482034519.96094
43.6559516666667	1502262841.57031
43.686215	1522108212.77734
43.7178916666667	1712556209.39063
43.7477116666667	1733456453.06641
43.7792	1801602514.21875
43.8097883333333	1804632410.17188
43.840365	1838694090.01563
43.8723	1845458283.60938
43.90352	1873775738.29297
43.93469	1910280662.21484
43.9662116666667	1896719145.78125
43.9969816666667	1869023575.94531
44.0274366666667	1950710244.10156
44.0579333333333	1912245958.88281
44.0889633333333	1947400511.23438
44.1186883333333	1932564207.80078
44.1494516666667	1975580759.69141
44.1802383333333	1942677501.65625
44.2110266666667	1939069571.32422
44.2412	1959123884.86719
44.2719233333333	2023820207.48438
44.3019066666667	2016578555.32813
44.3308466666667	2038686821.58594
44.3607316666667	2114450898.57031
44.3904333333333	2092024184.14844
44.4213383333333	2128630956.50781
44.4518833333333	2143823139.25781
44.482805	2305511362.46875
44.5143283333333	2223107014.45313
44.5456083333333	2279227270.16406
44.5762533333333	2288188368.02344
44.6065283333333	2254802279.01953
44.637515	2255000926.19531
44.668305	2250811975.12891
44.6990683333333	2221381899
44.730885	2196054679.625
44.7611833333333	2101574613.01953
44.792205	2038678245.64453
44.8232666666667	2057903890.88281
44.8541533333333	1967637700.66797
44.88558	1896496165.89844
44.9176783333333	1779719379.35938
44.949105	1680197910.97656
44.9809616666667	1799579313.375
45.0119116666667	1764139985.33594
45.04292	1701623720.41406
45.073955	1811380064.19531
45.1032216666667	1789029133.91406
45.13385	1727307076.11719
45.164745	1747462509.13672
45.1948166666667	1814056924.44531
45.2259233333333	1765691694.5
45.2572233333333	1801565474.82031
45.2884833333333	1803734526.24219
45.3191983333333	1761970095.79297
45.350065	1740128985.46875
45.380575	1682293541.07813
45.4113916666667	1640332383.89063
45.4417766666667	1699412770.71484
45.4708133333333	1718661358.6875
45.5015783333333	1736024612.28125
45.5323433333333	1931580428.04688
45.5631716666667	1888097813.82813
45.59487	1927461042.60156
45.6264516666667	1912650604.80469
45.6562533333333	2049488117.98438
45.686955	2060295917.49219
45.7173333333333	1924913314.59375
45.74814	1962728262.03906
45.7782733333333	1892639667.76563
45.8087716666667	1892053771.875
45.839855	1884615043.39063
45.8699933333333	1854887374.07031
45.90178	1850414816.20313
45.9322666666667	1955338540.6875
45.9637766666667	1964073991.91406
45.9945483333333	1933195004.24219
46.02515	1995426860.51953
46.0558033333333	2055667268.24219
46.0873583333333	1976089994.88281
46.1180666666667	2119210629.78906
46.14926	2031869252.95313
46.1803216666667	2104147662.82031
46.2114766666667	2090014402.38281
46.2431483333333	2083442600.02344
46.274425	2070236383.36719
46.3047566666667	2093062359.35156
46.335355	2091388852.60938
46.3657	2077906218.00781
46.3953333333333	2091675141.17969
46.4255883333333	2125637227.96875
46.4555016666667	2167465377.69531
46.4853266666667	2175999935.33594
46.51472	2142426125.92969
46.5438883333333	2147978960.97656
46.5734333333333	2281449836.57813
46.602835	2376563397.25781
46.632565	2435196727.39844
46.662695	2452278091.01563
46.69272	2537643737.97656
46.722485	2423165906.54688
46.7519166666667	2319611796.71875
46.78124	2238267286.23438
46.8114133333333	2222009921.07813
46.84047	2222182768.9375
46.86982	2255361300.30469
46.899525	2220717984.46875
46.929535	2387070205.39063
46.960175	2434988433.32031
46.9884883333333	2421804399.13281
47.0177516666667	2455172670.28125
47.04616	2499438236.8125
47.0765566666667	2524583875.95313
47.1076366666667	2397445722.57813
47.1383983333333	2321942645.24219
47.16894	2289760053.98438
47.1988033333333	2296821174.25781
47.22939	2214000587.64844
47.2603983333333	2157615204.4375
47.289575	2064643898.28125
47.3194816666667	2033593192.71094
47.3498283333333	1997281582.27344
47.3803166666667	1981719921.17188
47.4107233333333	1845253308.13281
47.4414183333333	1922964580.61719
47.4713383333333	1928566605.96875
47.5009916666667	1987080520.89063
47.531075	1923442484.99219
47.5607916666667	1893197791.96094
47.5911816666667	1998149556.04688
47.621425	1970631834.05469
47.6507033333333	2017961658.60938
47.6801416666667	1983829074.50781
47.709605	2026202966.42188
47.7392083333333	2037228528.63281
47.770095	2074711299.88281
47.8019066666667	2050588595.90625
47.8334816666667	2082366876.16406
47.8644266666667	2051712876.78125
47.8958316666667	2018929967.32813
47.9272233333333	1971661672.08594
47.9571366666667	1907513288.00781
47.987925	1884177180.97656
48.0185633333333	1839426585.02734
48.0495	1854279239.47656
48.0781983333333	1997866853.33594
48.1068616666667	1893513038.69141
48.13751	1950468540.88281
48.1679233333333	1992865862.79688
48.1986466666667	1894751343.78906
48.23017	1825840062.70313
48.2604233333333	1756456514.1875
48.29139	1748357991.47656
48.3222166666667	1717705618.88281
48.3544733333333	1729450919.73438
48.3855516666667	1588546138.85156
48.4158566666667	1633278095.00781
48.44636	1652900301.36719
48.4759283333333	1666116283.75
48.50602	1617095638.66406
48.535515	1690778780.48438
48.56583	1704965357.05469
48.5960416666667	1803704775.92188
48.62584	1804431987.80469
48.656085	1846399789.07031
48.6853366666667	1870609343.39844
48.7158216666667	1855281798.28906
48.74589	1859681987.375
48.7763083333333	1899160733.47656
48.8061266666667	1857808098.45313
48.8360816666667	1896062803.66406
48.8663716666667	1819449596.80469
48.8957283333333	1890281193.59375
48.92574	1775631993.67188
48.9569816666667	1766263982.17969
48.9879466666667	1783179798.52344
49.0185633333333	1762676917.64063
49.0502783333333	1793272552.82813
49.081055	1663232525.89453
49.1122083333333	1672577998.71875
49.1429716666667	1620432637.375
49.172815	1567536138.06641
49.2016166666667	1513430109.41406
49.231915	1479727649.35938
49.2631233333333	1461383088.32031
49.2919	1463291386.32031
49.3217366666667	1477746107.51953
49.3503383333333	1446882205.26563
49.38067	1505914741.97266
49.4105916666667	1554141806.57031
49.4399033333333	1584126670.48047
49.47023	1576130705.90625
49.5007766666667	1636586929.57813
49.53121	1650762751.26172
49.5610116666667	1614110563.86719
49.590045	1651860550
49.6207766666667	1594074927.66406
49.650425	1649250715.33984
49.6800783333333	1665963413.52344
49.709235	1690659081.47656
49.7389233333333	1806503896.45313
49.76963	1870968536.10156
49.7997316666667	1927902007.45313
49.8302716666667	1958419033.51563
49.85953	2019329650.46875
49.8899666666667	2005149013.88281
49.9207516666667	1991115644.60156
49.9504366666667	1980928062.01953
49.9804366666667	2000853307.05469
50.0109083333333	1854289661.17578
50.0434016666667	1778772208.25
50.075805	1837044255.72656
50.108095	1729044208.35938
50.139095	1645626484.14844
50.1710233333333	1637570472.09375
50.2021266666667	1635018104.375
50.23338	1668090232.46094
50.26467	1608893782.75781
50.2950333333333	1649568642.32422
50.3262116666667	1591516740.90625
50.3568866666667	1608051702.75781
50.3878616666667	1613600202.15625
50.41738	1689298770.00781
50.44765	1750173984.98828
50.47698	1718026847.04688
50.5065383333333	1726519335.24219
50.5372866666667	1769051732.51563
50.5681683333333	1815900370.57813
50.59959	1748784018.9375
50.6302433333333	1705342523.17188
50.661495	1647710437.42188
50.6925283333333	1708860171.26953
50.7230366666667	1694749272.90625
50.7537666666667	1681005775.46875
50.7844533333333	1641678262.60938
50.8154066666667	1568405998.1875
50.8469816666667	1535148853.19141
50.8781316666667	1501439939.89453
50.91034	1516299486.20703
50.9412066666667	1448167710.24609
50.9732183333333	1634230139.13281
51.004	1552197281.47656
51.0353333333333	1683993182.93359
51.0653766666667	1650352576.82031
51.0965833333333	1771722002.99219
51.127775	1737406342.67969
51.1598033333333	1899575274.1875
51.191615	1857429058.46484
51.2233933333333	2022121256.83594
51.255305	2025469473.11328
51.2868416666667	2116592581.85156
51.316265	2209860075.64063
51.3455666666667	2132817152.91797
51.3753283333333	2229801390.26563
51.40608	2172694962.70313
51.436485	2103601346.64844
51.4693516666667	2089790681.22656
51.5022833333333	2021058008.41406
51.5346416666667	2001121901.73047
51.5665383333333	2008411015.28906
51.5985333333333	1776035818.03906
51.6294583333333	1782310480.42188
51.660705	1662454840.62109
51.6917283333333	1604986323.85547
51.7221583333333	1527907538.60156
51.7529716666667	1532761169.53125
51.7836983333333	1491716864.26953
51.814435	1496577731.32813
51.8453616666667	1592004892.65625
51.8767266666667	1426193293.16016
51.90776	1458628029.22266
51.9382616666667	1424144839.47656
51.9690333333333	1509756974.73828
52.0004066666667	1460043287.82813
52.0319583333333	1376274126.60156
52.0631883333333	1396277885.24219
52.094515	1427671266.57813
52.1242716666667	1350955469.28906
52.1546433333333	1420221209.57813
52.1851716666667	1344546445.09766
52.2156466666667	1484576813.8125
52.24586	1371587411.93359
52.276165	1475035380.67969
52.30672	1552413151.78125
52.3371066666667	1623927116.11719
52.367605	1651398263.97656
52.398895	1619557232.78516
52.430195	1683413291.53125
52.4615566666667	1682081358.03125
52.4932966666667	1749576040.76563
52.5238483333333	1751080730.10938
52.5555483333333	1753526902.29688
52.587695	1694265608.46094
52.6194133333333	1728851932.35938
52.65054	1695951589.34375
52.68196	1638827470.56641
52.7133266666667	1555107496.99219
52.7450466666667	1532569784.86328
52.7766883333333	1528393880.48047
52.807065	1461920629.39453
52.8375883333333	1516925502.64063
52.8678683333333	1693954432.74609
52.8994183333333	1730354797.13672
52.9298216666667	1739275701.23438
52.96114	1909227529.84766
52.9923933333333	2082591640.89844
53.0230166666667	1956217778.73828
53.0547416666667	1917746443.40625
53.08491	1960375662.69922
53.1157866666667	1946684448.625
53.1459633333333	1889961730.60156
53.1761016666667	1917129287.63672
53.2071383333333	1895744422.33203
53.23796	1879972518.28516
53.2694983333333	1898824578.90234
53.3011683333333	1830185180.17188
53.333465	1735204152.55859
53.365635	1628189244.95313
53.39689	1687554943.76563
53.42899	1579574709.75
53.460275	1507915631.75781
53.49233	1510064849.65625
53.5229983333333	1488631893.69141
53.55484	1534745349.5625
53.5863	1387773796.70313
53.6176133333333	1449464301.9375
53.6482516666667	1520768401.27344
53.6798	1569399461.61719
53.71172	1558621949.98828
53.7431483333333	1601293301.02734
53.7748966666667	1638863151.05078
53.805085	1520435389.88281
53.836255	1550812656.99609
53.8668183333333	1443448666.57031
53.8970366666667	1589760456.14063
53.9272683333333	1577724633.10938
53.9581533333333	1596938895.31641
53.9885116666667	1598101562.82422
54.0182783333333	1644369910.61719
54.0479	1567904688.09375
54.07806	1569250197.85547
54.108495	1589630456.9375
54.1396783333333	1552466833.00391
54.1705683333333	1621019254.28125
54.2016883333333	1696731619.72656
54.2323916666667	1677729553.90625
54.26199	1748599495.58203
54.2923583333333	1820695743.02734
54.3232283333333	1799183164.64844
54.3533983333333	1720253481.48828
54.38428	1845932058.36719
54.41471	1828951999.875
54.445585	1876417586.95313
54.4761283333333	2004897088.17188
54.50597	1933655540.16406
54.5367966666667	1863094350.65625
54.5679033333333	1892902054.78125
54.59926	1797141546.33594
54.63014	1955567279.42188
54.6607466666667	1802959109.01563
54.691465	1762929899.59375
54.7234633333333	1732885292.27344
54.7555183333333	1669070861.72656
54.7876133333333	1756305961.92188
54.81902	1927738523.74219
54.8510083333333	1798307286.65625
54.88219	2014405906.55078
54.9134833333333	2057448554.4375
54.9457083333333	1970563374
54.9768666666667	1916680446.01953
55.0087016666667	1843687552.89063
55.0409216666667	1615549507.58594
55.071725	1650285796.20313
55.1026566666667	1455929258.31641
55.133515	1486061274.38281
55.1639583333333	1484048057.81641
55.1954083333333	1483718376.31641
55.2267683333333	1475857256.04297
55.258065	1471025519.55078
55.2893433333333	1514155323.89063
55.3196416666667	1573455070.87109
55.3511433333333	1541778708.00781
55.3826933333333	1573103252.51563
55.4132833333333	1751218309.51172
55.4438233333333	1597830595.52734
55.4735666666667	1696926042.36719
55.5039683333333	1751588445.92188
55.5350616666667	1703255625.92578
55.5658433333333	1705993542.73438
55.596765	1720807754.94141
55.628425	1647360974.62109
55.6603233333333	1640069630.63281
55.6912566666667	1621215149.82813
55.7221983333333	1611719048.42578
55.7524616666667	1545634267.60156
55.7837533333333	1472807801.35547
55.8151216666667	1502289896.25
55.847115	1441533491.375
55.8779533333333	1369283513.30469
55.9085516666667	1374237312.21094
55.9394533333333	1352583525.01953
55.969	1334804630.92188
55.998845	1354574599.80859
56.0299783333333	1329614905.24609
56.06205	1367874942.36719
56.0932566666667	1396539820.89844
56.123865	1395787932.65234
56.1536033333333	1383494555.6875
56.1838216666667	1389401038.83984
56.2137216666667	1400747902.28125
56.2431416666667	1416675077.08203
56.2728466666667	1468817990.5625
56.3025416666667	1418311445.60938
56.3327166666667	1514300998.28516
56.362965	1568833700.25781
56.394415	1519284789.30078
56.425105	1584940168.14063
56.456055	1523365959.68359
56.4866266666667	1499836767.00391
56.51843	1385723370.51563
56.5491683333333	1408409483.55078
56.5805183333333	1521105188.00781
56.6115	1326536024.38672
56.6421616666667	1346373004.99609
56.6727533333333	1353702339.80859
56.7041633333333	1452241724.17578
56.73553	1411412606.12109
56.7654416666667	1459731083.66406
56.7959866666667	1492534305.74609
56.8277566666667	1568181986.14844
56.85902	1585698377.23047
56.8893666666667	1521575800.9375
56.9207766666667	1563361433.89844
56.95137	1572834699.85938
56.9822183333333	1542583842.64063
57.0123733333333	1639814155.46484
57.0420466666667	1604194899.60938
57.0719216666667	1696123373.29688
57.100845	1691543848.48047
57.130685	1695883463.59766
57.1610883333333	1716084717.89453
57.1919766666667	1729753069.14063
57.222415	1619733199.24219
57.252725	1648005333.71094
57.28372	1703290915.88281
57.31449	1639413595.82422
57.3450216666667	1598225263.03906
57.37627	1586207210.44922
57.4068583333333	1504226918.19922
57.437335	1422139165.00781
57.4680133333333	1412728113.875
57.4988216666667	1426389930.22656
57.52945	1491118043.07813
57.5604016666667	1341792310.11719
57.5910883333333	1359121468.14453
57.62159	1430180598.47656
57.6512333333333	1388651231.07422
57.6813383333333	1409426562.76563
57.7119433333333	1448931677.01172
57.7431983333333	1534447103.16797
57.7734216666667	1485457921.68359
57.8048016666667	1628766749.39844
57.8363133333333	1590321261.04688
57.8678216666667	1540486239.48828
57.899545	1555435092.73047
57.9303283333333	1577753372.62109
57.9613316666667	1578218101.67578
57.991655	1567490766.79688
58.0229533333333	1497045317.64063
58.052975	1573381830.94531
58.082285	1451288628.52344
58.11383	1511961847.875
58.1448083333333	1537302367.08984
58.17623	1542875661.42578
58.2074033333333	1603392360.62891
58.23797	1569885863.13281
58.27003	1589895146.46094
58.3004983333333	1522684334.49609
58.3317033333333	1644628086.78125
58.361675	1543021534.6875
58.3917616666667	1566873805.91797
58.4214966666667	1590955464.32422
58.4526033333333	1541073892.46484
58.483345	1599236861.56641
58.5143183333333	1632119189.85156
58.545215	1572203837.89844
58.57681	1605488117.32422
58.6079016666667	1598491596.59766
58.6382966666667	1698288581.70313
58.6686916666667	1663415801.49219
58.699095	1651729309.42969
58.729865	1798321069.68359
58.76024	1648265417.16406
58.7908066666667	1738452494.42578
58.8211516666667	1816282567.43359
58.85184	1669077946.55859
58.8813666666667	1677627832.96094
58.911705	1668794008.69141
58.9416916666667	1569375883.44141
58.9722316666667	1529730193.59375
59.0035083333333	1475381015.97266
59.0352716666667	1427478532.44141
59.0659866666667	1491876021.11719
59.0968933333333	1343116917.98438
59.1284216666667	1487702662.15625
59.1594366666667	1372127439.91406
59.1903083333333	1320079168.02734
59.2223066666667	1273491804.65234
59.2536433333333	1231125750.70313
59.284435	1204482500.85938
59.3151816666667	1244161306.00781
59.34485	1250037972.07031
59.3749983333333	1310381526.28125
59.4048	1200965801.4375
59.4347983333333	1222249381.8125
59.465635	1290221274.14453
59.4955333333333	1449909706.69141
59.5262633333333	1440743359.92188
59.557215	1533162557.26172
59.5891333333333	1620488884.35938
59.6208883333333	1624355326.07813
59.65239	1632322970.39453
59.68429	1628657335.76172
59.7164016666667	1607288688.03906
59.7479333333333	1655833844.12891
59.7791666666667	1643786205.74609
59.8100283333333	1680862493.69922
59.8404033333333	1675719657.70703
59.8720183333333	1605142788.44531
59.903665	1581055873.96094
59.9341733333333	1581495394.35938
59.9646233333333	1553846296.33203
59.995615	1485378985.46484
60.026165	1454314707.33203
60.0569016666667	1428411697
60.0876666666667	1429993548.28906
60.1178266666667	1386942076.55469
60.148475	1387662908.26172
60.1789733333333	1311951879.92969
60.2089166666667	1433450659.54688
60.2389566666667	1476763059.57031
60.2692833333333	1398054510.28516
60.3003616666667	1369151596.58594
60.3306566666667	1438137832.46875
60.361355	1479459270.26172
60.3917433333333	1421381261.45703
60.4222316666667	1421022331.33984
60.453405	1417068467.96094
60.484025	1453626215.74609
60.5144816666667	1443181700.41016
60.54532	1376054143.05859
60.5767383333333	1440853866.57422
60.6083333333333	1375833474.49219
60.6411133333333	1404188581.39453
60.6724916666667	1301046014.70313
60.704675	1309668983.41797
60.7364366666667	1329802273.36328
60.7674616666667	1342825655.43359
60.7996983333333	1242759811.78906
60.8316666666667	1203866815.01172
60.8630666666667	1223140537.57031
60.8946333333333	1239624701.66406
60.9257266666667	1226031286.10156
60.9569	1344561855.11328
60.9883733333333	1415531314.50781
61.0199366666667	1482431167.73828
61.05171	1536408058.1875
61.0824516666667	1618849785.59375
61.1135666666667	1721433204.03125
61.1441516666667	1708308661.375
61.1756116666667	1714166340.34766
61.20726	1690733023.40625
61.23862	1592328204.51953
61.270655	1717310763.88281
61.3023283333333	1650273206.14063
61.3341816666667	1561884711.25391
61.3658983333333	1640219364.64844
61.397155	1514836648.24609
61.4283316666667	1516494209.22266
61.4588483333333	1512356031.67969
61.4903283333333	1547366318.65625
61.5214816666667	1408194477.88281
61.55325	1436609975.48438
61.58363	1460902581.85938
61.6147733333333	1423546518.23047
61.64639	1436322289.21094
61.6781133333333	1465147079.24609
61.7089166666667	1457253388.93359
61.739475	1425804335.58594
61.771155	1617182509.43359
61.802485	1661145775.80859
61.8338666666667	1654215781.59766
61.8655683333333	1685754889.07422
61.8965433333333	1645840332.42969
61.9282233333333	1524118905.25781
61.9592816666667	1487603074.00781
61.9902533333333	1474165150.28906
62.0220983333333	1431579992.28125
62.0539416666667	1450343922.79297
62.0852983333333	1369563202.80859
62.1180883333333	1338964604.48047
62.1503766666667	1284118033.88672
62.181515	1330911695.04297
62.2131966666667	1292661531.30469
62.2435633333333	1225534905.62891
62.2751366666667	1250949009.01563
62.3065116666667	1245900631.5
62.3379333333333	1196719572.35547
62.36903	1194525672.72656
62.4004216666667	1204203655.63281
62.4316483333333	1242722841.99219
62.4617616666667	1278988294.27344
62.492645	1331754086.50781
62.5233483333333	1361330131.74609
62.5537916666667	1362876378.16016
62.5848116666667	1322424909.36328
62.6151733333333	1288711766.39453
62.6458216666667	1294205272.35547
62.67691	1292936256.51563
62.708055	1242855076.34766
62.7388866666667	1259047575.09766
62.7705383333333	1294169582.08984
62.8015383333333	1244555735.77344
62.83254	1232528274.56641
62.8634083333333	1261695435.07422
62.8945966666667	1247489454.35938
62.9256183333333	1350299880.49219
62.955615	1392450002.13281
62.98642	1406128385.46875
63.0166016666667	1439636829.57031
63.0475083333333	1498928833.41016
63.0779483333333	1493668898.77734
63.10796	1579596019.02734
63.1391183333333	1560737135.76953
63.16972	1648235565.45313
63.2008633333333	1623434026.27344
63.2320766666667	1636230793.79688
63.263335	1580486424.13672
63.29481	1780828709.25
63.32532	1677769226.60938
63.3563666666667	1622783378.96484
63.3879183333333	1547928113.35547
63.4194466666667	1545842436.11328
63.451285	1477273838.61719
63.48165	1486811331.85547
63.5126583333333	1411889979.57031
63.544275	1423779039.60547
63.5745733333333	1465778292.54297
63.606	1396946037.67578
63.6382133333333	1416270514.02734
63.66969	1359575834.51172
63.7004916666667	1361253507.69141
63.7312766666667	1287177130.00781
63.76251	1276339867.20313
63.7944716666667	1240012191.89453
63.8259216666667	1263124707.19531
63.8566666666667	1291712184.96875
63.8881416666667	1229400887.47266
63.9196116666667	1326014216.27344
63.95162	1308058811.19531
63.98216	1313218809.99219
64.01225	1377730583.1875
64.0431616666667	1479954513.10547
64.0740783333333	1325180262.94141
64.1050583333333	1346603846.24219
64.1360016666667	1301141513.37109
64.1669516666667	1273130564.16016
64.1989283333333	1351693079.83203
64.2290883333333	1309343598.35938
64.2600866666667	1309680841.48828
64.2915266666667	1263427379.25391
64.3222816666667	1295764731.69531
64.353635	1333157030.96094
64.38516	1381867839.67188
64.416735	1412904849.88281
64.4480833333333	1535500777.07031
64.4794233333333	1420911432.24609
64.5128083333333	1502739876.24219
64.54465	1455043765.91406
64.5756166666667	1450335254.27344
64.6069183333333	1475972944.25391
64.6381983333333	1483569959.32813
64.6684483333333	1488499121.24219
64.6991283333333	1495651689.00781
64.730715	1516193721.5625
64.7617666666667	1547748141.30078
64.7921566666667	1494978134.33594
64.8222233333333	1551867692.33984
64.8527616666667	1418576298.58203
64.8838466666667	1434025364.58984
64.9155116666667	1399020640.12109
64.9454216666667	1429359569.61719
64.9767966666667	1387822662.82422
65.0074216666667	1554010866.50391
65.0373183333333	1499130693.60938
65.067835	1468843878.96875
65.0978016666667	1535306201.05078
65.1277466666667	1631917681.27734
65.1578316666667	1581198930.72656
65.1881	1739860465.05078
65.21813	1776984848.92969
65.2488916666667	1833927916.19922
65.27963	1746571767.99219
65.3097916666667	1763127192.8125
65.34024	1847909142.48438
65.3714433333333	1803805061.75
65.4020383333333	1666703028.94922
65.433355	1702412982.17188
65.4640533333333	1652261554.04688
65.4951133333333	1615722032.8125
65.5269416666667	1636062910.80859
65.5582533333333	1550236985.03906
65.5896966666667	1574695214.17188
65.6216966666667	1491992997.53516
65.65397	1467668985.22266
65.6863083333333	1497388219.44141
65.7174733333333	1443857416.39063
65.74996	1382789604.37109
65.7816133333333	1328883193.625
65.8134616666667	1331989739.25781
65.8457266666667	1258352640.09766
65.878495	1243738666.94531
65.9106466666667	1212134126.35938
65.9422633333333	1174055599.98438
65.974365	1186331772.11328
66.0056566666667	1156010520.26953
66.0374333333333	1130520469.98047
66.0686816666667	1188021607.83984
66.1003866666667	1178306678.89844
66.13223	1286534497.83203
66.16329	1197755694
66.1948283333333	1290284753.41016
66.2266933333333	1242758519
66.2581783333333	1237166555.76172
66.290405	1388207070.42578
66.3212516666667	1313366928.27734
66.3529983333333	1271815038.85547
66.3839383333333	1275888485.20313
66.41598	1430148265.39844
66.447085	1340869992.82031
66.4795283333333	1260557621
66.5115766666667	1326563090.19141
66.5436266666667	1236972358.42578
66.5750916666667	1271404133.32031
66.6066583333333	1300098289.98828
66.6380383333333	1250758153.18359
66.6703433333333	1308574983.875
66.70255	1340356055.36719
66.7352216666667	1359430678.71484
66.7682466666667	1304251827.75
66.8005816666667	1273885523.00391
66.8326216666667	1229911167.44531
66.8642433333333	1277297299.36719
66.8952933333333	1240186284.53125
66.9268266666667	1309559577.82031
66.9582966666667	1162132239.58594
66.9899766666667	1197303528.72266
67.0204483333333	1088836539.67188
67.0520833333333	1206140408.61719
67.0834783333333	1255106058.53906
67.1145116666667	1232930914.11719
67.145625	1256307352.30859
67.177195	1195915595.90234
67.2083383333333	1237536733.27344
67.23989	1240811793.45313
67.2713016666667	1267666559.09766
67.3022633333333	1329264126.44141
67.3341383333333	1229872403.85156
67.3655166666667	1125630178.88672
67.3966516666667	1120677909.23438
67.4278016666667	1144773099.95703
67.4581983333333	1183219873.61328
67.4905933333333	1093079529.57422
67.5220566666667	1096692706.01563
67.55415	1152832791.23047
67.5856516666667	1065075332.93359
67.6177433333333	1118714834.17578
67.649925	1223868272.16016
67.68104	1127940658.10938
67.7110433333333	1008113403.19922
67.7428	1046055703.09375
67.7744966666667	1078595546.09375
67.805535	1153407728.58594
67.8355583333333	1195922185.89453
67.8664	1200340228.11328
67.8957166666667	1196541748.67969
67.9269933333333	1291297666.71875
67.9571333333333	1347181014.64063
67.9876116666667	1328640040.61328
68.0184	1335459890.375
68.047995	1329727138.14063
68.0786766666667	1306682323.48047
68.1096783333333	1281967479.10547
68.1400066666667	1296023232.78125
68.1711383333333	1283127197.78125
68.2031233333333	1321028007.01563
68.2349216666667	1317110466.71875
68.2655516666667	1239185958.62109
68.29702	1269098176.78125
68.3282816666667	1265668334.25391
68.35811	1228618156.99609
68.3908183333333	1306442412.50781
68.4221716666667	1325361556.48828
68.4534366666667	1327544004.94531
68.4848133333333	1402966848.01563
68.5172416666667	1369169969.99219
68.5484933333333	1370231917.71484
68.57966	1420817858.57813
68.6105366666667	1330181912.19531
68.641625	1273880702.44141
68.673575	1253899742.99219
68.705315	1247198651.17969
68.73629	1190814458.05078
68.766815	1185860696.05078
68.7979033333333	1188642416.83594
68.827395	1093494907.44922
68.8582316666667	1122843796.51563
68.88945	1066487442.14844
68.9209366666667	1156729658.38281
68.9527633333333	1044226992.21875
68.9841916666667	1092893570.57813
69.0150383333333	1064997654.78906
69.0456816666667	1092475718.03125
69.0768166666667	1052383901.62891
69.10827	1181325461.62109
69.13915	1073557811.56641
69.17035	1083585124.33203
69.20199	1134563887.95703
69.2330266666667	1118769413.32422
69.2642666666667	1197572874.57422
69.2953133333333	1156232918.65625
69.3274333333333	1213794911.45703
69.358985	1293751476.47656
69.3893516666667	1283088735.65625
69.4201483333333	1337959085.48047
69.451765	1372662624.53906
69.4831133333333	1452419712.51563
69.51518	1444199443.18359
69.548	1476488906.85156
69.5792516666667	1386021079.60547
69.6111733333333	1443241877.86328
69.6430833333333	1424296874.21875
69.6741833333333	1408434331.14063
69.7065433333333	1441267441.75781
69.7374533333333	1328087821.08203
69.7692116666667	1311281875.75391
69.801145	1280313729.09375
69.832425	1243306735.91797
69.864345	1149307843.53516
69.8948266666667	1178013665.53125
69.9260316666667	1145811342.20313
69.95771	1075442394.10156
69.9893566666667	1132581064.47656
70.021995	1202400850.04688
70.053915	1203195097.79297
70.0847733333333	1271565484.75391
70.1160966666667	1284902104.11719
70.1473133333333	1442320081.52734
70.1775383333333	1473462345.11719
70.2089416666667	1620915638.875
70.2400583333333	1702917362.30469
70.2702483333333	1706147032.53906
70.3018566666667	1678797209.66406
70.33327	1630422598.28125
70.3647733333333	1704734839.33984
70.3957283333333	1652240357.69141
70.42738	1663965659.69141
70.4582766666667	1549456042.92188
70.48911	1547676205.69141
70.5207683333333	1505180358.88672
70.5529083333333	1489412458.91406
70.584155	1497229735.03125
70.61509	1484386309.00391
70.64689	1298320749.21484
70.6782966666667	1381555427.94922
70.7095616666667	1251565855.01563
70.7406083333333	1325347049.59766
70.77219	1263376829.47266
70.8032766666667	1287391856.55469
70.8345133333333	1268382719.28906
70.8661466666667	1211961514.63281
70.8970566666667	1284623187.39453
70.9283916666667	1313675776.69531
70.9590433333333	1329218440.03516
70.989995	1364531901.5625
71.020805	1327365791.63672
71.0516833333333	1291381853.60547
71.08285	1339603767.10156
71.1140383333333	1418799517.08203
71.1445733333333	1372741552.17969
71.1747466666667	1370844105.24609
71.2067833333333	1387509203.46484
71.2382633333333	1412486067.30859
71.2697616666667	1548524187.29688
71.30145	1541230122.8125
71.3323516666667	1489345493.98047
71.3637816666667	1619861839.60938
71.3947133333333	1490790994.69531
71.42563	1596096221.66016
71.45711	1599817893.60938
71.4884866666667	1557022706.33594
71.51858	1562005836.51563
71.5499366666667	1549154254.66016
71.5794933333333	1621638090.30078
71.6109833333333	1547601825.1875
71.6418216666667	1597798357.02344
71.6725983333333	1551460997.15234
71.702995	1700139280.23047
71.7345866666667	1544771610.34375
71.7660816666667	1544109230.375
71.7973766666667	1439571590.75
71.829135	1489715513.94531
71.8615883333333	1550994080.80078
71.893085	1502528108.39063
71.9248183333333	1646075472.62109
71.9562833333333	1622242806.55078
71.9872483333333	1630570255.59375
72.0187933333333	1489021959.58203
72.0503883333333	1538616973.98438
72.082235	1521487376.11328
72.11371	1483112230.9375
72.1449383333333	1531231835.91797
72.176335	1529877921.91016
72.2075383333333	1429088117.00781
72.2390733333333	1407829810.06641
72.2710566666667	1431246573.28906
72.3021333333333	1316221314.21094
72.3338866666667	1196926378.56641
72.3659733333333	1194935201.57422
72.3966183333333	1186274847.09766
72.4286716666667	1151949217.73047
72.4598666666667	1092423577.37891
72.491185	1152915055.26172
72.5232516666667	1076551252.72656
72.55666	1158800959.95313
72.5885133333333	1107553765.73828
72.6191816666667	1106550055.95313
72.6506283333333	1133524430.15234
72.682875	1088828697.75
72.71463	1083214011.68359
72.74582	1180040171.57813
72.7771516666667	1131797172.64844
72.80921	1163819680.78516
72.8412066666667	1143696490.3125
72.872015	1124279076.54688
72.9039333333333	1123103797.44922
72.9349116666667	1137544563.78906
72.9661616666667	1078483970.48828
72.99753	1036500368.83203
73.0291983333333	980489056.816406
73.0606516666667	1010278405.44922
73.091105	925720431.421875
73.1219983333333	983498529.847656
73.1531083333333	907621060.523438
73.1841116666667	917974893.894531
73.2155583333333	880781318.851563
73.2476733333333	950187147.074219
73.2788483333333	938039779.082031
73.30995	1043730802.70313
73.3413733333333	938448616.273438
73.3723483333333	934386770.660156
73.4035316666667	931458807.578125
73.4345466666667	921547065.121094
73.4661033333333	983067463.019531
73.49681	978866787.46875
73.528225	911624069.289063
73.560105	911300025.085938
73.59124	888621741.949219
73.6230216666667	955421550.242188
73.6531966666667	908073476.519531
73.6852933333333	925819890.761719
73.7166916666667	899406191.226563
73.74834	1010382712.55469
73.7803266666667	973423421.675781
73.8123016666667	961574979.023438
73.842815	1035496409.26172
73.874225	1005988019.28906
73.9057283333333	1002967888.33984
73.9369683333333	1051219177.60938
73.9675966666667	1104325951.00781
73.9989933333333	1107611940.54688
74.0320666666667	1109457507.56641
74.0632666666667	1085666237.92969
74.0954016666667	1137805931.46875
74.1281416666667	1224153989.41016
74.1599833333333	1159528009.80078
74.1915383333333	1234905336.37891
74.2224783333333	1191686293.89063
74.2543666666667	1231558778.80078
74.2859616666667	1112802793.13281
74.31728	1128790345.16406
74.3493416666667	1128898751.79688
74.3801466666667	1101684514.00391
74.4109683333333	1064511136.19141
74.441655	1035070495.59375
74.4729066666667	953152203.191406
74.50361	987370059.15625
74.53526	1033177773.84766
74.5669433333333	1024104113.55469
74.598575	1040111153.14453
74.6295783333333	1038768490.02344
74.661055	1088981866.63281
74.69136	1042579112.28125
74.72217	1013522604.84375
74.753145	1095855787.50391
74.7832816666667	1088648936.38281
74.8137533333333	1169321760.85547
74.84432	1255089182.93359
74.87566	1326614235.67578
74.907005	1266135295.01953
74.9380433333333	1306619197.14063
74.9687666666667	1358484400.71484
74.9998666666667	1363169839.78906
75.0313166666667	1348969172.66797
75.06387	1393375056.00781
75.0948366666667	1363203823.19531
75.1273683333333	1348547391.24219
75.15949	1366623641.73828
75.1911366666667	1333213876.41016
75.2239416666667	1330450691.11719
75.2562766666667	1285345838.65625
75.2886466666667	1223136331.05469
75.321055	1243689472.89063
75.352775	1192652218.42969
75.3847916666667	1153325260.62109
75.41583	1158564064.08203
75.44734	1140488383.30469
75.4794883333333	1149135235.54688
75.5103333333333	1179955854.86328
75.5410933333333	1269021203.83203
75.5718883333333	1197518988.05469
75.603845	1183252244.14844
75.635685	1179152267.08203
75.667375	1159818585.26172
75.6991933333333	1153591826.8125
75.7300216666667	1123342046.71875
75.761755	1156526818.15234
75.7940783333333	1130364878.97266
75.8251116666667	1102768925.98047
75.8565733333333	1101607375.82813
75.888055	1024762114.25781
75.9190283333333	1042731372.25
75.950185	1056519495.71875
75.9814166666667	1022675155.75
76.0129733333333	984759210.960938
76.0442016666667	997411521.09375
76.076425	983787926.945313
76.1079166666667	1018540587.56641
76.13942	973092958.765625
76.16972	1015499888.32422
76.2021883333333	1007815493.40234
76.233665	1093831940.24219
76.2654166666667	1031582697.67578
76.29673	1061652859.72656
76.3280166666667	1154142468.19531
76.3602933333333	1124339633.78125
76.3914583333333	1027757957.62891
76.4236683333333	1144984786.01563
76.453825	1057553768.72266
76.4861883333333	1028605737.69531
76.51744	1023458884.13281
76.5497983333333	1024501149.32031
76.581515	1037540467.65625
76.61406	1047747408.67578
76.6465666666667	1126460458.75391
76.6785933333333	1111056417.58594
76.710635	1015355836.55469
76.742445	1144792478.51563
76.7740133333333	1085068128.45703
76.80449	1079811582.28125
76.8357033333333	1086282679.45313
76.8681116666667	1069850719.96094
76.899465	1068786686.42969
76.9310333333333	1100970047.49219
76.96421	1109756833.17578
76.9958466666667	1105893569.42188
77.02828	1091779744.64063
77.0612666666667	1007458507.27344
77.0935566666667	1053492258.50781
77.125775	1075376738.70313
77.1578716666667	1023335113.12109
77.190305	1097757111.24219
77.223105	1021773557.62109
77.255095	1089189641.02344
77.287025	1086517255.87109
77.3184733333333	1073152268.21484
77.34884	1087690317.29688
77.3799833333333	1134708593.97656
77.4115816666667	1038327574.76953
77.4432116666667	1089844161.09766
77.4740966666667	1044199439.95313
77.5055183333333	997882839.382813
77.53724	993600290.503906
77.568455	917917066.714844
77.6005133333333	1020226485.60156
77.6330533333333	1036026412.5625
77.6642866666667	875024833.226563
77.695525	823617894.777344
77.7273766666667	834287695.921875
77.7608066666667	856480119.058594
77.7924066666667	830389544.679688
77.8224783333333	841501351.898438
77.8526233333333	873365370.75
77.8824816666667	998071742.167969
77.912945	1022646127.80859
77.9441933333333	1091949889.21484
77.975735	1098566927.82813
78.0062816666667	1132032344.69141
78.0376916666667	1190852009.11719
78.068675	1196707770.53906
78.10023	1155476250.54297
78.131385	1127661971.21484
78.1632666666667	1137392559.64063
78.1950966666667	1173793303.67188
78.2264816666667	1062761028.09766
78.2578983333333	1146610738.27344
78.2886933333333	1034187849.82031
78.3197916666667	1021243480.28516
78.351215	973495868.183594
78.3827266666667	1006188387.73828
78.4140233333333	924036770.042969
78.4452666666667	908579516.96875
78.4764566666667	951291543.394531
78.5064933333333	955619826.210938
78.537715	994904060.332031
78.56884	1087357272.98047
78.6001683333333	1106144650.80078
78.630445	1180462661.41406
78.6620016666667	1192197345.85547
78.6913666666667	1342154831.41016
78.72171	1415568306.25
78.7521016666667	1452972940.67578
78.7820783333333	1390223929.39844
78.8134633333333	1321865709.67578
78.8444966666667	1326477189.5
78.8759783333333	1360022584.77734
78.905065	1390586644.01172
78.9356683333333	1293021543.19141
78.967	1237682979.17578
78.997305	1336370710.13281
79.02822	1325011958.22656
79.059185	1472533873.58203
79.0891033333333	1280741819.52734
79.11985	1344535903.30469
79.1516483333333	1309814966.29688
79.18287	1293768224.55469
79.2134866666667	1277095340.90234
79.2442166666667	1194408937.04297
79.2762233333333	1199707266.64844
79.3088016666667	1117534044.35547
79.3397816666667	1067926380.32031
79.3719016666667	1067814484.58594
79.40253	1115833457.80078
79.433495	1073129209.33203
79.46474	1019798426.20703
79.49576	1054198020.53125
79.5266133333333	1119326956.29688
79.55669	1126614465.72266
79.5871733333333	1135941475.24609
79.617665	1133243345.3125
79.6481783333333	1112636315.30859
79.67911	1105959480.53516
79.7093766666667	1106287039.44531
79.740105	1171302675.74219
79.7705916666667	1143662145.17578
79.8008416666667	1149037169.05469
79.8316766666667	1225834795.77734
79.8627383333333	1187798665.49219
79.8932483333333	1304947940.38672
79.9232483333333	1309904927.88672
79.9535333333333	1392136761.40234
79.98421	1358006756.80078
80.014675	1445836213.77344
80.04578	1488488976.08203
80.0762966666667	1465003999.35156
80.10751	1472924312.60156
80.13948	1455724586.36328
80.1712666666667	1368342640.01563
80.2033966666667	1400625307.56641
80.23494	1302078655.18359
80.2668416666667	1279539865.73047
80.2977483333333	1259457438.44531
80.328505	1241952531.98828
80.3594216666667	1367137932.39063
80.39016	1304696974.20703
80.4219066666667	1372318014.69531
80.4512816666667	1453816838.84766
80.481845	1483031792.0625
80.5125983333333	1432367544.83984
80.5433733333333	1386452597.64063
80.573385	1425002501.75391
80.6041783333333	1388402865.47656
80.6349066666667	1404749090.78906
80.6654766666667	1389657579.88672
80.695705	1426354877.21875
80.7263283333333	1428314015.50391
80.7564216666667	1512584266.09766
80.7867183333333	1564983796.51953
80.8172216666667	1671778674.78906
80.8479866666667	1701503028.86719
80.8788916666667	1702822453.97266
80.909855	1626008465.94141
80.9406783333333	1578572351.32031
80.97026	1548555749.42188
81.001415	1694817787.22656
81.032915	1600308421.63672
81.06398	1681185396.94922
81.0955333333333	1600114514.70313
81.126835	1492006089.92188
81.157505	1523295009.95313
81.1877833333333	1474057768.89453
81.2173716666667	1593826739.86328
81.24788	1787247849.93359
81.27762	1862829750.99219
81.3069533333333	1933704283.32031
81.3368883333333	1901623922.46484
81.36732	1952219645.92969
81.3976066666667	2106585329.16016
81.4284266666667	2042362700.14063
81.45959	2030845415.1875
81.4900733333333	1870396938.98438
81.521145	1816571746.58203
81.55252	1755540748.32813
81.584305	1777091191.40234
81.6147283333333	1621020471.14063
81.6460033333333	1617407353.62891
81.6776616666667	1639247449.49219
81.7098666666667	1717725043.86328
81.7419783333333	1687982908.80469
81.772995	1755281721.42188
81.8047216666667	1593924373.02734
81.8367083333333	1648424343.13672
81.8689416666667	1627024436.71094
81.900345	1599324249.32813
81.9313583333333	1579692262.39844
81.962315	1475905213.13672
81.992845	1499947475.46484
82.0230633333333	1418242639.55469
82.0544033333333	1429726462.18359
82.0860866666667	1396838225.48828
82.11653	1347178148.64844
82.147395	1338223214.40625
82.1784366666667	1351114937.96484
82.2092983333333	1332955043.46094
82.2404733333333	1333696796.1875
82.2711166666667	1227039411.27344
82.3027	1133901351.66406
82.3340616666667	1148225468.4375
82.3655533333333	1157527310.11328
82.3963283333333	1135659504.3125
82.4267766666667	1094882576.37109
82.4565733333333	1163722385.85938
82.4876066666667	1227394229.30078
82.5182516666667	1248369114.19922
82.5483516666667	1296146637.13281
82.5786383333333	1300862937.14844
82.6095083333333	1331849016.91016
82.639835	1271647369.44531
82.6696383333333	1305351244.33984
82.7000866666667	1245635789.44141
82.7305233333333	1231984332.22656
82.7610933333333	1277368921.47266
82.7915616666667	1133300268.48438
82.82202	1165994459.85156
82.85322	1154514899.56641
82.8834216666667	1021613249.61719
82.9133366666667	1081077837.35156
82.9437966666667	1107830863.61328
82.9741683333333	1052887589.83984
83.0050733333333	1120556350.83594
83.03609	1114947552.33594
83.06703	1170928600.79297
83.0976833333333	1086992000.39844
83.1281133333333	1116160973.09375
83.1588833333333	1050456182.49609
83.19024	1059521119.46484
83.2214816666667	1036647641.49609
83.2522433333333	992685106.980469
83.2830883333333	981056305.65625
83.3133933333333	887159618.855469
83.3448266666667	876019500.753906
83.3761466666667	885889841.015625
83.407015	882469766.421875
83.4383466666667	876276962.539063
83.468755	853642733.511719
83.4992116666667	881518282.054688
83.52938	839373917.558594
83.5604383333333	873123903.902344
83.5914666666667	942322014.851563
83.6229966666667	925632267.625
83.6538483333333	966241541.589844
83.684635	961829273.953125
83.7161533333333	985529634.183594
83.7471616666667	975620951.9375
83.7783783333333	980588440.054688
83.8090966666667	982652169.933594
83.8400966666667	989324484.113281
83.8700316666667	737005760.869141
83.9021083333333	945927941.683594
83.9337483333333	19842576.5546875
83.9765366666667	743446200.208984
84.0083166666667	1593320940.52344
84.0383583333333	1355845277.28516
84.0692233333333	1296491325.20313
84.100325	1250093185.55859
84.131515	1207461418.35938
84.16349	1054621069.95313
84.1947733333333	978379909.503906
84.2260566666667	1031326508.40234
84.25654	957034170.847656
84.2872516666667	984956827.160156
84.318755	979166537.386719
84.3493716666667	947882877.695313
84.38002	1055289663.70703
84.4108466666667	1066734048.36719
84.44148	1044836257.21875
84.4717633333333	1055474150.78516
84.5022816666667	1033178258.28906
84.533665	1090338001.92578
84.5642066666667	13809263.0651855
84.6062733333333	17330493.4523926
84.648845	983346449.667969
84.6773166666667	1269693868.90625
84.7064583333333	1229374175.07422
84.7370166666667	1228066430.10156
84.76849	1142607006.73438
84.8004866666667	1136875141.81641
84.8318166666667	976641013.371094
84.86285	899805402.898438
84.8946016666667	964076436.691406
84.9254866666667	946386676.359375
84.9560333333333	956138939.613281
84.9872683333333	955574370.980469
85.0169066666667	967258084.167969
85.04908	979437732.238281
85.08067	1089159789.73047
85.1121233333333	1024258151.76953
85.1434083333333	977189766.253906
85.175605	881576587.960938
85.20737	1061786422.3125
85.238105	769208943.609375
85.269175	732500714.652344
85.300535	749009272.287109
85.33058	6239732.72955322
85.3725966666667	9238671.01672363
85.41517	522101203.374023
85.4439566666667	767461660.671875
85.47362	868334936.972656
85.5039783333333	856702923.921875
85.5350316666667	801520070.953125
85.5666433333333	868772147.328125
85.5973383333333	730250199.851563
85.62921	763126886.916016
85.661235	768059672.796875
85.6928533333333	781900329.359375
85.7240466666667	759682040.609375
85.75404	904289981.75
85.7839066666667	742961467.283203
85.81478	709237657.802734
85.8454083333333	725420951.466797
85.8750733333333	706143030.9375
85.905595	11076294.1560059
85.9480483333333	336139743.514648
85.9787733333333	880900362.4375
86.0084216666667	738308505.230469
86.0380866666667	746503089.511719
86.0693333333333	782673064.835938
86.101	753461308.279297
86.1318583333333	774324203.5
86.163175	822170968.414063
86.19334	870746689.902344
86.2247333333333	776111423.199219
86.2558816666667	753516576.402344
86.2870216666667	703848786.722656
86.318785	663377171.6875
86.35033	655486496.832031
86.3822716666667	688275024.203125
86.4134083333333	657249112.6875
86.445725	719431502.111328
86.4781333333333	765131169.90625
86.5086816666667	844546905.859375
86.5397983333333	908645988.628906
86.5706566666667	904748472.886719
86.601675	868664082.621094
86.6337516666667	850862178.238281
86.66614	832227939.984375
86.6987583333333	11569309.8828125
86.7418883333333	391685942.574219
86.773825	911056748.488281
86.8041466666667	995073249.25
86.83617	972190065.316406
86.8673583333333	891302974.648438
86.898715	895386431.621094
86.9307416666667	878824817.642578
86.96306	902352463.953125
86.993675	824202094.101563
87.0267766666667	723669371.123047
87.0581283333333	707438776.578125
87.0894966666667	565807908.386719
87.12192	568511981.460938
87.1534833333333	542223053.947266
87.1843466666667	516389746.205078
87.2153216666667	512800503.650391
87.2474216666667	580726508.466797
87.2781066666667	462903029.978516
87.3092316666667	457355900.955078
87.3403016666667	465783207.287109
87.372015	500251994.757813
87.4042216666667	471385751.197266
87.4349533333333	517055431.800781
87.4660066666667	515322915.824219
87.4984883333333	555446123.201172
87.5304216666667	619766983.017578
87.5626483333333	1840939.94854736
87.604225	126019688.784668
87.6384016666667	466429357.220703
87.668555	558097087.507813
87.6996366666667	538764622.029297
87.7303233333333	485243146.607422
87.7625016666667	511441828.652344
87.7932666666667	492186788.720703
87.8245066666667	454613147.390625
87.8556233333333	485440830.873047
87.8870633333333	511698806.162109
87.9193733333333	466943929.232422
87.9506266666667	463020013.271484
87.9819866666667	462025449.630859
88.0119566666667	454067581.398438
88.0440733333333	440999643.375
88.07495	460218539.285156
88.1059633333333	431433790.494141
88.1380533333333	533646901.439453
88.17019	453051226.095703
88.201725	492370837.373047
88.23247	462015064.023438
88.26384	465682576.302734
88.294185	458201698.490234
88.32601	3471074.78417969
88.3682066666667	26730410.6282349
88.4128716666667	222234725.999023
88.4450483333333	467530000.958984
88.4752116666667	542740881.798828
88.5062183333333	504221208.470703
88.538345	513728755.132813
88.570405	501863587.236328
88.6032766666667	546287982.53125
88.63586	636686234.412109
88.6677533333333	584108018.007813
88.699835	606239086.707031
88.73172	500803666.117188
88.7639816666667	495800272.380859
88.7952166666667	491490986.574219
88.8253616666667	481468087.425781
88.8574283333333	472717060.162109
88.8885366666667	878362.069915771
88.9230316666667	65319994.5635986
88.9606833333333	377200831.600586
88.993395	516024073.347656
89.0248183333333	538315602.193359
89.056375	545084641.220703
89.087065	528973862.914063
89.118105	562841883.441406
89.149825	511093549.867188
89.1822333333333	552300113.507813
89.2153616666667	510789547.853516
89.2474016666667	525769117.267578
89.2793766666667	498753340.488281
89.3099683333333	502612821.382813
89.3409816666667	472986518.628906
89.3735916666667	435432445.472656
89.4064466666667	414791819.685547
89.4392666666667	447123665.730469
89.4709583333333	437055277.751953
89.5033483333333	433107602.222656
89.5363983333333	397912099.925781
89.569955	2716765.7053833
89.610715	141119969.21582
89.6452033333333	425639700.226563
89.67665	477322356.671875
89.7078783333333	472453572.673828
89.739125	471233689.597656
89.7712783333333	421044241.455078
89.8035983333333	465407373.828125
89.8360816666667	447932816.880859
89.8678566666667	507708966.005859
89.90075	566490533.330078
89.93271	516217649.460938
89.964235	575169687.712891
89.9967483333333	533765550.851563
90.02886	489917439.238281
90.06263	529241980.591797
90.0949183333333	475851418.724609
90.1260166666667	463977136.089844
90.1583716666667	450544030.185547
90.1905733333333	458788573.900391
90.2215566666667	441057976.726563
90.2543033333333	419323195.082031
90.28623	3207807.72399902
90.3296666666667	178208215.702637
90.36321	526903266.603516
90.3950766666667	592502544.792969
90.426685	524104105.466797
90.4582466666667	433625595.720703
90.4905233333333	463836980.746094
90.5213066666667	453911529.941406
90.5526566666667	364952736.671875
90.5864066666667	354124148.128906
90.6192466666667	449020050.376953
90.6514383333333	370001655.498047
90.685545	348655870.068359
90.716185	334156655.861328
90.7483516666667	407896317.972656
90.7797266666667	352291462.324219
90.8119533333333	336647589.472656
90.8438	367435204.408203
90.87509	315460714.277344
90.908025	342699189.111328
90.9409783333333	319605608.726563
90.9750666666667	2808437.53479004
91.0167916666667	125660604.45459
91.05037	346963098.654297
91.0836733333333	398154604.119141
91.116925	361181822.451172
91.1486333333333	355185876.775391
91.179355	330696985.574219
91.2121366666667	360489347.4375
91.24449	371117224.900391
91.2771666666667	348839355.919922
91.3086433333333	384442038.263672
91.3418216666667	404178084.152344
91.3737266666667	348738822.150391
91.404915	365596650.5
91.4390433333333	342457812.775391
91.4717583333333	353991705.220703
91.504405	326757936.298828
91.5361666666667	412986537.613281
91.5685316666667	332515070.382813
91.600735	3453351.69445801
91.64336	141323558.586914
91.6784583333333	367965842.759766
91.709155	361701816.248047
91.7404166666667	364200952.210938
91.772255	368309018.273438
91.8044633333333	322127506.480469
91.8362433333333	348626526.095703
91.869675	345096079.126953
91.90075	334567600.355469
91.931535	321919104.094727
91.9645466666667	355836258.21875
91.9976883333333	333369796.119141
92.0312733333333	351635552.316406
92.0623583333333	324283274.97168
92.0937283333333	6541934.82666016
92.137185	165398365.444336
92.1719933333333	383660862.263672
92.2028033333333	366366851.230469
92.2368633333333	349086965.75
92.2701733333333	375078746.869141
92.3048216666667	375048080.080078
92.33853	361729875.994141
92.3722	379962323.914063
92.4034616666667	345125130.831055
92.436675	439050114.533203
92.4698233333333	408764712.253906
92.503055	388146235.451172
92.5358033333333	371653733.123047
92.5662916666667	362427099.730469
92.5972566666667	330725823.270508
92.6296533333333	356929266.324219
92.6631333333333	334497111.792969
92.69598	306053302.263672
92.7287183333333	283833861.586914
92.7627283333333	947187.53093338
92.7821466666667	3266164.58032227
92.8269716666667	97115030.3374023
92.8647216666667	298738387.391602
92.8958633333333	348153349.009766
92.9277183333333	301889630.046875
92.9589983333333	295560820.272461
92.9918083333333	293076242.385742
93.0258266666667	299236645.772461
93.0583533333333	271188233.908203
93.09273	297739540.533203
93.1264233333333	297236731.705078
93.15999	363755709.777344
93.1918433333333	364483530.204102
93.2249683333333	368384346.386719
93.2605733333333	412533096.177734
93.293355	415630217.819336
93.3260133333333	418817357.341797
93.3605483333333	445434080.720703
93.3957216666667	377113152.330078
93.427615	714868.787555695
93.4520733333333	2635805.75280762
93.4949516666667	108389260.892822
93.53093	356820306.347656
93.56306	389698380.292969
93.5959133333333	367110386.677734
93.629825	338817251.318359
93.6626416666667	303009927.044922
93.6949183333333	333119182.0625
93.7276583333333	300840365.451172
93.7610433333333	324266399.826172
93.7947616666667	329665545.275391
93.8284383333333	334885260.783203
93.8613683333333	300641013.59082
93.8968283333333	321071990.089844
93.93084	375114328.347656
93.9631083333333	337620000.185547
93.9941566666667	347676964.927734
94.0271616666667	339258640.641602
94.06167	530093137.966797
94.0927933333333	361295800.449219
94.126425	334442974.099609
94.1603716666667	11937959.2945557
94.2071683333333	5079348.39941406
94.24912	335214694.671875
94.2793383333333	363461175.484375
94.3118066666667	327664867.694336
94.3439833333333	366730769.369141
94.3771183333333	338596249.566406
94.4084233333333	354536378.433594
94.439725	314192300.361328
94.4737983333333	319717578.391602
94.507385	344890700.929688
94.5400966666667	313097347.324219
94.57404	343963064.373047
94.60615	292908666.917969
94.6398916666667	284742741.681641
94.6755016666667	308057701.162109
94.7066333333333	311105623.389648
94.739855	305251938.446289
94.772595	300201852.700195
94.8047316666667	880888.607849121
94.84537	1942469.39929199
94.8888733333333	159648036.733398
94.9224333333333	277695163.665039
94.9572416666667	312369207.314453
94.9885983333333	260705984.977539
95.0195366666667	261480833.881836
95.0532683333333	263921010.333984
95.0856466666667	261473582.211914
95.1171666666667	270018515.02832
95.1516066666667	294313417.603516
95.184605	276011107.969727
95.2172716666667	271756369.186523
95.2505866666667	1709742.78424072
95.2932266666667	2865901.87524414
95.3367866666667	96745639.6088867
95.3740266666667	287184138.517578
95.406865	267577081.364258
95.43986	236951549.589844
95.473345	240186862.19043
95.5069266666667	234260486.379883
95.5404583333333	225086503.449219
95.5736933333333	249335651.515625
95.6068566666667	237083809.110352
95.6400616666667	231637259.59082
95.6741566666667	231117799.195313
95.708185	222546559.572266
95.7441033333333	239589717.506836
95.7774583333333	220577960.889648
95.81333	245629735.202148
95.84641	359774.413299561
95.8866966666667	1255226.38821411
95.9311916666667	113910442.96167
95.9652883333333	250356641.398438
95.9986916666667	280000812.362305
96.0308666666667	260316652.878906
96.06499	261276314.660156
96.09775	257456647.168945
96.130295	226382790.839844
96.16304	246387549.65625
96.196335	258586145.816406
96.2308933333333	237808083.685547
96.2673233333333	241437052.158203
96.3042283333333	260509769.046875
96.3390916666667	261149293.401367
96.374915	222697474.46582
96.4098	247114223.65332
96.4443066666667	240416822.670898
96.4782916666667	242300876.360352
96.5120433333333	240941032.791016
96.54519	230970347.586914
96.5787033333333	1687102.5098877
96.6210283333333	87834841.411377
96.658485	289585448.036133
96.6896116666667	322955717.706055
96.7218016666667	306176527.949219
96.753205	300861292.824219
96.7875383333333	278466588.771484
96.8203416666667	274237179.666016
96.8528683333333	272698277.860352
96.8865233333333	291542696.638672
96.9206516666667	275233923.946289
96.9568983333333	258195806.396484
96.98876	266678104.003906
97.0234133333333	281733490.522461
97.05836	297289432.738281
97.0935333333333	285475951.575195
97.1270633333333	315666325.597656
97.160215	282876354.253906
97.1924283333333	303385287.662109
97.2284366666667	296823567.037109
97.262095	327770066.268555
97.29672	330311.486656189
97.3381133333333	51519395.8354492
97.381225	249306632.969727
97.4133766666667	303178756.107422
97.44971	294922001.330078
97.4832216666667	277236020.68457
97.5191316666667	250078194.895508
97.551105	255142468.907227
97.5847466666667	240153797.948242
97.6174566666667	232750534.210938
97.65503	250892181.381836
97.68995	254118586.944336
97.7254233333333	240318471.640625
97.760855	249620890.892578
97.7966416666667	293422654.050781
97.828045	227567692.244141
97.86342	216304978.201172
97.8978016666667	245035431.254883
97.934585	237645303.68457
97.9679583333333	223553884.588867
98.0022883333333	922356.104763031
98.0250733333333	2880662.29800415
98.0707933333333	44532542.9979248
98.1160283333333	209567769.625
98.1495333333333	236934665.373047
98.1849816666667	254419830.84082
98.2182166666667	248226286.914063
98.2520016666667	250115466.505859
98.2854183333333	239768557.189453
98.3189683333333	241065438.384766
98.35625	225282523.544922
98.3895266666667	238141178.743164
98.4226783333333	231818760.597656
98.4562816666667	252669752.246094
98.4892716666667	254510600.505859
98.5238383333333	230084139.299805
98.5582066666667	230950584.896484
98.5898616666667	213885765.302734
98.625845	217668377.362305
98.6591966666667	205794632.618164
98.696515	1059536.80950928
98.73585	88641192.2438965
98.7723783333333	245006972.894531
98.8047016666667	258690440.155273
98.8362216666667	251300778.789063
98.86951	236006910.8125
98.9038133333333	233452494.707031
98.9408933333333	228191095.705078
98.9780116666667	226506171.178711
