RetentionTime	Intensity
0.00543666666666667	146006.557388306
0.022385	145473.477733612
0.0415083333333333	150102.697277069
0.06359	99875.8540267944
0.0858016666666667	129076.106513977
0.111483333333333	104550.824676514
0.130106666666667	136785.230361938
0.152213333333333	106605.606704712
0.17828	135645.687755585
0.196536666666667	120507.657691956
0.221803333333333	134240.790164948
0.244568333333333	141229.77199173
0.270198333333333	108707.484264374
0.285125	102809.68598175
0.307321666666667	119463.28181839
0.33309	107747.399726868
0.351723333333333	141282.332275391
0.373736666666667	102277.97070694
0.395936666666667	148042.988853455
0.421671666666667	122114.816497803
0.440265	108329.958255768
0.462368333333333	153326.04278183
0.484543333333333	158624.830688477
0.506681666666667	119897.480052948
0.52909	134340.25151062
0.550966666666667	151901.552558899
0.573175	124853.030284882
0.595278333333333	127186.031776428
0.617451666666667	117484.522171021
0.639556666666667	127487.296382904
0.66212	172568.20697403
0.68846	153047.340358734
0.70362	168864.518024445
0.725623333333333	123100.045883179
0.74782	187460.681674957
0.769936666666667	180568.620201111
0.792131666666667	230485.411636353
0.814241666666667	302196.80223465
0.836451666666667	326703.213245392
0.862226666666667	316597.245422363
0.880871666666667	348079.047218323
0.902871666666667	350853.775272369
0.93228	286267.934158325
0.950781666666667	271177.878395081
0.969368333333333	277211.386737823
0.998615	255115.668807983
1.01723166666667	233921.811290741
1.04596333333333	230477.347492218
1.063715	220256.474304199
1.08921333333333	203236.799858093
1.10429333333333	240398.271774292
1.12638833333333	208013.053562164
1.15217	218194.984092712
1.17422166666667	221018.203449249
1.19596833333333	226657.062831879
1.21855833333333	208052.253604889
1.23730166666667	211831.935600281
1.25928833333333	216418.221111298
1.28859833333333	199094.282993317
1.307165	214004.343101501
1.33640166666667	225013.487804413
1.35038333333333	198810.210411072
1.37257166666667	224076.901409149
1.39467833333333	185316.111820221
1.416975	213118.429286957
1.43898666666667	198258.764228821
1.46151666666667	189460.075695038
1.48329166666667	200544.845035553
1.516345	227433.981498718
1.54483666666667	231127.161407471
1.56982166666667	259458.834075928
1.59136333333333	255529.072048187
1.60621166666667	264713.464332581
1.62867666666667	259187.397426605
1.65044666666667	241045.223812103
1.67623166666667	233037.661979675
1.70228	217702.425003052
1.71693666666667	188116.34066391
1.74569	192652.439968109
1.76521	151743.119007111
1.7834	196583.092781067
1.80539666666667	143824.865615845
1.83109166666667	163497.829330444
1.84967	170868.263877869
1.87175833333333	145184.061916351
1.89396333333333	137974.179180145
1.91603333333333	137949.643432617
1.93833	151871.210227966
1.960685	151915.080570221
1.98255833333333	142159.491012573
2.00465833333333	145785.067890167
2.026885	147261.168525696
2.05203166666667	151073.47933197
2.07116833333333	141674.84903717
2.09326833333333	156921.040340424
2.11557833333333	130815.85351181
2.13757333333333	128772.072345734
2.15977666666667	143410.313774109
2.181895	120125.546630859
2.20407166666667	136510.782112122
2.22926666666667	137176.208873749
2.24837833333333	142065.808704376
2.27048833333333	150540.092655182
2.29634333333333	159385.9961586
2.31480166666667	145876.721405029
2.33699833333333	113897.22902298
2.35910166666667	133599.004550934
2.38128833333333	141367.939746857
2.40341333333333	138164.791343689
2.425605	150874.432090759
2.45126666666667	151461.025424957
2.47000333333333	100576.268302917
2.49200333333333	141058.04744339
2.51421166666667	109412.597076416
2.53632166666667	136130.75472641
2.55851833333333	137925.827762604
2.58058833333333	157280.946353912
2.60281166666667	142215.659942627
2.62493166666667	147649.271923065
2.64720666666667	137460.343208313
2.67285333333333	125187.644195557
2.69144166666667	125846.890563965
2.71353666666667	142435.357006073
2.73572333333333	140531.938671112
2.75783333333333	129507.931858063
2.78002166666667	137005.564659119
2.80214666666667	122177.449626923
2.82443166666667	158012.169589996
2.84644333333333	139278.264019012
2.86864166666667	136378.843238831
2.89074166666667	139967.489685059
2.91657666666667	114228.428672791
2.93504833333333	159752.805461884
2.95725333333333	148215.939693451
2.97935166666667	163231.227779388
3.00166166666667	146901.9259758
3.02365666666667	153605.266017914
3.04587833333333	132194.634132385
3.07463833333333	127083.793315887
3.09015833333333	154386.350429535
3.112265	174601.690353394
3.13447166666667	144431.900657654
3.15657333333333	154334.318286896
3.17888333333333	143410.576179504
3.20088833333333	163540.766105652
3.22307333333333	136916.339424133
3.24521333333333	128216.92980957
3.2674	148920.065788269
3.29312166666667	149558.4258461
3.31535666666667	167665.68473053
3.34109666666667	163688.968940735
3.37419166666667	175836.430961609
3.395655	193068.211425781
3.41062666666667	193149.362327576
3.44360166666667	206862.238838196
3.46151166666667	248496.163928986
3.49107333333333	229812.730106354
3.51999333333333	282215.56155777
3.54556833333333	281442.006698608
3.56376833333333	286997.121810913
3.58585666666667	296149.735851288
3.61543666666667	303732.744525909
3.633695	315001.777931213
3.66697166666667	306082.167812347
3.69252166666667	341062.051513672
3.72522166666667	316559.943031311
3.73975833333333	326679.760807037
3.766085	320593.123268127
3.78417833333333	320066.306995392
3.83603	310345.365379333
3.85067833333333	321507.712978363
3.873005	312725.374443054
3.89537166666667	297686.297672272
3.92808666666667	276259.697570801
3.94266	262251.049633026
3.96832666666667	277253.913951874
3.98692833333333	267649.938274384
4.01269	257386.371116638
4.031185	251355.265350342
4.05332833333333	227426.724765778
4.07860666666667	219034.808738708
4.10068333333333	211665.240821838
4.12274833333333	222816.651329041
4.14174	233116.486248016
4.164055	214024.664600372
4.18603166666667	218382.665863037
4.208175	202915.939929962
4.23025	191893.988647461
4.25243833333333	197695.11026001
4.27835833333333	171053.230693817
4.30035	176359.777881622
4.32252833333333	167088.224555969
4.35194666666667	180886.003101349
4.37327666666667	184024.303039551
4.39207166666667	167325.120212555
4.413965	162269.184463501
4.436245	168555.97851181
4.45463666666667	175622.872627258
4.48054833333333	161538.52072525
4.502585	181885.918575287
4.52109166666667	162233.7200737
4.54320833333333	155375.289958954
4.56541833333333	150904.986801147
4.58749333333333	153319.660896301
4.60980833333333	142273.698375702
4.63179166666667	150042.348163605
4.65401	128454.631820679
4.67616	145135.550956726
4.69833	130845.372364044
4.72040333333333	138553.686378479
4.74255166666667	137467.826087952
4.76467	117737.688266754
4.787005	117877.177799225
4.80897833333333	135805.756278992
4.83115833333333	115911.552909851
4.85327333333333	99926.7377243042
4.87910166666667	134167.326831818
4.89757333333333	124845.325500488
4.91975166666667	130908.988864899
4.94187166666667	111761.18674469
4.96781333333333	133183.492698669
4.98616333333333	142776.523017883
5.01211833333333	153585.308475494
5.03048666666667	135466.836185455
5.05267166666667	125951.467685699
5.078385	151669.445972443
5.10003833333333	134074.996826172
5.11907833333333	140628.571643829
5.141375	126900.36749649
5.16339	129540.035907745
5.18557833333333	104747.884479523
5.20767666666667	115415.78842926
5.22988833333333	142757.832496643
5.25198666666667	122618.408607483
5.27418166666667	103739.624645233
5.29628833333333	126292.056926727
5.31860166666667	105736.252182007
5.34058666666667	112870.189998627
5.36279166666667	115757.641654968
5.38489666666667	117004.097442627
5.413925	108984.506664276
5.43298833333333	113435.235694885
5.45141	109660.551174164
5.47350833333333	100909.143177032
5.49611833333333	110905.714183807
5.51780833333333	110785.061843872
5.54000833333333	122624.273044586
5.56561666666667	115375.727619171
5.58432666666667	107731.262657166
5.61002666666667	117590.256202698
5.62895166666667	102594.970966339
5.65072166666667	129587.40045929
5.67302	108768.294570923
5.69537333333333	140901.957870483
5.71721666666667	102594.151119232
5.73932666666667	138175.785736084
5.761515	141723.926052094
5.783635	136721.438289642
5.805835	92159.0867843628
5.82791833333333	118675.791137695
5.85023833333333	113030.601322174
5.872235	103743.709480286
5.89789	131920.292049408
5.91653166666667	127303.445671082
5.93875333333333	108575.573936462
5.96111666666667	107990.213840485
5.98304666666667	122554.232055664
6.00515166666667	115036.267215729
6.02778833333333	106638.868255615
6.04946	108269.311950684
6.071665	111447.153804779
6.09376166666667	128926.492618561
6.11900333333333	103183.089256287
6.13805833333333	143233.062896729
6.16025333333333	108988.110115051
6.18595833333333	123628.847675323
6.20466666666667	100713.740562439
6.22665833333333	107935.392002106
6.25259	122506.84992981
6.270965	132057.235836029
6.29314333333333	116900.973178864
6.31526333333333	129773.161380768
6.337475	123540.342243195
6.35958166666667	129065.940135956
6.38189	119467.552207947
6.40387833333333	105914.12720108
6.42606833333333	104003.788288116
6.44816833333333	114385.62890625
6.47037666666667	106401.989486694
6.49248166666667	106971.953651428
6.51467333333333	111200.176544189
6.53678333333333	107686.521095276
6.56216166666667	98847.8775863647
6.58109	110849.041469574
6.60330333333333	123030.201488495
6.625405	120746.508399963
6.65111166666667	109293.309894562
6.66970333333333	114950.184051514
6.691905	93979.8940734863
6.71398	130514.41166687
6.73631166666667	126698.897144318
6.75830333333333	97039.3903388977
6.78050333333333	109450.852752686
6.80259666666667	118672.336090088
6.82479	115611.867530823
6.84691166666667	157172.88250351
6.86912833333333	125709.966068268
6.89121666666667	128445.400009155
6.913545	127999.739929199
6.935535	105996.544624329
6.95771166666667	120405.140956879
6.97982833333333	144735.689582825
7.00202833333333	151291.008369446
7.02413666666667	134906.338577271
7.05004	159442.716777802
7.06844333333333	154663.234134674
7.09074333333333	148464.242782593
7.11633833333333	132501.081661224
7.14224833333333	180319.510341644
7.16374333333333	150190.729705811
7.17927833333333	199421.190483093
7.20137333333333	195123.886623383
7.22359	198980.265716553
7.249445	208245.353813171
7.271465	227189.993263245
7.290005	270963.063163757
7.31221	249099.451908112
7.33788666666667	276070.377414703
7.360485	238794.029994965
7.38238166666667	283431.161167145
7.40093	294697.397293091
7.43028	315756.991348267
7.45200833333333	338314.151107788
7.47115333333333	316069.689331055
7.50466833333333	330844.760585785
7.52634833333333	386699.923454285
7.54864333333333	406078.912311554
7.57813166666667	359583.128864288
7.60359333333333	441749.649219513
7.621945	442967.567085266
7.65448833333333	442011.515075684
7.67255166666667	436024.76052475
7.69448166666667	462897.340560913
7.72039	469033.469238281
7.74610333333333	388423.388492584
7.79777833333333	471531.623493195
7.834525	520160.808635712
7.87778666666667	607402.49785614
7.92961166666667	612012.382705688
7.97914666666667	718064.282611847
8.02885	660141.354171753
8.06534833333333	704380.167945862
8.11537	647475.271747589
8.14821166666667	561306.497596741
8.17803166666667	632983.951625824
8.21488333333333	566110.709354401
8.23699666666667	538659.706233978
8.26280166666667	499313.237075806
8.28110833333333	557166.477077484
8.30686333333333	524214.190414429
8.32543833333333	523646.034221649
8.35051666666667	459792.381271362
8.38036833333333	545310.893173218
8.40912833333333	533240.013496399
8.43078	485841.179489136
8.46007	505460.876564026
8.503195	493529.314880371
8.532315	543588.035678864
8.56452333333333	570399.301551819
8.58922	696462.574306488
8.62855333333333	598600.706958771
8.66071166666667	625676.687782288
8.685525	592107.562568665
8.71795	602272.978012085
8.75011	715782.049114227
8.78623	630037.586673737
8.818725	685854.137985229
8.86236	650286.206207275
8.89829166666667	688682.320407867
8.94189333333333	675274.326717377
8.99299166666667	884888.812427521
9.04294833333333	1319633.58108521
9.088945	824322.068687439
9.13949166666667	1307691.66008759
9.185255	1303379.36334991
9.23237333333333	1154520.35158157
9.28059166666667	1421089.33299255
9.32771333333333	961174.283332825
9.37827833333333	2052716.41417694
9.42334	1017153.06657028
9.47343666666667	1352136.39292145
9.52165833333333	1647457.49800873
9.56687833333333	1589365.31595612
9.61302	1068804.29106903
9.66494666666667	2943096.75740051
9.70947	3498062.02885437
9.752895	3996032.217453
9.79845333333333	4438462.85049438
9.84077833333333	3608469.38358307
9.88444166666667	2465391.59555435
9.93217833333333	3519899.64707184
9.978585	3757207.67021942
10.0218116666667	3244917.01527405
10.06701	3148067.8625946
10.112395	3007796.46258545
10.15598	3162799.75587463
10.199875	4449144.04225159
10.2424166666667	3711908.17181396
10.28607	1599080.08113098
10.3351566666667	4823425.31974792
10.3797566666667	3563852.1000061
10.423565	5572511.79722595
10.4646033333333	4088725.52145386
10.5085866666667	4791056.11595917
10.5485683333333	6082320.65127563
10.5932066666667	7162189.32064819
10.63393	7331174.31387329
10.6758983333333	9037876.91700745
10.7196383333333	4455114.10158539
10.7660566666667	11673416.2024536
10.807185	7930024.09291077
10.84835	7812236.02938843
10.8885116666667	4492157.29734802
10.9339933333333	5553029.65710449
10.9755916666667	4891469.16152954
11.0175616666667	4492298.94602966
11.0557083333333	4255202.12547302
11.1001666666667	4228712.01663208
11.1435	3583412.41175842
11.1866766666667	3482379.54138184
11.2291616666667	4131733.47640991
11.2719433333333	5134015.61506653
11.315185	5426250.94085693
11.3542916666667	1674182.83885193
11.40077	3367881.31228638
11.4428166666667	3597988.22746277
11.4827433333333	4606947.82333374
11.5267416666667	4084559.62889099
11.56912	3981105.66578674
11.6136366666667	5572307.52362061
11.6558633333333	4891949.55725098
11.697675	4093639.23069
11.7413366666667	7625908.25552368
11.7830416666667	5543152.85922241
11.82385	3719955.22151947
11.8691033333333	7321206.11230469
11.9055433333333	4041258.80715942
11.950815	6163467.97122192
11.9923	3786365.33525085
12.0381116666667	4149637.08776855
12.0791016666667	4125067.65618896
12.1185916666667	3948487.97970581
12.163545	4689776.95585632
12.2039416666667	6630897.86984253
12.2449833333333	5648792.12809753
12.28434	6092076.89117432
12.3226616666667	9418813.48983765
12.3585933333333	8984592.78067017
12.3966466666667	7947128.6439209
12.4338183333333	6235081.75343323
12.470245	8446557.76046753
12.508475	10267925.349823
12.5435533333333	7076632.25212097
12.580415	9065164.83737183
12.6159883333333	6399510.7190094
12.6590083333333	8188999.88960266
12.6998416666667	7465520.92269897
12.738445	8873101.94422913
12.7752683333333	9231960.71228027
12.8112083333333	12158059.739624
12.8467733333333	21127244.5540771
12.8801	13213981.0186157
12.9134266666667	11825221.4249268
12.950235	10669565.4915924
12.9906183333333	15152541.4508057
13.0258583333333	10974447.105011
13.0670866666667	9759328.69116211
13.11013	14713735.7742615
13.1522166666667	14622584.9411163
13.19511	14078713.9764709
13.2341716666667	10568677.6012726
13.2700683333333	11033358.4152374
13.310225	12807152.4631042
13.3493766666667	10968481.9113464
13.3928716666667	8926687.77383423
13.435885	11325924.1103516
13.4764766666667	10232547.9906769
13.510255	11154240.584671
13.5472433333333	12129439.1648865
13.58421	11637585.0307312
13.626575	10597957.6039429
13.663225	17555375.7311096
13.701555	10200042.287323
13.7430833333333	16187505.3375244
13.78259	14619725.3883667
13.8158983333333	16059974.0892944
13.857185	10492809.8196411
13.8921466666667	16000560.3760376
13.9290383333333	14364509.7380981
13.9651166666667	11566669.0240936
14.0027283333333	14165755.9289856
14.0376333333333	8622621.91313171
14.0773033333333	9989749.45829773
14.1149033333333	11641172.0543823
14.1570083333333	8163119.85821533
14.1953633333333	12255613.0262451
14.2343833333333	9102336.60276794
14.2712683333333	14064981.3916931
14.3061383333333	7664196.30436707
14.3468283333333	9004606.31634521
14.39016	11570678.7147675
14.425495	9287951.85762024
14.4636116666667	12502988.0162659
14.5006316666667	12467361.8847351
14.5363083333333	13994859.5304871
14.56953	11444516.4083862
14.6047966666667	15952733.9712524
14.6401366666667	16765334.6630249
14.6768316666667	15779683.3283081
14.7105016666667	13923460.4240112
14.743395	17411285.5033264
14.7777833333333	21248313.9902954
14.8128416666667	15162918.4311523
14.8491766666667	24864865.743042
14.884515	12724530.8718414
14.9250333333333	19227450.4576416
14.9623766666667	33688524.4309692
14.9928	19983373.1228943
15.02755	19389608.9718018
15.0624583333333	27295545.7246094
15.0976	24677051.5767212
15.1361066666667	16442910.696991
15.1740883333333	15824263.8775635
15.2131883333333	16427341.8861237
15.25296	15995532.9990845
15.2929233333333	14164966.0337677
15.3303366666667	11489462.4029388
15.3718983333333	12800762.8215027
15.4101666666667	13447041.7144165
15.44584	11058960.9441071
15.4860183333333	11904793.3863525
15.525385	12408224.3693237
15.56123	14032083.2888794
15.6015033333333	9644657.73435974
15.64013	13133098.8250427
15.6777816666667	13433799.7476807
15.7139566666667	12211507.9555054
15.7512566666667	16808157.4975586
15.7835283333333	11733326.5972595
15.8218333333333	11656214.0423279
15.8538983333333	10036212.0669556
15.8938416666667	10974147.9706116
15.9299966666667	10315917.4455872
15.9707383333333	12115853.5649109
16.0010983333333	12888783.6718445
16.0346833333333	12177614.2810364
16.0697733333333	15255940.4394226
16.0995266666667	14300281.6859741
16.1334866666667	12731642.0383606
16.166485	12734867.6279602
16.201505	11485059.3776855
16.2396983333333	15938420.1817932
16.2775883333333	13781722.6455078
16.3145866666667	22138900.8546753
16.3460566666667	12730377.9940033
16.3826866666667	17209649.9432678
16.4188933333333	29868807.78479
16.450585	18066282.0623779
16.4910066666667	21445103.118927
16.5288916666667	23664917.2301025
16.5670533333333	25358681.0843811
16.60379	29414351.237793
16.6403566666667	20729119.5053711
16.6761966666667	39142997.3963623
16.7104316666667	28577329.4423523
16.7485583333333	22025410.59552
16.78405	19920185.3143616
16.8246566666667	19167266.1681519
16.8627533333333	15138452.2113037
16.9003933333333	12417076.9499054
16.9402466666667	16560750.5033264
16.97459	13523298.6753693
17.0138733333333	11336539.31073
17.0504266666667	12468999.4881287
17.0877966666667	13268482.8196716
17.1207666666667	15602492.606781
17.1567033333333	15014266.8852234
17.1921583333333	11885399.9599915
17.228675	12860819.281311
17.26499	14248226.3635254
17.29686	22161865.5592041
17.3291833333333	14703440.2611389
17.3614133333333	14807038.3597412
17.3951766666667	13064323.7333069
17.429015	20269938.7375793
17.4608466666667	18877516.1697388
17.4938633333333	16039329.0234985
17.5317833333333	12882038.8132629
17.5675783333333	10077289.6913147
17.6063533333333	16456922.1812744
17.6450666666667	15776715.6589661
17.6791166666667	14002338.4005127
17.7158666666667	11501509.2802429
17.7498833333333	14130619.3219604
17.7823966666667	16212314.7949524
17.8156483333333	13891303.1073303
17.850275	13286765.9671936
17.8872516666667	23772078.1870728
17.9190083333333	15363316.9978943
17.95203	15792431.4869385
17.98699	25960230.4771729
18.01945	15926964.3814087
18.0548633333333	17723077.1862488
18.087525	18684346.1893311
18.1193233333333	26947488.6768188
18.150965	21813904.319519
18.1846966666667	24642968.3691406
18.2197266666667	22818506.5106201
18.2530033333333	20682833.0068359
18.2868183333333	31027185.3598633
18.3191833333333	18004483.2110291
18.357225	19516749.338562
18.39799	19763635.9637756
18.4349766666667	16758191.3694458
18.4723116666667	19444369.1051025
18.49996	18645056.0592957
18.5356616666667	24801148.3340454
18.5696	25303302.9591675
18.60497	22138096.5431824
18.641165	35652089.2561646
18.6760883333333	21485503.6491394
18.7133016666667	24281669.116272
18.7504516666667	24286122.905426
18.7855766666667	27337102.4972229
18.819785	25766008.2030029
18.85469	21416186.0073547
18.8908283333333	21841173.2008667
18.9311833333333	29948113.0214233
18.965155	17226998.2370911
18.99935	17807191.943512
19.033605	22801714.4252014
19.0698933333333	19349832.9181824
19.10544	22298752.3092041
19.1365166666667	16973991.0740051
19.17055	17347388.2106323
19.2074683333333	15538851.1295776
19.2436	15333044.6781311
19.2779666666667	12571979.005127
19.3153966666667	22914491.5464478
19.3469366666667	14133525.5525818
19.3838633333333	20803090.3858032
19.4173266666667	14427686.9999695
19.4541866666667	24628898.090271
19.4872616666667	19699674.4562988
19.5210633333333	13045792.5823364
19.5541033333333	22865947.9828491
19.58646	13878126.6625977
19.6210233333333	20908046.4711914
19.6537716666667	17151620.1218872
19.6871083333333	28308956.454834
19.7199066666667	22588227.6498413
19.7539466666667	19005667.3748169
19.7901683333333	22967826.8884277
19.820715	18055034.1125488
19.860455	24579750.5312805
19.891955	27910065.4413452
19.9256133333333	25819758.8740234
19.9628233333333	35533484.4083862
19.9948416666667	23276211.0378113
20.0279583333333	19862828.1248169
20.0671283333333	22438613.6427002
20.107175	25747371.9807129
20.1434916666667	23952747.2627563
20.1767966666667	30604003.4705811
20.2126383333333	23001812.5093384
20.2495466666667	18597125.9603882
20.28304	22255018.4869995
20.318125	18669875.0266113
20.35402	16644846.3633423
20.3881116666667	26958815.4967651
20.419975	21457581.4395752
20.4573666666667	24120460.8889771
20.49095	17520928.8124084
20.5242033333333	34100396.3843994
20.5536833333333	22305363.9777832
20.58673	23349597.4921875
20.6194033333333	24604839.8614502
20.653785	19234746.0826416
20.6891216666667	25441803.3531189
20.721385	23112183.4270325
20.7548616666667	28570201.9979248
20.7882216666667	19240715.3437805
20.8262383333333	23040977.8634644
20.8588433333333	19993254.3945313
20.8935466666667	17616265.8148804
20.9281	30806966.7238159
20.96127	27399723.7707825
20.9935983333333	24222818.3756714
21.029075	36913357.819397
21.0609933333333	23090030.4295349
21.0984433333333	33782041.3952637
21.1299833333333	24568197.1750183
21.1659666666667	25745527.3847656
21.2005383333333	34111675.0462646
21.23112	23425179.9473572
21.2652566666667	20042835.842041
21.297125	25274002.0773926
21.32863	22595056.5964355
21.362675	20221787.9332886
21.39884	29556647.9250488
21.431815	19575028.1943054
21.46731	27619884.1088867
21.4980883333333	16631140.3885193
21.5352233333333	28255744.1369019
21.570035	21192580.0774231
21.6035366666667	21368457.6694946
21.635405	23491102.8121948
21.67108	37980538.9147949
21.699885	21941098.4347534
21.7314866666667	20732135.6860046
21.765215	25233011.5226746
21.799405	23959040.8453979
21.8365133333333	23058103.6819763
21.8689566666667	20398519.9151611
21.9015033333333	37022645.864502
21.9339316666667	23034379.7487488
21.9746733333333	29374066.1904907
22.0040416666667	21837782.0889587
22.0415533333333	37361264.0999146
22.0734066666667	16698289.4468079
22.1099	30743575.1928101
22.1427716666667	17756263.9541626
22.182305	18155870.3720398
22.216735	18080240.5238953
22.2505766666667	19817660.3584595
22.2836833333333	25861994.3980103
22.3178516666667	23914112.3709106
22.350105	16360101.7322388
22.386455	20688908.3597107
22.4210466666667	24463664.3481445
22.45257	21515581.7895508
22.4864266666667	18418868.9199219
22.5185083333333	23540876.5038452
22.5496516666667	21387726.261322
22.5833083333333	21824008.0325012
22.615745	19769167.3712769
22.6478716666667	26751651.8123779
22.6796866666667	20435850.2497559
22.713355	24588492.190918
22.7465183333333	22203220.0469971
22.7805583333333	22263573.9313354
22.81535	19595302.9747925
22.8478516666667	15692187.8095703
22.8832116666667	18706665.677002
22.9148666666667	30314983.9804077
22.9464666666667	25365706.6778564
22.9784366666667	28620636.4707642
23.0119766666667	16151671.9202576
23.0422966666667	34530681.2214355
23.0711233333333	27921334.8873291
23.1035383333333	18377001.8506775
23.13786	19960650.7478943
23.1757683333333	19693581.9273987
23.2129166666667	22610975.7501526
23.2481666666667	31861754.4289551
23.2803983333333	33970420.1217651
23.3145	21384998.5762939
23.3492066666667	26795908.9229736
23.383335	31224243.4958496
23.4168033333333	20729027.5132141
23.451005	35197484.5047607
23.4812066666667	39363385.6552734
23.5137233333333	22003934.1456604
23.5494583333333	28972180.2957153
23.5808333333333	25888716.5622559
23.6125933333333	45181418.7435303
23.644095	33886590.4632568
23.6776666666667	20360625.3947144
23.7104666666667	24748411.381897
23.745795	19123004.9729309
23.782585	23388283.4260559
23.820035	23352006.4898682
23.8545166666667	24022181.5998535
23.8867416666667	21631721.4179077
23.922425	22991437.4917603
23.9578616666667	19615860.357666
23.9913516666667	28657560.0255737
24.025495	36916311.293457
24.057645	30797128.3422241
24.0908716666667	48030833.1333008
24.1203066666667	32393256.5698242
24.1536583333333	27286622.990387
24.191465	27514109.0093994
24.2261966666667	31014039.6960449
24.2573483333333	26937641.17453
24.2932783333333	26200735.526123
24.3253283333333	25573340.1701965
24.3631616666667	20763231.9486084
24.3972866666667	37137754.6558228
24.432275	21685761.3669128
24.4645183333333	33397339.7709961
24.4972366666667	22611839.4187927
24.5292416666667	22816419.6505127
24.562225	31617345.0198975
24.59368	37151910.6646729
24.6235233333333	35394340.385498
24.6548166666667	37396518.8034668
24.6882783333333	35663834.494751
24.7220866666667	33142523.1558838
24.7540166666667	23104658.9914551
24.7893766666667	36007390.72229
24.8242566666667	21844721.1311035
24.861745	40641315.8820801
24.8922883333333	37146820.225708
24.9245066666667	30356428.1912231
24.9585283333333	32391513.5266724
24.992145	27616939.2186279
25.0282283333333	24697039.375885
25.0629816666667	27456580.1832275
25.0960583333333	44705241.7631226
25.126475	23985021.3493652
25.1620733333333	36497828.0604248
25.1926816666667	52174270.5239258
25.2266216666667	22386633.0020447
25.2609183333333	35069389.6277466
25.2936383333333	38935011.3237305
25.3242433333333	34478821.593689
25.3566283333333	34615859.9138184
25.3898933333333	26532732.2223511
25.4239433333333	24927623.0197449
25.459155	46668683.4246826
25.48862	42416042.2521973
25.52121	26814692.0913391
25.5549716666667	29518006.1116943
25.5849133333333	42619794.175354
25.6162283333333	30711757.8830566
25.6494383333333	45027235.1030273
25.682045	42540345.40625
25.71439	30196426.1121826
25.74839	24197677.4057617
25.783425	21118254.1551819
25.816015	39968268.4277344
25.8473433333333	15296534.2928467
25.883705	24419452.9309692
25.9143416666667	26956343.8733521
25.94578	31376957.7233887
25.9766	34340550.5429688
26.0078283333333	36735445.4083252
26.0385083333333	20752733.5348206
26.0702	32832512.9138184
26.102955	29866595.793396
26.1342183333333	25367708.805603
26.165275	40686521.8762207
26.1976266666667	37576898.1848755
26.2265733333333	24249492.7974854
26.2615216666667	48958708.8691406
26.294165	27973899.9059448
26.32502	44963007.0473633
26.3577866666667	20981945.0299988
26.3929266666667	30379259.0128784
26.42506	36576143.2506104
26.45652	29367241.4825439
26.4907466666667	31717058.4712524
26.5225566666667	47037214.7429199
26.5534616666667	27610469.4723511
26.58624	36147659.354126
26.6179483333333	28036919.7371826
26.6493666666667	37807075.378418
26.6828916666667	42637364.2751465
26.7152533333333	36382715.269104
26.748705	23618313.3948975
26.7846633333333	25842121.6085815
26.8181183333333	35385285.656311
26.852485	42370710.1843262
26.8851333333333	25255065.5836792
26.921645	40692702.5614014
26.9540866666667	39825753.0320435
26.9870566666667	37346389.2659912
27.0218933333333	49488264.34021
27.0528433333333	56688461.8677979
27.0834516666667	54738705.0533447
27.1160766666667	33940221.5620117
27.1479933333333	45288988.883606
27.178085	64810902.8447266
27.2096466666667	41764164.0684204
27.2408866666667	61602850.9921875
27.271895	41063934.9534912
27.30338	47879838.6846924
27.3343033333333	45036594.1308594
27.3649816666667	54906976.4542236
27.3959516666667	33394087.4474487
27.42711	29029702.3547974
27.4601666666667	30938451.885498
27.4933733333333	44432780.0548096
27.523035	38472295.9182129
27.5536033333333	39789368.0089111
27.5847983333333	18371612.5854492
27.6189933333333	28012387.9501343
27.65119	28160664.0332031
27.682105	32650316.7262573
27.7127483333333	38823399.55896
27.744215	45367192.4520264
27.7742516666667	45793556.324585
27.805725	33817382.3374023
27.83704	40416896.9494629
27.8670716666667	49677191.5096436
27.8970466666667	40957867.9707031
27.9278433333333	30927937.0478516
27.9623266666667	39077919.0125732
27.9932916666667	29583299.5449829
28.0276333333333	49427233.3625488
28.0586683333333	46176346.9471436
28.089	29243286.2628174
28.1208683333333	39520145.6009521
28.1533133333333	62063332.5441895
28.1844516666667	51886025.949585
28.21603	30842554.1083374
28.249165	50802839.3242188
28.2790883333333	57999230.6245117
28.3101116666667	31735441.0124512
28.3416633333333	43081398.5820313
28.37375	31806157.6273193
28.4045933333333	49959479.8273926
28.434285	56875089.8132324
28.4657633333333	31029820.0045776
28.4956033333333	65301946.9790039
28.5245316666667	41800143.8002319
28.55498	67076953.1591797
28.5856033333333	44872909.4692993
28.6151883333333	43684646.9992676
28.6479333333333	67910978.4320068
28.6787866666667	82607934.2653809
28.7109216666667	55130182.4868164
28.7417833333333	85161640.8586426
28.7733583333333	60986466.0432739
28.8062233333333	62503468.8189697
28.836315	89945540.2556152
28.8683666666667	53734826.0830078
28.9024033333333	73514249.0640869
28.9356916666667	40519962.4712524
28.9720383333333	59378295.5830078
29.0021816666667	61908669.7574463
29.0330266666667	54041450.9194336
29.0682983333333	75266605.5474854
29.0985933333333	56246258.9303589
29.131265	44255368.0869751
29.1618433333333	47674004.4348145
29.1942016666667	49648325.7573242
29.2251616666667	74835976.9029541
29.2565683333333	32866635.3431396
29.28841	68674929.269043
29.31817	64717753.3634033
29.3489233333333	44397050.9872437
29.3815566666667	64409506.7963867
29.4112666666667	33174410.5266724
29.4457966666667	56310613.0140381
29.4757183333333	45654629.7954102
29.5080833333333	54521773.3187256
29.5384783333333	36811308.7737427
29.571215	54449822.9205322
29.6013366666667	53841820.4083252
29.6323383333333	28901696.069519
29.66328	47520976.8621826
29.6948116666667	55109162.2431641
29.725195	52505241.0307617
29.75712	45408728.1859131
29.7893533333333	64141187.7924805
29.81944	80439445.0217285
29.849255	45616205.8171387
29.8801933333333	65943868.9208984
29.9106483333333	72290696.7515869
29.9406416666667	63171065.671875
29.9715483333333	45865273.53125
30.0029733333333	58268901.1655273
30.03164	43449587.1315918
30.062255	67823809.7155762
30.0924366666667	58525974.1876221
30.1229783333333	56603708.4997559
30.15454	49814261.8818359
30.1858316666667	76547952.0605469
30.2154816666667	62436896.2954102
30.2462266666667	63571851.600708
30.276995	62378235.8098145
30.3077766666667	59202820.9729004
30.3373816666667	61770069.2189941
30.3660616666667	65281484.9108887
30.395575	63979721.0666504
30.4251216666667	43570054.3516846
30.455725	41498049.1464844
30.48765	69755194.3769531
30.517575	91732815.0698242
30.54732	63516164.5882568
30.5783666666667	84218671.6113281
30.60916	94964371.1894531
30.6377966666667	85610846.5787354
30.6670683333333	84981173.2885742
30.6973583333333	64643995.0523071
30.7295166666667	131165547.712646
30.7592683333333	70607710.0300293
30.7897833333333	102419263.667236
30.8202183333333	116811281.802002
30.8524183333333	130606338.451904
30.88181	112404608.06665
30.9130616666667	126695897.141113
30.9432416666667	118189981.645996
30.974285	97034438.8544922
31.00443	109680409.712158
31.0359766666667	127901698.252197
31.06444	110821190.763428
31.0966016666667	106865552.589111
31.12657	85897326.1147461
31.1575916666667	51659734.3535767
31.19083	63823599.9708252
31.2215383333333	60430881.4016113
31.2541083333333	92812535.0622559
31.2854616666667	94235179.4241943
31.314545	61468289.9111328
31.348505	94971562.8588867
31.3778133333333	86310608.7623291
31.4087783333333	70972388.1832275
31.4393983333333	75018152.8497314
31.4692783333333	89316431.3874512
31.4995066666667	84377867.9205322
31.5294383333333	72399338.4825439
31.5581416666667	53190732.1729736
31.5883633333333	100309217.715088
31.6179466666667	95359016.4975586
31.64695	97459288.8840332
31.6751666666667	80613900.0089111
31.705945	71368918.3366699
31.73725	50124469.8887939
31.76892	94619621.6125488
31.7994283333333	84649539.0212402
31.8288833333333	112886066.217529
31.8581016666667	87011134.9832764
31.8869683333333	103025878.396973
31.91628	93375546.3833008
31.9458433333333	87056429.215332
31.9752033333333	82314914.4223633
32.005025	91226045.1862793
32.0323583333333	61763476.5927734
32.0623033333333	84110486.9854736
32.0915533333333	100570322.185791
32.1207116666667	99301713.9074707
32.150555	91306109.4589844
32.1805733333333	53476193.8811035
32.2105766666667	80811410.8786621
32.2400866666667	81006444.4888916
32.2696966666667	108971511.498291
32.299035	89919348.1650391
32.3297666666667	77537828.9460449
32.3591566666667	83814840.8654785
32.3904633333333	68049706.0681152
32.4212733333333	73325805.3151855
32.451865	87795917.5849609
32.4821416666667	61249080.9992676
32.5133366666667	98546843.3256836
32.5445716666667	71820284.4616699
32.5754633333333	83863037.2661133
32.6082816666667	75904912.8822021
32.63906	86531036.6010742
32.6692883333333	50362829.7509155
32.7004316666667	98183812.4157715
32.7318283333333	60663369.0460205
32.7639416666667	106095074.688721
32.795035	50418114.0169067
32.8264883333333	48445174.4666138
32.8580416666667	68287660.2230225
32.8896883333333	79579512.5703125
32.9216783333333	45848419.0637817
32.9553633333333	76568949.3143311
32.9837083333333	73342388.9854736
33.01298	77376674.3459473
33.043875	96923460.4228516
33.0739216666667	106448001.218994
33.1032033333333	124308228.716064
33.1324016666667	100743133.336182
33.1628133333333	105809939.455078
33.19192	61594456.6439209
33.2212933333333	103378003.023926
33.2503433333333	81179336.1848145
33.28028	50046282.0870361
33.3102016666667	65937080.1036377
33.339155	76828612.4624023
33.3679333333333	42916392.2781982
33.397405	76207291.3571777
33.4268366666667	29236159.605896
33.4589883333333	78718987.2346191
33.4890516666667	72811298.6635742
33.5202483333333	38085442.5492554
33.5522083333333	58114790.9080811
33.5825633333333	74643399.8931885
33.6145316666667	68580090.1529541
33.6457866666667	102229933.59668
33.6763166666667	47580723.3118286
33.7078716666667	84967798.2687988
33.738265	85911430.8388672
33.7686416666667	89440730.385498
33.79905	84681695.6650391
33.8286916666667	114800988.420166
33.8581866666667	86702906.4951172
33.88827	96711202.8518066
33.9185733333333	63947539.6663818
33.952505	92907548.8049316
33.9832266666667	99355769.6474609
34.0124783333333	91043245.9101563
34.0425766666667	105074549.825439
34.07415	109185129.049561
34.1021566666667	120864257.065918
34.1328316666667	102646062.79248
34.1621783333333	69791353.9624023
34.192935	74539523.286377
34.223335	115877000.261475
34.2546783333333	91766688.2827148
34.284265	97660457.4326172
34.3134916666667	83895490.7561035
34.3439833333333	68873278.8625488
34.37524	85063594.3515625
34.404275	86661850.0083008
34.43381	92135224.4768066
34.4650916666667	101561119.985107
34.4944083333333	95523978.4799805
34.52367	90913726.9399414
34.5519383333333	95117182.704834
34.5829216666667	78288921.6151123
34.61437	77219425.9597168
34.6472033333333	110571528.052246
34.6770383333333	72767614.9014893
34.7081316666667	73805569.0645752
34.7381316666667	128213274.427002
34.7668166666667	98968566.7539063
34.79654	96572763.7294922
34.8257516666667	82715641.3342285
34.8548816666667	84056382.9899902
34.886175	87172770.2302246
34.91541	103231417.72583
34.9452	97949154.2709961
34.9744333333333	66816408.1606445
35.004475	41792119.5696411
35.0359233333333	86085013.9257813
35.0666216666667	89556322.6130371
35.095845	70694634.2287598
35.1274916666667	66305291.4261475
35.1575283333333	59288832.4483643
35.1883716666667	107333430.494141
35.2186216666667	95013783.4692383
35.2489966666667	111802301.170654
35.2777316666667	102434687.098633
35.3078166666667	126802835.11084
35.33739	71974713.1176758
35.36689	128701531.134521
35.3961283333333	120688729.80127
35.4246133333333	78179385.1682129
35.455185	86177510.3967285
35.4850566666667	99014359.1450195
35.5150933333333	74779410.6324463
35.5448633333333	68794382.81604
35.5736966666667	89788314.6704102
35.604875	63057155.9399414
35.6370516666667	59114812.4378662
35.670435	102213414.592773
35.7010816666667	96776233.9169922
35.732675	53998944.1192627
35.7643633333333	62566660.4434814
35.7933983333333	62640506.5408936
35.82498	73432486.2458496
35.8534	67675774.9503174
35.8831933333333	116493384.805664
35.9129433333333	94845457.7832031
35.9429733333333	81835826.2248535
35.9742866666667	95345118.1887207
36.004995	92525364.9228516
36.03392	57340492.7131348
36.0639933333333	85802541.7819824
36.091455	94239604.1877441
36.119555	91442532.0056152
36.1486916666667	85779131.4177246
36.177185	92682799.1643066
36.20626	118946995.517822
36.2356866666667	118986242.519287
36.26584	129184470.779785
36.2946266666667	115230627.91748
36.3233466666667	125648114.52832
36.3530666666667	143654379.122803
36.3833866666667	110572461.95874
36.4137666666667	139204180.876221
36.442445	102703449.32373
36.4730633333333	115926582.191406
36.5038333333333	79887110.6503906
36.5328116666667	70057827.7802734
36.5625583333333	58631847.739502
36.5927083333333	124670749.991455
36.622785	117534142.550293
36.65336	103871427.363525
36.68429	91422690.2504883
36.7146066666667	87185880.7504883
36.7460716666667	90287579.1923828
36.77805	66244478.7086182
36.80981	67749481.9510498
36.8398366666667	88187297.0324707
36.870155	82777595.1005859
36.9024783333333	86559580.1550293
36.932645	90089677.9724121
36.9614383333333	106956564.236816
36.9909683333333	105488602.59668
37.0187983333333	126651265.678467
37.0494316666667	115567645.719482
37.0777133333333	99940518.0878906
37.1061483333333	88939510.8164063
37.1358166666667	104384383.718994
37.1646616666667	91887958.9963379
37.194645	118593597.466309
37.22381	113531560.527832
37.2520816666667	102100155.055176
37.2821083333333	141133544.530029
37.3124016666667	105767337.000244
37.3435583333333	136739002.718262
37.37326	85403620.612793
37.40432	90959925.270752
37.4349783333333	71852549.3848877
37.4654716666667	107290385.387939
37.4963066666667	108183527.402588
37.5261166666667	65814939.1522217
37.557295	92102973.40625
37.5879116666667	77749478.2680664
37.6182083333333	89783693.0913086
37.6473266666667	63127358.3405762
37.6756966666667	63510535.6437988
37.70714	59549501.2316895
37.7356383333333	88662651.1403809
37.765725	65681310.1513672
37.7960116666667	63391009.8190918
37.8266783333333	93039729.4372559
37.8561183333333	88477293.7441406
37.88682	107638410.43335
37.916925	102621290.630127
37.946715	136251464.637939
37.9755533333333	93173685.2053223
38.0058633333333	114893881.605469
38.0362016666667	116355681.87085
38.066125	111332758.224609
38.09714	110035333.169189
38.1267466666667	121482190.594727
38.15819	83589955.5114746
38.188125	52704599.1738281
38.2189766666667	90617825.545166
38.249925	55886067.3781738
38.281105	90052823.4785156
38.3112083333333	49006606.7353516
38.3417133333333	92855063.9523926
38.3715533333333	87962053.9230957
38.40192	108500170.355957
38.431335	88292444.8361816
38.4601766666667	112185729.231934
38.4886366666667	60584477.8222656
38.5177416666667	88615100.2727051
38.5466316666667	119912663.25
38.5756583333333	55084468.2626953
38.60569	123601598.240234
38.633835	108618322.309326
38.66382	127014919.572021
38.6918166666667	136830314.59668
38.72122	120877556.549561
38.7510766666667	77478446.6689453
38.7813216666667	95254730.5266113
38.8125683333333	57518587.5092773
38.8436716666667	117468812.535156
38.8734733333333	100272400.460938
38.902675	118197891.530029
38.9328166666667	110909278.886475
38.9625783333333	95946786.7412109
38.9928983333333	121328519.583496
39.0232166666667	75916787.8961182
39.0542233333333	111901440.855469
39.084385	120790511.907471
39.1150083333333	123305701.972168
39.145915	151213458.5
39.1746516666667	109223937.796143
39.204875	120523002.375244
39.233755	139773254.829346
39.26279	96042265.9772949
39.2903833333333	69315370.2960205
39.3193016666667	121412506.160645
39.3477833333333	86169846.8364258
39.3785666666667	55831911.6011963
39.4067383333333	59613689.3342285
39.4378	94440759.7272949
39.4667616666667	70513037.0515137
39.4973016666667	100363092.186768
39.5255283333333	93062011.012207
39.554515	99698702.7099609
39.5848516666667	130124657.729004
39.6128833333333	88790373.9353027
39.6420883333333	109752567.496094
39.672875	114594822.540527
39.7023283333333	73190571.0681152
39.7334783333333	96794866.5678711
39.7643066666667	129778356.670898
39.7930383333333	117755031.481445
39.8233566666667	114369304.040283
39.8534716666667	109718143.053711
39.8837316666667	116765725.657715
39.9139016666667	57903731.4354248
39.9461516666667	80579413.3980713
39.9766766666667	115794818.426758
40.0078616666667	105106292.344971
40.03866	107646917.541748
40.0692666666667	107493676.796875
40.0988966666667	69655191.3886719
40.1296266666667	117907074.663086
40.1600633333333	112579834.196777
40.188845	105577982.409912
40.2188833333333	95493628.7192383
40.2501916666667	97831490.4633789
40.2795016666667	70612988.9921875
40.308995	131175185.645508
40.3381933333333	94423111.6206055
40.367125	97176273.8464355
40.3957	145113174.23584
40.4258633333333	82079507.1608887
40.455425	127317111.923828
40.48526	106351050.710693
40.51584	141488835.002441
40.54588	151086256.325684
40.5761316666667	106046849.047119
40.60706	81003178.7067871
40.6388233333333	114848469.791992
40.6683366666667	127877354.68457
40.6980316666667	125550370.124023
40.728275	72815698.9365234
40.7603316666667	125658454.165771
40.790075	125836071.696533
40.8200516666667	101907200.993896
40.8504183333333	110162416.19751
40.88147	168523110.486328
40.9116066666667	131367367.269287
40.9420766666667	88019141.8358154
40.9727233333333	170261712.852051
41.0030266666667	153507587.952148
41.0324883333333	149532344.651855
41.06369	123294927.241943
41.09439	133022058.339355
41.1235183333333	122771286.557617
41.15303	117309940.319824
41.1837783333333	103734830.189453
41.2144333333333	101888719.054688
41.2448566666667	120540794.989258
41.2769266666667	99889057.505127
41.306955	141334515.393066
41.3378433333333	107160368.134521
41.3683483333333	126756217.916992
41.3989633333333	113459407.98999
41.4294916666667	114851804.274902
41.45987	98022403.7995605
41.488965	74448883.0454102
41.5206483333333	66516894.3183594
41.552205	129026145.610352
41.58183	58542189.6868896
41.6115083333333	68264564.4691162
41.6421883333333	120895699.172119
41.6726833333333	78875774.6274414
41.7026316666667	102701051.125977
41.7321516666667	66818378.911377
41.7626983333333	99071022.9362793
41.79153	108822241.525391
41.8209783333333	114891582.202637
41.8506583333333	113514390.114258
41.8801533333333	59764287.6317139
41.9115116666667	114702808.92749
41.940935	95837706.076416
41.9697116666667	73086785.3474121
42.000055	112017345.755371
42.0315566666667	90421414.0993652
42.0605883333333	71723515.6428223
42.0909916666667	114091000.130859
42.1197516666667	85683755.4848633
42.1489866666667	119652183.661133
42.1772283333333	115411938.664551
42.20723	102614768.824707
42.2372033333333	70861206.3742676
42.2677783333333	102555568.265137
42.2982616666667	91364418.7028809
42.3278266666667	116774429.884766
42.3570866666667	82718456.3125
42.388325	81120596.9055176
42.418955	130698798.800293
42.44919	131185270.536133
42.479625	148067530.349609
42.509455	133152856.651123
42.539645	142193295.43335
42.5693733333333	135619187.792969
42.5984066666667	146318672.165039
42.6268466666667	117857858.441162
42.65603	162884646.452637
42.6854566666667	95311603.9084473
42.7166066666667	158399513.305664
42.7455983333333	88362435.5371094
42.7754566666667	99315483.7426758
42.8048033333333	136762141.651367
42.83413	139549344.925781
42.8633383333333	160956296.01123
42.892	133935385.464355
42.9222916666667	155656720.809082
42.9531133333333	154017857.683594
42.9824183333333	111393880.235107
43.0129083333333	160289556.370117
43.0429883333333	110731686.141113
43.0724883333333	160138156.763672
43.1019366666667	150158046.629395
43.1308	118916996.193848
43.16135	132889728.839355
43.1914483333333	146905329.599365
43.22196	123849953.794434
43.25143	112992620.477783
43.2820533333333	159165307.138672
43.3117666666667	123463159.781738
43.3405116666667	88476839.4221191
43.3719966666667	116205616.146973
43.4012133333333	92640896.9443359
43.431435	98012505.0869141
43.462315	79774819.2596436
43.4921716666667	96608986.003418
43.5227183333333	141040280.978516
43.5520616666667	79311711.5854492
43.5811966666667	158428377.331055
43.6094366666667	112209284.892578
43.63792	151710765.343018
43.6659483333333	164596557.633789
43.6944883333333	157915214.291016
43.724145	105873648.518066
43.7535533333333	104025458.482178
43.7838483333333	123376839.302246
43.813265	119433257.463135
43.843655	134943215.171875
43.8741566666667	117657262.797852
43.9043883333333	133058013.961426
43.9338583333333	89289605.2663574
43.963495	139823380.999512
43.9922366666667	110474257.662354
44.02275	93744664.4785156
44.052475	116166063.864502
44.0827716666667	69891054.0046387
44.1124783333333	132216037.205322
44.1414416666667	125071130.119629
44.1711966666667	149869610.563721
44.20037	101962986.622314
44.2305466666667	150298489.082031
44.2609433333333	131216878.649414
44.2905433333333	161876167.401855
44.318345	177527306.594727
44.3479733333333	137642244.038574
44.377545	98581411.6904297
44.4054216666667	120474194.142578
44.435625	89117088.4499512
44.46593	138690944.253906
44.4955833333333	147718231.11499
44.5243983333333	110477170.802979
44.5556966666667	171179231.310547
44.5857566666667	151769170.05127
44.6171533333333	79798192.0827637
44.6474983333333	152686591.352539
44.6774833333333	136828506.369629
44.708835	145295579.944092
44.7384716666667	100336657.443115
44.7686166666667	163278882.721191
44.7993216666667	117375584.173096
44.82986	182795657.775879
44.8597016666667	185678885.061523
44.8897133333333	99987813.8215332
44.9192966666667	154938087.492188
44.9500066666667	205051345.491699
44.9790833333333	192219853.422852
45.0081733333333	136963101.208984
45.0379	146290823.26416
45.066715	178731321.517578
45.0960416666667	138482388.360596
45.1257033333333	126206774.246338
45.1547266666667	169055489.614258
45.1857366666667	234567495.927246
45.2146016666667	119929073.329346
45.245425	127850083.197754
45.2761116666667	239600179.856445
45.3045366666667	180399157.360107
45.3345583333333	169385402.44165
45.3650083333333	217873731.26416
45.39453	215080578.515625
45.4245283333333	240717365.086426
45.4550783333333	174457379.895996
45.4853016666667	234448765.162109
45.516105	138658629.358154
45.5467716666667	149817687.284668
45.5783566666667	186102028.364746
45.6087883333333	196342531.049805
45.63902	178877145.979492
45.6691266666667	154542041.582275
45.6999316666667	190285298.456543
45.73008	184093546.671875
45.7598033333333	179828634.977539
45.7893783333333	161878165.95166
45.8193733333333	191545551.123047
45.84921	159688061.127441
45.8785116666667	133418219.071777
45.9070383333333	160391371.716309
45.9370016666667	144204347.062256
45.9669733333333	176356567.287109
45.9964666666667	141378444.243164
46.0270766666667	187890120.725098
46.0566633333333	197724401.129883
46.0873316666667	199350442.568359
46.11763	140479162.752441
46.1463433333333	169235042.269531
46.1753266666667	118606202.349121
46.2055216666667	177263068.974609
46.234735	129406707.213135
46.2652683333333	208433371.146973
46.2942616666667	177449823.066406
46.323975	189648625.571777
46.3530333333333	180394728.137207
46.3812933333333	146343211.972168
46.4109283333333	142396555.771729
46.4402733333333	204469076.566895
46.4694766666667	181432134.953613
46.4986366666667	152457277.34668
46.5285233333333	169903192.157715
46.5585416666667	132277891.016113
46.5886866666667	129407397.403809
46.6187533333333	128954144.849854
46.6485316666667	93277337.534668
46.6791716666667	136902750.542969
46.7105116666667	166358599.04834
46.7399833333333	126579960.819824
46.7692316666667	102609260.394531
46.7997983333333	178278927.447266
46.8300466666667	144549603.275635
46.8593133333333	129890551.267334
46.8885266666667	177841069.687988
46.9178083333333	184357467.520996
46.94608	115885915.419922
46.975725	192696229.129395
47.003505	107450371.188965
47.0345383333333	198126742.437012
47.06345	121621154.996094
47.0942283333333	183445874.118652
47.1233266666667	200090015.822754
47.152585	167410977.633301
47.1820733333333	152132352.571045
47.2114983333333	143273418.535156
47.2419516666667	177576296.892578
47.27085	176914782.726563
47.2993966666667	103769181.950195
47.329445	179543286.484375
47.3588066666667	117903519.294922
47.38883	155509068.355469
47.4178416666667	117989144.873291
47.4489433333333	184051855.17334
47.47809	134721055.909668
47.5073183333333	149042991.949219
47.538	142178731.513184
47.5679083333333	130634498.529297
47.5982066666667	175374229.303711
47.6279833333333	131373895.882568
47.65822	153019644.368652
47.6881633333333	168533030.393555
47.7172133333333	140466315.12793
47.747135	189000353.815918
47.7777366666667	256368696.470703
47.8071966666667	180115803.730713
47.8383766666667	155724422.24707
47.8672016666667	262490167.358398
47.8960566666667	179131534.172363
47.925515	239837327.791016
47.9550183333333	229574447.173828
47.9851433333333	153084257.356201
48.0145133333333	233776990.849609
48.0429166666667	133054001.020264
48.071725	203522622.600586
48.1018433333333	149564069.432617
48.1316983333333	205752335.435059
48.161095	130094283.265625
48.1918083333333	135164167.3125
48.22234	120960775.383301
48.2537	173204523.796875
48.2859933333333	163819075.811035
48.317355	93435149.9731445
48.34963	178406430.399414
48.37914	130594554.177246
48.4113833333333	168623107.006836
48.4430433333333	95815017.1571045
48.4748416666667	113410234.095947
48.5053433333333	161160492.95459
48.5358883333333	117866722.1604
48.566115	197911596.375
48.5962516666667	192631500.275879
48.6267166666667	165892590.129395
48.6569033333333	130395088.598877
48.6864366666667	168731983.8125
48.716435	174146173.842285
48.7459166666667	149072846.569336
48.7770983333333	135004739.844238
48.8081283333333	103883033.628662
48.8398566666667	84293942.8339844
48.8707	103959395.976563
48.90172	161051905.830078
48.9316616666667	107589441.077637
48.9611916666667	111412478.701904
48.9909733333333	138023244.229004
49.0209183333333	153296755.554199
49.05201	171791597.304199
49.08224	115008647.261719
49.11277	186804374.17627
49.1430833333333	195308008.655273
49.1720816666667	130959766.942871
49.202965	185998998.677734
49.2311616666667	142865846.227783
49.2600883333333	208905026.792969
49.2902183333333	158433774.551758
49.3199	207515922.702637
49.3496166666667	147796875.246826
49.3798566666667	145158689.658936
49.408355	227512634.703125
49.438235	161881870.78833
49.46795	233232966.995605
49.4963883333333	219851313.772461
49.5263183333333	255911072.592773
49.554645	139651175.286377
49.5847283333333	176460597.98877
49.614515	147643115.620361
49.6451633333333	209974572.768066
49.67515	155696445.619629
49.7049533333333	187746500.487793
49.73536	244051608.204102
49.7640833333333	229385049.151855
49.7933533333333	117123365.961182
49.8237283333333	175395480.830811
49.85419	234016907.036621
49.8846983333333	215508836.991699
49.9157783333333	273188612.841797
49.9464916666667	164218851.125244
49.9764666666667	144871069.251221
50.0080333333333	201816835.209961
50.03912	242381429.291992
50.0699133333333	224794753.219727
50.1013516666667	132288449.519043
50.1325583333333	258623419.520996
50.1622516666667	134746630.696777
50.1928516666667	142818730.4375
50.2234083333333	124700220.078369
50.2536516666667	244079302.775391
50.2827783333333	116791338.863281
50.313145	126226933.927979
50.343595	189311034.500488
50.373715	121158613.755615
50.403795	191954728.688477
50.4333283333333	137126921.297607
50.463255	165392039.384033
50.4939283333333	189234178.271973
50.52426	220675742.123535
50.5541083333333	252630879.664551
50.58545	192216253.195801
50.6167433333333	123401497.443115
50.6474966666667	182081575.175781
50.6775316666667	183933258.62207
50.7062533333333	186620083.125
50.7366083333333	169054678.662109
50.7665966666667	193160368.753418
50.797085	144573314.405518
50.8276066666667	218369054.917969
50.8575566666667	244926595.594238
50.8886866666667	124038243.932373
50.918675	211268018.868164
50.9479766666667	130565852.666748
50.97734	161906627.053955
51.0078083333333	139298291.779541
51.0379966666667	215550291.861816
51.068305	226162536.203613
51.0979133333333	223842479.992676
51.126965	141906577.084961
51.1567166666667	152383223.469727
51.1860433333333	189662351.966797
51.2161333333333	197354165.338379
51.246495	197337853.611328
51.27585	189485156.318359
51.3049516666667	128236472.731201
51.3349833333333	178942865.249512
51.3645483333333	192427103.5
51.3943216666667	186710863.371582
51.42468	120506754.265869
51.4564783333333	120019894.777344
51.4871366666667	199607951.35791
51.5168466666667	137309832.911133
51.5479583333333	173139523.986328
51.578935	166683293.648438
51.609705	109729858.339844
51.640515	176667694.729004
51.6715733333333	195645661.421387
51.70191	162295225.298828
51.7314983333333	157915861.937012
51.7609666666667	112938128.283691
51.7918633333333	153686388.059082
51.8227566666667	126155319.792725
51.8540916666667	192005105.871582
51.88381	157693506.273926
51.9146616666667	224959639.810547
51.9442316666667	126740287.721436
51.974605	131165380.897461
52.004775	124381292.646973
52.0344483333333	188194242.890625
52.0649983333333	92253636.3529053
52.0956683333333	120541220.432129
52.12571	126137231.140137
52.1567133333333	158116929.178223
52.1858716666667	146007310.83252
52.21612	133498781.465332
52.245555	143805492.20752
52.27443	149825592.921875
52.3035516666667	128794904.559082
52.334085	172300318.19043
52.3647	143329919.531738
52.3941633333333	162767224.631348
52.4239016666667	192527261.483887
52.4530166666667	173430563.808105
52.482405	161486984.402344
52.51133	155290361.572266
52.541365	207115655.969238
52.571195	126998500.662842
52.6019233333333	196670855.328613
52.6318683333333	211411685.166016
52.66044	146044846.49707
52.6904133333333	203225845.063965
52.7192833333333	213954090.526367
52.7487083333333	195316397.175293
52.7781083333333	128864471.154297
52.808595	215794331.749512
52.83776	158428154.289307
52.8683366666667	176881822.262695
52.898025	176874448.591309
52.9280416666667	155590175.072754
52.9586366666667	136449561.686035
52.9882516666667	187446082.279297
53.0180733333333	142193410.737793
53.048085	189768085.316895
53.0782416666667	138649843.649414
53.10874	140719035.130615
53.1392816666667	163869272.112793
53.1692166666667	135251327.815186
53.1996166666667	149164409.741211
53.2302333333333	110754187.048096
53.260825	186174300.599609
53.2904883333333	133861660.383057
53.3207483333333	105975749.27002
53.3503166666667	148212493.650391
53.38043	125997584.595215
53.41009	109216210.23877
53.43896	150094839.769531
53.46986	160107165.125
53.5004166666667	181526110.144531
53.5302666666667	134070184.715088
53.56101	182742359.983887
53.590815	154635076.227539
53.621245	184698906.742188
53.6512616666667	202311419.59375
53.680985	182752350.96875
53.71153	139344367.22168
53.74212	127611857.999268
53.7719516666667	115698987.611328
53.80199	161294475.228516
53.8319033333333	189938188.601074
53.8614683333333	127254149.229492
53.8919183333333	146077079.461426
53.92248	150307941.39209
53.95353	187087475.913574
53.9842416666667	173047753.661621
54.0141983333333	144316084.080322
54.0454033333333	151684287.724854
54.0758816666667	196159761.457031
54.1058983333333	160321704.245605
54.1353866666667	168317485.708252
54.1656816666667	197188774.351563
54.19623	159162390.442139
54.226145	169491904.039063
54.2567616666667	189775111.407227
54.2866616666667	163551165.201172
54.317725	187469434.108887
54.3479716666667	149468238.892334
54.3784233333333	184189817.689453
54.4097016666667	157697403.019043
54.4399766666667	117357502.210693
54.4702316666667	100909885.724854
54.5018633333333	137891142.460449
54.5318466666667	120393396.959961
54.562405	101844756.310791
54.5924866666667	124290195.978271
54.6230316666667	161844325.554688
54.6531216666667	116058604.082275
54.6829166666667	129238659.585449
54.712975	121556536.535645
54.74195	192177418.105957
54.7714566666667	166946621.65332
54.8015733333333	118456618.51123
54.83145	116547279.887695
54.861675	136469507.153809
54.89212	186682077.972168
54.9216783333333	151062765.126953
54.951425	215058121.523926
54.9815216666667	164239988.733398
55.0112633333333	146660582.691895
55.0414266666667	140197193.701416
55.0710583333333	196624073.74707
55.1004883333333	217725945.490723
55.129745	203131135.189941
55.159385	145425401.149414
55.1903866666667	166005060.6604
55.2197933333333	153416126.740723
55.2501133333333	157126381.314453
55.2801616666667	180420114.253418
55.3106633333333	177362784.134766
55.3407316666667	175252889.89502
55.3711183333333	214625294.129395
55.40069	234661939.803223
55.4303966666667	193679217.963379
55.4606516666667	247159068.78418
55.4913366666667	189253888.117676
55.5211016666667	198388894.128418
55.5513616666667	200076862.056641
55.5821166666667	220749587.508789
55.6122383333333	145778690.26709
55.6419633333333	212786592.958008
55.6712216666667	191909252.117188
55.701095	258062473.83252
55.7307733333333	123808357.980225
55.761165	165507331.226074
55.7912516666667	163256710.079102
55.82103	169280819.745605
55.8511516666667	136879259.225098
55.8816733333333	215789761.344238
55.9108766666667	196658474.673828
55.9409916666667	202902183.033691
55.97062	145146642.745605
56.001235	155834561.137695
56.0314366666667	138952073.592041
56.0615233333333	189590044.713867
56.09143	121196788.553711
56.121335	202397256.636719
56.1514183333333	202067017.82959
56.1823416666667	189435510.599609
56.2135666666667	145136001.666992
56.2441216666667	162823683.337402
56.274005	194362592.708496
56.3051533333333	164049650.727051
56.3346816666667	166930656.875
56.3658116666667	235009865.059082
56.3970066666667	188495950.343262
56.42666	221624223.025879
56.45661	165375072.524414
56.487045	216913290.40625
56.51735	185918718.781006
56.5463566666667	193178434.837402
56.57636	169293387.593506
56.6061916666667	191459635.001465
56.635765	215910606.510498
56.66528	324979192.693359
56.695315	216478174.643555
56.72503	255591292.332031
56.755275	272985399.625977
56.7854483333333	229125905.464844
56.8167416666667	252452759.316406
56.8469533333333	173310820.483643
56.8775033333333	163188217.275879
56.9084416666667	140564881.099121
56.9389666666667	141205477.700439
56.9699983333333	179515086.108398
57.0005066666667	106007425.256104
57.03124	137926804.268555
57.0617866666667	153614326.041504
57.091815	155240437.757324
57.12155	120481276.430176
57.1518983333333	165797350.785156
57.182285	191039299.747559
57.2121033333333	107800259.811035
57.24316	165209215.426758
57.2729466666667	168800607.720215
57.3030783333333	163901258.135742
57.3326816666667	118156436.838867
57.3626433333333	207773666.271484
57.3925783333333	180217719.243652
57.422175	152113257.269043
57.451605	149647134.314453
57.482385	132010771.567871
57.5131316666667	191146804.128906
57.542935	116140597.025391
57.5734066666667	152513455.30127
57.6038333333333	145533825.599609
57.634215	143472596.475586
57.6640716666667	151059521.79248
57.693955	143354405.36377
57.7236716666667	192174834.200684
57.7530983333333	141480935.430664
57.7831083333333	223497800.828613
57.8131833333333	213283589.367188
57.8426616666667	245866184.699707
57.8733316666667	176769034.7229
57.903065	164285593.16748
57.934135	186557330.29834
57.9652283333333	148097972.531738
57.99487	142805883.34082
58.0253716666667	147827094.465332
58.05633	161022842.822266
58.0865033333333	197762370.19043
58.117205	121518760.951904
58.147235	151141271.467773
58.1772766666667	190994475.492188
58.206755	276065439.139648
58.236365	281757265.799316
58.264955	233508433.013672
58.2939416666667	343021516.37207
58.3235633333333	282363415.147949
58.3534483333333	267885046.566406
58.3836816666667	242954611.373047
58.4146083333333	357371184.865723
58.4422816666667	284881765.905762
58.4722366666667	337629074.118164
58.502095	215141640.674072
58.5331466666667	202394508.739014
58.563955	165236699.984619
58.5946483333333	200957927.243652
58.6257816666667	129810582.844971
58.656195	211481599.723145
58.6865566666667	154826780.633301
58.7168633333333	141429965.549805
58.7462166666667	157483236.519287
58.7759766666667	126623167.695313
58.8059216666667	179104560.501221
58.8359633333333	224890951.947754
58.86634	135055700.078613
58.8973516666667	159269802.473145
58.9287883333333	140272003.307861
58.96011	198387067.529297
58.990045	127355378.88501
59.0204716666667	132510087.497314
59.05089	181513779.238281
59.0816716666667	109870302.845947
59.112095	165105904.829102
59.1431266666667	195935696.317871
59.1727733333333	212804064.661621
59.20359	120564319.66333
59.2346866666667	129467351.821289
59.2660383333333	181351921.604492
59.2970433333333	133037923.737793
59.3273433333333	188409274.942383
59.3572333333333	198424496.744629
59.3873666666667	145298494.542725
59.41768	157964103.333496
59.4487416666667	232637270.327637
59.478705	209758747.107422
59.5085616666667	189234292.369629
59.5382616666667	160178852.546631
59.5692666666667	224514010.083984
59.599485	144401747.056641
59.6293033333333	242772702.35498
59.659085	221082960.430176
59.68794	234024749.276367
59.7178766666667	144027271.837402
59.748805	148308078.133789
59.7790633333333	141449164.607422
59.8101933333333	144959134.665283
59.8408666666667	137963486.915527
59.8722083333333	180006483.313965
59.9023616666667	244688865.575684
59.9320533333333	159369429.377441
59.96306	163849581.82251
59.99298	166478097.734131
60.0238566666667	254220545.551758
60.054765	127510707.538086
60.0851333333333	217058343.395508
60.1165483333333	213597185.440918
60.146645	141715415.596191
60.1779966666667	152850271.253906
60.2082383333333	137429142.68042
60.2397183333333	142252563.076172
60.2704	176392134.118164
60.301535	173277268.664063
60.33226	124779984.442871
60.36216	161686238.937988
60.3925	123738309.326416
60.4228066666667	121433872.365967
60.4534016666667	131249046.572266
60.4832833333333	109620240.095703
60.51366	180067101.433594
60.5439616666667	144687798.495605
60.5743516666667	158848692.788818
60.6052816666667	140073474.961182
60.635725	181032147.003906
60.665775	170750452.593262
60.69553	230683032.335449
60.7253166666667	162479223.77002
60.756065	171226002.553223
60.78656	282911187.288574
60.8168766666667	167696824.079346
60.8474883333333	294246207.826172
60.8774833333333	255252211.300781
60.9066333333333	137598323.033203
60.9370016666667	230461542.439941
60.96625	217339369.702148
60.99577	117536088.986816
61.026265	174104957.822998
61.0572066666667	149121561.275635
61.0877083333333	126998569.231689
61.118425	119351896.803223
61.14994	181441852.092773
61.1802333333333	147639998.989746
61.21025	121167427.356689
61.2411433333333	151648987.527344
61.2715283333333	165912224.215332
61.3012083333333	169217680.483398
61.3316283333333	120177419.061768
61.361215	187094816.799805
61.3906783333333	157068624.541504
61.4197833333333	151668285.826172
61.4495866666667	128403017.805908
61.48079	181804704.304199
61.5107933333333	166273670.242676
61.5408266666667	131017433.727539
61.5711233333333	163184333.787598
61.6006983333333	125778821.193115
61.63124	186413048.522949
61.6614766666667	161426470.90918
61.69098	122179204.354004
61.720515	190199690.994629
61.7512566666667	165045932.804688
61.7810716666667	118047949.186035
61.8122016666667	182798628.141113
61.8423733333333	122130489.068359
61.873415	205182037.113281
61.9035716666667	229292129.038574
61.934235	206698847.29541
61.9648916666667	222037269.298828
61.9951083333333	187837899.738281
62.0250533333333	219730220.571289
62.054535	238201732.091309
62.0852416666667	192094532.581543
62.1164533333333	238212635.992188
62.1470383333333	215162097.285156
62.1767716666667	189955718.948242
62.2069833333333	175230825.647705
62.2362933333333	197119693.869629
62.2672816666667	242015965.031738
62.29598	203606040.830078
62.325665	161266715.940186
62.3553616666667	166999853.455566
62.38545	187074879.847412
62.4161966666667	160848348.17334
62.4457633333333	127969994.348145
62.4763083333333	144379965.71875
62.5065816666667	152507846.940674
62.536475	183295272.76123
62.56628	224108145.254395
62.5962016666667	195400729.616699
62.6263633333333	215459004.374023
62.6560433333333	127380012.916992
62.6866816666667	167133468.788086
62.71725	236285578.92334
62.747955	227383503.851074
62.778295	261914987.806641
62.8092116666667	229034403.633301
62.8396183333333	170154296.175293
62.8703516666667	204135236.217773
62.9005866666667	195429514.189453
62.9308866666667	90786232.7724609
62.9612966666667	129219849.64209
62.9922433333333	175744076.810059
63.02332	147389209.58252
63.0541066666667	169917920.502441
63.0852316666667	189962159.753906
63.1161833333333	190894156.024902
63.1460833333333	150602680.037598
63.17652	139124513.175293
63.207165	227112852.503906
63.2365333333333	241791440.435059
63.2660133333333	189678185.230713
63.2962166666667	173090647.383057
63.3258766666667	252447234.498535
63.3563133333333	162764718.081787
63.38642	147194403.217773
63.4169066666667	198320281.541992
63.4474083333333	221303066.263672
63.478125	194859049.643066
63.50768	132354361.071289
63.5381316666667	219207067.970215
63.5678	186379955.307617
63.5979466666667	165168991.751953
63.627995	164959335.716309
63.6582516666667	201093156.560059
63.687075	216687551.713379
63.7167366666667	195184849.298828
63.7467816666667	229565278.787109
63.776665	185791237.780762
63.8056783333333	152978807.008301
63.8348916666667	204027668.339844
63.86343	209927476.379395
63.8937633333333	261621841.235352
63.9240066666667	225809764.705078
63.95406	189566201.324707
63.9840183333333	201351112.04834
64.0136016666667	170592100.519287
64.0436083333333	131813271.672852
64.073335	201018808.598145
64.1036816666667	132732797.812012
64.1350316666667	185142352.163574
64.1652633333333	179476620.631836
64.1950683333333	95624783.6611328
64.226105	147703356.82959
64.2560033333333	160797183.22998
64.286535	144249025.657227
64.31799	89039181.1149902
64.3485883333333	103705321.546143
64.3798883333333	130434146.870117
64.40973	128614144.287842
64.4390883333333	104690416.926514
64.4703083333333	102831339.895264
64.5008183333333	131871216.350098
64.531045	116298913.602295
64.5609883333333	186636922.24707
64.59027	177150822.306641
64.61998	146209587.868896
64.649805	204938531.293457
64.6792433333333	183773440.311035
64.70923	143159740.570068
64.73984	154340778.485352
64.7704183333333	144541613.922852
64.8008316666667	235349134.493164
64.8308566666667	124097197.709229
64.8616266666667	249638562.144043
64.89124	184172124.929688
64.9212366666667	125578044.409424
64.9519	149113285.557861
64.98293	229013347.350098
65.0130433333333	202045258.843994
65.043415	216721900.335449
65.07339	141820303.645752
65.10439	248817998.117676
65.1341833333333	144384425.064697
65.16468	140801497.685547
65.19425	131162242.751709
65.225175	150500872.573975
65.25582	124151766.088379
65.2862666666667	157460789.196289
65.3170233333333	179139674.684082
65.3472316666667	149470777.121094
65.3782883333333	192829554.705566
65.4088883333333	168907535.69043
65.4388233333333	108129972.667114
65.4695966666667	138325009.351074
65.5002616666667	103559094.175049
65.5303633333333	143605951.525391
65.560235	108652437.246582
65.590885	168340698.929688
65.62106	123269996.698242
65.6512616666667	109332028.330566
65.68097	182891027.808105
65.7111383333333	148925169.032959
65.7413966666667	207681689.703613
65.7721583333333	202702875.160156
65.8018733333333	202607571.040527
65.8329766666667	152110661.198242
65.8633783333333	200392578.296875
65.8943066666667	212914310.787109
65.924765	286390038.398438
65.9558883333333	188446540.265625
65.9875133333333	193045471.341309
66.01882	170047767.995605
66.050265	156631932.473633
66.0813416666667	214655132.126465
66.11168	107814900.143921
66.142925	221864323.086426
66.1740216666667	197319719.424316
66.2041183333333	155332979.316895
66.2349816666667	227154841.485352
66.2659316666667	127104650.671631
66.297825	172253531.067383
66.329115	125535315.220703
66.3598333333333	190015239.772461
66.3904716666667	141073305.07373
66.4210766666667	140502429.147705
66.4524783333333	151562399.604492
66.4839616666667	117063838.429932
66.5154166666667	140484692.068604
66.5469433333333	147058453.683105
66.578	159779715.496094
66.60894	130949288.257568
66.6397216666667	169731487.088379
66.6695183333333	125945519.441406
66.700795	100590774.259521
66.7312616666667	135152795.488281
66.7612016666667	170121433.528809
66.7905583333333	184915860.443848
66.819525	98567795.8669434
66.8500016666667	161888022.30127
66.8798733333333	192373922.745117
66.9093983333333	132258602.668701
66.939815	163580458.296387
66.97109	178374583.273438
67.001335	196853673.680664
67.0321833333333	126927762.522217
67.062825	229515089.28418
67.092605	236340798.395996
67.122105	160462683.966309
67.1520183333333	248330286.803711
67.1820116666667	204340210.446289
67.2113233333333	253211343.302246
67.24094	200062379.05957
67.271205	192162655.637695
67.3009183333333	246776400.744629
67.3298116666667	141912760.73877
67.3593433333333	174219771.158936
67.388825	244454616.998047
67.4189033333333	243321746.674316
67.4480016666667	148247345.939453
67.4792016666667	192802721.154785
67.5098266666667	134188181.77832
67.5406866666667	145565218.093994
67.5720633333333	203100596.065918
67.60242	202411017.219238
67.6333916666667	197851166.21875
67.6641116666667	153662347.828369
67.6951433333333	172105632.68457
67.7254866666667	101008131.544434
67.75755	170310387.262207
67.7882933333333	148617415.973633
67.8199516666667	181775566.851074
67.85091	124678785.602295
67.882965	160103997.664063
67.9139366666667	171689668.870361
67.944055	211841360.275391
67.975	146295143.291992
68.005645	102530912.493896
68.0360616666667	145014656.625732
68.0656683333333	189084243.544922
68.0948633333333	107452244.074463
68.1249183333333	112975234.0625
68.1555316666667	131176331.556152
68.1867583333333	227005599.103516
68.2178483333333	90156979.5368652
68.2491116666667	118583581.583984
68.2795716666667	103505097.670654
68.31052	151163176.326904
68.3412883333333	166013175.528564
68.3715766666667	80591633.9918213
68.4033766666667	132233168.899414
68.4343333333333	194473897.555176
68.46381	123280341.780029
68.4946733333333	191952439.356445
68.52466	130901624.619873
68.55474	147652511.022705
68.5845616666667	131467680.596924
68.6151316666667	211802628.374023
68.6445466666667	219184219.481445
68.674	174777364.379395
68.7029966666667	211301835.564941
68.7326083333333	194264229.495605
68.7627083333333	224248218.437988
68.7920166666667	153600359.19165
68.8219116666667	178819731.031738
68.8525433333333	163314866.307373
68.88355	92544242.5927734
68.9147466666667	193655716.737305
68.945585	86762698.7518311
68.9769016666667	126852851.093506
69.0078533333333	92468092.6936035
69.038965	119483871.9729
69.0700916666667	137814347.597168
69.10097	135520974.163818
69.131235	138024374.889404
69.162125	122976357.348389
69.19312	170244037.726074
69.2229666666667	127118140.189209
69.2533866666667	165823669.11084
69.2841133333333	280805088.299316
69.3134783333333	214837644.325928
69.3431566666667	166324879.648926
69.373515	192259835.980469
69.4039216666667	189151541.250244
69.4342466666667	164647029.456543
69.4636533333333	261004356.566895
69.4938233333333	234229347.844238
69.5235433333333	335284870.197754
69.5529516666667	177805961.184814
69.5835133333333	227238859.851074
69.6127566666667	308505078.004883
69.6435633333333	199152894.125
69.67404	287139874.384766
69.7046716666667	349708480.930176
69.73526	222048278.762451
69.7656683333333	223519615.012939
69.79676	302040126.249023
69.8280683333333	292900605.799316
69.8588733333333	285545994.944824
69.8899283333333	239832029.77002
69.9205683333333	197304336.975098
69.9511316666667	147428320.901611
69.9813083333333	180676859.617676
70.0117633333333	108795947.191772
70.0434566666667	173255945.687988
70.07395	178958001.482422
70.1058133333333	127812257.66626
70.1375866666667	163032000.99707
70.1684483333333	128375501.938721
70.1982766666667	150943329.950684
70.2283216666667	157584204.777588
70.2586883333333	112301171.561035
70.289195	131854092.457764
70.3202733333333	140712456.550781
70.3515066666667	139320524.071289
70.3808066666667	172336916.141602
70.4107466666667	94967751.8884277
70.4424083333333	136101969.304443
70.4722833333333	94692460.6219482
70.5033116666667	100402618.977051
70.5339583333333	116422084.52124
70.5641833333333	104649117.60437
70.595065	130617289.943359
70.62561	209006495.766113
70.6557966666667	143312314.225342
70.6863583333333	132898453.19458
70.7176733333333	219312725.044434
70.7485883333333	201447990.312988
70.7790233333333	208561647.267578
70.8091833333333	189670977.69873
70.838875	111120532.087158
70.8702033333333	142500528.791016
70.9008283333333	133524234.495361
70.9322466666667	136433030.814453
70.9629116666667	118878149.460205
70.9938183333333	184679048.283691
71.025295	146645728.236572
71.0557966666667	96709513.6842041
71.0875416666667	130534247.739258
71.1184866666667	129961839.189697
71.1493766666667	137137361.489014
71.179465	112246940.677734
71.20945	99958453.9177246
71.240645	149747516.670166
71.2722666666667	124310599.660645
71.3031483333333	121258179.81958
71.3335416666667	124224474.041992
71.3634766666667	125150426.121094
71.3937266666667	114043096.027832
71.4242433333333	115189165.398438
71.4544883333333	131162921.164551
71.4849266666667	107021090.95459
71.515915	132680964.655273
71.547255	154466450.299316
71.5775383333333	105104519.486572
71.6069966666667	176545661.655762
71.6354216666667	167430651.612305
71.665825	102400175.490967
71.6970566666667	147794930.998047
71.72784	148230418.877441
71.75788	118740120.788574
71.7878466666667	92700916.2440186
71.819165	187144802.597412
71.8495933333333	113111170.738403
71.8798066666667	124859944.322632
71.9108933333333	145401438.412598
71.9412766666667	121516387.281006
71.9721133333333	140599776.952881
72.0030283333333	129231193.099243
72.0342766666667	169825830.253174
72.06523	187612587.625732
72.09582	154714630.234375
72.12685	181846259.976807
72.15782	146009307.033936
72.1895616666667	241446202.092773
72.2196183333333	205339634.336182
72.25033	133289083.752686
72.2809133333333	155139885.993896
72.31248	126501133.760498
72.3436133333333	183373333.165527
72.3739583333333	105333099.402344
72.40542	200294069.750488
72.43667	107858577.136597
72.4679516666667	132120848.750244
72.4981516666667	156091380.028809
72.5285083333333	172038689.297607
72.5588833333333	106955675.116455
72.5899466666667	203938659.667236
72.6200033333333	84167505.4637451
72.650545	152272372.330811
72.680585	114474948.46582
72.7122383333333	84721765.6008301
72.7435116666667	108074560.917236
72.7746283333333	152011506.052246
72.8045033333333	101415208.561279
72.835925	140646523.502197
72.8667966666667	98930713.1984863
72.89724	101755440.531006
72.9280266666667	150586377.55127
72.9583533333333	172796077.582031
72.9880383333333	116946868.676514
73.0186783333333	148476082.775146
73.0481733333333	140924209.304932
73.0785766666667	190169265.458008
73.1087283333333	223144140.177246
73.138195	122580378.751587
73.1691766666667	231338640.456543
73.199195	150973282.901611
73.2298716666667	168996014.579102
73.2603983333333	102027978.151611
73.2922016666667	153535680.996582
73.3230983333333	125423318.550537
73.3546033333333	154871060.11792
73.3855766666667	165384350.908203
73.4177033333333	117426638.865723
73.4504183333333	118272698.513916
73.48244	129341504.05835
73.5137866666667	133016715.749512
73.5444966666667	182469791.450684
73.5742633333333	129392025.108398
73.6048516666667	198044057.304199
73.6347066666667	152718765.289795
73.6649916666667	147533170.632568
73.695125	159428841.234375
73.7255733333333	159412382.502686
73.7566566666667	132233707.257813
73.7861216666667	160148945.570068
73.8166516666667	126840848.172119
73.8472716666667	157649800.223877
73.8776666666667	108078805.769897
73.9078216666667	155757907.208008
73.937335	105709450.702148
73.9679583333333	99502278.3762207
73.9986683333333	163026657.908691
74.0283683333333	92331393.0357666
74.0583333333333	137225258.958008
74.08823	142896285.681885
74.1190516666667	213499392.805664
74.1484016666667	104608982.797852
74.1784166666667	200575595.209473
74.2090633333333	146417983.999268
74.2402266666667	157812145.460449
74.2706116666667	170647607.53833
74.30081	177823505.887695
74.3306166666667	171419047.572754
74.360865	179568628.300049
74.3915516666667	157020202.130615
74.4221933333333	145061998.64209
74.4531866666667	112701379.534912
74.485355	113169782.013916
74.51564	130057134.165771
74.54728	86868635.3934326
74.5787033333333	146944693.238037
74.6101366666667	91481059.9066162
74.6413983333333	113115754.038574
74.6724083333333	93057169.2386475
74.7033816666667	105977826.904541
74.7351233333333	99302148.1246338
74.7665916666667	185746063.969238
74.797485	127329949.258057
74.8283366666667	100067787.071655
74.8596483333333	102618472.040405
74.890585	102054730.221191
74.9216083333333	85881846.3009033
74.9531883333333	146094931.913818
74.98362	69916255.6021729
75.015465	99981204.203125
75.0466383333333	66642805.6656494
75.078435	76044695.7009277
75.1093283333333	81044650.6231689
75.1423016666667	87956023.7840576
75.17397	61255009.3637695
75.2059266666667	78771531.9602051
75.238145	109851362.397949
75.2694333333333	80102311.1485596
75.3011966666667	77467334.5692139
75.3332916666667	75912084.206665
75.3650566666667	73374472.6237793
75.3977533333333	65946175.9890137
75.4295483333333	65927900.1643066
75.4629166666667	58307884.1549072
75.495325	89796822.4086914
75.5259133333333	82032827.6328125
75.55774	54882490.0482178
75.5897333333333	70218320.2154541
75.62201	80591114.8640137
75.65367	68670570.6669922
75.685915	93775696.869873
75.718425	72631798.0050049
75.7502366666667	83644891.9765625
75.7819516666667	60673140.2854004
75.813815	96106475.3188477
75.8454166666667	62652329.5426025
75.87703	80377705.293457
75.9084916666667	76784635.5736084
75.9395266666667	75632623.7695313
75.971195	79346782.9622803
76.002755	119181525.515381
76.033925	124266556.208496
76.0642733333333	95400679.5445557
76.0951733333333	69954499.7700195
76.1275333333333	75251358.7976074
76.1587166666667	65440392.2647705
76.1900216666667	83081700.9638672
76.2222	75095740.9957275
76.2537483333333	60031938.8771973
76.2858816666667	74017949.7844238
76.3176783333333	78997578.5551758
76.3468216666667	75365774.5428467
76.3779383333333	109679121.340088
76.4083916666667	72355700.2386475
76.4391266666667	105361254.076416
76.4697416666667	118263243.793213
76.5005483333333	72334020.2109375
76.5315983333333	102694161.758057
76.5621816666667	81362238.1843262
76.59331	97434063.119873
76.6238616666667	74226075.2558594
76.655225	97590560.1560059
76.6865583333333	67907552.5063477
76.718445	84092969.9464111
76.75102	83764269.1600342
76.78365	101273352.69873
76.814935	67448642.0819092
76.847615	76978314.557251
76.879275	106529948.331787
76.9117916666667	93275007.9886475
76.9430116666667	117940716.1875
76.974405	104313509.506226
77.00519	130347941.695801
77.0366133333333	155884293.419189
77.067155	109017939.186401
77.0982716666667	108780542.632202
77.129785	81778981.1715088
77.1622166666667	105222646.468628
77.1940033333333	79645671.8701172
77.2252916666667	124739890.936279
77.2573116666667	63359209.5563354
77.2907816666667	130348158.793213
77.3220933333333	78320305.5197754
77.354925	74359666.0531006
77.3878483333333	70170101.4888916
77.4213616666667	60807664.5750732
77.4554166666667	65969965.1678467
77.4888316666667	99664123.8120117
77.5200283333333	64657107.1611328
77.5523883333333	93150292.6546631
77.5844166666667	91404185.3005371
77.61487	81514219.4650879
77.6462466666667	70739608.6721191
77.6779016666667	108044330.281494
77.708575	114197292.696777
77.73932	68961456.9493408
77.7715483333333	76263347.3780518
77.8030466666667	76374085.3592529
77.8352516666667	86176047.0693359
77.8668033333333	69289550.0524902
77.8988216666667	76645285.2939453
77.93217	81592580.1313477
77.96291	73354268.7056885
77.9949683333333	58208795.5446777
78.026445	61427277.9899902
78.057605	57334931.4515381
78.0894733333333	76573398.4107666
78.1213483333333	60845106.0571289
78.15426	69361301.505127
78.1866883333333	86512947.8345947
78.21852	69164078.8679199
78.2508066666667	57099162.4362793
78.283165	79950878.8099365
78.31558	47779588.8648071
78.3489033333333	75723995.9468994
78.38194	74111097.5588379
78.414485	72424161.2099609
78.4470233333333	65461457.7121582
78.4796833333333	70480893.0810547
78.5130566666667	52702237.2684326
78.54552	70291969.3905029
78.5780883333333	87752221.3076172
78.610025	99718859.6486816
78.6414633333333	59092023.2420654
78.674	70083570.4207764
78.7062866666667	68393920.0668945
78.7391983333333	84023572.9245605
78.7714883333333	76369602.7487793
78.8041233333333	123820738.659424
78.8369383333333	77225847.751709
78.8706133333333	75779438.225708
78.903895	110683990.773438
78.9354266666667	107898692.297607
78.9686133333333	73463851.0483398
79.0006983333333	75652566.2645264
79.033515	100484771.02417
79.0652	84333239.6500244
79.097325	58195067.2911377
79.1292266666667	66770263.8208008
79.1612866666667	72264115.02771
79.192305	66296430.6075439
79.2232583333333	80851730.5404053
79.2546016666667	90604964.2739258
79.2862433333333	50512109.7875977
79.318125	73467983.9105225
79.3503666666667	88271452.15625
79.3816366666667	46907916.9642334
79.414195	68196701.2351074
79.4460033333333	51277510.2506104
79.47854	57658018.2722168
79.5100533333333	64873300.2553711
79.5422433333333	69760246.1962891
79.5745816666667	65762353.7648926
79.6067933333333	56867710.3997803
79.6385316666667	69872665.3306885
79.6702783333333	67041660.765625
79.7013066666667	103166082.37915
79.731885	45719173.2717896
79.7630116666667	99311384.1519775
79.7941933333333	55894801.2144775
79.8262816666667	79833989.7928467
79.8575816666667	65386963.0224609
79.8889033333333	88677843.2019043
79.9203016666667	65459958.215332
79.953	67179407.1032715
79.9855566666667	65786582.8380127
80.01753	73894232.3272705
80.0494016666667	82434832.3806152
80.0811783333333	60672443.4383545
80.1134616666667	112863007.757324
80.14441	64034850.2636719
80.17626	136067366.617432
80.2067216666667	106480454.268799
80.23824	99638874.0386963
80.2692883333333	177232800.634033
80.3004516666667	75126797.6705322
80.3324766666667	94462378.986084
80.3638733333333	119720252.731201
80.394405	98840079.6491699
80.4255216666667	62380452.4221191
80.4570233333333	109195642.981445
80.4870316666667	71852053.8974609
80.5174216666667	91456300.7965088
80.5483416666667	90237318.4888916
80.5792133333333	75439569.0335693
80.6102216666667	105772094.005249
80.6415383333333	110208546.965332
80.6725316666667	92533755.548584
80.7047066666667	85638456.8939209
80.736315	71479207.2780762
80.7679116666667	102493073.401367
80.798665	69108192.3718262
80.8309266666667	59477711.4892578
80.862635	66398208.8826904
80.8940516666667	86904458.3374023
80.9249916666667	45447665.5761108
80.95677	71233021.8370361
80.988435	78572683.2143555
81.0205883333333	61647920.7215576
81.0532833333333	92846171.4472656
81.084555	55485822.885376
81.1153966666667	66360470.0340576
81.14618	77614073.2576904
81.1761116666667	56362697.1928101
81.2058366666667	110460446.491699
81.2364533333333	85087167.3349609
81.2676583333333	89348575.6932373
81.298735	78558019.3748779
81.3294783333333	95316241.5545654
81.3608433333333	144451932.679688
81.3916433333333	76679655.2838135
81.4218016666667	103280394.620239
81.4525166666667	123643733.412598
81.4837616666667	88769808.5941162
81.5154216666667	78177557.4869385
81.5461233333333	130909149.358154
81.5771616666667	121351241.267334
81.6079783333333	75266486.0073242
81.639855	117730259.899414
81.6711216666667	137277244.616455
81.7018416666667	93832794.9512939
81.73358	92329429.1329346
81.7643066666667	141670361.137939
81.7943933333333	113878825.959473
81.824615	94582294.0831299
81.854965	67560920.4680176
81.8856733333333	119191182.009277
81.9160266666667	113745202.63916
81.9467433333333	139788946.435547
81.9767666666667	88001735.3336182
82.0075233333333	174932980.719482
82.0367383333333	123800951.387329
82.0671533333333	98239237.6162109
82.098	166020105.975098
82.1288883333333	90690593.0908203
82.15939	88756447.7026367
82.19053	99758201.706665
82.2213633333333	93378042.1608887
82.2532	99968416.1358643
82.2851183333333	154913693.877197
82.3153266666667	139917967.074219
82.3452833333333	173983911.268799
82.3754116666667	111211664.395874
82.4063583333333	109131795.839233
82.4374666666667	159042544.487549
82.4678116666667	124520693.563599
82.4989866666667	97639618.1983643
82.530865	152150348.600098
82.561055	76863123.0726318
82.59329	106858170.376465
82.6242616666667	104708121.879395
82.6555	70026724.6362305
82.68834	134900365.620605
82.7192866666667	52554010.2061768
82.7526716666667	88214278.2347412
82.7843083333333	62391900.4417725
82.8151983333333	85764102.5018311
82.845715	62715894.6729736
82.8775633333333	86025611.7075195
82.9094583333333	50007158.520752
82.94247	67296124.7357178
82.9745866666667	46749095.7941284
83.006315	71196479.930542
83.0380683333333	72479635.6790771
83.0695383333333	35680858.4384155
83.1032116666667	68609520.6547852
83.134775	53537193.3974609
83.167415	30955126.0343628
83.2001566666667	45835514.267395
83.23294	48073806.2764893
83.265115	48698102.6879883
83.2969916666667	37261171.855835
83.3288216666667	55461018.0308838
83.3611833333333	42193188.7158813
83.3938583333333	39919698.147644
83.4255466666667	63155901.6580811
83.457305	60760720.9106445
83.488625	79911203.40979
83.5183866666667	39885422.0140381
83.55089	43350977.68573
83.5829033333333	50201830.0355835
83.6160766666667	71247192.2060547
83.6471983333333	58249769.2070313
83.6793133333333	57855509.9379883
83.7105533333333	49143973.0153198
83.7433283333333	53084626.4602051
83.774485	53017909.4695435
83.8064933333333	59325645.9230957
83.8380466666667	58833005.3098145
83.87032	58861876.4105225
83.9019633333333	50510412.6356201
83.9338083333333	48313582.9540405
83.966275	66435877.8110352
83.9983816666667	55747540.6528931
84.0312183333333	51469531.9232788
84.0636483333333	57278817.8251953
84.09483	72648382.1547852
84.1250116666667	64533944.8696289
84.15627	37735668.1529541
84.187685	47959930.7915039
84.218805	59286972.2567139
84.2495533333333	43176549.748291
84.2806066666667	60324444.269165
84.312335	69142949.1760254
84.342785	62022365.0612793
84.3744983333333	45109977.8599854
84.4069933333333	46673818.0792236
84.439435	56947746.2016602
84.4703733333333	37177878.9630127
84.5028116666667	72173630.7506104
84.5341316666667	38606508.894043
84.566825	45702297.2732544
84.59844	55782900.8208008
84.6295766666667	41476203.3027344
84.662015	61424497.6274414
84.6930716666667	48687890.2828369
84.7251666666667	55099232.9735107
84.757885	87672171.4605713
84.7889566666667	64781166.0424805
84.82083	43728622.3532104
84.8533466666667	47627302.0161743
84.885595	52665876.0750122
84.9179916666667	49596931.7873535
84.949895	59220335.9553223
84.9802183333333	51113601.9451294
85.0119533333333	50322042.2049561
85.0443666666667	51883161.3868408
85.0758083333333	34978904.9030151
85.108705	38765749.9537964
85.1421183333333	33830410.8496704
85.1753983333333	36337913.5784302
85.2091866666667	20746133.3139648
85.2436033333333	40972527.713623
85.2767033333333	19021223.509552
85.3116366666667	42670514.5773926
85.3434283333333	41617326.1580811
85.3752033333333	35457873.4533081
85.4086233333333	32360203.4295654
85.442225	40603569.3431396
85.47448	20202826.0646973
85.5097833333333	26300356.1048584
85.5419383333333	37732994.0236206
85.574915	15523457.3130493
85.6125083333333	28120636.1781616
85.6452816666667	17505395.967865
85.679915	24983050.1621094
85.7148183333333	31258902.5164795
85.746835	18330958.5074463
85.783765	31725282.0206299
85.8180333333333	30789786.2787476
85.8508166666667	38995091.1037598
85.88238	29358629.3143311
85.9172366666667	23129412.5240784
85.9520783333333	26734990.9459229
85.98839	31092191.3652954
86.02303	28875163.859436
86.055435	16672983.1807861
86.09162	27782924.1658936
86.124295	22741522.0606079
86.161175	28180603.5174561
86.193345	18306204.4473877
86.2285533333333	17255166.6365662
86.26257	17583032.7747803
86.2969016666667	23745113.8759155
86.3303166666667	27422223.6235352
86.362835	28314479.9721069
86.39657	25137049.4457092
86.430585	24245325.8118896
86.46388	17625024.2014771
86.5007933333333	17326840.6291809
86.5359983333333	21939452.6838684
86.5716716666667	14306908.4166565
86.609305	16608064.1566467
86.6454766666667	19852383.463501
86.6797066666667	11497828.3076782
86.7171283333333	20869803.3168335
86.7514033333333	20973810.1975708
86.7853283333333	18748151.8419189
86.8229583333333	19118243.2019653
86.8578316666667	18256407.4306641
86.8934816666667	9487969.77546692
86.935245	19808853.7577515
86.968105	12210255.3221741
87.0050166666667	16389271.7008972
87.0397183333333	19059498.9437866
87.07321	12167104.2810669
87.1099466666667	16928380.5513611
87.1465366666667	18337343.1504517
87.1840316666667	18190696.8482666
87.2196233333333	11041417.7044983
87.2574066666667	16968451.1580505
87.2919233333333	15446902.7858582
87.3288433333333	15291381.1345215
87.3637233333333	12543252.1618347
87.4032233333333	19757847.2385254
87.4415783333333	11054101.8349457
87.482415	17510998.771759
87.51995	15912904.1425781
87.5582616666667	14076581.2762451
87.5959783333333	9159079.45584106
87.635405	12017367.6366272
87.67327	12854095.1697388
87.7099033333333	13920763.7537231
87.74555	19327300.2901001
87.7824266666667	23514486.020813
87.8158633333333	19997398.8223877
87.851525	27487500.0432129
87.8846616666667	11565575.4449463
87.9243183333333	14340216.6444702
87.9646533333333	18967978.0778809
87.999215	17780012.378418
88.036015	14000255.8065796
88.0747266666667	8801896.99394226
88.1148533333333	17433635.652832
88.1504983333333	9032864.4344635
88.191965	14695864.3248901
88.2305633333333	9972489.17889404
88.2707566666667	14216433.7966919
88.30622	8085636.2807312
88.3449333333333	14107208.0126343
88.3815633333333	9193777.5274353
88.4202916666667	12022034.865509
88.459925	9739269.19470215
88.499345	13667816.1034851
88.5376816666667	12052635.4463196
88.5763066666667	9623172.28323364
88.6133716666667	14225090.8342896
88.6493366666667	11901111.3857117
88.6858683333333	14119207.9772949
88.7220233333333	8444413.51449585
88.760925	11789785.0894775
88.8000766666667	11503697.8704224
88.8359183333333	9318496.75495911
88.8738	12190252.7924194
88.914445	7697307.020401
88.95524	13865168.7386169
88.9947466666667	11737050.4719238
89.0318816666667	11570508.5455627
89.0731433333333	11356973.4118042
89.11521	7683530.99736023
89.1586883333333	8251098.90596008
89.19757	9948466.12634277
89.238815	8440087.01119995
89.2791466666667	8997247.92144775
89.3199533333333	7853405.50752258
89.3594366666667	7693952.83448792
89.4013516666667	11315799.8259583
89.44074	9550982.17590332
89.4784	8309258.58587646
89.5187883333333	10969058.8898315
89.55855	7712845.37213135
89.6009783333333	8481808.74554443
89.64153	9177288.72912598
89.6834866666667	7342551.62553406
89.7267083333333	7321496.1366272
89.7687583333333	5507252.78181458
89.8108533333333	9339839.57467651
89.8487033333333	7072232.64517212
89.8887566666667	8843877.54275513
89.9259833333333	9718103.53646851
89.963425	9184407.05337524
90.0052233333333	7916031.77253723
90.046645	9954985.35430908
90.0862033333333	7273950.22407532
90.1283666666667	9794441.58352661
90.170485	6624587.31845093
90.212265	9373236.58760071
90.2559166666667	8432938.24591064
90.2993633333333	9703048.80517578
90.3414633333333	6632181.7640686
90.3839383333333	9611413.10775757
90.4250783333333	8765695.88922119
90.4672866666667	9903184.94110107
90.5010566666667	10140900.8728333
90.5379466666667	13106771.0016785
90.5751216666667	11066845.2423706
90.6157316666667	11886881.1560669
90.65511	7668282.90515137
90.7016383333333	9115193.10388184
90.744385	6302532.89883423
90.7897583333333	7627413.15515137
90.82961	6325469.89782715
90.87153	5702792.1060791
90.9154083333333	7401368.98414612
90.95557	6243162.32575989
90.9989933333333	6661890.14126587
91.0400366666667	8165183.26379395
91.0817166666667	8070496.28439331
91.124275	8541490.15176392
91.16718	6355932.7961731
91.2134583333333	7111252.14213562
91.2557416666667	7894871.71250916
91.3014766666667	8323532.33583069
91.3418383333333	9856837.04037476
91.3786333333333	7421365.68571472
91.42268	8667399.70394897
91.4636716666667	7148349.20722961
91.5049233333333	7892603.4433136
91.5445566666667	8671846.25125122
91.5841733333333	7376344.8687439
91.6241883333333	6789286.50552368
91.6656333333333	5585846.76686096
91.711665	7623266.70887756
91.7536383333333	6547165.32473755
91.7965266666667	6541036.32905579
91.8373983333333	7423733.07148743
91.87699	6856519.26019287
91.9225033333333	7686773.24150085
91.9613566666667	7125541.62185669
92.0061283333333	6681982.68760681
92.043865	7122678.20201111
92.0862616666667	5789909.32145691
92.1325483333333	5613131.9788208
92.1759383333333	6680386.00123596
92.219315	5292467.62640381
92.266945	7004030.72442627
92.3091033333333	6083427.95843506
92.353485	6299620.01535034
92.3958933333333	6610258.30580139
92.4399	6417146.69947815
92.482515	6393702.72439575
92.5257483333333	5602459.52043152
92.569185	6127920.51504517
92.614135	7981320.26689148
92.65257	5215521.06277466
92.69451	6022104.30712891
92.7376583333333	6533335.50175476
92.7793216666667	6244377.20281982
92.8210833333333	6080404.4808197
92.8653066666667	5970108.40386963
92.9083433333333	5826229.96925354
92.95333	4798180.8422699
92.9995383333333	5901757.28741455
93.0431133333333	5245392.89561462
93.0862166666667	5629329.93466187
93.1313283333333	6536532.77639771
93.1746583333333	6002688.17094421
93.2186883333333	6855745.47608948
93.2596816666667	6435640.32237244
93.303725	6960393.80249023
93.3477566666667	6803024.23100281
93.3913783333333	6820818.49557495
93.4347883333333	6150192.62437439
93.4774583333333	7853361.46252441
93.5203216666667	5636729.98690796
93.5653033333333	5547957.0615387
93.6102316666667	5875414.39103699
93.6572516666667	5762728.10238647
93.6983266666667	4527443.82446289
93.7420466666667	5093646.00427246
93.7880066666667	5775013.02366638
93.8295133333333	5080785.55496216
93.8735066666667	4801258.79107666
93.918745	6129149.17219543
93.9623716666667	5548408.39260864
94.0054383333333	5005825.35780334
94.0485933333333	4884822.29203796
94.0962933333333	5168566.31036377
94.1387366666667	4722657.66873169
94.182845	5069352.0246582
94.2280083333333	4550374.94407654
94.275005	5332013.17063904
94.3200883333333	5281859.2421875
94.3649483333333	5221022.93476868
94.4077016666667	5464844.87419128
94.45254	5138518.77487183
94.4955066666667	4734197.46769714
94.540435	5498278.92686462
94.583555	4790120.51002502
94.6282883333333	4055352.47325134
94.6753066666667	4359178.14683533
94.718345	4437904.43505859
94.763215	4207201.18902588
94.8093783333333	4366319.42858887
94.8550766666667	4271635.2039032
94.8999383333333	6505414.28326416
94.9426166666667	4775540.47505188
94.9860633333333	4776987.47651672
95.0309033333333	5346032.7645874
95.0744233333333	6183032.25692749
95.117935	4803664.84977722
95.162685	4412195.87994385
95.2060966666667	4902032.6489563
95.2509916666667	4919825.90252686
95.29576	4353707.88142395
95.342475	4543704.26593781
95.3874883333333	4121872.24359131
95.4319633333333	3962777.38407898
95.4792533333333	4801242.42584229
95.5237133333333	4120604.06570435
95.5684466666667	4571635.47842407
95.611655	4330850.49131775
95.65714	4143328.62467957
95.7045516666667	5539546.36090088
95.74549	4113852.07972717
95.7900066666667	4611269.75143433
95.8349216666667	3609583.81594086
95.88181	4209252.59490967
95.925985	4383722.54786682
95.9716966666667	3583672.44276428
96.0177183333333	3545042.32907867
96.0647633333333	4112046.16609192
96.110565	4323389.54576111
96.15744	3663913.12651825
96.2029916666667	3746487.4548645
96.2491683333333	3623374.59698486
96.2978916666667	3757571.14971161
96.34394	3708135.29679108
96.3920083333333	4346884.85913086
96.4363466666667	3393537.85665131
96.4822483333333	3534279.78407288
96.5296783333333	3696841.66514587
96.5731166666667	3680896.16667938
96.6209833333333	3568275.98698425
96.6626666666667	3228181.08300781
96.70909	3367448.33441925
96.7556183333333	3193048.00537109
96.8013566666667	3873323.87014771
96.8478666666667	2957574.85168457
96.8960866666667	3219312.93338776
96.942515	3167731.23953247
96.9897716666667	3516712.0995636
97.0360433333333	3587168.12167358
97.08288	3629688.93981171
97.1297666666667	3904653.21400452
97.17599	3897146.38583374
97.2213966666667	3119570.92150116
97.26964	3080661.78935242
97.3179616666667	3373202.34900665
97.366285	3278690.90962219
97.4134066666667	3867984.03692627
97.4569733333333	3952324.17884827
97.5022466666667	3597037.6434021
97.5507883333333	3389816.74778748
97.5950716666667	3260734.31655121
97.643175	3936483.83467102
97.685385	4323336.44577026
97.73192	3281176.46813202
97.7769116666667	2698455.43921661
97.823405	3408930.59182739
97.870215	3256225.49160767
97.9176716666667	3420284.07803345
97.9651333333333	3249776.5769577
98.0124283333333	3894509.50151062
98.0551416666667	3207097.82463837
98.102135	3389067.35191345
98.14943	4253871.86607361
98.1951316666667	2847904.46353149
98.242385	3713058.64724731
98.2901983333333	3720558.67785645
98.3369483333333	3165098.34191895
98.384645	2967340.2583847
98.4324633333333	2755559.47714233
98.4794166666667	2949679.6645813
98.5261616666667	3034111.61840057
98.5735783333333	2859234.05787659
98.6200316666667	3203463.25398254
98.6670466666667	2470539.03820801
98.712475	3130772.11133575
98.7602716666667	3292626.98770905
98.8069283333333	3090476.94615936
98.851365	2723247.64540863
98.8977983333333	2609102.49766541
98.9456433333333	2160815.33756256
98.9947533333333	2325157.22246552
