RetentionTime	Intensity
0.00518833333333333	1384800.09371185
0.0529333333333333	1409266.12188339
0.10076	1121205.51683807
0.149028333333333	1502808.17785645
0.197203333333333	1170263.8872757
0.246066666666667	1062477.51139832
0.294653333333333	1623063.64417267
0.340275	1375774.13280487
0.387368333333333	968229.428367615
0.437063333333333	1334469.50569153
0.485528333333333	1134795.92051697
0.534758333333333	1097644.25466156
0.58429	1328059.32429504
0.633076666666667	1300559.56800079
0.682538333333333	1069696.18009567
0.733401666666667	1203077.38027573
0.78486	1321672.40306091
0.835693333333333	1372735.69872665
0.888236666666667	1256429.44792938
0.940188333333333	1481083.9285965
0.992583333333333	1358002.5144043
1.044525	1227131.39006805
1.09523666666667	1221220.51013565
1.1451	1592629.72563934
1.19494333333333	1476198.58900452
1.24573833333333	1495080.64259338
1.29578333333333	1466941.9710083
1.34457166666667	1313828.11535645
1.39540333333333	1426038.19348907
1.44523833333333	1632594.94854736
1.49515833333333	1535712.37813568
1.544975	1436789.69361877
1.59668833333333	1400341.22872162
1.64660166666667	1346261.69750214
1.69762	1241149.9614296
1.74852166666667	1276860.26361084
1.80023666666667	1189285.78751373
1.851855	1208107.43037033
1.90340166666667	1171023.37641144
1.954355	1242247.55483246
2.00552166666667	1262022.83622742
2.057405	1074314.37060165
2.106425	1106658.72707748
2.15591166666667	1135964.66786194
2.20548833333333	1080882.96065521
2.25513833333333	1369058.19319916
2.30409166666667	1617855.126091
2.35119	1223173.32228088
2.39713166666667	981053.215328217
2.44378166666667	1289189.77857971
2.492315	1019671.60709381
2.543355	924284.24622345
2.57293	962646.299388885
2.60944333333333	1147523.88817596
2.66002666666667	1342613.31917572
2.70988166666667	1890481.84957123
2.75659333333333	1470632.09805298
2.80429666666667	1132148.33734894
2.84794166666667	1090517.31949615
2.89856833333333	1270740.23213959
2.94710333333333	1214559.0294342
2.98576666666667	978325.384277344
3.03668833333333	1114229.11209869
3.08757	1364057.23821259
3.133815	1100500.10758209
3.18090333333333	816986.28515625
3.230405	746350.479587555
3.26644833333333	968978.061912537
3.307935	857930.119976044
3.35682666666667	816714.508075714
3.39002	839016.557163239
3.40551833333333	930745.428901672
3.45089333333333	1020846.09873199
3.4983	1186402.57513428
3.54538333333333	972094.535163879
3.58090833333333	769419.059185028
3.61268166666667	767005.268131256
3.62805833333333	844985.039756775
3.66284166666667	857861.133701324
3.67811333333333	678006.301139832
3.69980166666667	930140.383537292
3.72795	855845.328849792
3.75687833333333	949368.460632324
3.79330333333333	1045716.04020691
3.842135	744699.058086395
3.86432166666667	838340.294403076
3.889805	703193.210708618
3.90792833333333	777152.341392517
3.93335833333333	868227.034507751
3.96515166666667	993937.213890076
4.00814666666667	1003846.12275696
4.05035666666667	1145790.77471161
4.09805666666667	763478.161361694
4.14652333333333	909403.836227417
4.19434333333333	974016.515403748
4.243275	969049.607978821
4.29276333333333	971708.983413696
4.33794666666667	965318.496894836
4.386435	1157138.97373199
4.43643166666667	2431711.09293365
4.48404333333333	2946227.95837402
4.53047333333333	2834753.98901367
4.57789833333333	2376917.52114868
4.62575666666667	2266030.69792938
4.67364	2784825.82962036
4.720645	2970086.89805603
4.76735833333333	3080584.35749817
4.81306333333333	3225000.67207336
4.85934333333333	3702545.15556335
4.90513833333333	3770425.12600708
4.95267333333333	4126883.82315063
4.99903166666667	6518705.29034424
5.04426166666667	7296644.15719604
5.09010666666667	6633926.50653076
5.13336333333333	6692565.38290405
5.175845	6015062.62210083
5.22019166666667	5007697.09458923
5.26434166666667	5869555.27542114
5.30928333333333	5440938.598526
5.356405	6638994.0965271
5.40067666666667	9136099.28320313
5.44587166666667	10271283.2889404
5.49155666666667	9387730.1640625
5.53667833333333	8865968.29043579
5.58242833333333	9185465.35632324
5.62812833333333	7229881.6836853
5.67290166666667	6952040.31137085
5.719195	5451031.77822876
5.767085	5817242.14758301
5.81419333333333	6072315.56503296
5.85699166666667	6331618.69876099
5.90432333333333	5218906.65396118
5.94996	5727133.93826294
5.99629333333333	6719364.05493164
6.04093	6835350.52862549
6.08402666666667	7331526.8494873
6.129215	10417728.7501831
6.17291333333333	5042162.25975037
6.22138666666667	8977265.78179932
6.265735	7556149.29333496
6.31042833333333	10331133.6378784
6.35519833333333	9243817.10845947
6.397355	12687612.2926025
6.440545	12676811.5076294
6.48274333333333	25180924.2845459
6.525075	24299692.6312866
6.56694833333333	31942146.322998
6.60661333333333	21445880.3050537
6.64927666666667	30711370.7275391
6.68893666666667	18386263.564209
6.731685	26922981.2258301
6.77287666666667	16608315.6424561
6.816625	30131628.5372314
6.85748666666667	22716678.9296265
6.89814333333333	34739621.1534424
6.933415	31768519.4174194
6.973345	30986271.4400024
7.01248833333333	33820044.2906494
7.05117666666667	33049664.9291992
7.089755	42883287.7054443
7.12785	53046161.3937988
7.16443833333333	51125906.630249
7.20169	65169894.6865234
7.23675666666667	74987314.0866699
7.27246	75064917.6706543
7.30655666666667	101038865.826172
7.34205333333333	87582680.1320801
7.38167	80171464.984375
7.42181333333333	67270743.9394531
7.461995	85741469.7966309
7.499045	65182269.6046143
7.53433833333333	80320736.3693848
7.569915	72651670.5682373
7.60771	59969364.770752
7.642525	61979418.4025879
7.68121666666667	76026361.7158203
7.71889333333333	54852751.5507813
7.76081833333333	71197316.0463867
7.79666166666667	56951165.7015381
7.83455833333333	70448526.5053711
7.8661	70253580.8742676
7.90326166666667	70029266.4084473
7.93726666666667	107039218.675781
7.97146166666667	79245901.5090332
8.00583166666667	115729499.236084
8.03932	103004489.654053
8.074365	132057931.688965
8.10611833333333	140333652.082031
8.14028833333333	207695781.772949
8.170615	222011221.387207
8.202475	232921185.819336
8.23739166666667	240245277.324219
8.27336833333333	240800361.012695
8.305785	191053266.087402
8.34186333333333	168022100.445801
8.37798166666667	159755173.266602
8.41803333333333	170178501.771973
8.452595	87985634.5439453
8.48722	132804815.891113
8.52407666666667	110700411.154297
8.55666333333333	107179545.580566
8.59355	103883872.696777
8.628455	124338613.317627
8.660525	121047703.063232
8.69761	121117164.603027
8.73061	107017468.972412
8.76472	107928065.403564
8.79851166666667	116285480.918457
8.82993166666667	99154286.3835449
8.86652666666667	122406304.994141
8.90276166666667	115273538.381592
8.93452666666667	114323208.066406
8.971305	141014470.893066
9.00670666666667	107942106.57666
9.03852666666667	150904675.177734
9.06988833333333	116345582.34375
9.10080333333333	204800691.381836
9.13445	136581910.461182
9.16981166666667	228652819.209961
9.200835	188458730.569824
9.23334833333333	206965366.890137
9.26348833333333	204926437.519043
9.29891666666667	199649489.576172
9.335185	168164792.627441
9.36724	214642820.421875
9.39661666666667	173294038.560059
9.43022833333333	156786155.984863
9.46574166666667	148136236.746582
9.49538	154084598.050293
9.52625833333333	163323151.967285
9.56008833333333	126739727.866699
9.59227666666667	172145128.514648
9.624175	149453909.780273
9.65345166666667	203234782.456543
9.68141166666667	214549325.426758
9.70985	193965100.180664
9.73964833333333	253595374.3125
9.76913833333333	272526434.203125
9.79764666666667	278917794.09375
9.826435	363600831.69043
9.85449833333333	371041320.06543
9.88238833333333	316735114.040039
9.91183	367083635.429688
9.94042166666667	345427926.496094
9.96862833333333	428277742.771484
9.99821	469650235.15625
10.0264966666667	484013351.390625
10.0542333333333	501107560.427734
10.0831466666667	513917448.558594
10.1123283333333	536592226.205078
10.1406633333333	479613041.255859
10.168585	572581438.179688
10.1979483333333	468802908.540039
10.2263366666667	513330306.727539
10.2562566666667	607472244.851563
10.2864016666667	505515787.296875
10.3181833333333	500415115.759766
10.3475466666667	521658021.693359
10.3768233333333	554390107.726563
10.40857	446056941.369141
10.4412866666667	536977560.203125
10.4698616666667	476250131.933594
10.498235	478211578.487305
10.527915	429872015.348633
10.559795	466588828.573242
10.592425	452889563.732422
10.6216316666667	504923850.054688
10.6527316666667	461152587.555664
10.6819516666667	464051331.241211
10.71153	371494110.384766
10.73976	421030105.287109
10.7679816666667	488212170.525391
10.7984666666667	455718301.370117
10.8288883333333	459855196.811523
10.8575833333333	426551221.929688
10.88703	475489537.097656
10.9165233333333	533340588.414063
10.94668	494764533.694336
10.9770266666667	409689759.46582
11.0071366666667	389631335.974609
11.0381166666667	350633760.117188
11.069515	438589239.499023
11.098915	362384545.960938
11.129485	399374658.946289
11.1572983333333	352866075.306641
11.1863116666667	328364996.899414
11.21791	397593720.641602
11.2466616666667	402186826.174805
11.2756433333333	459390712.191406
11.30398	361505836.571289
11.3319016666667	480200755.121094
11.3596983333333	424410065.546875
11.387325	391466684.311523
11.4156433333333	431578966.902344
11.4431033333333	472135712.308594
11.4714566666667	469076052.577148
11.5003533333333	496648761.53125
11.528605	465494300.748047
11.55666	384492733.299805
11.5842066666667	417656877.143555
11.611895	450351014.336914
11.6405916666667	462347379.763672
11.6705616666667	504907074.25
11.6981416666667	582779278.775391
11.7259116666667	540582647.158203
11.7537666666667	555266181.355469
11.7819883333333	469539789.666992
11.8105983333333	558491059.646484
11.83766	534632982.054688
11.86583	534627625.810547
11.8934716666667	549931667.482422
11.9205233333333	584129774.363281
11.948955	606425891.220703
11.9774683333333	537535559.635742
12.0055483333333	539960209.519531
12.0352933333333	635991015.212891
12.06433	550178294.273438
12.0937533333333	582661543.185547
12.1209133333333	502515713.542969
12.15005	501728636.460938
12.178905	478484275.995117
12.2068033333333	538010555.289063
12.23505	415768517.599609
12.2637566666667	513116138.414063
12.29146	443767835.004883
12.3200816666667	479067219.847656
12.34894	420394965.057617
12.3774883333333	484637997.207031
12.40537	443630542.495117
12.432985	454523607.138672
12.4611616666667	511857876.876953
12.48987	516052636.25
12.5165933333333	536572745.337891
12.5452	495230570.228516
12.5729983333333	458691664.697266
12.6022533333333	451186365.511719
12.6312033333333	486066214.091797
12.6591766666667	484854480.736328
12.6876816666667	510533316.251953
12.71504	568822871.335938
12.7436733333333	562228721.345703
12.7720016666667	491779583.210938
12.800695	485077710.107422
12.8293716666667	492365498.632813
12.857735	504296454.779297
12.885535	501365313.369141
12.9140066666667	523713107.216797
12.9424116666667	569007122.708984
12.970165	512240939.554688
12.9982616666667	544316248.919922
13.0276833333333	507837343.185547
13.0559816666667	548607952.572266
13.0839533333333	492745446.376953
13.1124733333333	552022722.507813
13.1402783333333	480035380.964844
13.16809	592232983.746094
13.1966783333333	509245174.460938
13.2257616666667	536028528.154297
13.2544233333333	566090082.349609
13.2822866666667	554681045.972656
13.3108666666667	554838265.298828
13.338595	570107767.400391
13.3665866666667	633057267.011719
13.3936283333333	573837970.472656
13.4211116666667	580661159.611328
13.4489266666667	574184710.084961
13.47623	768887261.068359
13.5038133333333	634124707.216797
13.5319916666667	622311108.816406
13.55946	690498047.056641
13.58756	661371064.589844
13.61568	549584118.162109
13.6454666666667	539380873.447266
13.6745983333333	619213968.869141
13.7028133333333	597472257.660156
13.7313116666667	487981098.00293
13.761295	585333343.681641
13.7895983333333	512882782.310547
13.8177383333333	568351063.896484
13.8468	548278866.726563
13.87434	529397881.833984
13.9022733333333	562525645.900391
13.9303416666667	511977202.466797
13.9586116666667	573918728.994141
13.98791	529070201.292969
14.016545	616197380.972656
14.0455966666667	513866675.117188
14.0743133333333	529756151.888672
14.10155	613307862.234375
14.12879	572361198.201172
14.1551283333333	552482851.185547
14.1831783333333	516014906.880859
14.21245	550845673.277344
14.2411866666667	555026595.507813
14.2696266666667	653943480.306641
14.2971233333333	562114446.996094
14.3241233333333	580353753.828125
14.3511833333333	557296593.615234
14.3791783333333	579363378.15625
14.4069516666667	629346622.226563
14.4354583333333	588716572.304688
14.4625666666667	607996606.773438
14.4896633333333	600173708.113281
14.517325	586451247.832031
14.5453216666667	670492455.986328
14.5720716666667	596996893.070313
14.59982	601289747.193359
14.6285216666667	654291911.775391
14.6565383333333	575816930.714844
14.6840733333333	585492156.947266
14.7133733333333	609530037.183594
14.7395966666667	614473670.511719
14.766265	635275484.193359
14.79404	576825100.847656
14.8208366666667	650652371.130859
14.8484533333333	650139687.490234
14.8766266666667	663260362.457031
14.9043466666667	614159954.980469
14.9317333333333	656961308.214844
14.9589216666667	632718645.425781
14.986385	625577059.080078
15.0151616666667	741114125.371094
15.04322	710338126.710938
15.069805	661293643.373047
15.0959683333333	682242117.826172
15.124905	671267079.273438
15.1531216666667	672450409.681641
15.18155	782988419.759766
15.2089333333333	719212012.667969
15.2353183333333	715949210.986328
15.26229	739363351.634766
15.2903766666667	785155833.992188
15.3173866666667	715037795.830078
15.3445866666667	765906031.835938
15.372285	780948454.138672
15.3994016666667	730633431.652344
15.4269366666667	688748028.773438
15.4539433333333	774112807.464844
15.48111	733125175.162109
15.508635	706428725.945313
15.5369133333333	776139560.314453
15.5642233333333	688316975.572266
15.5917966666667	820724342.861328
15.6181966666667	775333072.464844
15.64481	721144430.328125
15.6721283333333	716871442.710938
15.6993166666667	667326161.923828
15.7282033333333	729744101.056641
15.7544716666667	717302578.947266
15.7828	659739753.244141
15.8119183333333	671204457.357422
15.8401616666667	684086629.048828
15.868045	635959998.496094
15.895605	604070331.685547
15.9228483333333	649040244.962891
15.95084	692457003.355469
15.9797066666667	609327958.130859
16.0069166666667	579202597.255859
16.0340216666667	583065892.027344
16.0615583333333	677139422.587891
16.0883483333333	626108240.849609
16.1152733333333	597071568.619141
16.142885	667084869.158203
16.1702833333333	606817712.501953
16.1969033333333	667197945.298828
16.2232016666667	710285265.392578
16.2508033333333	661937559.544922
16.2787466666667	732565038.587891
16.30602	810544744.746094
16.3326216666667	710162713.164063
16.36031	815737652.806641
16.3884183333333	701188449.072266
16.4159183333333	644650476.304688
16.4439966666667	669816583.388672
16.4721633333333	702324415.792969
16.4997416666667	757199903.082031
16.52718	674841431.964844
16.5544033333333	739169417.869141
16.58195	702067249.720703
16.6100933333333	595063314.666016
16.639365	761954274.583984
16.666825	681280777.830078
16.6942783333333	676781037.841797
16.723725	666609604.15625
16.7517983333333	654734400.910156
16.7795166666667	594352126.652344
16.807885	663967077.425781
16.8355	633099678.236328
16.8633133333333	669740220.138672
16.8908333333333	675316416.427734
16.9191066666667	748419489.09375
16.9456266666667	687042204.029297
16.97274	699936471.625
17.0009266666667	658313265.681641
17.0282366666667	730124963.423828
17.0553166666667	661197660.294922
17.0808883333333	666753303.390625
17.1075	733516029.251953
17.135455	698252905.306641
17.1628816666667	705308996.060547
17.1910166666667	699437376.998047
17.21965	711048553.035156
17.24818	667924815.226563
17.276655	674439935.451172
17.3041116666667	750036251.84375
17.33246	788598494.226563
17.35979	736753057.107422
17.387585	790589578.283203
17.4143533333333	730199431.310547
17.4419466666667	784220231.566406
17.469145	761280256.953125
17.4976416666667	730903333.615234
17.52394	685624632.257813
17.551175	749093055.080078
17.5797566666667	794794269.263672
17.6061083333333	735423912.173828
17.6337166666667	749196057.216797
17.6608033333333	818011308.25
17.6872566666667	772351625.351563
17.7151283333333	648733901.90625
17.7425216666667	804546206.085938
17.7716133333333	753873733.921875
17.7982983333333	889942443.039063
17.825925	796103655.048828
17.853795	774072171.933594
17.8823733333333	707549736.921875
17.91191	839419772.732422
17.9401266666667	757089290.988281
17.9685116666667	725229041.236328
17.9949166666667	723656005.876953
18.0234316666667	680564585.728516
18.0507283333333	778926175.572266
18.0785266666667	687094695.369141
18.1061466666667	648763843.007813
18.1328916666667	761619824.658203
18.16056	783489855.1875
18.18829	848224069.097656
18.2169716666667	797218060.931641
18.244255	720681522.300781
18.27299	735339320.503906
18.301325	772236634.001953
18.3296416666667	698389783.898438
18.359855	737313292.371094
18.3878466666667	717474537.011719
18.4160133333333	689357237.265625
18.4445083333333	710387700.970703
18.4735166666667	711901976.394531
18.5016283333333	780647632.46875
18.529245	756458905.662109
18.5575433333333	747092884.416016
18.5845516666667	795904232.802734
18.6112733333333	867400569.009766
18.6377183333333	758371762.759766
18.664955	723837153.986328
18.6917216666667	787377681.375
18.719465	754545105.505859
18.7459616666667	777864101.273438
18.77383	799788807.146484
18.8014216666667	821715083.162109
18.8283	818306674.166016
18.8545716666667	755942111.677734
18.8818416666667	763276895.693359
18.90849	761922105.978516
18.9354566666667	721093105.111328
18.9632233333333	744833068.988281
18.99167	853631874.820313
19.020475	672727660.177734
19.0490933333333	810804193.785156
19.0767	764851472.996094
19.1044933333333	749984286.050781
19.1323516666667	681387864.970703
19.1594266666667	759458783.457031
19.1865766666667	816581025.630859
19.21457	850491945.429688
19.2410866666667	842728585.378906
19.2690616666667	743566456.509766
19.2956483333333	754158305.84375
19.3214416666667	776895941.523438
19.3485616666667	713637458.621094
19.3756333333333	798626106.076172
19.4024866666667	842838685.554688
19.4293433333333	875806574.955078
19.45694	955584642.771484
19.4832066666667	883401077.285156
19.5110333333333	890261551.400391
19.5373766666667	744261209.517578
19.5648433333333	931682467.773438
19.5913933333333	811871455.671875
19.61941	879775484.464844
19.6467	886250519.613281
19.67463	864562555.740234
19.7017783333333	819846488.378906
19.728595	778215755.84375
19.754835	822211791.509766
19.7820716666667	855828756.527344
19.8083833333333	891619456.246094
19.835585	841971161.396484
19.8624633333333	855868005.564453
19.8886616666667	804461808.855469
19.9157683333333	882347388.103516
19.942405	991918437.636719
19.970095	984883312.679688
19.9966916666667	927965070.572266
20.023905	942621170.810547
20.0525533333333	963694833.542969
20.0800933333333	1039160000.29688
20.1077183333333	960166676.925781
20.1349266666667	883340315.882813
20.1631233333333	964721326.591797
20.19035	951098288.886719
20.2178783333333	920156639.003906
20.24535	911813141.921875
20.2722433333333	805846087.160156
20.3005366666667	813662185.552734
20.32856	814065295.525391
20.3549716666667	867850100.564453
20.3821833333333	819336402.71875
20.4090366666667	793924976.142578
20.4365133333333	846039006.583984
20.46374	840854469.529297
20.4921	803805499.501953
20.5188166666667	722387213.494141
20.5449916666667	888813154.333984
20.5710433333333	754629212.314453
20.5978216666667	655703012.925781
20.62579	851283662.970703
20.65229	888486929.730469
20.6789583333333	882413110.695313
20.7061816666667	907627434.507813
20.733805	950293699.34375
20.76114	959553779.675781
20.78772	1004775144.1875
20.815005	988318225.773438
20.8423616666667	977054387.357422
20.869755	1089003093.69531
20.8963866666667	1027165556.35547
20.9236316666667	960683732.839844
20.950835	1000117640.14648
20.97849	979275591.40625
21.00584	988204329.734375
21.0332983333333	965310231.332031
21.0611466666667	940613919.083984
21.08868	966828573.333984
21.1152583333333	1034060637.51563
21.14349	914411616.375
21.1701183333333	906105196.986328
21.1972483333333	1000786932.45313
21.2242616666667	1033006641.13281
21.251065	1103417674.04688
21.2776016666667	937195631.105469
21.3048366666667	1027612948.6875
21.3317233333333	935639896.574219
21.3595833333333	1004028126.52734
21.3869766666667	925065222.796875
21.4149833333333	931731663.890625
21.4423266666667	924665119.837891
21.4698016666667	932416531.546875
21.4968283333333	978879975.621094
21.52444	972756634.054688
21.5514616666667	964539537.617188
21.5775383333333	965828705.148438
21.60502	1004935130.37109
21.6316033333333	998936280.976563
21.6585233333333	983744624.445313
21.684845	989774173.140625
21.7117616666667	944536322.289063
21.7394	966097179.164063
21.7672133333333	1029394936.08203
21.794795	1006572283.76172
21.82151	1050797053.85156
21.8491233333333	1037611282.38281
21.87637	1060060606.08594
21.904665	979046536.078125
21.9321533333333	993643478.539063
21.9597616666667	1054733352.5
21.9869	1072563670.3125
22.0138033333333	1148933671.92969
22.0410416666667	1098550526.99219
22.0685216666667	1143793103.61719
22.0961133333333	1106823503.93359
22.123045	1148287584.77344
22.1501916666667	1095174915.23438
22.1779483333333	1064187993.30469
22.20455	1054467725.1875
22.2320183333333	987101249.066406
22.2600616666667	1048823819.35547
22.2867383333333	1033970730.28125
22.3137666666667	946731064.871094
22.34024	952504260.726563
22.3669266666667	1004708071.41016
22.3942633333333	1028468962.37891
22.4222933333333	1046091477.22656
22.44921	1087356947.03906
22.4757166666667	1094059178.83984
22.50207	1160947965.24609
22.5288	1170977354.79297
22.5557283333333	1174930751.35156
22.5831766666667	1183382569.03125
22.61116	1222230328.22656
22.6389	1196066118.57813
22.6662833333333	1238664275.89453
22.6925066666667	1252884507.63281
22.718745	1306222238.86328
22.747355	1290396641.32813
22.7752183333333	1264960048.81641
22.8014233333333	1320220986.47266
22.828875	1286667209.78516
22.8564916666667	1298486025.35938
22.8837533333333	1192176111.42969
22.9113583333333	1193587243.72266
22.938695	1160896535.96484
22.96585	1163313361.21484
22.99333	1152993422.02734
23.0209183333333	1164425898.14453
23.049435	1125525834.67188
23.0775866666667	1201305228.63281
23.1050266666667	1276271570.86328
23.1333066666667	1411061086.11719
23.1608483333333	1346521609.99609
23.1882033333333	1520236489.67969
23.2165483333333	1524775384.36719
23.24322	1633752694.77344
23.27084	1543394970.82422
23.2976116666667	1723998052.16797
23.32619	1624734413.20703
23.35449	1568780541.92578
23.3823633333333	1530811449.41406
23.4092283333333	1490778052.58203
23.4360666666667	1392385665.15625
23.46457	1422203633.98828
23.4922983333333	1403186381.51953
23.52062	1393300495.85156
23.54891	1384533910.89844
23.5772166666667	1411494651.83203
23.60512	1374347676.44141
23.6332066666667	1434313876.05078
23.6602383333333	1423340148.23438
23.6876866666667	1383485080.75781
23.7139633333333	1448419148.54297
23.74092	1380611531.77734
23.7686716666667	1488639697.98047
23.7959233333333	1536389840.88672
23.8228666666667	1406009236.83203
23.8493833333333	1457696720.64063
23.8765783333333	1436065370.4375
23.90507	1452680578.92188
23.9330366666667	1357495244.78906
23.9603133333333	1457573903.47266
23.9870383333333	1491247840.19531
24.0137516666667	1463919967.73438
24.0415883333333	1509606834.17969
24.06871	1404046028.53906
24.0961366666667	1467454146.29297
24.123705	1503153752.64063
24.151595	1575411152.32422
24.1789833333333	1514911131.09766
24.2062666666667	1428789785.07031
24.2333566666667	1424551896.24219
24.260225	1535588996.07813
24.287505	1462458794.01172
24.3147683333333	1456397607.58984
24.3431	1428606805.86328
24.3704816666667	1433756937.51953
24.3979283333333	1408788722.63281
24.426265	1472083807.09375
24.4546383333333	1396251999.88672
24.4827633333333	1340035381.08594
24.5106516666667	1381157839.21094
24.5397566666667	1353538700.9375
24.56674	1315838137.37109
24.59375	1300570798.17969
24.6211	1304393309.14844
24.64904	1298954867.59375
24.6753266666667	1312226550.49609
24.701445	1299975066.23438
24.7284233333333	1318320150.26953
24.7550466666667	1329929070.76953
24.782235	1362181420.32813
24.8085216666667	1407454102.625
24.8362883333333	1419997218.63672
24.8639766666667	1337635952.69141
24.8906783333333	1456575777.15625
24.9179566666667	1431087079.11328
24.9460866666667	1570872989.90625
24.9734416666667	1417538384.83984
25.00112	1474247103.80859
25.0285466666667	1533954212.80078
25.0553816666667	1451013495.92578
25.0833016666667	1403561023.28906
25.1109083333333	1490153736.26563
25.139845	1456900716.92188
25.1664033333333	1471897708.57031
25.1944116666667	1426141198.71094
25.221405	1457516820.53906
25.2490266666667	1437943625.87109
25.2766766666667	1428458881.48828
25.303485	1421964179.44531
25.3305883333333	1371558573.28906
25.3569633333333	1415828733.16406
25.3840683333333	1400962416.04297
25.4122533333333	1370768494.42578
25.4399683333333	1373642661.07422
25.4673016666667	1385751361.39063
25.4944633333333	1318910267.79688
25.5209883333333	1353659587.56641
25.5486666666667	1404356725.71484
25.57606	1393210472.89453
25.60423	1401694853.72656
25.6309683333333	1395021470.3125
25.65837	1410776515.08594
25.684515	1369663771.30469
25.7127683333333	1410379058.82813
25.74106	1363570059.26563
25.7690516666667	1328367291.60547
25.7972183333333	1299697703.86328
25.825095	1350541154.76563
25.8524916666667	1273136820.92969
25.8802666666667	1230243830.26953
25.90799	1299707461.66016
25.93518	1293524265.625
25.9618116666667	1282011048.55469
25.98928	1266954418.72656
26.0171816666667	1263152565.62891
26.04434	1248562683.30469
26.0717766666667	1208763955.60547
26.0982883333333	1357078179.66406
26.1248766666667	1334374226.61719
26.1514566666667	1337690598.32031
26.1801333333333	1318758094.33203
26.20661	1310520338.23828
26.2347566666667	1230211501.92969
26.2615366666667	1371219223.11719
26.2884733333333	1345339560.69141
26.3148583333333	1322694420.42188
26.342025	1380460408.64844
26.3691133333333	1272083024.32031
26.3967583333333	1336736159.83203
26.424385	1347014894.09766
26.4516333333333	1377996110.83594
26.47816	1268623473.25
26.50533	1333223719.83984
26.5315966666667	1401251358.03906
26.558995	1427916796.19141
26.5864016666667	1363306168.94531
26.6134883333333	1417051783
26.641595	1422787915.87891
26.6691866666667	1377077834.30078
26.6970516666667	1411344749.20703
26.724785	1317139868.51172
26.75193	1354870435.70313
26.7801683333333	1291522426.27734
26.8081033333333	1259603743.84375
26.8345533333333	1342726797.28516
26.8620233333333	1237280990.26563
26.8896566666667	1326185526.94531
26.9167533333333	1345771157.21875
26.9427716666667	1324744357.28516
26.9702016666667	1357659030.67969
26.9977133333333	1265162450.76172
27.0253233333333	1320536252.35938
27.0525416666667	1332991032.25
27.081065	1355070261.34766
27.1094533333333	1349953849.41406
27.1371	1330021757.17969
27.16461	1366007522.0625
27.1917583333333	1377524746.37891
27.220135	1259159599.97266
27.2471833333333	1229510270.45313
27.2752633333333	1198557440.22656
27.3022983333333	1266194577.93359
27.3290866666667	1237255306.1875
27.3569133333333	1328433334.67969
27.38369	1257900270.88281
27.4105283333333	1284756443.16406
27.438415	1253371253.44922
27.4657933333333	1254446681.53516
27.49389	1348210236.86328
27.5215966666667	1328524037.52734
27.54853	1327060056.01563
27.5764583333333	1404408165.60547
27.60445	1391624452.39063
27.6326166666667	1398288476.55078
27.6605016666667	1400278549.73438
27.6877683333333	1370103708.27344
27.714645	1306857657.30859
27.7413633333333	1347325731.58594
27.7682983333333	1283144882.23438
27.7943133333333	1306063001.64844
27.821525	1384270044.18359
27.849025	1272036759.78516
27.8756366666667	1385381623.34375
27.9036683333333	1310386901.21875
27.9301233333333	1316181821.34375
27.957155	1271400576.21094
27.98562	1228056914.89453
28.0131866666667	1223842385.72266
28.0412033333333	1292382973.57422
28.0689816666667	1371294794.83984
28.0962233333333	1349401092.49609
28.1238083333333	1315632393.25
28.1512733333333	1327821863.33984
28.178885	1347752192.03516
28.2063816666667	1246812175.07422
28.2345666666667	1234499704.5625
28.262845	1169797530.49609
28.2910833333333	1252586696.66406
28.3189616666667	1186235202.68359
28.3463816666667	1147391402.36328
28.3735216666667	1278407202.39453
28.4014666666667	1330379464.375
28.42932	1244989058.91406
28.45748	1278950899.57422
28.4849983333333	1178763571.55078
28.511995	1191722159.53125
28.5394966666667	1285414458.77734
28.5664316666667	1205419910.73828
28.59379	1274614776.05078
28.6206916666667	1209822934.16016
28.6486383333333	1238367981.52734
28.6762383333333	1181079240.51953
28.7035166666667	1260449521.51172
28.7308916666667	1280129706.75
28.7586166666667	1316239385.21875
28.7849516666667	1366767101.06641
28.8118483333333	1316670657.18359
28.83878	1413559413.84766
28.8652666666667	1245261458.89844
28.8926466666667	1379432738.65625
28.9202233333333	1306500191.21875
28.9483666666667	1259983887.76953
28.976605	1266229511.63672
29.005125	1371274088.10938
29.0340983333333	1210115824.25781
29.0623783333333	1281719260.22656
29.0901516666667	1312762367.82422
29.117955	1279441510.01953
29.1461633333333	1396130995.0625
29.1751383333333	1302969572.65234
29.2036	1272958893.70313
29.2312366666667	1185806719.875
29.2590533333333	1247799137.00391
29.2867183333333	1197167406.20703
29.31442	1154832035.79297
29.3416316666667	1201163925.87891
29.3688383333333	1167451572.71875
29.3969516666667	1260724284.55078
29.42465	1317831310.89844
29.4529283333333	1316235928.42188
29.4805766666667	1362138890.27734
29.5088583333333	1330506197.41016
29.5367766666667	1305682581.84375
29.5641366666667	1225387620.93359
29.5920916666667	1262824243.12109
29.6209033333333	1159140426.33984
29.6490866666667	1095615686.13281
29.6758166666667	1243230953.46875
29.7037483333333	1108404703.10938
29.73243	1180796106.05078
29.7612683333333	1182556733.97656
29.7888266666667	1205692730.48438
29.8175483333333	1105805355.64063
29.8455316666667	1187218605.36328
29.8730466666667	1190486152.40625
29.9010966666667	1244380746.85156
29.9284033333333	1231689938.74609
29.9563083333333	1185649578.46484
29.98355	1210391199.03125
30.0119683333333	1223088537.72656
30.0394733333333	1264515023.76563
30.0688016666667	1278417438.26172
30.09718	1214666077.07422
30.1254333333333	1226309997.92578
30.1541933333333	1242180888.70313
30.18316	1338965090.46875
30.2115166666667	1180557911.58984
30.24101	1246423853.75781
30.2689916666667	1218624424.78906
30.2987666666667	1231901176.3125
30.32725	1307945986.99609
30.3547083333333	1230695691.52344
30.3840066666667	1270492737.63281
30.41248	1387232426.76563
30.4410983333333	1218666329.74219
30.469955	1297441958.26953
30.4981433333333	1269766837.59375
30.5267166666667	1241460455.30469
30.554655	1315568594.84375
30.5822516666667	1283628025.47656
30.6111133333333	1347495432.49219
30.64024	1280471253.34375
30.66852	1352957537.18359
30.6970216666667	1291025766.35156
30.7268016666667	1201732599.10547
30.754065	1155923525.51953
30.7820283333333	1145059098.94922
30.8114516666667	1173853390.28516
30.8396383333333	1164209889.05078
30.8669466666667	1130109498.89063
30.8940533333333	1208892597.95313
30.920475	1202656627.47266
30.9485483333333	1223918892.61719
30.9759083333333	1171508072.15625
31.003185	1144407888.05469
31.031775	1221422251.78906
31.06038	1173829308.50781
31.08832	1171926640.88281
31.115495	1171332412.46094
31.143095	1142943994.97266
31.1713183333333	1100653494.25
31.1982066666667	1120815239.02734
31.226635	1128715904.21875
31.2550033333333	1157451160.46484
31.2826866666667	1259384696.30469
31.3102583333333	1281077315.02734
31.3378983333333	1333616176.77734
31.36578	1254292677.75781
31.3932783333333	1272102123.94922
31.4218166666667	1296634723.46875
31.4500166666667	1347507118.11328
31.478315	1354995609.28906
31.5074666666667	1385652435.60938
31.5359283333333	1193090646.53906
31.5642733333333	1156272918.69922
31.59369	1127398805.87891
31.6220366666667	1106882226.19141
31.65113	1086682722.26172
31.6799966666667	1052921717.73438
31.7081283333333	1054723855.48047
31.7369283333333	951331544.140625
31.7665383333333	1044865472.51172
31.7943533333333	1029325947.9375
31.82229	1050435221.39844
31.8510116666667	1074682095.6875
31.8794233333333	1066183684.94922
31.9071316666667	1041077772.76563
31.9356816666667	1057784278.14453
31.9641566666667	1092478920.53906
31.9924383333333	1035129844.01172
32.021025	1078553300.66016
32.04979	1015040514.01953
32.078645	955456412.824219
32.1085983333333	982049429.710938
32.1371783333333	1029141310.43359
32.1668283333333	1101801111.34375
32.1957116666667	1097776986.33203
32.2245383333333	1031248633.72656
32.2527133333333	1020274610.08203
32.281285	1022194012.33594
32.3100666666667	1036921836.91406
32.3385833333333	1008501581.50391
32.3662733333333	1025683934.13281
32.395055	1033412353.61719
32.4225383333333	1022663512.96875
32.4510433333333	1077308869.86328
32.4786633333333	1054817584.07031
32.5062416666667	1061227101.33203
32.5353633333333	1013100444.57031
32.564005	1009835984.79688
32.5923883333333	1031722492.64453
32.6208933333333	1028513278.67578
32.6500433333333	1070207434.63281
32.6783366666667	1046225330.97266
32.70771	1028212686.79688
32.7365433333333	1003414963.54297
32.7657116666667	994082901.867188
32.7943983333333	1026493344.77344
32.822345	1025854418.42188
32.850995	1045925229.1875
32.878895	976196102.640625
32.9071016666667	1004763804.51172
32.9354983333333	986713780.996094
32.963815	1042568491.71484
32.9919783333333	1013385042.17188
33.020165	1037280991.69531
33.0489383333333	932638525.601563
33.0770466666667	933114429.914063
33.1064083333333	1041690881.43359
33.13519	1054750459.75
33.1637883333333	1014642892.64453
33.1930266666667	1109748410.47656
33.2217933333333	1055193973.18359
33.2511683333333	1002710137.29297
33.2806366666667	1037412680.82813
33.309585	963144946.691406
33.3374983333333	1028709748.09375
33.366735	1079761191.32422
33.3958383333333	1036569610.39844
33.42434	1067584213.11328
33.4527583333333	1066055586.66016
33.4818083333333	1036661142.60938
33.5102666666667	1009911425.00781
33.53918	970122816.902344
33.5669533333333	969949952.710938
33.5963483333333	917520353.15625
33.6248916666667	965890091
33.654175	928189723.9375
33.68298	918822282.328125
33.7117133333333	902538553.847656
33.741095	906395936.453125
33.7690683333333	897148482.820313
33.7983216666667	947256860.027344
33.826495	979066783.128906
33.855045	932365200.351563
33.8838783333333	883507988.773438
33.9135116666667	850368661.554688
33.9425766666667	895779646.832031
33.97134	834843342.804688
34.00029	841986089.015625
34.02949	844910365.214844
34.0582916666667	893025741.398438
34.0856716666667	911068427.421875
34.1147216666667	895020363.261719
34.1428933333333	913676125.050781
34.1707633333333	925131642.113281
34.1992166666667	937611036.257813
34.2281	895896869.644531
34.2564316666667	932606441.417969
34.2855866666667	886455569.71875
34.314815	895157482.542969
34.3442016666667	913549443.105469
34.3735016666667	884346333.382813
34.4026716666667	901074580.523438
34.4323683333333	860206696.339844
34.461075	906087396.105469
34.4901666666667	821609012.445313
34.5194	846068603.730469
34.548925	790281857.833984
34.5779116666667	798573092.576172
34.60769	844956534.148438
34.6358566666667	861350204.851563
34.665325	822436549.660156
34.69454	826682596.945313
34.7232666666667	874127568.324219
34.752495	855524443
34.78221	886082122.960938
34.811805	969995685.246094
34.8408666666667	921132120.261719
34.870935	868723754.429688
34.900825	934064769.355469
34.92976	952645461.007813
34.9593883333333	949892682.90625
34.9880616666667	941858950.617188
35.01722	944337361.75
35.0463566666667	904364810.960938
35.07516	875834695.339844
35.1047416666667	799411041.382813
35.134245	783632681.207031
35.1636116666667	778274944.869141
35.1921466666667	747666685.427734
35.221145	738348546.195313
35.25049	765354155.398438
35.2799183333333	707730501.101563
35.30898	763319903.902344
35.3385616666667	729673899.615234
35.3676566666667	697135471.251953
35.3975933333333	743996331.210938
35.4275933333333	761894817.791016
35.4575116666667	755826827.167969
35.4873983333333	769776190.853516
35.5159483333333	790387071.818359
35.54543	789563114.671875
35.5753683333333	828783893.195313
35.604335	834842744.302734
35.633565	792505741.400391
35.6620933333333	730139007.298828
35.6907333333333	833224443.404297
35.7200983333333	805462901.988281
35.7502666666667	832380503.777344
35.779175	812332655.166016
35.808515	831024340.105469
35.8381933333333	828142267.548828
35.8681333333333	842165149.070313
35.8975066666667	803309165.693359
35.9269716666667	770793923.898438
35.9564716666667	812620733.896484
35.986015	752037929.251953
36.01705	851817558.960938
36.0480166666667	773593881.640625
36.07818	745910744.158203
36.1084916666667	755762234.501953
36.1383116666667	760572448.470703
36.1681416666667	708405877.951172
36.1977466666667	804235775.572266
36.2268333333333	770241903.837891
36.2555533333333	771008439.337891
36.2845633333333	789758695.1875
36.3147583333333	754636899.353516
36.3439766666667	783741087.996094
36.3732883333333	823761961.390625
36.4024516666667	772242416.820313
36.4316116666667	813947030.101563
36.4611633333333	781198473.292969
36.4905966666667	791937164.853516
36.5202883333333	734918057.162109
36.54812	752340529.966797
36.5778516666667	716418659.830078
36.6072516666667	708174500.097656
36.6366766666667	756972927.111328
36.665955	757133792.263672
36.6948116666667	749442389.568359
36.7242066666667	704820280.714844
36.7527866666667	754811815.347656
36.7820833333333	761735687.271484
36.8124316666667	756658147.730469
36.8413016666667	784132866.460938
36.87089	726152271.970703
36.8999466666667	733974761.019531
36.9292966666667	757941016.470703
36.9587833333333	748814417.261719
36.9872316666667	781165984.175781
37.017365	742866488.990234
37.0463566666667	766271482.068359
37.0765066666667	682933273.470703
37.1065083333333	719135831.142578
37.1367933333333	719200776.191406
37.16696	685631000.082031
37.1965216666667	686405205.421875
37.22666	743670477.929688
37.25664	683076911.921875
37.2847516666667	687900229.074219
37.3145116666667	723957690.191406
37.3450416666667	732414643.703125
37.373865	670543187.294922
37.4024016666667	727163538.751953
37.43217	736243993.148438
37.4615283333333	705849237.388672
37.490645	746881316.992188
37.519525	753882051.529297
37.5491233333333	688489985.191406
37.57835	716339329.152344
37.6083583333333	670693120.148438
37.6383083333333	723721209.560547
37.6686883333333	692794655.554688
37.6983066666667	670156928.144531
37.7282816666667	696956063.925781
37.7576866666667	691038724.488281
37.786695	748279912.447266
37.8169916666667	701927248.193359
37.8471183333333	735526387.302734
37.87686	723535773.636719
37.9071683333333	689267752.927734
37.936125	686116736.818359
37.965495	713989374.724609
37.9947166666667	674489738.111328
38.024595	635046542.414063
38.0544316666667	673649424.541016
38.08454	616505504.490234
38.1147483333333	624909457.958984
38.1445966666667	601347967.242188
38.1745183333333	631697339.630859
38.20464	663452597.175781
38.234965	671025670.072266
38.265295	667212517.625
38.294755	688786573.748047
38.3246816666667	710149930.439453
38.3551566666667	675187366.238281
38.3848366666667	704386186.453125
38.4152483333333	676713480.347656
38.4456483333333	674158648.240234
38.477365	639141868.632813
38.5081466666667	638680562.832031
38.5383166666667	618730235.193359
38.5694583333333	600921380.914063
38.599645	632555354.767578
38.6295733333333	604131994.328125
38.6606216666667	688353525.746094
38.6908366666667	604013379.027344
38.720175	694393004.054688
38.7486383333333	708844170.126953
38.7773	681296334.785156
38.805635	731721471.087891
38.8353283333333	730336207.033203
38.86501	738121596.943359
38.8938316666667	725618592.318359
38.9234633333333	708956665.898438
38.95387	720236325.365234
38.98426	676979554.349609
39.0150366666667	694680421.4375
39.0448633333333	665620986.115234
39.0747233333333	656264557.755859
39.103735	653452327.603516
39.1341166666667	612768513.957031
39.1640633333333	613625855.470703
39.1937683333333	659721623.078125
39.2238166666667	681916496.576172
39.2542516666667	642911370.890625
39.2846783333333	593389711.267578
39.3150616666667	647191438.197266
39.3449033333333	608218690.611328
39.3736466666667	643358342.025391
39.4031283333333	775175335.742188
39.4320283333333	580082282.884766
39.4614566666667	650752832.275391
39.4906516666667	744469044.960938
39.52083	646823035.744141
39.55181	685628971.519531
39.58284	643608200.769531
39.61373	569438314.150391
39.6442216666667	604661731.203125
39.67566	579775093.291016
39.705355	551734118.824219
39.734715	486636825.279297
39.7652416666667	531508058.958984
39.79448	474244606.341797
39.8251266666667	418084402.439453
39.8551783333333	439308578.892578
39.88562	453974973.864258
39.9169816666667	418400615.564453
39.9469016666667	506252672.34375
39.976145	463402354.78418
40.00622	499049123.640625
40.036395	515762576.195313
40.06579	575710177.931641
40.0953783333333	566905519.357422
40.1255683333333	534951706.185547
40.1557033333333	549877037.4375
40.18645	589490992.363281
40.2172416666667	561380072.125
40.2488516666667	557347083.234375
40.2781133333333	583629106.873047
40.3089016666667	512208468.363281
40.341245	530566777.119141
40.3724683333333	505319674.908203
40.4025083333333	428664870.274414
40.4326366666667	411265889.719727
40.4620566666667	446061957.609375
40.492525	408102625.306641
40.5221083333333	384106584.741211
40.5529383333333	401781074.871094
40.583435	375354482.111328
40.61425	418034841.691406
40.64445	357065956.016602
40.6751	429580436.646484
40.705905	379103815.578125
40.736175	403750098.577148
40.7655533333333	390344588.481445
40.796185	424730515.650391
40.8261583333333	447637544.222656
40.85611	407032212.09375
40.88656	462218758.987305
40.9174783333333	454993966.464844
40.94879	405542857.675781
40.9791	361514545.240234
41.0111466666667	419590090.049805
41.0421133333333	345384531.491211
41.07273	388816561.964844
41.1033383333333	406751741.201172
41.1341866666667	331010513.222656
41.1647466666667	414624476.376953
41.194865	410824588.849609
41.226585	478519603.513672
41.2578733333333	338696706.762695
41.2891666666667	365462129.404297
41.3206333333333	363012640.631836
41.352695	395490909.003906
41.3832816666667	397515061.128906
41.4138366666667	372846136.214844
41.4447916666667	345562242.017578
41.4759616666667	362640247.268555
41.5066866666667	350039000.683594
41.538095	359432231.633789
41.5681033333333	320711435.865234
41.5986266666667	403897135.043945
41.6298366666667	388153306.060547
41.6606866666667	334768212.391602
41.6919766666667	361420335.767578
41.72226	322973267.302734
41.7533	327082662.138672
41.784675	323829299.488281
41.8155	349835172.44043
41.8459583333333	339034528.916016
41.8774516666667	397943101.001953
41.90883	345570665.481445
41.94058	334046315.794922
41.9725266666667	391428683.717773
42.0039333333333	315360045.422852
42.0355983333333	368287100.05957
42.0668433333333	362379244.208984
42.097695	349679610.319336
42.12989	377975160.59375
42.1611066666667	383340244.094727
42.193365	474577871.482422
42.225105	334624478.945313
42.2572433333333	436458256.369141
42.2883733333333	454561217.80957
42.3186233333333	467414819.106445
42.349875	557529285.966797
42.3805866666667	516914807.863281
42.4126033333333	535695378.730469
42.4450766666667	459838542.764648
42.4775066666667	511147839.339844
42.5092933333333	439093358.274414
42.540845	438984934.712891
42.5710633333333	422881433.400391
42.601965	460256449.297852
42.634885	407879022.169922
42.6662566666667	388913090.121094
42.6975966666667	325718971.914063
42.7285816666667	338712135.204102
42.7597133333333	305821130.124023
42.7914566666667	299216857.776367
42.8240483333333	287798290.053711
42.855135	244725038.086914
42.88884	317240084.856445
42.9215016666667	242482078.063477
42.953565	239713227.994141
42.98494	256871093.167969
43.0172166666667	222863845.589844
43.0491816666667	189735136.137695
43.0820616666667	184710469.452148
43.1157916666667	182289052.464844
43.14877	200480207.381836
43.18028	227617095.211914
43.2131233333333	194074187.929688
43.2450266666667	235905652.682617
43.2775983333333	193745587.924805
43.3127533333333	199553288.828125
43.3454783333333	203558144.954102
43.3771983333333	195577520.38623
43.4068366666667	204492126.589844
43.4382816666667	246071347.792969
43.4699716666667	197389564.509277
43.50299	207214710.815918
43.535255	215959955.998047
43.5666233333333	195171651.726074
43.5982466666667	187120614.571777
43.6300416666667	214888794.310547
43.6618916666667	242522009.283203
43.6921916666667	240442093.416992
43.7221733333333	233261195.389648
43.7536283333333	287601874.834961
43.7858883333333	307310771.03125
43.8169366666667	226553503.685059
43.8477816666667	256360122.094238
43.88013	265293944.640625
43.9125733333333	314981827.004883
43.94269	198453459.948242
43.9740666666667	312049819.836914
44.0051283333333	247612575.290039
44.0380533333333	253534024.447266
44.0697266666667	240958215.532715
44.10245	216734469.53418
44.136315	206310552.693359
44.170745	207207276.004883
44.20244	199863993.73291
44.2341766666667	186190349.757324
44.2666283333333	198946485.415527
44.3003083333333	205099673.284668
44.336225	176688851.104004
44.3694	181901325.232422
44.4013016666667	176727084.131348
44.43477	194451211.65918
44.4679716666667	196744847.724121
44.5006616666667	226742373.007813
44.5326333333333	183151008.187012
44.5646416666667	200883053.519531
44.5960533333333	236218467.091797
44.6270666666667	159007727.07666
44.6606766666667	174639846.609863
44.6948366666667	176540503.024902
44.7285683333333	158297870.223145
44.7620933333333	163181630.18457
44.795395	184944194.035645
44.828935	138111777.104492
44.8624566666667	145918109.041992
44.8975233333333	146866083.015625
44.9314666666667	155882792.875488
44.9657416666667	130049302.743652
45.000735	129285722.568359
45.0345883333333	127766652.690918
45.0689383333333	109338463.324707
45.1029633333333	143534186.598145
45.1356366666667	109163981.019531
45.169605	104272819.405273
45.20485	115322710.504395
45.23914	99805983.2802734
45.273385	105325862.959961
45.3089016666667	103053247.916016
45.343925	122959072.751953
45.3770616666667	119055696.356445
45.41167	104193189.154297
45.4453733333333	115504719.624023
45.4798033333333	93212300.9589844
45.51808	98237684.8632813
45.5546066666667	95954503.0180664
45.590405	95071925.0234375
45.6250216666667	84145347.3476563
45.6612466666667	95370637.8842773
45.6984166666667	87135543.0385742
45.7350366666667	90110671.8349609
45.771385	120778665.055664
45.8061883333333	105969143.670898
45.8387033333333	103265958.488281
45.875755	93391225.2407227
45.9116833333333	97532452.059082
45.946965	98043016.612793
45.9815733333333	99720431.7470703
46.0153066666667	89876112.909668
46.0509066666667	86397364.4160156
46.0877166666667	71926826.2041016
46.1235083333333	76203325.8962402
46.16038	69209830.6599121
46.19336	74859063.6599121
46.230965	63317346.7675781
46.2685716666667	74869878.0249023
46.3081583333333	63831816.9301758
46.34511	65977197.6950684
46.3817766666667	58698978.1855469
46.41623	62682541.1564941
46.45549	51698947.9587402
46.4943883333333	68581453.6538086
46.5314133333333	67251982.7358398
46.5671216666667	54479965.5666504
46.6050366666667	72917530.6533203
46.643145	63615955.822998
46.67958	66232506.9812012
46.7171716666667	60855956.7185059
46.755805	56408049.1020508
46.7929983333333	72378381.4477539
46.8320583333333	65825769.7124023
46.8701166666667	60397914.2202148
46.912145	62632275.6455078
46.95018	54247236.7902832
46.9849133333333	56129993.5942383
47.026205	63220320.0766602
47.0631	65635987.3762207
47.0999433333333	67554236.0405273
47.138895	78321777.034668
47.1756666666667	79544471.3786621
47.2124566666667	79757063.5866699
47.2504333333333	63182543.1064453
47.2877933333333	63372761.1875
47.32594	67577900.5891113
47.36141	60577468.8300781
47.39798	65039572.6264648
47.4365716666667	61246911.4023438
47.4748083333333	76755683.0595703
47.5169516666667	59929595.9013672
47.5548783333333	54141693.4709473
47.59451	64828823.1767578
47.63419	53710190.9956055
47.6722533333333	63464270.0161133
47.7126083333333	49354482.262207
47.7533716666667	46764157.2976074
47.7931933333333	49267233.708252
47.8341883333333	48954885.6953125
47.8737416666667	55374184.9711914
47.9159716666667	42791015.2155762
47.957475	49140659.0490723
47.99838	47904299.9594727
48.0362616666667	47995800.2521973
48.0755866666667	48871216.6738281
48.11414	44906014.5996094
48.1510416666667	42672726.4626465
48.191195	45531579.3044434
48.2308416666667	48794932.4262695
48.271725	48302269.1882324
48.3110583333333	51910032.4125977
48.3479616666667	49779931.6027832
48.3858833333333	52753119.3078613
48.4254266666667	47142138.2226563
48.4649233333333	55026121.7363281
48.504065	46172371.340332
48.5456766666667	40616781.0200195
48.5868633333333	39668955.828125
48.6260983333333	38939262.623291
48.66783	41568003.1010742
48.7094066666667	39769382.6643066
48.7531616666667	41602389.7053223
48.7920383333333	41982800.3071289
48.8351433333333	42071769.1865234
48.8743516666667	42029132.9909668
48.9159766666667	43544591.527832
48.9508433333333	36434620.8757324
48.9895716666667	34655676.9926758
49.02932	33921556.0327148
49.0681233333333	40309966.6467285
49.1092366666667	34153087.734375
49.1514416666667	36085759.7067871
49.195065	35984504.1108398
49.2342666666667	40539828.8239746
49.2746616666667	40004407.559082
49.316075	40545081.4406738
49.3554533333333	36465055.2485352
49.3990116666667	41385803.9780273
49.4431533333333	33172169.791748
49.4847583333333	39411885.3586426
49.5220466666667	37303241.3625488
49.56555	43083127.0222168
49.60523	47373151.0751953
49.646155	47227191.1240234
49.68859	42083437.4611816
49.7294966666667	42673576.5056152
49.7732433333333	40024958.0966797
49.81459	41174470.998291
49.8571483333333	35756547.9472656
49.897195	40924133.6088867
49.9375766666667	39596634.0021973
49.98087	38419822.7426758
50.0245783333333	37633038.3530273
50.0683416666667	38256023.0356445
50.1065066666667	41125924.8574219
50.1482683333333	45975177.1513672
50.1906716666667	40608558.1074219
50.2298466666667	36277160.4418945
50.2726216666667	36031031.5334473
50.313795	33979670.7575684
50.3555216666667	36315095.3967285
50.398515	37631866.7609863
50.43937	33856469.7629395
50.48298	34896603.8308105
50.52208	29332710.1556396
50.5626	35084643.7211914
50.6066533333333	35082233.8479004
50.6458866666667	34055192.5495605
50.686115	33975133.5864258
50.7252316666667	34508558.5275879
50.7646066666667	33649259.9677734
50.806585	34482851.1379395
50.8480916666667	32646921.5336914
50.8916333333333	32224186.4348145
50.9330266666667	39637225.1643066
50.968675	37114292.7836914
51.00888	32258948.1152344
51.0508816666667	34255956.6716309
51.0901366666667	31787250.3640137
51.1328066666667	31562673.1911621
51.1740033333333	31470770.5842285
51.2138416666667	30012543.15625
51.2568433333333	32852951.0419922
51.2981433333333	31974078.5390625
51.3417333333333	31016524.4089355
51.382035	28702141.8815918
51.424865	32914637.0307617
51.4679766666667	32732419.6474609
51.5075266666667	35783461.3242188
51.5503	29945378.8522949
51.5905616666667	30253654.2753906
51.631175	41762680.670166
51.67009	26693177.4222412
51.7128266666667	28271454.8691406
51.753805	34749388.0666504
51.7961566666667	25721770.282959
51.83594	30582811.4455566
51.8769633333333	29619958.472168
51.91974	29173886.5600586
51.9616983333333	27803632.0283203
52.0046116666667	30741681.8098145
52.0447083333333	28485936.4963379
52.0857716666667	30306046.8706055
52.1264033333333	27218558.925293
52.168715	29952635.4858398
52.2124633333333	28714155.4836426
52.2546216666667	28667894.8483887
52.2986266666667	28456237.057373
52.3383883333333	30470889.3344727
52.3802016666667	30609280.407959
52.4232116666667	30630565.0070801
52.4639533333333	30719091.8076172
52.503895	31207563.4521484
52.54665	33868283.6745605
52.5884183333333	31268972.1953125
52.63097	32927585.072998
52.674575	30507483.2370605
52.7161016666667	33857497.1621094
52.7579633333333	30945096.0300293
52.80023	32260791.0390625
52.841465	28329568.1746826
52.8838866666667	30507024.7194824
52.9247683333333	26365427.7406006
52.9671783333333	27106038.8212891
53.008525	23615242.3892822
53.0500766666667	29880991.3505859
53.0921333333333	28750617.6085205
53.1355633333333	28302181.2893066
53.1788066666667	28411752.1618652
53.219835	26917518.2740479
53.262985	26410481.3718262
53.3068066666667	25293809.9594727
53.34886	25966557.2491455
53.3889666666667	25427458.7077637
53.43299	30035801.8037109
53.4731316666667	23315680.892334
53.5138383333333	23041559.581543
53.557475	25322258.1948242
53.5976916666667	23645417.857666
53.63954	26037225.4394531
53.6814616666667	23896859.0452881
53.7231333333333	28948008.6738281
53.7650983333333	24750241.9024658
53.80651	26357994.8547363
53.8491266666667	26544191.5466309
53.8926883333333	24867784.1044922
53.9342766666667	24750341.2702637
53.9769966666667	26252117.9276123
54.0205916666667	27435492.592041
54.0629966666667	24550682.3702393
54.1064466666667	29027623.4453125
54.1476716666667	26505369.8292236
54.1897033333333	25251178.3483887
54.2325016666667	26582971.0388184
54.2732816666667	24669499.1369629
54.3171933333333	24294259.24646
54.3602566666667	24586939.5876465
54.4025783333333	25533428.373291
54.445075	23518501.1156006
54.48678	25221177.9633789
54.5280216666667	24611809.0786133
54.56965	23977461.2772217
54.6096866666667	23688260.8391113
54.6515	26545235.7531738
54.6930616666667	24548138.3773193
54.73462	25808202.144043
54.7767	23123639.5090332
54.8179333333333	26519265.2451172
54.8612066666667	24430710.6158447
54.90344	25521885.6707764
54.9460633333333	26260405.3204346
54.9881166666667	22912298.5217285
55.0319183333333	24444807.7369385
55.074485	26055709.1550293
55.1176383333333	23850228.9927979
55.1584333333333	26669057.7766113
55.2027366666667	23325199.9365234
55.24466	23135643.4349365
55.2864066666667	31853587.8786621
55.3277883333333	23117544.3846436
55.3707483333333	23422072.1079102
55.413085	23446791.4141846
55.457015	25725828.8188477
55.49691	22141013.9172363
55.5420016666667	23536599.0061035
55.5841766666667	25267155.8598633
55.627025	24159652.6859131
55.6701816666667	23376024.715332
55.710735	24084965.1966553
55.751455	25091776.5804443
55.7953183333333	22927979.9263916
55.8383866666667	26277873.7736816
55.8821083333333	23578066.5106201
55.9269566666667	24043409.9802246
55.9703283333333	24233493.3168945
56.012325	22503697.3581543
56.054	23719933.3016357
56.0977566666667	22410370.5942383
56.1425533333333	26946428.7253418
56.1839816666667	21098440.682373
56.227695	27634193.263916
56.2683683333333	19922444.6313477
56.31061	22167428.2973633
56.3546166666667	23286029.369873
56.3955866666667	21643888.2974854
56.4401916666667	24100811.8691406
56.48063	18553234.5716553
56.5245083333333	22019386.5354004
56.56728	22741191.7972412
56.6075566666667	21298273.1151123
56.650075	21348976.6810303
56.69179	23271249.9316406
56.7352883333333	21592421.2155762
56.7797666666667	22335948.7764893
56.8248666666667	18902074.949585
56.8677666666667	20926939.0113525
56.9109133333333	20266323.0513916
56.9523683333333	19228869.9569092
56.9951283333333	22602203.3168945
57.0406	22225620.3814697
57.082795	22083292.026001
57.1250666666667	24449980.135498
57.1663833333333	21805713.2010498
57.208835	20759576.1738281
57.252685	21716616.8977051
57.292915	21189994.2342529
57.3369116666667	22626451.75354
57.3770866666667	20152705.6994629
57.418905	20178528.7147217
57.4606433333333	22180488.7735596
57.5007233333333	20302751.3258057
57.5440583333333	22351847.123291
57.586785	20679685.2052002
57.62918	22921879.3319092
57.6727166666667	18638937.2408447
57.7169466666667	21586801.3303223
57.7585266666667	21370334.1320801
57.80148	22748462.2071533
57.84437	21550194.4263916
57.8884516666667	21696895.2362061
57.9321966666667	19817976.6412354
57.974475	17754696.2762451
58.0177533333333	20619767.4324951
58.0612416666667	17813856.9604492
58.103715	20352969.9798584
58.148145	17645649.1337891
58.1916066666667	17802799.897583
58.236155	18706270.8654785
58.2758283333333	20670979.989502
58.3188416666667	22203720.6077881
58.3607716666667	21238603.3218994
58.4015166666667	22180160.2226563
58.4454366666667	21018476.9573975
58.4883683333333	19485427.7277832
58.532015	19416040.4490967
58.57572	19870297.5673828
58.62081	21428814.2961426
58.665355	19566235.1298828
58.7073733333333	20317669.7587891
58.7502033333333	18770021.4135742
58.7945083333333	22114769.2105713
58.8344533333333	20385817.7006836
58.87519	21229246.9152832
58.9177616666667	19364325.2967529
58.9608933333333	20876355.8902588
59.003025	18819622.227417
59.0472433333333	17942507.1973877
59.0903916666667	18398702.9727783
59.134125	19596050.378418
59.1737483333333	19602122.8526611
59.2151116666667	15772411.4916992
59.2578916666667	19500028.7132568
59.29831	22185940.3051758
59.341335	20114656.59729
59.3854416666667	18645207.7097168
59.4300533333333	19163143.3914795
59.4737033333333	18099916.0394287
59.516845	18085705.7368164
59.5610366666667	17899789.0043945
59.6033683333333	18192666.9431152
59.6474616666667	19522596.2105713
59.69132	17485073.9095459
59.734545	18222686.7747803
59.7750616666667	17676816.5047607
59.817405	19649410.5631104
59.8595916666667	15367461.010376
59.9019616666667	15792086.3024902
59.9465116666667	15069740.6727295
59.9889033333333	19207911.3380127
60.032525	17624563.5284424
60.074095	18414240.2840576
60.1153583333333	20580903.9935303
60.153575	16902156.2595215
60.1959	16333424.9052734
60.2399483333333	15957143.1881104
60.2831483333333	17675335.9099121
60.3266633333333	16173083.2828369
60.3703366666667	21031918.9177246
60.4114816666667	17544121.5108643
60.45501	17400609.4104004
60.497485	19323466.7298584
60.539775	17457615.6376953
60.5824533333333	19872691.7943115
60.6247633333333	17150279.6072998
60.667695	17577674.605835
60.7090783333333	17462274.088501
60.7524416666667	15995538.7130127
60.7949383333333	18491704.5152588
60.8391033333333	15833202.4655762
60.88081	18539578.2845459
60.923185	17230035.8278809
60.96444	17568364.5515137
61.0076833333333	15299753.21521
61.0497533333333	18846123.3256836
61.092055	17589267.8884277
61.1333266666667	20270203.9443359
61.1760833333333	17848734.7019043
61.218	19155079.5566406
61.2622583333333	18341491.6577148
61.3040833333333	20155915.6936035
61.3487683333333	19232571.8135986
61.391065	18348321.359375
61.4332633333333	16224785.7692871
61.4745116666667	15258528.3966064
61.5164733333333	18888457.300293
61.55691	16670627.3182373
61.5994433333333	16584720.8143311
61.643795	16286600.0880127
61.6854333333333	16462061.0212402
61.7301866666667	16527879.1435547
61.7719416666667	14613205.052124
61.8162283333333	17594417.4172363
61.85659	15539562.2781982
61.8988366666667	17147230.6396484
61.9403366666667	16211482.145752
61.981815	14609667.6965332
62.02511	17902832.1881104
62.067925	16058695.9073486
62.110665	13991884.3249512
62.1557883333333	17395407.4002686
62.2007333333333	16299328.8360596
62.243935	16955157.6193848
62.287365	16090089.1907959
62.3305383333333	15399297.4025879
62.373175	17269686.6270752
62.4156133333333	17452523.6210938
62.4564	17742691.5380859
62.4996	15330205.8374023
62.5429766666667	18629633.237793
62.5852233333333	21124683.3840332
62.62798	14612661.9034424
62.6698433333333	15499347.4207764
62.7128883333333	15790117.5865479
62.7546133333333	15465299.923584
62.7975716666667	14310418.407959
62.8391316666667	20744275.2403564
62.8795783333333	15070412.1247559
62.9229333333333	14410725.3400879
62.96624	14948816.0754395
63.00896	15169162.711792
63.05232	15822184.3803711
63.0963316666667	18996585.1665039
63.138275	17339498.1751709
63.1794916666667	18150846.5584717
63.221645	14624817.3310547
63.2641716666667	15046845.6367188
63.307805	15608431.857666
63.349275	20130199.6541748
63.3925333333333	15955293.7659912
63.4364266666667	16605668.6783447
63.47751	16439110.7076416
63.5199583333333	23064466.9040527
63.559685	13453239.8736572
63.6035866666667	16038480.328125
63.6458333333333	16461225.770752
63.68767	14260928.3533936
63.7294216666667	15776680.520874
63.7696516666667	14990070.1422119
63.8129416666667	12998704.418335
63.8563883333333	14618526.5601807
63.8999266666667	13944056.5974121
63.9443333333333	12892622.4376221
63.9886033333333	14440210.6868896
64.030915	13343346.1113281
64.07346	14588109.1396484
64.1176666666667	16139848.9267578
64.1607683333333	13978344.026123
64.2034666666667	14262599.8227539
64.2457133333333	16139801.5598145
64.290305	13656478.3626709
64.3331866666667	14362164.409668
64.3750333333333	14502366.2923584
64.41664	14193825.3026123
64.4575916666667	14483944.3793945
64.5015566666667	14260000.4290771
64.5435933333333	14229220.0123291
64.5862816666667	13040706.9594727
64.62817	13773660.6293945
64.6703433333333	12594011.0179443
64.714755	13370516.2666016
64.757155	16563609.3184814
64.7990433333333	13398163.269043
64.8436083333333	12877137.0117188
64.8881766666667	14905788.9334717
64.9298233333333	14675869.0905762
64.9735833333333	15530791.4649658
65.0181933333333	15780616.0222168
65.0613666666667	14798197.352417
65.103175	12820023.543457
65.1467883333333	14067119.0114746
65.1906433333333	11957115.7283936
65.2331266666667	15424203.7473145
65.27537	12558258.1103516
65.3193	12203422.6491089
65.36143	15207318.2338867
65.4060216666667	13008402.4699707
65.447765	13543474.4724121
65.4914666666667	13887756.5118408
65.533695	15128907.9735107
65.5755816666667	15516621.1446533
65.6195533333333	16927668.0076904
65.6614433333333	13256810.5117188
65.7037966666667	15024342.3249512
65.7477033333333	12548773.5155029
65.7919083333333	13935541.4377441
65.83224	13433261.4141846
65.8756716666667	14197760.4753418
65.9198316666667	12396796.866333
65.9637466666667	10920809.5630493
66.0066083333333	12903498.4932861
66.0500416666667	14954051.3840332
66.09371	12274501.9841309
66.1367416666667	15800371.6031494
66.1788983333333	12794018.442749
66.2224166666667	12505358.2403564
66.2649516666667	14650661.9996338
66.308405	11320213.732605
66.351435	13573642.7047119
66.3959216666667	13423062.5683594
66.43663	15274253.8288574
66.476495	13088152.2310791
66.5199633333333	13783854.7716064
66.5615816666667	15362557.7167969
66.6021683333333	13082080.8221436
66.6457316666667	12974127.4746094
66.6901466666667	14411718.1157227
66.7313416666667	11586105.2350464
66.7741783333333	12709176.5712891
66.818	12879223.2147827
66.86216	12933355.9702148
66.9045416666667	11661171.6140137
66.947305	14064118.9439697
66.9912666666667	14507524.3848877
67.0335483333333	13228313.9755859
67.0756666666667	13845524.0965576
67.119795	11054606.980835
67.1629583333333	14920268.8918457
67.2071833333333	16292972.7388916
67.2482233333333	15852853.7467041
67.2908083333333	14634000.1729736
67.3319833333333	12461266.5386353
67.3736233333333	12363299.9493408
67.4168283333333	10699728.3538818
67.45783	11966066.8577881
67.497905	16258244.3048096
67.5418616666667	14214087.87146
67.5844883333333	13566402.9383545
67.623555	11585729.5564575
67.666405	12544013.7617188
67.71113	14737446.3708496
67.7546133333333	11927435.2244873
67.7958083333333	11822889.2729492
67.8385633333333	12320947.1842651
67.88309	12589679.2467041
67.92618	14810789.3220215
67.96835	12456249.3822632
68.0114383333333	12378289.2128906
68.0528816666667	11303086.4256592
68.09728	12783086.0682373
68.1396733333333	11724595.3200684
68.1827533333333	13402539.0010986
68.2235516666667	14199828.7487793
68.264135	12010975.7161865
68.3079966666667	10285241.0665283
68.3493483333333	10619479.9922485
68.39193	11816941.6878662
68.4359433333333	12143436.572998
68.4804366666667	10866939.3182983
68.5229233333333	11394800.8969727
68.5666433333333	11015942.0220337
68.6100783333333	12313347.7862549
68.65329	15026355.7384033
68.6960583333333	10726779.2640991
68.7384183333333	12309320.7655029
68.7825283333333	10835429.9675903
68.8268566666667	12989585.1743164
68.86792	10076525.1668091
68.9106966666667	15461973.8349609
68.952465	10761593.541748
68.9970316666667	10374717.09375
69.039505	10696981.0499878
69.08109	12234465.0005493
69.1193316666667	14479649.8691406
69.15997	16260058.7438965
69.2030816666667	8076894.98748779
69.2458316666667	12423384.7910156
69.286805	20864038.5454102
69.3302883333333	14404440.6116943
69.3714466666667	10561490.3344727
69.4138683333333	10068329.7446899
69.4583733333333	15325879.8985596
69.50087	15396589.2900391
69.543355	8376759.45458984
69.5862716666667	16788267.9727783
69.6273083333333	15332291.4918213
69.672425	13045053.7634277
69.7156616666667	14434984.9207764
69.7577983333333	9875100.3182373
69.8011916666667	12875143.6807861
69.8414683333333	9656547.63818359
69.8856583333333	11674222.3577271
69.9277633333333	11808465.9136963
69.9672116666667	12966129.6478271
70.0093866666667	15052168.201416
70.0510816666667	12700756.0318604
70.0917683333333	15178744.3287354
70.1306266666667	11785878.7974243
70.17243	15491316.0283203
70.2159433333333	12803900.6201172
70.2580066666667	10796368.0993042
70.2999283333333	14406233.4171143
70.3436183333333	11956767.3467407
70.3870866666667	9618924.99523926
70.4319	14308368.6107178
70.4733433333333	10190584.2496338
70.5149716666667	13975287.4918213
70.5603383333333	8507300.5012207
70.6040933333333	10120572.383728
70.6487766666667	9656815.58068848
70.6918833333333	9923944.52270508
70.7340666666667	11868716.6063843
70.7764533333333	9743829.57000732
70.8179516666667	9688917.54608154
70.8580933333333	9035535.00622559
70.9016133333333	10892770.0147095
70.94364	15071459.7419434
70.98413	11150456.7061768
71.023425	11989590.5231323
71.0641033333333	11050774.6505127
71.10796	11997529.230835
71.149845	8780029.80975342
71.1929216666667	11389034.3546143
71.2351133333333	8088375.85369873
71.27903	16305245.0061035
71.3206383333333	7872678.60595703
71.36261	9393081.42456055
71.40609	5938092.72116089
71.45168	9121699.63616943
71.4959183333333	7703452.24707031
71.5395633333333	7673903.00830078
71.5832383333333	9145727.01934814
71.62688	9320653.14025879
71.6704166666667	13724059.0524902
71.7113116666667	7324647.18798828
71.7528816666667	9489918.78155518
71.796345	12849075.8231812
71.8370233333333	8785515.41656494
71.8799833333333	10755365.0626831
71.9212116666667	6880936.47686768
71.963845	8595297.88842773
72.0064083333333	9239282.63433838
72.0490983333333	4829400.4407959
72.09212	10075813.6970825
72.1340916666667	13792002.0098877
72.1750266666667	9096753.28063965
72.2188083333333	9348207.73486328
72.26207	7727364.03387451
72.3047633333333	6982313.70159912
72.34972	8816884.63696289
72.3942816666667	10359216.2376099
72.4379266666667	8682488.42932129
72.4816083333333	13200565.6453247
72.5241566666667	10423339.6586914
72.5674233333333	11225602.7003784
72.6089533333333	12924727.607666
72.6493383333333	7108544.35992432
72.6929566666667	11051743.1811523
72.7327333333333	9394571.44293213
72.775225	10292065.9331055
72.8159216666667	7473668.96569824
72.8585883333333	15454097.7237549
72.9018733333333	5996824.16860962
72.9458833333333	13548979.4979248
72.9854016666667	12873686.5626221
73.0274366666667	16190878.3937988
73.0698983333333	10394557.7554932
73.1132716666667	11139275.0448608
73.154665	13383224.1972656
73.19618	6574281.78900146
73.2411383333333	10106208.0299072
73.28602	11663012.3376465
73.3297383333333	11286643.2419434
73.3745	8227103.73144531
73.418105	15379961.1278076
73.462165	10725880.6098022
73.5031383333333	10048466.6553955
73.5450533333333	6907814.71469116
73.5871933333333	10911431.6734619
73.6282216666667	11398971.649231
73.670605	13703354.8492432
73.7103233333333	11439255.0327148
73.7511083333333	8346950.1081543
73.7955533333333	9626974.17797852
73.8391733333333	12405273.2632446
73.8792866666667	9314807.20874023
73.9223783333333	14494534.4095459
73.9653766666667	13419570.0458374
74.0094816666667	7316671.121521
74.0518133333333	6896868.23718262
74.095405	12596805.8327637
74.1396316666667	9773650.77368164
74.184085	11397095.8530884
74.2287833333333	9768428.08526611
74.2734533333333	11296017.5214844
74.3156033333333	11854026.3450928
74.3594633333333	13149995.5892334
74.400905	8980218.35974121
74.44306	14464065.8796387
74.48391	7795941.15332031
74.5255466666667	10546067.6060181
74.5669833333333	10996977.3170166
74.6065066666667	13666291.3074951
74.6473483333333	8129430.7958374
74.6898916666667	9429648.77349854
74.7320216666667	10324814.782959
74.7736883333333	7758274.45855713
74.8172633333333	6763406.22143555
74.8602616666667	10791793.4840698
74.9046283333333	10597673.4026489
74.9469633333333	8410693.61651611
74.9899083333333	10249870.6339722
75.0351466666667	13497936.1810303
75.07823	12682200.2703857
75.1222683333333	8265887.04443359
75.1662016666667	8570996.24493408
75.2089866666667	13742033.6203613
75.2528533333333	9061599.69915771
75.2953766666667	14903260.0831299
75.3372033333333	8544966.34960938
75.3799283333333	6435834.57244873
75.4211433333333	11713600.552002
75.4626433333333	13823526.1035156
75.502305	11722877.7871094
75.5440833333333	14264713.87146
75.5836833333333	9038519.26513672
75.6259816666667	13325717.4986572
75.6671733333333	10313350.5087891
75.70787	11081817.7194824
75.75093	10294269.8131714
75.7941233333333	14512000.6945801
75.8366783333333	13440708.7979736
75.8778683333333	10252110.9879761
75.9227733333333	10455362.3526001
75.9668783333333	10277526.6798096
76.0110633333333	13715967.2830811
76.054355	9151560.76037598
76.0973416666667	12191299.2880859
76.1408566666667	13899206.6959229
76.182755	15466357.359375
76.22538	13884362.5525513
76.267225	8629316.40423584
76.3090116666667	14353106.4886475
76.3509866666667	14077428.385437
76.3885266666667	10943594.005188
76.430245	12679467.4412842
76.471225	11045833.173584
76.5138416666667	11351328.7973633
76.555945	15338106.3791504
76.5988966666667	14299406.7479248
76.642425	11434267.3404541
76.6845783333333	8531132.88934326
76.7283783333333	8804601.95336914
76.770475	16926049.0976563
76.81451	5786257.74609375
76.8590966666667	10863759.041687
76.9033566666667	8907973.3717041
76.9470266666667	6595226.24380493
76.9897566666667	10791304.810791
77.034065	9376209.96746826
77.0769116666667	12938900.9945679
77.119645	9095723.16430664
77.1615366666667	10428830.5189209
77.2030233333333	8810323.628479
77.2459333333333	13671056.4405518
77.2856766666667	7459793.67614746
77.328335	11318421.3088379
77.368765	10733494.7133179
77.4113166666667	13500367.1451416
77.4515616666667	7710106.67547607
77.4960366666667	10548129.0291748
77.54047	9310875.3885498
77.58404	14649088.876709
77.6279233333333	12768437.1673584
77.6690216666667	10519055.8919067
77.7122316666667	14469238.2243652
77.7561083333333	14157558.0131836
77.80093	14976804.7867432
77.8437316666667	12446794.4718628
77.885255	11978317.2036133
77.930565	15612923.3138428
77.9694416666667	11371371.2143555
78.012415	8730579.815979
78.0544683333333	8551931.27728271
78.0965633333333	13757408.2402344
78.1387683333333	8093321.22073364
78.1785466666667	15241892.3634033
78.2199816666667	8195340.97839355
78.2612316666667	13266827.8900146
78.3009333333333	9883797.98907471
78.3416666666667	14249615.4225464
78.38415	11358278.9069214
78.4280366666667	11022948.4311523
78.472115	11525168.8660278
78.514815	13117789.4351196
78.5544483333333	8919850.82867432
78.598325	11317060.888855
78.6413183333333	10944200.4505615
78.6853233333333	11988107.8687134
78.72923	14127963.1802979
78.7709466666667	8525003.52868652
78.8166616666667	10426778.6298828
78.8584533333333	13317132.6376953
78.900945	14476411.1394653
78.94172	8345020.97735596
78.9834616666667	12618777.3718262
79.02704	11541547.1901245
79.0670266666667	11379917.6894531
79.10882	13926757.2091675
79.1500333333333	10717202.1577759
79.1932	6641981.74765015
79.234125	11217178.9336548
79.276305	16019059.713623
79.3199433333333	15616818.6376343
79.364085	20106675.1247559
79.4051916666667	18654400.491394
79.4437066666667	12432677.6304932
79.48669	17017017.4717407
79.52892	20895364.8505249
79.5733283333333	11303833.3760986
79.615655	16027149.2502441
79.657345	9179900.48455811
79.69982	13094341.7416992
79.7416733333333	14467372.8513184
79.7847733333333	15420902.9412231
79.8253866666667	11968647.7813721
79.865745	11245899.8591919
79.9084716666667	13713765.0195313
79.9483616666667	8264398.61755371
79.9911883333333	5045019.93518066
80.03371	9495523.77709961
80.07549	17169597.6662598
80.1154833333333	13484831.1935425
80.1580266666667	10570124.6843262
80.2011466666667	10981523.3670654
80.2440433333333	12038394.8426514
80.28812	6930007.80633545
80.3296566666667	18665705.5323486
80.3720116666667	8827986.56027222
80.4164416666667	15454801.737915
80.46031	11743983.3167114
80.5021433333333	14532073.5095215
80.543525	6144178.0920105
80.5877766666667	19681070.3480225
80.6277866666667	12781646.0690308
80.6692483333333	16205849.0378418
80.7094933333333	15868588.5582275
80.74988	15404490.0030518
80.7919366666667	16125950.961853
80.8310733333333	11729815.1948853
80.8726416666667	15900633.394165
80.9130166666667	8420260.56097412
80.954865	16335374.8895264
80.9976266666667	10495926.43927
81.0409433333333	17273845.1668091
81.0866366666667	12041668.3699341
81.13013	8317088.22412109
81.17296	7100625.31872559
81.21546	9721263.67669678
81.259665	12141010.6313477
81.3036266666667	16428831.8737793
81.346385	8709271.61230469
81.39013	12964846.4475708
81.43052	9732821.62731934
81.474245	13338106.8942871
81.5150216666667	9763233.53912354
81.5580933333333	9811871.81124878
81.600255	9523038.79223633
81.6411033333333	6498408.47747803
81.6843683333333	9436303.62261963
81.7258033333333	14037948.4041138
81.766755	15203388.1538086
81.8098383333333	14517060.866394
81.8506233333333	16430470.0442505
81.8914166666667	19176055.5088501
81.9345966666667	23506971.0379639
81.9769466666667	15665288.0582275
82.020105	15813112.6273193
82.0636833333333	17774054.6567993
82.1050483333333	13905201.6813049
82.1480016666667	27078737.1225586
82.1910266666667	20033481.1726074
82.2352966666667	32523737.5029297
82.277995	22439736.7212524
82.316855	17564521.225647
82.3597066666667	25636178.4740601
82.4009216666667	16585936.7901001
82.4423216666667	25641280.6290283
82.4840483333333	20241509.5656128
82.5236983333333	20715042.352478
82.5658166666667	18526228.99823
82.6060966666667	21849899.4031372
82.646985	12332624.2870178
82.69022	22237205.7300415
82.7304716666667	17022539.0200195
82.77131	20085478.0209351
82.814765	13604940.1888428
82.857385	10229970.4089661
82.9009333333333	29495379.4364014
82.94216	17933657.2966919
82.98621	12283910.6837158
83.02969	21315344.5217285
83.0728666666667	10103834.5133362
83.1177883333333	15002440.3372803
83.1611366666667	13813965.5891113
83.201865	6115138.88076782
83.24652	16578432.1499634
83.289275	10390727.7774658
83.33149	17522199.3638916
83.3753433333333	8459437.85418701
83.416755	8500214.48672485
83.460915	6970943.39022827
83.5033283333333	6460977.12695313
83.5465766666667	11803623.812561
83.5888566666667	14501797.4766846
83.6292716666667	16177622.3108521
83.6703216666667	13797906.9777222
83.714205	16436624.3549805
83.75763	8327956.78710938
83.8021866666667	16893757.1212158
83.8450466666667	13812665.5567017
83.8887233333333	13303904.0130615
83.93261	14437680.010437
83.9770133333333	16963273.7203979
84.021315	13745370.2271729
84.0622566666667	14228728.8095703
84.1027566666667	15408022.6445313
84.1455566666667	9239111.2361145
84.1890466666667	12654363.8248901
84.23165	17314491.3737793
84.2756933333333	9515165.19491577
84.3157816666667	7105113.08328247
84.3594633333333	15235657.0974121
84.3999716666667	10847813.0985718
84.441015	14177658.1489258
84.4842883333333	10497154.933197
84.5250966666667	14561610.6123047
84.5659133333333	11309608.7077026
84.6100233333333	14335164.2596436
84.653965	15829232.4329224
84.6975866666667	16619683.9611816
84.74101	13083217.9165649
84.7845566666667	13259188.0018921
84.8293733333333	13911606.3435059
84.872795	9467297.8565979
84.916465	13918935.9841309
84.956195	18670910.1624756
84.9965683333333	13132930.1405029
85.04012	12826793.4255371
85.0830783333333	10689011.0675659
85.1262983333333	15323756.2424927
85.169415	13568294.0200195
85.20882	11188976.9138794
85.2523633333333	9912730.43319702
85.2945816666667	13789575.0756226
85.3352016666667	11738923.1096191
85.3787183333333	16539943.7403564
85.4164416666667	15065113.6107178
85.4579466666667	16379415.232605
85.5006816666667	11112431.2424316
85.54432	18894732.7987671
85.5881833333333	12742179.342041
85.63069	16148471.8897095
85.6745483333333	18508370.9515381
85.7173283333333	13609849.0261841
85.760995	10427756.15802
85.8023683333333	5584541.62947083
85.846035	8301285.97067261
85.887395	20909696.4776611
85.9307566666667	13511814.3029175
85.9732683333333	13859621.0050049
86.0156866666667	15785986.4310303
86.0606233333333	14014959.8901978
86.10021	12392799.7989502
86.14219	13198833.2979736
86.182835	11805736.7955017
86.2238816666667	9608578.88531494
86.26729	13496231.6020508
86.307005	12341278.9718933
86.3483683333333	9886598.77902222
86.3918016666667	11145474.0177917
86.4353066666667	12704658.2897339
86.479205	19755329.27771
86.5202816666667	11013514.1499329
86.5635316666667	14101619.2625122
86.6072266666667	19446239.4596558
86.65004	10695868.0307617
86.69279	7562715.63137817
86.736105	14325139.4801025
86.7752266666667	17386457.3572998
86.8197083333333	14995228.350708
86.8610083333333	19162782.1682129
86.9037033333333	16090261.9553833
86.9475866666667	10726322.8317261
86.9886683333333	17799774.1748047
87.0305933333333	10751227.3354492
87.0711066666667	16980779.2147217
87.109695	20424980.1875
87.151985	11659684.4535522
87.1910633333333	10126302.1204834
87.2332033333333	13034221.326416
87.27497	19274374.5358276
87.31603	13319364.4736938
87.359885	9190963.52651978
87.4022133333333	21158939.6229248
87.4454466666667	11651788.1753845
87.4872633333333	11128594.5699768
87.5319116666667	15349579.5
87.57413	20090791.0623169
87.6176083333333	16362295.0159302
87.658235	18296019.1534424
87.7023166666667	26042161.8916016
87.7432366666667	11779115.7014465
87.7868916666667	12035095.9019165
87.8287533333333	17978715.1959229
87.8693316666667	13010046.2102661
87.91146	15933564.1695557
87.9523816666667	12851375.888916
87.9938283333333	11110141.493103
88.0370766666667	10714719.0288391
88.07635	13819218.2550659
88.1178983333333	14769680.5765381
88.1592366666667	20122036.1809082
88.200845	9998421.3762207
88.2446983333333	13131031.7597046
88.2868583333333	8318865.18008423
88.3298633333333	18710328.3959351
88.3689783333333	18167363.2038574
88.41065	12159890.8382263
88.4518	9178791.34213257
88.4958716666667	13937062.5228882
88.5352066666667	18844964.8527832
88.5785666666667	14534652.1029053
88.61929	8147011.39889526
88.663275	24031014.1394043
88.7035233333333	8935008.49664307
88.74607	10393722.7727051
88.78738	16968985.5568848
88.827505	18704998.3746948
88.867135	22393894.5615234
88.9063366666667	9538042.65374756
88.94687	12594203.4128723
88.988425	9619660.83468628
89.0304166666667	15941287.5058594
89.0705583333333	14298570.7005005
89.111915	9616855.28598022
89.1551516666667	17265190.5744629
89.1957116666667	14354624.0968628
89.2374716666667	12148992.9077454
89.279965	8168448.30557251
89.3219533333333	17786976.5461426
89.3634633333333	17012046.4318237
89.4043483333333	10512025.8591003
89.4473916666667	10022126.4742432
89.4900033333333	7610973.06298828
89.53379	8349962.7467041
89.5777066666667	17392131.4379883
89.618195	9217411.222229
89.659715	4876300.85678101
89.7023383333333	14773583.4087524
89.7423883333333	4930575.96821594
89.7886916666667	6667633.03323364
89.8312783333333	7298950.26196289
89.8725766666667	10599977.9369507
89.9159183333333	10699461.9665833
89.958525	14356318.6912231
90.00177	15018202.7319946
90.0437316666667	13699865.1206055
90.0859616666667	7816636.06832886
90.1292266666667	20476386.4438477
90.16964	9535456.32720947
90.2111366666667	15021747.8340454
90.253075	6161958.15324402
90.2961683333333	6876966.61047363
90.3387116666667	7694850.48730469
90.3822783333333	7912364.57553101
90.4261366666667	14382855.796814
90.4684866666667	5838965.51904297
90.5131966666667	15690235.2781372
90.555085	7130466.06304932
90.5971116666667	9288322.29708862
90.6382983333333	11478475.3698425
90.6823583333333	12566774.0532227
90.72513	12662637.9517822
90.7642966666667	23126778.1549683
90.8054833333333	10197398.0748901
90.8495316666667	12393805.9364624
90.8935483333333	11587541.124939
90.93419	11577443.1199646
90.976735	13744004.7211609
91.0190366666667	9522299.03640747
91.063825	13127237.7639771
91.105455	11998698.1078186
91.1463366666667	13835736.6939087
91.1872166666667	8965380.97045898
91.2273683333333	14126922.460144
91.2699083333333	8476508.4523468
91.3142583333333	14774005.5826416
91.3551133333333	14010124.6233521
91.3956166666667	17038190.2414551
91.435785	8459178.28695679
91.4752766666667	14662049.969574
91.5171166666667	11865019.3734436
91.5613083333333	14442230.7142944
91.6041833333333	9634256.409729
91.64578	12069005.3841858
91.688255	8238621.86968994
91.73109	13670062.9929199
91.7753833333333	8756362.76733398
91.8167916666667	11627226.4634705
91.8593966666667	8603816.19287109
91.89927	2928780.23709869
91.9479083333333	10778290.1310425
91.9879616666667	9435828.23251343
92.030585	11478117.5080261
92.07239	6567732.40725708
92.114175	8180333.80090332
92.158465	9696231.73657227
92.20175	10249871.8613281
92.24246	10718237.2578125
92.2850883333333	8724792.17025757
92.328815	6483440.61360168
92.37159	13604129.7615356
92.412025	2016943.42340851
92.4612416666667	6524767.40908813
92.5043916666667	5389821.28024292
92.54676	4160092.97094727
92.5922266666667	7711407.01260376
92.6350266666667	3872762.73550415
92.6801683333333	7624023.57943726
92.723365	9306038.94998169
92.7675983333333	6612743.52757263
92.8091166666667	7802515.84759521
92.8523633333333	22307012.5181274
92.8922766666667	5575681.56736755
92.9375166666667	12103459.8547974
92.9809066666667	8646248.93556213
93.0234233333333	6883099.604599
93.0681166666667	11228328.2455139
93.1117433333333	5719530.28405762
93.1558066666667	21708927.8939819
93.19824	2537437.89304352
93.2479166666667	16571669.616394
93.288745	8392683.13000488
93.333275	6472817.91413879
93.377235	10880612.3813782
93.4200366666667	4503451.8068924
93.46505	12410801.5651245
93.508445	17730231.598877
93.54973	8065456.70083618
93.5938533333333	8678372.04168701
93.6375483333333	5615918.6086731
93.68238	14208720.9075317
93.722905	10384113.8950806
93.76547	7567340.21707153
93.80828	7422087.78767395
93.851585	7631946.60794067
93.89627	16063522.3926392
93.9332316666667	10547272.2404175
93.9761483333333	9117530.55490112
94.0190133333333	7829698.19161987
94.0585783333333	10427867.3517456
94.100695	10974904.3967896
94.1436716666667	6876187.81445313
94.1870183333333	7300443.09854126
94.229	12998200.436676
94.27194	9070592.71728516
94.3161366666667	10333411.5411682
94.3563316666667	8532851.35629272
94.4006166666667	7390414.0241394
94.441855	11331426.8046875
94.48496	6276144.90130615
94.5283483333333	6995152.2101593
94.5727933333333	8578947.7409668
94.6136616666667	9020590.83074951
94.6558433333333	4594277.64553833
94.6983866666667	10131682.6793518
94.739005	13642550.9004517
94.7793933333333	6869150.37306213
94.82245	11929774.7566528
94.8625333333333	7035829.96714783
94.9068116666667	9739271.03778076
94.947835	9696896.73452759
94.9885166666667	7447984.96121216
95.0310466666667	12251594.2434692
95.07249	10153541.512146
95.1150766666667	6646526.87350464
95.159505	5289024.41677094
95.204775	13460367.0269775
95.2476316666667	9068731.25216675
95.291625	4572268.44646454
95.338065	17593502.1849976
95.381315	12861535.5334473
95.4246916666667	4592090.83178711
95.47034	14133869.1015625
95.51145	2745918.13154221
95.5543066666667	20597041.3665161
95.595735	9907956.51281738
95.6380083333333	5017205.37698364
95.6830033333333	7494367.82759094
95.7276416666667	5229842.19691467
95.7735183333333	5399597.52249908
95.8193933333333	16295200.619751
95.859555	5102141.22048187
95.9037383333333	17233094.8892822
95.944485	7474302.94371033
95.9898466666667	19044729.6205444
96.0308	8763361.34361267
96.07434	23142267.8354492
96.1170283333333	12030022.8302917
96.1601816666667	2645174.38814545
96.2098483333333	12871941.3962402
96.2526083333333	10589884.4893188
96.2955516666667	7638790.79544067
96.3396716666667	12041349.657959
96.3828433333333	12771374.2123413
96.4266266666667	8334274.90118408
96.4686016666667	11478236.270813
96.5102983333333	7707804.8848877
96.55369	2619129.56891632
96.60116	11335525.9388733
96.6440466666667	10077394.8928833
96.684355	3035513.81999969
96.7326033333333	6121966.20506287
96.775525	6434043.26812744
96.8170183333333	7100238.75848389
96.858205	6575106.20440674
96.9008033333333	7477306.27655029
96.9407966666667	2096829.05483627
96.99041	7560958.45129395
97.0332266666667	11659287.7929688
97.0737933333333	7537274.66577148
97.11744	5857384.15823364
97.16158	5513435.82055664
97.2055966666667	14874691.317627
97.246585	7540950.07571411
97.291305	7950935.67163086
97.33506	11129585.5453186
97.3787333333333	15363276.8047485
97.42046	14762555.5628662
97.4613683333333	12052951.09198
97.5062	10757029.7940063
97.5480666666667	27076774.081543
97.5800616666667	15867215.2670288
97.62328	35941146.0117188
97.6603783333333	31745425.8592529
97.694985	26594191.4733887
97.730725	29524403.076416
97.7703483333333	36294232.0214844
97.8040366666667	27468106.119751
97.8493216666667	23247901.7779541
97.8896283333333	41666502.7822266
97.9281016666667	30614326.3537598
97.96983	27341872.8699951
98.0130516666667	31623667.661377
98.0532716666667	28140513.9528809
98.096655	26869057.9770508
98.13892	30765755.206543
98.1802233333333	35515524.7946777
98.2210583333333	30336029.6499023
98.263445	23130474.5090332
98.3049216666667	23416640.8271484
98.34747	20544761.1865234
98.389335	32226702.3652344
98.4274683333333	25734315.7463379
98.4681366666667	18818541.6987305
98.5100033333333	27249407.1945801
98.5491916666667	23883673.9401855
98.5884166666667	24228491.5438232
98.6259283333333	22908705.7498779
98.6677966666667	18501402.4029541
98.7103383333333	19786061.9090576
98.75297	29798465.2270508
98.79149	20319531.5479736
98.83472	25109783.5708008
98.8783566666667	20848486.3164063
98.9209333333333	23834408.3740234
98.9640266666667	21231698.9328613
