RetentionTime	Intensity
0.00493	381609.576538086
0.0508733333333333	284154.668495178
0.100906666666667	298555.565628052
0.14972	329928.956268311
0.19942	317467.237098694
0.24963	336673.977806091
0.299938333333333	306749.420082092
0.350371666666667	245516.479103088
0.389571666666667	292266.156333923
0.43663	221278.328971863
0.45808	278088.343254089
0.505515	273615.474357605
0.541513333333333	264010.715003967
0.57411	282882.163551331
0.613763333333333	308335.362159729
0.664228333333333	323888.056083679
0.714988333333333	312733.394317627
0.765538333333333	517501.940704346
0.816281666666667	618362.543144226
0.866205	764906.452888489
0.91557	787197.806739807
0.96574	831075.721847534
1.01632166666667	811427.584098816
1.066465	785806.07081604
1.11717	683401.825325012
1.16819166666667	635032.918334961
1.21920833333333	570461.608459473
1.27091833333333	522687.034225464
1.32174166666667	572976.113182068
1.37274666666667	564708.294471741
1.423725	623568.695701599
1.47465333333333	604110.871208191
1.523275	571652.505447388
1.56807166666667	570234.470962524
1.61220666666667	587562.302947998
1.66373666666667	646181.963424683
1.71146666666667	590309.953269958
1.76244833333333	596529.555610657
1.80995333333333	607340.616889954
1.86039333333333	576346.239189148
1.91141166666667	642734.107574463
1.96204666666667	553272.732528687
2.00898166666667	597939.459846497
2.06022	518127.522369385
2.11063333333333	503486.487426758
2.160795	514799.60799408
2.21226666666667	517560.664848328
2.26311833333333	493661.089233398
2.31407833333333	536829.573959351
2.36540666666667	551276.438926697
2.40285333333333	541877.993179321
2.44237166666667	543833.28263855
2.49292666666667	540814.341140747
2.53407666666667	579835.234573364
2.58519166666667	563469.628822327
2.62538	512724.708335876
2.676425	522905.63809967
2.72411166666667	480280.838272095
2.757475	514547.675643921
2.797955	462434.8934021
2.84503	494438.042419434
2.89643666666667	461971.525054932
2.94356333333333	436275.411499023
2.99407833333333	440437.119247437
3.03431666666667	428956.277481079
3.08018	409916.735839844
3.120225	479660.919639587
3.16774166666667	453076.603889465
3.21798666666667	411668.889724731
3.26620166666667	467486.526351929
3.31396	452175.920021057
3.36462833333333	441220.656059265
3.41169166666667	444329.528770447
3.46027666666667	442202.296569824
3.51197166666667	513021.067863464
3.56364666666667	471982.422729492
3.61457166666667	415235.437339783
3.647665	371321.953735352
3.67375	395595.127761841
3.71794166666667	385309.253608704
3.755345	360937.682037354
3.77766666666667	413673.445198059
3.80367333333333	372489.081367493
3.83650333333333	389049.787322998
3.873315	381942.815139771
3.91271333333333	398815.824691772
3.949735	419094.193466187
4.00088	387666.635917664
4.04475	396316.602279663
4.08073166666667	406138.329139709
4.12157666666667	426094.007118225
4.16703	474029.614784241
4.21875166666667	428162.262718201
4.26986833333333	424044.772575378
4.32061833333333	418592.167243958
4.37123666666667	463209.054946899
4.422265	428031.108673096
4.46617666666667	435694.225166321
4.51686666666667	437085.343757629
4.55428666666667	458591.358932495
4.59485666666667	467653.366828918
4.62779	493368.875801086
4.66117666666667	460754.101379395
4.68744	519174.764732361
4.72419333333333	486343.915420532
4.75684	508527.560440063
4.793725	497640.998504639
4.84577	482682.478263855
4.89561333333333	467708.697914124
4.93218666666667	495305.212989807
4.98341	443179.520477295
5.02649333333333	417849.991203308
5.06246	430286.320121765
5.09207	399523.862983704
5.12538333333333	405247.160522461
5.15832666666667	404429.357177734
5.20817833333333	391836.998123169
5.23787666666667	387833.057914734
5.28934	404638.092147827
5.336565	373484.384712219
5.38695833333333	384432.61000824
5.43643833333333	480734.901664734
5.48687	495733.922187805
5.537055	542976.896080017
5.58558	644259.950386047
5.638785	693585.910041809
5.69027666666667	727753.161758423
5.74199166666667	802665.184387207
5.79323333333333	907484.951881409
5.845655	978453.500549316
5.89579833333333	1816688.4492569
5.94368833333333	2418351.31257629
5.992455	3104202.81661987
6.039785	3372928.17218018
6.085985	5334867.34701538
6.13333666666667	5290226.05389404
6.17921	8114237.49703979
6.223435	7591310.8913269
6.26966333333333	10616318.4521484
6.31410333333333	11593223.7580566
6.35998833333333	11557579.428772
6.402515	13562116.6420288
6.442535	17867912.0369263
6.487515	13349054.8348999
6.53047833333333	17198392.7177734
6.57167166666667	14695486.6679688
6.61567666666667	18037300.0671387
6.659655	18689212.3112793
6.70110666666667	19085227.5613403
6.74658833333333	19634675.9594727
6.79039666666667	18838159.2714233
6.83112833333333	20893024.8775635
6.87374333333333	28098279.3630371
6.91295833333333	29253724.3287354
6.95808166666667	39724269.3043213
6.99767833333333	34307995.0168457
7.04216333333333	45363107.782959
7.08229833333333	46109709.4250488
7.122785	59971718.4702148
7.16171166666667	59605025.3720703
7.206155	63858646.90625
7.24567833333333	65761535.9290771
7.28497333333333	70990532.8464355
7.32268833333333	61632546.5002441
7.36057166666667	88096812.1091309
7.404885	60580277.6286621
7.44355333333333	87813717.1015625
7.480215	72790423.2365723
7.51889166666667	132390237.508789
7.553905	117007224.899414
7.58997666666667	130984092.102051
7.62784333333333	108810440.011475
7.66412333333333	111445544.698486
7.70592833333333	103038307.541504
7.74248666666667	109087595.779785
7.776755	104717739.132568
7.81662333333333	106572432.432373
7.84887833333333	92300300.0595703
7.88638	116226688.752197
7.923055	100185635.523682
7.95901166666667	97659010.1235352
8.00278	100786811.136719
8.03655166666667	113247271.495361
8.07511333333333	116602851.974609
8.114315	127625536.46875
8.14693666666667	145973204.234863
8.180145	166227160.769043
8.21675166666667	166911039.040039
8.25074333333333	204832280.99707
8.29010833333333	210594334.732422
8.327835	307485535.008789
8.36201	188121007.93457
8.39737666666667	298382961.006348
8.43325166666667	285311279.350586
8.46579666666667	264679895.483887
8.4967	276590671.202637
8.53218333333333	323310382.411621
8.56800333333333	316441831.734863
8.60084833333333	244894309.893555
8.63778833333333	289569504.395996
8.67622166666667	410632435.392578
8.71067	325875278.344727
8.752035	321606445.868652
8.78035833333333	340454150.485352
8.81536166666667	350776727.955078
8.851195	350809894.667969
8.88160166666667	232941085.273926
8.91171833333333	311943413.59082
8.9432	310673514.930176
8.974385	271777894.042969
9.008495	290154327.125
9.04677666666667	262896876.099121
9.080115	274294646.876465
9.11796	225952813.891113
9.153535	248899589.508301
9.18506833333333	227257355.33252
9.22089166666667	265915081.344238
9.25674166666667	267837682.729492
9.28768666666667	303862121.744141
9.32446166666667	247747596.55127
9.358445	281441403.93457
9.39372666666667	281602917.720215
9.42912166666667	301347107.147949
9.46495333333333	322929155.791016
9.50016333333333	294148110.356934
9.53314166666667	330842440.289551
9.57118	270327284.781738
9.60434666666667	316311291.347656
9.63603833333333	294270938.284668
9.669305	289591347.37793
9.70516166666667	293046662.880859
9.738895	181429032.039063
9.775885	317125900.041016
9.80840833333333	277782098.560547
9.847985	187661941.936035
9.88410333333333	306075551.819824
9.916205	233371385.42334
9.94965833333333	250421334.920898
9.984225	235021370.218262
10.017345	186703773.881836
10.0546316666667	204537123.42334
10.0879233333333	235230780.595215
10.1280016666667	253553847.354492
10.1629566666667	235288140.63623
10.1998033333333	251490418.350586
10.23593	199393362.941406
10.2738616666667	268952192.353516
10.3074183333333	271066400.112793
10.3456233333333	284904599.587891
10.38213	316662698.048828
10.4127866666667	295969224.34668
10.4455416666667	249497676.108398
10.4831116666667	249013699.202148
10.51675	272943785.855469
10.55099	280819304.345703
10.586735	273310422.352051
10.6188633333333	278337268.958008
10.6538583333333	272242813.652344
10.686835	271526566.664551
10.719695	282367504.572754
10.7538716666667	299167526.799805
10.7888733333333	296380408.18457
10.8215683333333	295215345.541016
10.8562683333333	271562914.366211
10.8917066666667	287901129.51123
10.9258433333333	302023768.371094
10.9611516666667	291179694.539063
10.9929983333333	304624490.316895
11.02607	303718824.905273
11.062875	325503881.757813
11.096925	258120024.745605
11.1347066666667	304305997.553711
11.1753816666667	292276794.36084
11.205305	186975096.720215
11.2447083333333	308418849.029297
11.2732433333333	318336442.836914
11.3105516666667	267115459.938965
11.34265	277506552.067871
11.376875	279945666.29541
11.40867	245648166.121582
11.440855	259745871.731445
11.474105	258965984.131348
11.51612	242233024.008301
11.54516	282107888.272461
11.5752983333333	269604056.935547
11.6098366666667	218959342.182617
11.642645	263077610.478516
11.67911	216379407.041992
11.71251	227020593.86084
11.7469716666667	263871813.883789
11.77764	206800522.004395
11.8102433333333	214522263.685059
11.84365	242903168.192383
11.87837	252834932.25
11.913875	253130781.369629
11.945935	243290854.266602
11.9794766666667	225637805.584473
12.0127533333333	228554457.996582
12.0463616666667	219652065.982422
12.0793316666667	198579920.804688
12.1161983333333	269746408.78418
12.1505216666667	255232652.803223
12.185135	259939103.550781
12.21709	267211024.022949
12.2512233333333	242674896.834961
12.2898266666667	285408034.552734
12.3186133333333	222259501.869141
12.3556733333333	307841852.555664
12.3884183333333	293922733.908691
12.4252166666667	330034823.130859
12.4601983333333	322382428.02002
12.4912716666667	308148644.467773
12.52856	325717275.036133
12.5615233333333	336092268.892578
12.59685	333369500.369629
12.6296166666667	417137170.378906
12.6602366666667	340699494.924805
12.6965783333333	298825414.07373
12.7304916666667	332253455.158691
12.7675666666667	352150249.106934
12.8008766666667	377324485.740234
12.836955	339711653.744141
12.8732216666667	382735515.666992
12.9047333333333	302492801.172363
12.9437966666667	338739842.436035
12.979415	333848685.661133
13.0163933333333	299330325.517578
13.0506716666667	316491591.409668
13.0901866666667	213942171.540527
13.1206483333333	325438705.390137
13.156505	281302918.319824
13.1900683333333	265576456.362305
13.2295133333333	238795445.007813
13.25789	192227433.621582
13.2994916666667	243915403.103027
13.3308433333333	262303345.59375
13.3615766666667	194245913.456543
13.3993366666667	225151193.707031
13.42934	225695311.721191
13.46518	197172595.475098
13.5014616666667	259234893.494141
13.533205	212249586.102051
13.57032	219152750.774902
13.6015016666667	297486956.961914
13.6379666666667	197824172.21582
13.6707166666667	230602572.920898
13.7103	206009421.273438
13.7432233333333	210069222.720703
13.7781333333333	271052174.256836
13.8138566666667	162068280.836426
13.8535033333333	273341430.524414
13.886995	191342455.452637
13.9228533333333	237465376.100098
13.9568	268810557.438477
13.99057	233549986.368164
14.0233866666667	307862664.279297
14.0606816666667	246190164.574219
14.0918066666667	229366198.439453
14.1315033333333	241544600.390137
14.1622833333333	266835395.337891
14.2009333333333	286435458.194336
14.2327866666667	287431135.794922
14.2714433333333	228571869.49707
14.3006116666667	304154978.125977
14.34287	259384107.38623
14.3714983333333	262772893.79834
14.403665	295606401.65332
14.4418816666667	231614538.339355
14.4757383333333	282721508.929688
14.5115466666667	252089435.730469
14.5421	273958307.947754
14.5815033333333	237141705.41748
14.6108333333333	264883227.410645
14.6465733333333	226825596.704102
14.68178	283658387.886719
14.7208966666667	268090760.649414
14.7599983333333	247182464.415527
14.7977316666667	212132197.477539
14.8349383333333	281530083.365234
14.8726333333333	254235558.961914
14.9089816666667	203069033.791504
14.947155	206959010.437012
14.9814016666667	193525789.945313
15.0132716666667	201190174.312988
15.0490133333333	156853952.431152
15.087205	172520290.587402
15.119735	145828877.758545
15.1583066666667	203809982.446289
15.1983916666667	174888720.39502
15.2358866666667	187950971.584473
15.27193	264399134.719727
15.3057116666667	175137999.713379
15.3367483333333	220038741.93457
15.374585	204869538.283203
15.4065866666667	218570456.597168
15.43999	179062133.208252
15.47697	232692618.770508
15.5079666666667	300598229.176758
15.5410133333333	234220736.496094
15.572695	350598440.148438
15.6044116666667	238768944.148438
15.6372683333333	254907916.625977
15.6700316666667	231641113.375488
15.7045166666667	305202545.475098
15.737055	202760076.20166
15.7722283333333	172236541.474121
15.8118883333333	183488845.73291
15.8488416666667	161226098.083008
15.8850083333333	228104739.154785
15.9208	232737751.130371
15.956245	228049950.899902
15.9937583333333	155967115.867188
16.02954	178762884.834473
16.0595383333333	227310726.55127
16.0934266666667	162517268.708008
16.1346733333333	204474030.726563
16.1672433333333	167860481.446777
16.205425	192285705.67041
16.246395	115773805.826416
16.2823366666667	134232842.730713
16.31361	179306504.26709
16.3452566666667	207599187.273438
16.3808683333333	128712373.248047
16.421465	179664938.119629
16.4505166666667	161272633.491211
16.4818416666667	241059588.402832
16.5188716666667	191599173.771484
16.5497516666667	150570062.190918
16.5860516666667	207202417.829102
16.62263	221472045.811035
16.6576933333333	174588825.259766
16.6947383333333	259723779.262207
16.7312116666667	211655282.184082
16.7635133333333	197356680.569336
16.7975933333333	256125206.773926
16.8328266666667	238090683.406738
16.8675833333333	231210099.88916
16.9016683333333	225905078.55957
16.935615	171584388.734375
16.968795	265748853.279785
17.0048783333333	157234978.629395
17.0459833333333	252244383.69043
17.0778016666667	205689432.935547
17.1089383333333	246507757.505859
17.14431	201732064.158203
17.1815133333333	198731399.973145
17.2167316666667	292091735.467773
17.2507383333333	234706177.664551
17.2901883333333	231597890.288574
17.3203216666667	190812741.910645
17.3620933333333	257412432.910645
17.390785	157558815.20459
17.4263766666667	185862114.44873
17.4636333333333	274323775.777832
17.4928716666667	182485773.39209
17.52735	226185789.290527
17.5614433333333	226297320.868652
17.5947033333333	247004037.826172
17.6310783333333	241938452.569336
17.6636633333333	236278646.609863
17.69849	201821498.800781
17.7353	200226925.964844
17.7688833333333	156547505.792236
17.8065133333333	234837931.766113
17.841685	279058638.870117
17.8756116666667	184469237.866211
17.9164333333333	354050273.793945
17.9491616666667	226655554.75
17.9864283333333	182317467.998047
18.0191183333333	306027703.728027
18.0517383333333	232772412.394043
18.091715	241567004.213867
18.1235133333333	250876112.30957
18.15826	213888155.213867
18.196425	273690014.348633
18.23533	149669598.234375
18.2716983333333	254432864.922852
18.309615	221012730.787109
18.3441216666667	260773557.442383
18.384625	238311121.412598
18.4200466666667	262725801.318359
18.4557466666667	281216635.15625
18.489395	287554792.08252
18.5220183333333	265365697.853027
18.558035	354368418.634766
18.5936533333333	206997717.226563
18.6282616666667	264794434.578125
18.6636783333333	303433789.654297
18.69642	232723462.298828
18.7273183333333	230237162.181641
18.76077	166755491.944092
18.79793	251194579.594727
18.834745	208204798.938477
18.870545	237284935.458984
18.9036633333333	267344059.632813
18.9389083333333	222420674.459473
18.9747433333333	240598398.914063
19.0137433333333	194987524.412598
19.0503583333333	184974529.522217
19.087855	278212130.990723
19.1260116666667	175749543.514893
19.1649316666667	210788244.694336
19.200755	215076313.342773
19.2380133333333	273924090.169922
19.2702466666667	282336457.600098
19.3055983333333	140410434.780762
19.3448633333333	207596242.087402
19.3797683333333	256489600.584961
19.4131783333333	176466358.456055
19.4491083333333	212256238.944336
19.4820933333333	251074826.731445
19.515195	286926689.929199
19.546285	298149796.211914
19.57801	216606646.179199
19.612225	185455580.579102
19.6479183333333	210302095.585449
19.6810866666667	181536418.208008
19.713995	251953054.720215
19.7463783333333	232731155.962402
19.7779116666667	192713281.130859
19.8128866666667	208526651.721191
19.846855	251654101.561523
19.8813733333333	204059781.39502
19.9142966666667	191392023.335938
19.9502516666667	216014239.334473
19.9818916666667	213608549.635742
20.0202466666667	256077907.892578
20.056005	221628242.325684
20.093735	187133717.240234
20.1281183333333	234515014.925781
20.16545	296951098.024414
20.202185	236709828.329102
20.2390966666667	224645860.912598
20.27753	168357384.192871
20.3141033333333	225184141.080078
20.3498983333333	234056420.375488
20.3893383333333	203328278.62207
20.4208066666667	197436600.050781
20.46051	227625207.271484
20.494875	211861852.96875
20.5287033333333	195236310.962891
20.5680466666667	168514985.430664
20.6041683333333	250499110.624023
20.6404216666667	172417699.731934
20.6802033333333	248308433.458008
20.71521	229205407.974609
20.7471366666667	214438293.881836
20.7828433333333	217280237.531738
20.8131083333333	281567193.129395
20.8459416666667	186554472.146973
20.88367	268889337.249512
20.914665	240120764.282227
20.9509016666667	142044837.469971
20.9843166666667	232661640.483887
21.02035	150466718.631836
21.0597333333333	192871266.975098
21.0989983333333	187385223.593262
21.1327983333333	134808823.176758
21.1705933333333	209234837.0625
21.2069716666667	143278562.476563
21.2446933333333	150957363.499512
21.285745	200658039.723633
21.319505	204565112.755371
21.3549116666667	192451398.404785
21.39099	172073994.344482
21.4248183333333	252348328.761719
21.4617266666667	153342245.415527
21.4971666666667	252725702.319824
21.5310966666667	163166262.249268
21.5668216666667	270022711.450684
21.60206	187943330.365723
21.640905	238908225.82666
21.6726616666667	154382731.875977
21.7095333333333	230353260.125488
21.745435	166418607.554199
21.7799833333333	259039093.640625
21.8160883333333	140210899.813965
21.8507266666667	238382863.618164
21.8817116666667	163728809.736816
21.9153716666667	185304772.883789
21.9500633333333	219397081.621582
21.9823416666667	231753787.00293
22.0149366666667	236242883.817871
22.049635	164273621.803223
22.0872183333333	195110270.244629
22.1241483333333	195980081.193359
22.1613833333333	184459035.977539
22.1939283333333	198365577.091797
22.2289483333333	265026823.284668
22.26473	215264062.566895
22.2987516666667	167487387.192871
22.33481	275062760.160156
22.368465	174542976.668457
22.4032416666667	193795673.777344
22.4385183333333	275434898.731934
22.47341	170259044.513184
22.510985	227266508.821777
22.5455133333333	255286529.80957
22.5797083333333	157647015.645996
22.616395	201242669.206543
22.651285	165608109.248535
22.6857783333333	259206197.091797
22.7214116666667	245073661.771973
22.7535816666667	167044412.33252
22.7928683333333	242961226.617676
22.8289433333333	188802555.52832
22.8641466666667	218760198.697754
22.8969233333333	169512635.158203
22.93101	182503362.741211
22.966645	271963525.107422
23.0005483333333	182093176.64209
23.0360583333333	303423192.496094
23.070525	222828300.078613
23.1061833333333	183738457.324707
23.14409	199146251.964844
23.18036	170100669.306152
23.2169383333333	266221476.155762
23.2494166666667	251016134.106445
23.28677	198751555.470215
23.32469	256753805.723145
23.360775	206308735.574707
23.3997283333333	363923457.796875
23.4340433333333	322716736.099609
23.46857	261529468.58252
23.5044383333333	239800028.365234
23.5398183333333	238115343.195313
23.576	289604161.527832
23.6100266666667	310318369.841797
23.6444566666667	360478923.810547
23.6812566666667	215306782.309082
23.71579	309773131.443848
23.7516316666667	206484929.661621
23.789715	423957542.40918
23.8243816666667	272379245.144531
23.85988	303690373.916016
23.8969516666667	299350994.435547
23.9325916666667	225284808.425781
23.969325	313606721.342773
24.002485	285581898.631836
24.0356633333333	211566998.57373
24.0710283333333	325730132.538086
24.10559	249301096.273926
24.14087	203185330.357422
24.177055	200112920.361328
24.21208	244648579.692871
24.2459083333333	181270205.544434
24.281495	191839258.250977
24.3169383333333	205973000.540039
24.35489	309714525.488281
24.39102	200158247.856934
24.4264483333333	177204246.053223
24.463155	254563736.754883
24.497635	164335432.831055
24.5313216666667	175222205.293945
24.566825	165416267.275879
24.6018833333333	235804549.006836
24.6339233333333	247876336.506348
24.6668433333333	195928375.586914
24.7020083333333	202975287.913574
24.7357	215771237.350098
24.7697133333333	241174897.709473
24.8031	197743403.937012
24.8416316666667	235930271.894043
24.875105	263513145.910156
24.9089133333333	176759097.931641
24.9457083333333	243870445.379883
24.97716	246790612.554688
25.0207083333333	206310240.061523
25.0530366666667	165259539.469727
25.0885783333333	257489335.6875
25.1237966666667	245031131.711914
25.15516	268121713.581543
25.1918233333333	234673502.033691
25.22911	232095746.988281
25.261685	221983659.35498
25.2950516666667	258119016.182129
25.3328716666667	272866570.632324
25.36409	204916136.119141
25.39773	156495826.002441
25.4397116666667	197181483.452148
25.4716783333333	192924977.803711
25.50659	165828966.779785
25.5394983333333	192438643.489258
25.5804466666667	266923042.533691
25.60973	265763654.973145
25.640785	319350549.857422
25.6749183333333	186422840.637207
25.707065	221837809.229492
25.7469883333333	203669610.509766
25.7788866666667	356140558.511719
25.81037	268376411.986328
25.8486516666667	307434815.535156
25.882935	237781224.109375
25.920395	325417101.639648
25.950715	322380694.047363
25.9865266666667	279719071.949219
26.0185966666667	336467569.791016
26.0531916666667	353325862.033203
26.0883333333333	286300387.859375
26.1235866666667	243531709.860352
26.1617433333333	337193642.352539
26.1944283333333	344522439.885742
26.2276083333333	257817080.917969
26.2609816666667	341648275.97168
26.2924583333333	339628725.759766
26.32399	381004795.415039
26.35945	334529579.283203
26.3935233333333	494498059.645508
26.427125	418629089.234375
26.4624	527045279.246094
26.4987283333333	560444272.108398
26.537025	506316742.341797
26.5701183333333	550744383.989258
26.6075133333333	535965092.089844
26.64335	375943339.393066
26.6752933333333	483387562.149414
26.705335	516847490.191406
26.7394633333333	492616699.248047
26.7739383333333	460234660.099609
26.8058483333333	451983588.361328
26.8383566666667	416090527.146484
26.8741583333333	449887367.647461
26.9116966666667	325094856.349121
26.946225	339784351.248535
26.9826033333333	321404345.5625
27.0192516666667	443150530.150391
27.0533383333333	375335606.381836
27.0858183333333	293307879.100586
27.1232483333333	237643085.464355
27.15754	271884444.71875
27.1952866666667	307904542.140137
27.2282466666667	348596611.403809
27.261825	270636485.22998
27.3004616666667	366712278.495117
27.3302616666667	404140481.387695
27.3669566666667	270453763.073242
27.4052116666667	441680123.228516
27.4348516666667	308999091.827148
27.470665	326138671.123535
27.5052816666667	338375356.978027
27.5398166666667	325375126.165527
27.5744766666667	335774102.078613
27.606985	349001151.942383
27.6426666666667	362542973.881836
27.6763516666667	375070998.367676
27.7102866666667	381316154.532227
27.7447116666667	329536826.125977
27.7811716666667	350724396.39502
27.8128266666667	386603593.387695
27.8487233333333	358256487.781738
27.88069	418632662.730469
27.9162	267411046.355469
27.9513066666667	277898401.143066
27.989085	265946720.732422
28.0284	333453128.259766
28.0612233333333	363817691.299805
28.09709	245592146.385254
28.1327216666667	383317703.780273
28.1667216666667	270074608.152344
28.202095	320220864.105957
28.2390433333333	308723531.527344
28.270415	363072204.325195
28.3050633333333	295893985.31543
28.3441733333333	309889037.375488
28.3762416666667	357128696.168945
28.4096083333333	311103873.641113
28.4463416666667	290692614.664551
28.47772	370620587.623047
28.514005	288678802.866211
28.5437816666667	244026009.581543
28.57831	274765021.305176
28.6106916666667	348311109.291992
28.6401933333333	205271028.612793
28.6778683333333	257197205.920898
28.7107966666667	312263589.390625
28.7423133333333	345317975.152344
28.77369	360875386.670898
28.8085583333333	252758273.161133
28.840845	421462410.432617
28.872665	348014507.967773
28.90526	342004642.043945
28.938585	265638175.026367
28.974665	348841358.84375
29.00743	306790808.831543
29.0424516666667	307371919.262695
29.0780866666667	385241398.640625
29.11191	430860137.615234
29.1440266666667	348762414.900391
29.1812416666667	365587280.650391
29.21419	350746072.945313
29.247455	273178582.041992
29.27959	294311652.923828
29.31178	444804588.567383
29.3458783333333	386628995.758789
29.3803633333333	323797473.874023
29.4151333333333	332216012.254883
29.4508216666667	352623667.182617
29.48422	298386087.310059
29.5166116666667	264846466.752441
29.5517533333333	242454733.999512
29.5839233333333	266273726.125488
29.6173666666667	282924787.634766
29.6466366666667	355083877.805664
29.680335	281115266.220703
29.71519	211986461.016113
29.7488216666667	250336498.068848
29.7826966666667	305106074.15625
29.8135516666667	265713136.658203
29.851215	333990200.736328
29.8846783333333	282436663.808105
29.9187633333333	301989488.048828
29.951095	345266008.119141
29.9847366666667	261241964.035645
30.0174783333333	306247713.046875
30.0496516666667	303264765.942383
30.0852316666667	295054535.276367
30.119885	205587192.190918
30.1554616666667	331097666.246094
30.1861116666667	306651999.036133
30.22235	306888754.901367
30.2567366666667	345082099.082031
30.2891366666667	247025470.400391
30.3249416666667	218532940.283691
30.363035	284733102.856934
30.3980033333333	265356452.560059
30.4311316666667	269770793.335449
30.4676583333333	230080230.175293
30.5034716666667	277828234.849609
30.536715	319855937.804688
30.5718183333333	263547148.852539
30.6056566666667	363839001.144531
30.6418816666667	297935931.17334
30.6743933333333	340754369.074219
30.7073883333333	287276603.95459
30.7423033333333	391469746.989258
30.7730666666667	260672220.56543
30.8093933333333	402664200.677734
30.8417766666667	297529330.811523
30.874795	275706632.301758
30.9088683333333	215226105.597168
30.9417	330195171.71582
30.97259	301350020.935547
31.0038683333333	330183665.873047
31.0367316666667	318296895.959961
31.0683833333333	370580833.328125
31.1004283333333	276327196.131348
31.1332616666667	400805445.355469
31.16441	293985880.68457
31.1958416666667	304982582.267578
31.229925	322390905.693359
31.2652766666667	331788413.368164
31.2956183333333	326220305.196289
31.33399	366118149.967773
31.3654883333333	358579874.250977
31.3997866666667	331678559.445313
31.4333916666667	305674499.964844
31.4669516666667	420190436.81543
31.50042	385317949.796875
31.5326566666667	477384413.542969
31.5644716666667	316945614.561523
31.5991583333333	310699224.172852
31.6312633333333	419145766.272461
31.66315	426031395.844727
31.6955233333333	389765730.576172
31.7285916666667	289156246.381348
31.76541	335555568.928711
31.79754	325704570.724609
31.83214	462827144.901367
31.86456	345195091.334961
31.8974133333333	342461727.077148
31.929915	316181014.320313
31.9624733333333	432654889.949219
31.9941316666667	335190470.003906
32.0277233333333	287185776.005859
32.0618316666667	372639682.151367
32.0935766666667	323032033.360352
32.1283616666667	354536280.19043
32.16055	289553180.55127
32.1948066666667	465832776.716797
32.227465	385083366.287109
32.2602666666667	320044037.002441
32.2941733333333	405449132.480469
32.32688	389434491.035156
32.3618316666667	459128807.143555
32.392985	331929042.741211
32.4298866666667	441012642.920898
32.462785	389703203.996094
32.4979683333333	362510736.712891
32.5320966666667	405704296.055664
32.56354	391242841.094727
32.5963383333333	368266679.12207
32.6313583333333	312433746.058594
32.6678	424839703.94043
32.7020616666667	407993736.125977
32.735975	396732149.611328
32.7682016666667	401046301.199219
32.804085	487084194.482422
32.837365	429684412.163086
32.8705983333333	318406407.874023
32.9034233333333	322373583.111816
32.93798	318997281.490234
32.9685766666667	270606389.862793
33.0052616666667	289103653.792969
33.0384683333333	346068342.013672
33.0706916666667	350788948.363281
33.1033616666667	394480049.317383
33.134865	328651867.248047
33.17079	323340757.348145
33.2028366666667	248414395.603027
33.2361516666667	370403061.249023
33.2698566666667	362998408.456055
33.3026333333333	260241636.201172
33.3333333333333	297790931.960938
33.3687766666667	244154085.192383
33.4055766666667	315432630.078125
33.43908	299249024.788086
33.4720066666667	182065050.273438
33.5073316666667	360863483.488281
33.537575	368644748.121094
33.5736716666667	389383566.381836
33.6039633333333	344159137.782227
33.6391066666667	392257761.59375
33.671485	418887493.777344
33.703055	323485276.049805
33.73579	324616147.34082
33.7685316666667	318298121.358398
33.8000033333333	426065618.00293
33.8320516666667	373742182.44043
33.8645466666667	429180568.37207
33.896205	385886363.911133
33.92861	309796536.37793
33.9618133333333	357546659.818359
33.9954516666667	247568485.229492
34.03082	279519045.354004
34.0645333333333	275456226.312012
34.1010133333333	433231539.712891
34.132825	333223468.448242
34.1652433333333	375048674.991211
34.1975216666667	354644237.005859
34.2299033333333	322510677.671875
34.2623366666667	305039811.6875
34.2968183333333	385497199.699219
34.328365	289657860.143555
34.363905	313306942.568359
34.397025	298176701.748047
34.4294816666667	286602154.501953
34.4633333333333	225029486.075684
34.4990983333333	295807659.488281
34.5335383333333	394225702.561523
34.566485	351961600.49707
34.5990783333333	505742896.276367
34.6308883333333	366402159.735352
34.6626883333333	420357263.649414
34.6958783333333	397917622.068359
34.7321133333333	555699554.22168
34.765215	280634431.991699
34.799495	494987179.789063
34.8317333333333	409225958.353516
34.86221	439854230.249023
34.8960733333333	283754000.810059
34.9297116666667	388409132.426758
34.9628416666667	354227886.15918
34.99511	392906662.337891
35.0272833333333	348347693.551758
35.059805	320231098.935547
35.092825	342543909.963867
35.1252616666667	221463114.961426
35.1605416666667	356090651.94043
35.19367	379543601.291016
35.22637	231846606.682617
35.26249	266599273.43457
35.296825	316620964.225586
35.3320366666667	322570757.6875
35.3653666666667	416910112.548828
35.396645	260635611.060547
35.430765	325896644.120117
35.46163	283360785.961914
35.4922616666667	461556250.272461
35.524725	369425772.828125
35.5564716666667	271849220.257813
35.5918233333333	314693687.092773
35.6242283333333	249523044.368164
35.6597566666667	206850150.072754
35.695975	284803794.847656
35.7303266666667	234648720.233887
35.763465	253589038.255859
35.79811	249164750.14502
35.8317133333333	252849185.604004
35.8680566666667	412464730.358398
35.902675	343705334.955078
35.933325	335633205.736328
35.9660866666667	381037803.650391
35.9986666666667	383657249.177734
36.0309433333333	365634457.512695
36.066005	397773987.029297
36.0989766666667	282973892.835938
36.1336033333333	394892037.294922
36.1656316666667	359083151.516602
36.2003316666667	258430734.977051
36.2352583333333	355135071.448242
36.2656083333333	305219271.359375
36.2989933333333	249189981.153809
36.3324483333333	248356571.26416
36.3666	270213381.855469
36.4026683333333	345578803.74707
36.4358533333333	283254172.608887
36.4686566666667	329575388.746094
36.5003716666667	433378964.75293
36.532575	407652296.407227
36.5629333333333	436561193.369141
36.5960916666667	356300974.861328
36.6283466666667	416999454.979492
36.6614666666667	437309330.03125
36.6934383333333	397540624.450195
36.7254316666667	314678284.040039
36.757835	387696973.635742
36.79226	411083576.371094
36.8251	411799744.480469
36.8589	427065604.84082
36.891685	362270442.958008
36.926315	386205013.166016
36.959445	414028138.399414
36.9945766666667	363089383.530273
37.0290833333333	254086491.006348
37.0640466666667	359637767.493164
37.0988266666667	269214006.884277
37.1336383333333	348562129.966797
37.1668266666667	245149578.837891
37.203015	371918704.177734
37.2346366666667	256336915.931641
37.2716316666667	305295152.456055
37.3041933333333	211243997.115234
37.3380533333333	311478552.831055
37.373625	287083921.946289
37.4080333333333	411039740.086914
37.440465	431252700.410156
37.4728783333333	404684248.719727
37.5048166666667	444429610.197266
37.53716	424825325.960938
37.5685783333333	412414365.341797
37.6003783333333	417764414.243164
37.633625	368535187.530273
37.66683	352427677.716797
37.69959	471084753.96875
37.7325266666667	402308093.716797
37.7637333333333	316029419.53125
37.7969366666667	335785637.310547
37.830845	488251432.62207
37.8623866666667	452152297.880859
37.8946983333333	443275874.307617
37.927275	319690986.72168
37.9622566666667	404050389.505859
37.9931933333333	374370045.134766
38.0257716666667	457300361.662109
38.059675	380076204.77832
38.09365	271334727.414063
38.1303383333333	290172239.117188
38.1633433333333	289751484.438477
38.1983316666667	319982800.011719
38.23266	450937914.65918
38.263745	417935041.805664
38.2977633333333	442190431.137695
38.3302	367616984.05957
38.360035	259289715.447754
38.3944466666667	245528968.112305
38.430955	371815941.463867
38.4643033333333	448991552.246094
38.4987733333333	290394584.538086
38.5331816666667	311116229.325195
38.5692566666667	414426779.150391
38.6043216666667	293992037.890137
38.6393966666667	291600947.923828
38.6741933333333	343101864.995117
38.7096683333333	351156497.777344
38.7404683333333	373407509.638672
38.7716833333333	509217324.828125
38.8056416666667	346585219.478516
38.8382766666667	371432326.787109
38.87368	287904081.734375
38.9067433333333	312498194.186035
38.9382516666667	293382249.27832
38.97224	396553761.356445
39.004405	361103298.280273
39.0381616666667	258095939.855957
39.0734816666667	347675783.680664
39.1071283333333	262355406.813965
39.1456833333333	323686304.824219
39.1788833333333	251317302.767578
39.2143033333333	274588695.602051
39.249105	310832688.672852
39.2833533333333	251133023.118164
39.317455	235553258.036133
39.3502133333333	294208282.908203
39.3833883333333	342430238.817383
39.415545	379589570.237305
39.448455	278051406.992188
39.4820566666667	415471923.974609
39.5142133333333	366840537.908203
39.5474183333333	391172760.09668
39.5782733333333	321073017.039063
39.6129616666667	257694892.171387
39.65111	270753424.610352
39.68768	147112277.435791
39.7276133333333	354941781.655273
39.7605283333333	377685691.896484
39.792595	254818606.513184
39.8291266666667	223835358.905273
39.8658566666667	218292161.057129
39.89985	343079198.844727
39.9320033333333	253683711.032227
39.9654916666667	238381599.304199
39.9988283333333	380181315.380859
40.0312066666667	213935846.213867
40.0646816666667	300549809.352539
40.0984783333333	367191167.193359
40.1312816666667	290088830.235352
40.165765	336580204.152344
40.1988783333333	347487561.226563
40.2323016666667	290181155.726563
40.267055	243612907.62793
40.2998933333333	318114221.646484
40.3321116666667	190258410.930176
40.3664933333333	241520041.116211
40.3985783333333	239095328.480469
40.4340283333333	235644642.51123
40.4689366666667	295501451.235352
40.5011383333333	420289586.685547
40.5304183333333	201516170.231934
40.562975	303079662.022461
40.5939033333333	446700218.258789
40.62619	447315720.113281
40.6587566666667	402817254.005859
40.6914283333333	459952899.860352
40.7248366666667	402911001.887695
40.7571366666667	473037971.798828
40.7902266666667	402635844.201172
40.824355	306716588.016602
40.86016	546315132.013672
40.8932983333333	350183255.730469
40.9275716666667	363266203.480469
40.96026	454255805.077148
40.9911466666667	384565561.099609
41.0236666666667	348338647.410156
41.05973	296899337.963379
41.096075	282196256.200195
41.1285983333333	314519035.091797
41.1637233333333	330403457.807617
41.1971516666667	357432722.291992
41.2296166666667	328298925.519531
41.2628233333333	318326873.882813
41.2976033333333	419838493.666992
41.3312283333333	405176835.076172
41.363725	301940630.27002
41.3964483333333	375705118.474609
41.43092	335272795.994141
41.4645666666667	282977375.943848
41.5	306387738.238281
41.5333383333333	281165539.541016
41.5683483333333	286515469.878906
41.6018216666667	312649154.914063
41.6345766666667	303210469.630859
41.6664916666667	302027033.291992
41.6995816666667	344367736.479492
41.7320466666667	349044362.458008
41.7631383333333	361589913.28125
41.79448	397625069.165039
41.82647	360100962.209961
41.8599483333333	358601266.276367
41.8961733333333	404676785.119141
41.92911	322413960.332031
41.9633233333333	256737147.480469
41.998785	458828271.294922
42.0305083333333	340483002.464844
42.0618933333333	392985745.415039
42.0932733333333	283648681.969727
42.1282883333333	293541368.915039
42.1637366666667	336813396.5625
42.196375	341508391.44043
42.2304433333333	330903688.561523
42.2671933333333	356432681.253906
42.3007583333333	302750218.274414
42.33452	415911080.338867
42.366525	353598282.072266
42.39703	289286866.996094
42.4294133333333	365657003.794922
42.4595	351196693.834961
42.4940666666667	296699606.9375
42.527755	377520459.69043
42.5607966666667	417385869.097656
42.593335	374824560.358398
42.6258966666667	481543243.245117
42.659445	327188052.5625
42.694955	423155390.089844
42.7281983333333	540305939.378906
42.7601333333333	294822420.385254
42.7940516666667	335018213.225586
42.8286166666667	401688011.828125
42.8615633333333	383125053.321289
42.89509	397981905.632813
42.92938	362961383.795898
42.96227	356944076.848633
42.9966283333333	449891051.34082
43.028335	305498660.954102
43.0643883333333	323266487.107422
43.09796	420867430.500977
43.12965	346082687.392578
43.1647383333333	469265630.886719
43.1968066666667	222831247.049316
43.2339966666667	470982736.716797
43.2687333333333	377953488.608398
43.2998483333333	363518828.858398
43.332225	438696194.37207
43.3648533333333	398332884.914063
43.396295	352980321.823242
43.4293	380024061.546875
43.4651166666667	414253995.988281
43.5011883333333	348039552.555664
43.533475	353991147.720703
43.570585	347222355.232422
43.6047316666667	356085344.926758
43.6385183333333	233586880.808105
43.673795	329591498.046875
43.7056283333333	340190423.092773
43.7371133333333	330354406.708008
43.7698866666667	316168198.387695
43.8038216666667	417977239.053711
43.83549	425789026.504883
43.8702416666667	405911115.192383
43.9030766666667	410290758.514648
43.9368833333333	477703117.19043
43.97102	279713080.041016
44.0044633333333	624347374.771484
44.0377666666667	392734948.378906
44.0698383333333	471567597.353516
44.10348	386257308.710938
44.1382316666667	419768080.097656
44.17075	389093235.563477
44.2050666666667	420807832.075195
44.2401066666667	466925324.241211
44.2739	375983477.668945
44.30827	358409077.942383
44.340935	245636760.206543
44.376355	434621079.063477
44.4079983333333	282443944.637695
44.4431133333333	356315632.902344
44.47493	310112148.069336
44.507965	290930924.611328
44.5444733333333	368362710.691406
44.57659	301531905.637695
44.6126733333333	352818432.010742
44.645265	287108571.147461
44.6798	405533456.8125
44.712155	272407385.158203
44.7454283333333	266583886.572754
44.776155	205229469.037598
44.8136516666667	336715688.460938
44.84341	243470534.534668
44.8754483333333	265737736.339844
44.9094366666667	251359021.646973
44.9434016666667	275296285.488281
44.97753	247940434.000977
45.01078	293348815.806641
45.0433883333333	369477465.293945
45.0766966666667	284788985.695313
45.1106866666667	386417875.530273
45.143605	283356147.143066
45.1795716666667	407479560.591797
45.2102716666667	261589772.942383
45.2459516666667	374956743.682617
45.2786133333333	221061856.711914
45.3137633333333	451264516.421875
45.3472866666667	256655824.085938
45.3814483333333	265069029.292969
45.4159883333333	264097114.677734
45.4496533333333	399279523.069336
45.480955	348141634.166992
45.512445	328184476.19043
45.544495	303443805.68457
45.5772016666667	412241727.287109
45.6088016666667	297512586.517578
45.6423183333333	402365064.546875
45.6758483333333	303508286.954102
45.710415	434697266.521484
45.7424733333333	330499796.560547
45.7734133333333	459074009.516602
45.8051716666667	313335014.503906
45.8391283333333	319344571.358398
45.8722133333333	350705673.511719
45.90389	295519140.458008
45.9360916666667	360402906.436523
45.9680666666667	315550537.003906
46.0017366666667	323099996.984375
46.0342716666667	343080520.030273
46.06665	259129337.589844
46.1003783333333	340993350.349609
46.1338716666667	310185084.755859
46.1687833333333	341265486.900391
46.2017283333333	368972976.200195
46.23627	320762237.129883
46.2689466666667	346508045.976563
46.3026266666667	316048920.993164
46.3379633333333	350980070.186523
46.37045	466429688.219727
46.4026516666667	323537331.03418
46.435765	452519434.990234
46.4680466666667	319577130.896484
46.5011366666667	472864057.582031
46.5342916666667	402517595.381836
46.5656133333333	420001450.52832
46.5986683333333	504611859.118164
46.63286	217219927.952148
46.6708016666667	525424270.256836
46.7035466666667	312703972.82959
46.7372716666667	508259963.12793
46.7695666666667	354092192.229492
46.8027566666667	496256768.246094
46.8353816666667	325318365.764648
46.8719266666667	382814928.488281
46.9069766666667	384828214.019531
46.9415766666667	421936769.097656
46.9760516666667	342940735.431641
47.0072616666667	325807759.631836
47.0435866666667	307763483.008789
47.0751316666667	310561507.729492
47.1088733333333	289456603.624023
47.1415783333333	315512771.275391
47.1775466666667	271862105.715332
47.2121916666667	278091494.341309
47.2475633333333	233094696.056641
47.282475	301121815.269531
47.3160466666667	272303569.106934
47.3525133333333	348713024.546875
47.38583	251101872.244629
47.4213533333333	321146531.219727
47.45515	288396581.046875
47.48901	194599237.396973
47.5252066666667	266438731.822266
47.5622466666667	230705228.300293
47.5971816666667	278774508.864746
47.6299483333333	192130761.262207
47.665225	284908065.908203
47.698195	263405346.578125
47.7321233333333	290930795.894531
47.766825	271217104.638184
47.79813	204553710.187012
47.8314283333333	263463027.919434
47.8650733333333	246563905.149414
47.8976066666667	245914310.381348
47.93131	241702354.274414
47.9664316666667	173811024.539063
48.0026683333333	286865550.875977
48.0350966666667	264038052.475098
48.0688066666667	287070134.590332
48.10112	284555460.842773
48.1353683333333	333399368.344727
48.16803	243713237.708984
48.2048883333333	254867904.21582
48.240265	304908163.800781
48.2739633333333	250907447.858887
48.3062833333333	273274710.189941
48.3406283333333	247030332.026855
48.3743433333333	189918081.307129
48.409855	287492290.533691
48.444835	204442358.555664
48.4808266666667	260823459.964355
48.5173916666667	285514593.660156
48.55476	283370986.759766
48.5895533333333	290163368.037598
48.6228466666667	282770596.852051
48.658305	236381863.997559
48.692345	281777660.236816
48.7280916666667	353781650.953125
48.7620233333333	225736205.211426
48.7955966666667	375083859.892578
48.8294816666667	211804087.256348
48.866345	405098153.592773
48.89966	228720338.679199
48.933125	345352102.450195
48.9664466666667	185785001.687012
49.0019633333333	372814517.46582
49.0347283333333	359444879.297852
49.0689633333333	346055362.908203
49.10455	283699854.09668
49.1378516666667	324188591.561523
49.1715466666667	316815434.458008
49.2073966666667	332921673.532227
49.2402066666667	319701592.479492
49.272605	283650973.202148
49.3062066666667	301055089.550781
49.3403016666667	496751681.954102
49.371635	312224495.163086
49.4035983333333	339084469.165039
49.4358566666667	316533167.649414
49.4693616666667	380978831.62793
49.50374	297907314.119141
49.5374816666667	343458205.264648
49.57062	421621849.610352
49.602785	314264929.450195
49.63573	354868174.060547
49.6689066666667	281338099.309082
49.70457	356013806.541016
49.7423116666667	290296469.572754
49.7778783333333	352613139.28418
49.8116283333333	420294221.150391
49.84602	218406834.966309
49.8828333333333	443868160.234375
49.9159316666667	272467301.826172
49.9518933333333	397968757.189453
49.986665	343220502.878906
50.0206833333333	321133271.661133
50.05394	282089245.181641
50.0888616666667	329821490.498047
50.122715	302395400.078125
50.1583783333333	202650860.468262
50.1935916666667	367866489.149414
50.226515	282588958.703125
50.260335	351711971.264648
50.2939516666667	237565092.980957
50.3282433333333	332967945.585938
50.360705	323917949.166016
50.3925616666667	215608651.394531
50.4263416666667	360192209.758789
50.45823	267047340.978516
50.4937866666667	251173371.061035
50.5291416666667	280294259.928711
50.5625866666667	153934354.501465
50.6015433333333	311348305.519531
50.6368183333333	237916028.27002
50.673065	237903196.970215
50.7066016666667	308367320.365234
50.741995	222504314.337891
50.7794233333333	223710339.055664
50.816615	203231933.298828
50.8549966666667	199644597.145508
50.892475	200504046.638184
50.9269733333333	170101358.547363
50.9623233333333	238199101.660156
50.9974483333333	194047360.339844
51.0354133333333	158571917.47168
51.07351	138264201.628418
51.111865	138770107.187012
51.14965	97005160.6184082
51.1903766666667	165504487.670898
51.22642	128223756.572266
51.263065	125722104.039063
51.2990916666667	160488111.026367
51.3326683333333	139430700.917725
51.3715616666667	151462744.594238
51.4023933333333	130235507.60083
51.4361083333333	160190866.217773
51.4729883333333	155601640.929199
51.508125	124069778.412109
51.5488316666667	211485013.879395
51.58439	174524594.312012
51.6200266666667	224474474.604004
51.6547083333333	300182336.469727
51.6865783333333	285714592.609375
51.7199216666667	302134599.923828
51.7535883333333	299260077.521484
51.7874083333333	223704665.154785
51.8219633333333	349882958.84375
51.8566516666667	272782929.706055
51.8931566666667	277453596.369141
51.9281933333333	192668197.795898
51.9644	238895962.732422
52.000815	214978743.529785
52.03573	203284607.097168
52.071885	185105652.998535
52.1094066666667	178855010.26416
52.1450616666667	120521747.852051
52.1837866666667	205947699.585449
52.22017	190124734.270508
52.2543166666667	212106854.882324
52.2883966666667	143645820.617676
52.32452	128352450.492188
52.3593866666667	204480581.593262
52.3937666666667	221129252.117188
52.4273733333333	244416784.028809
52.4596733333333	186923623.317871
52.4936683333333	234045242.888672
52.5278733333333	224006702.749023
52.5639916666667	199912794.046875
52.5991666666667	236983061.826172
52.632405	200952690.324707
52.665895	182718582.657227
52.70191	257179467.991699
52.7349816666667	258350728.916016
52.76907	201261482.259766
52.8038016666667	252856376.03418
52.839885	219548010.596191
52.8738383333333	269959575.61377
52.907565	170634694.319824
52.9434266666667	273549495.132813
52.9782033333333	278806632.196289
53.012355	261389425.569824
53.0460316666667	309400374.285156
53.0790333333333	195670939.437012
53.1157566666667	304491529.250977
53.1493866666667	260543454.964844
53.18387	185251216.257324
53.2219316666667	341908987.794922
53.2539183333333	253658865.900391
53.2874383333333	254562633.112793
53.32274	222554112.257813
53.35901	199760947.833496
53.3972783333333	220934170.94873
53.4329333333333	357342458.25
53.46766	117365836.257324
53.5041766666667	322131232.699219
53.5382416666667	159050111.931152
53.5750083333333	187683193.320313
53.61022	209014138.696289
53.6443816666667	146203763.203613
53.6809916666667	177175362.21875
53.7155033333333	166301637.058105
53.7510833333333	159917913.794922
53.7881083333333	129924190.420898
53.8245316666667	190863449.53125
53.8595066666667	148524913.93457
53.894065	139543372.041992
53.9307383333333	191175435.992676
53.962975	199011664.217285
53.9967466666667	130328115.053223
54.0349083333333	247926428.118164
54.0676733333333	235440161.621094
54.1014266666667	153454765.896973
54.1366016666667	206547510.105469
54.1699233333333	147520146.600586
54.205095	222789441.233398
54.2396533333333	193599827.266602
54.2757916666667	270991386.793945
54.3083916666667	181228074.244629
54.34416	238857242.324219
54.3765683333333	213994930.338867
54.40941	189968816.731445
54.445985	242448418.931152
54.479185	233777526.844727
54.5115916666667	225646174.162598
54.5464166666667	207068308.768555
54.5788333333333	260591139.650391
54.6126433333333	237077078.431641
54.64902	292652179.826172
54.6838166666667	160479882.766602
54.7207583333333	245474336.599609
54.756065	215467359.047852
54.7926816666667	251291576.197266
54.8277483333333	216827202.852051
54.863195	167333579.508789
54.90139	147678834.030273
54.9403333333333	121232202.127441
54.9744333333333	191078667.123535
55.0095616666667	144071848.450684
55.044735	162153567.515137
55.077995	174241176.628418
55.1121033333333	130503029.916016
55.14747	248371837.553711
55.1798733333333	154852797.672363
55.216995	226565409.172852
55.2524616666667	181844344.368164
55.2892466666667	284290473.386719
55.3244933333333	203841094.133301
55.361705	184375384.100098
55.3968966666667	213702223.714355
55.4305166666667	163988647.460938
55.464285	207962766.289551
55.4986716666667	144999158.234619
55.5342233333333	231686265.459961
55.569195	219830508.84082
55.60446	239214827.125977
55.6401683333333	187259549.061523
55.6783883333333	260854239.366699
55.7156616666667	191032148.958984
55.75235	245913021.229004
55.7884583333333	291311202.155273
55.82122	172023126.259277
55.8615433333333	313196165.80957
55.894715	126399964.438721
55.9327116666667	268949667.751953
55.966705	96933463.2880859
56.0086016666667	197007883.044434
56.0445983333333	152613553.599609
56.0822033333333	195861170.240723
56.11801	172402656.869629
56.1557483333333	179259038.148926
56.1876533333333	174955014.743164
56.2227633333333	168581934.681152
56.25741	150444052.949707
56.295135	178574426.089844
56.3309116666667	188059542.929199
56.36862	155505987.112305
56.404985	181434620.135254
56.4384583333333	195542333.709961
56.4707866666667	113430655.188477
56.51002	127240619.908691
56.54721	100618396.898926
56.58894	104604291.601318
56.623885	102863478.974854
56.6624116666667	89677407.8967285
56.698345	106959832.089844
56.7373166666667	136069420.280273
56.7739883333333	174101896.924805
56.809415	144949229.805664
56.8425733333333	129814248
56.880075	170132112.464355
56.9118166666667	165477711.113281
56.9469133333333	173682330.375977
56.9798016666667	181382527.896484
57.0163233333333	140298818.312988
57.05	193289958.904785
57.0836583333333	163306993.730957
57.1186783333333	128369426.003418
57.15444	160671537.875488
57.1913016666667	164482116.213379
57.223945	117976531.661133
57.2621866666667	214417906.796387
57.296025	112859576.040771
57.331035	183582456.606445
57.363765	165452238.25293
57.3999933333333	101391978.336914
57.4406766666667	250256694.333984
57.4732966666667	168326932.560547
57.5066233333333	150614253.428711
57.54303	215411130.760742
57.5798633333333	217110585.140137
57.6195016666667	236449876.389648
57.65306	193605223.533203
57.6914633333333	248984428.722168
57.7252	229165342.015137
57.7628083333333	190921382.171875
57.7983833333333	233448026.401855
57.8341166666667	274928124.703613
57.8691033333333	103005832.08252
57.91057	279362976.763184
57.9461833333333	128824010.950439
57.987505	329289745.052734
58.019445	69766590.1765137
58.0642	294232159.546875
58.09815	67079291.9222412
58.1399233333333	295626364.45166
58.1734	107050557.666504
58.2138866666667	230287317.614258
58.2484133333333	61510407.819458
58.29227	281500110.05957
58.3258816666667	72554527.3305664
58.3685366666667	241300456.94043
58.4031866666667	94729052.1196289
58.4432166666667	147865928.427734
58.4851616666667	123215839.761719
58.52022	88539909.776123
58.5581016666667	84378350.3747559
58.5974883333333	129787149.628418
58.6353033333333	64261678.3598633
58.67782	103433176.957275
58.7148316666667	142147590.973633
58.75233	114587011.871582
58.788625	137588051.871582
58.825385	126239252.990723
58.8632116666667	148829212.476563
58.8989616666667	132981599.424316
58.9335	124555330.255127
58.96833	126248867.541992
59.004035	111708374.968506
59.0407116666667	153765693.51709
59.0757866666667	164419099.922852
59.109525	180545066.972656
59.1424816666667	109509625.402344
59.1804066666667	196813648.459961
59.215995	170107207.312988
59.2512	135376358.237549
59.2899983333333	202109923.518555
59.3266016666667	209234167.644531
59.3592383333333	148381613.636475
59.3945066666667	176729594.839844
59.430975	147833147.445313
59.4657033333333	148604575.870361
59.5054883333333	142686766.882813
59.5429316666667	146082216.441406
59.5812483333333	130057058.973633
59.6211166666667	195286576.48877
59.6576183333333	98916670.8366699
59.6976183333333	193107308.131836
59.7317616666667	78483217.8962402
59.77138	184102006.994141
59.8076666666667	63505957.1196289
59.8479883333333	155056682.208008
59.88387	61884300.229126
59.9266766666667	120797472.409668
59.9647783333333	126421438.339355
60.003125	75041597.6098633
60.0457766666667	155354325.932617
60.08461	79281386.3615723
60.1202133333333	176101039.14502
60.153755	72706268.27771
60.194225	178080840.359863
60.2299933333333	71305794.5881348
60.2713366666667	175532519.353516
60.3069166666667	103808729.104248
60.3427583333333	158676748.113281
60.37952	115697191.659668
60.41755	129870017.067383
60.4558516666667	43876453.8771973
60.501565	187516065.26709
60.5353966666667	70489655.0119629
60.5801016666667	174007932.641113
60.6157266666667	112968507.884521
60.6554266666667	142517277.875
60.69478	134894675.282715
60.7325133333333	97958280.6884766
60.77151	121962679.711426
60.8097216666667	111108952.173096
60.8488283333333	119523870.482422
60.8852683333333	94204969.2075195
60.9218416666667	121194970.244141
60.960135	96241353.1589355
60.996215	98483386.5209961
61.034695	93990859.3969727
61.0746283333333	122195551.133301
61.1115066666667	92587511.4394531
61.1487833333333	117722232.320801
61.1847766666667	78153024.2661133
61.2216166666667	140010068.208008
61.2598633333333	65388657.2333984
61.29978	145195419.469238
61.334195	76322811.6872559
61.3727916666667	152779308.675781
61.4083466666667	61353670.2894287
61.4481933333333	120768910.912598
61.488375	80237204.0922852
61.529725	87964045.9824219
61.5709216666667	147052413.436035
61.60858	69388398.5776367
61.6477483333333	119046893.325439
61.6865316666667	75775307.2775879
61.73162	90060770.3640137
61.7703483333333	135135208.575684
61.81281	88330148.1591797
61.8547116666667	183229334.991211
61.89271	79201653.1411133
61.9325716666667	226119104.945313
61.9668166666667	53022470.3704834
62.013385	181276801.554199
62.0489683333333	87423914.8825684
62.0883416666667	183558656.216797
62.12529	64449581.2115479
62.1689	213338523.001953
62.2024866666667	60223960.8120117
62.2453266666667	164072656.916992
62.2822483333333	92401520.6416016
62.320325	176781934.229492
62.3533383333333	90745133.4790039
62.392015	127799061.449219
62.42947	96632990.3925781
62.469545	125204180.008545
62.5076633333333	112462489.874268
62.54721	117563379.924316
62.5844083333333	112314461.365479
62.6212266666667	116747501.59375
62.6581066666667	97654052.0026855
62.696765	119671981.749512
62.7353366666667	69962630.4287109
62.781065	122802633.53125
62.81724	77171194.0512695
62.8598166666667	75662570.6418457
62.90049	73817377.2756348
62.9377516666667	112312173.632568
62.9745616666667	76398597.6604004
63.0100366666667	115344957.650635
63.0466033333333	42677845.899292
63.08968	139321727.693359
63.1269016666667	70204417.0576172
63.169285	129363943.773438
63.2075083333333	60911320.0302734
63.2474433333333	156665509.271973
63.2855883333333	56462528.704834
63.3303816666667	186659090.415039
63.3623016666667	56174498.3880615
63.4036666666667	178304515.173828
63.4395316666667	74524867.9836426
63.4815266666667	184102985.007813
63.5177383333333	58641345.3099365
63.5623783333333	166803724.094238
63.600745	64806677.2674561
63.6443966666667	203199022.990723
63.67608	37987581.5060425
63.72089	158395214.416504
63.7567383333333	56582213.3094482
63.7997416666667	178968002.466797
63.8376033333333	67529884.4608154
63.8803633333333	178135713.567871
63.9182283333333	61778984.4733887
63.9640033333333	195645684.360352
63.9994	61002173.630249
64.04379	157832739.546875
64.0800366666667	49717898.9713135
64.12329	139275651.564941
64.1588283333333	44166974.8221436
64.201535	109210402.323975
64.24021	53634654.1646729
64.2832266666667	48549496.5064697
64.32688	97954891.7019043
64.3640416666667	49299200.6628418
64.4064883333333	87901880.4038086
64.4419833333333	55003776.5480957
64.4839116666667	121792269.767578
64.5202166666667	68882744.0422363
64.5595466666667	131079373.84082
64.5946416666667	70252175.4753418
64.63802	191600973.469727
64.6740616666667	60560144.7714844
64.71754	215800082.004395
64.7510933333333	30757313.2181396
64.7955083333333	215462090.430176
64.8312033333333	38573373.9519043
64.87809	172087666.463867
64.9140966666667	61717858.7922363
64.9594583333333	195297746.852051
64.997275	16353663.0602722
65.0455016666667	114218964.522949
65.0855283333333	111107606.406006
65.1264583333333	91803420.5393066
65.1684416666667	108243278.685303
65.205935	95038655.8254395
65.2464616666667	95477712.2849121
65.2884983333333	82949749.050293
65.3295183333333	114819576.881348
65.3681483333333	88847541.0251465
65.4094216666667	90670630.3227539
65.44682	57906837.0727539
65.4881633333333	99627073.0529785
65.5259316666667	60158222.9974365
65.5672166666667	96734527.2568359
65.605065	73509788.442627
65.6446066666667	68498326.8564453
65.6861766666667	110871426.094238
65.7199266666667	54087332.2036133
65.7640116666667	143891376.954102
65.7967516666667	72547082.1313477
65.8399716666667	72510026.3424072
65.8801333333333	88509008.0620117
65.9222216666667	100751587.452881
65.9603666666667	88385322.7043457
66.0030883333333	58681798.574585
66.045515	80115297.8320313
66.0863266666667	75082917.4719238
66.1303983333333	170014212.628418
66.1685016666667	68398514.3620605
66.2113266666667	187454220.166016
66.2483	77890106.6873779
66.2913283333333	195520617.887207
66.3315183333333	52894847.7054443
66.376175	208201533.590332
66.409315	55286704.7429199
66.4548216666667	178686092.565918
66.4878583333333	54009958.0921631
66.5337	153525254.953613
66.5717016666667	33782616.1738281
66.6198333333333	131907902.935059
66.654125	20916488.6220398
66.700565	87923584.1975098
66.7400583333333	51798864.8392334
66.78523	73115325.96875
66.8277183333333	96116986.1845703
66.8673733333333	56803973.4678955
66.9123366666667	83683621.5668945
66.9509916666667	39571479.5
66.9945966666667	113021060.616699
67.0349516666667	24158727.333313
67.0813433333333	113999521.432617
67.1191383333333	35451203.6204224
67.1643966666667	131868967.140625
67.2001766666667	40115129.4178467
67.2458833333333	128879890.13623
67.2820366666667	50136757.9815674
67.325785	86865532.6223145
67.3631133333333	93515629.0737305
67.3999916666667	80944941.8110352
67.43903	81753824.1728516
67.4791383333333	79764520.3039551
67.51904	92155197.041748
67.5551333333333	57634291.4141846
67.59943	127171996.359375
67.6339766666667	52086185.5894775
67.67587	120426704.972412
67.7133416666667	62429020.5800781
67.7562666666667	124549879.331055
67.79237	87104283.5378418
67.83379	113945404.612061
67.871815	81247557.182373
67.9154516666667	69925625.4754639
67.9587183333333	98895550.4643555
67.9939616666667	67470333.7236328
68.0374383333333	93929073.3327637
68.0790933333333	66130019.197876
68.1203333333333	74926825.2102051
68.16283	16841844.7315979
68.21043	91412713.5354004
68.253615	58209626.9311523
68.2963366666667	58929826.2905273
68.3421566666667	84881582.510498
68.3856083333333	56172883.4643555
68.4272933333333	77875969.4020996
68.4646833333333	24086482.7503662
68.51248	80805434.8669434
68.5509133333333	48836237.9031982
68.594875	76990416.0036621
68.6335033333333	63867855.0673828
68.6725066666667	67194991.5810547
68.7146383333333	75323615.7272949
68.75438	88077730.8796387
68.7955816666667	79682485.100708
68.8403083333333	81661571.9775391
68.88207	90351331.2900391
68.9229266666667	47207500.1240845
68.9704766666667	111173565.192383
69.0074933333333	47364633.7702637
69.053075	69277547.9541016
69.0981	61884638.9061279
69.1408016666667	56789256.1052246
69.1849866666667	65949523.395752
69.2278416666667	58577832.1365967
69.26935	103941223.369385
69.3049983333333	53958804.342041
69.3433716666667	97322505.1269531
69.3792666666667	54409698.6580811
69.421065	69746057.1047363
69.4594683333333	80843190.2070313
69.4981366666667	80588932.730957
69.5381366666667	96841655.7365723
69.5765583333333	105040404.674561
69.6163883333333	97662383.4958496
69.6517116666667	104357277.870117
69.69117	81580991.0981445
69.7322333333333	135447004.794678
69.7710066666667	67359041.0065918
69.812965	132340638.002197
69.8504416666667	62267142.6259766
69.8947216666667	93633134.2304688
69.9349433333333	58474800.7606201
69.976945	151361934.112061
70.0148216666667	49427773.8192139
70.0535866666667	103709630.32959
70.093735	38337681.7107544
70.1394	148773633.449219
70.1773066666667	44382271.9361572
70.222375	129736341.369873
70.25874	32805453.5965576
70.3028683333333	130148653.030762
70.34001	11427191.1455078
70.3868183333333	88100612.7636719
70.4209883333333	62211792.9959717
70.4653183333333	62664011.4456787
70.5101133333333	81655605.9897461
70.5484183333333	36110497.8796387
70.592265	125813139.249512
70.6319916666667	26141473.8701782
70.6764466666667	110157976.001465
70.71385	43793674.5325928
70.7579616666667	96802263.1787109
70.7977133333333	39219428.0386963
70.8452683333333	112785913.180908
70.88424	34048004.802124
70.9302266666667	114806403.795166
70.969065	29044398.1195679
71.0141116666667	118099238.758301
71.051445	24692999.6071167
71.0967583333333	112743579.66626
71.13208	27497828.7143555
71.1794166666667	112741941.695801
71.2188916666667	44034536.8815308
71.2619316666667	77930893.8354492
71.3030066666667	39763584.3615112
71.3477083333333	106621293.9646
71.38958	16694276.66745
71.4379183333333	82360598.7248535
71.4740666666667	32378130.0297852
71.5198683333333	108262754.29541
71.5587483333333	15966874.302887
71.6076266666667	78195594.6166992
71.6476483333333	38079255.7637939
71.6919766666667	72576416.6098633
71.7327833333333	28526833.1691895
71.7783083333333	97828392.6621094
71.8140516666667	22326995.8387451
71.8624166666667	82203957.4848633
71.8999683333333	27173211.3519897
71.943375	81229977.0234375
71.983245	28053232.7457275
72.0302633333333	91668781.9057617
72.0671166666667	23973980.9815674
72.11434	85096413.3391113
72.156545	41257138.862793
72.2030533333333	64816470.7141113
72.2445566666667	34790501.1399536
72.2912	85481726.9086914
72.332205	25098088.4902344
72.3764216666667	91010666.2460938
72.413995	11820144.9272614
72.4600066666667	78241159.4824219
72.4993166666667	25808738.4402466
72.5443333333333	97840001.1330566
72.5845383333333	18191316.7476501
72.6315933333333	50086963.0795898
72.6740516666667	16982734.7849121
72.721365	50575613.1182861
72.7665433333333	16031109.4584351
72.813985	48884240.588623
72.8557833333333	20198379.6796875
72.9034916666667	49223915.3649902
72.9484216666667	27534170.4476929
72.9950583333333	43629130.1669922
73.0382683333333	54611065.378418
73.0813433333333	23030689.6458435
73.1278233333333	116808437.475098
73.166195	17742204.3061218
73.2139133333333	132941804.583984
73.2520966666667	10745006.9661865
73.3002016666667	145780362.433105
73.3385133333333	8380935.17636108
73.3869733333333	134903001.098145
73.4272533333333	6683873.19563293
73.4776266666667	89704648.0703125
73.5171733333333	19750104.4746094
73.565375	136917662.163818
73.60076	3879561.3490448
73.6530333333333	81387137.0473633
73.6930783333333	22514423.471405
73.7396883333333	124088175.718994
73.7775	6733442.15141296
73.827165	92964826.8112793
73.865685	11239259.9130249
73.9128183333333	99370358.9147949
73.9523133333333	11685289.8114014
74.0025416666667	90700752.2263184
74.0399333333333	12905029.8848419
74.0886116666667	72087967.9215088
74.1309883333333	24884033.1883545
74.1765833333333	94147165.652832
74.21715	22724246.1459961
74.2656133333333	80178555.1767578
74.3055866666667	30171178.0316772
74.35217	77729168.3417969
74.3897133333333	19081007.2043457
74.4369816666667	69985212.8625488
74.4740166666667	24835586.5023804
74.518545	79343707.1657715
74.555175	36669654.8553467
74.5992816666667	85244568.6330566
74.6383883333333	24753328.0576172
74.6856316666667	85620233.9362793
74.7258566666667	16057286.9523926
74.7733683333333	80767245.9133301
74.81131	31665486.1260986
74.8570066666667	99752674.3720703
74.8944316666667	31100360.8813477
74.938265	110273809.304688
74.9752633333333	25964960.505249
75.02249	96951838.3449707
75.06319	30983293.4317627
75.1110133333333	69872807.6281738
75.151805	19552589.0100708
75.20043	91891309.1105957
75.2405116666667	22979460.3269348
75.288655	105025682.222412
75.3261616666667	5656120.87608337
75.3770416666667	96639040.7175293
75.41664	12754925.4719391
75.4661983333333	121509916.121094
75.5081716666667	9350740.05438232
75.5573533333333	98928743.7687988
75.5991866666667	4591894.28274536
75.6514316666667	93125032.0856934
75.68808	20436797.9582214
75.73634	96939032.7600098
75.771765	17175806.0463562
75.8206683333333	91900980.9240723
75.85751	31817201.2799072
75.905635	90425729.4299316
75.9444716666667	12611525.5536041
75.99312	67803093.2817383
76.0371816666667	25004690.3544312
76.0815766666667	78747664.6047363
76.1256983333333	7688136.5423584
76.1732366666667	67091497.9780273
76.2137833333333	24596542.5999146
76.25973	40733135.4411621
76.3029783333333	15275762.2442017
76.3485483333333	46467848.9748535
76.3925866666667	3865699.190979
76.4447566666667	61656754.9138184
76.484745	23607497.9584961
76.5323433333333	23213509.2820435
76.57844	27781305.9407349
76.6259066666667	37527293.2307129
76.6711916666667	40898752.729126
76.7147433333333	27728862.8291626
76.759875	53296805.8424072
76.804445	15850763.2202148
76.8522083333333	54226893.1422119
76.8930233333333	13349760.5421143
76.9390233333333	62026526.5444336
76.9807416666667	10859855.1718903
77.0291283333333	60261876.5639648
77.0721433333333	14400169.9016724
77.119005	63259043.0039063
77.1619333333333	14579895.2416077
77.2089933333333	64883783.3181152
77.2494133333333	29479967.9186401
77.293915	39624386.708252
77.3396566666667	36284072.1446533
77.3846133333333	27784601.8515625
77.4314333333333	42189648.4165039
77.4758916666667	42847418.7001953
77.5221983333333	31671854.460144
77.5648816666667	55300472.1304932
77.6075316666667	28158203.781189
77.65303	68622007.779541
77.693715	25196084.1825562
77.7406833333333	82099168.6115723
77.7777033333333	17012375.5592346
77.8251966666667	68660208.0097656
77.8680516666667	22542114.5892944
77.9145133333333	73367111.3945313
77.9527033333333	22400022.6933594
78.0006133333333	45994834.3546143
78.04328	18561286.1041565
78.09168	67177466.5522461
78.1315733333333	3746118.98445129
78.1841966666667	78461391.135498
78.2210133333333	3768374.4305954
78.27417	75643723.7363281
78.314405	3830539.72174072
78.3680383333333	69947991.8197021
78.4091566666667	3841221.84851074
78.4610266666667	79100479.3527832
78.5001333333333	3830466.41201782
78.5537716666667	53392257.0891113
78.5904883333333	17123685.85672
78.63852	51095022.2349854
78.6785416666667	10945480.1464386
78.7274716666667	60709638.2033691
78.7645433333333	19135656.4719543
78.8130333333333	64739569.8455811
78.85614	9371750.0831604
78.9053233333333	72884838.5773926
78.9473283333333	7963594.07720947
78.9969316666667	81052942.7114258
79.03577	11054838.3466034
79.0848416666667	77674167.9133301
79.1264216666667	6995513.43489075
79.1752266666667	77045647.9025879
79.2186983333333	8602176.93252563
79.26776	73702820.6669922
79.3084583333333	11178690.5778809
79.357605	68007528.8898926
79.402415	21109943.2871094
79.4507366666667	83991210.4980469
79.494265	13838151.4232178
79.54197	69965396.2241211
79.5821683333333	23655022.4910278
79.6277316666667	72923746.1665039
79.6674383333333	12561758.0196838
79.7151283333333	61522098.7927246
79.7547833333333	22086725.0926514
79.7978733333333	60037485.1402588
79.8407883333333	26613110.9887695
79.8870616666667	42892130.0860596
79.9307233333333	45941381.0495605
79.9745383333333	34249486.2944946
80.021655	55375094.0299072
80.063715	40820217.699585
80.1081283333333	63662339.578125
80.1474966666667	17246194.8173523
80.1951066666667	66629485.043457
80.2366416666667	14894718.9131775
80.2843983333333	70917655.0405273
80.3236666666667	32277235.9961548
80.3691133333333	50647993.5635986
80.409965	75274279.7536621
80.44858	27333334.9389038
80.49488	93244801.9118652
80.5340883333333	31053985.9395752
80.57958	68211469.7414551
80.6197483333333	31578559.84552
80.6677166666667	48441538.2590332
80.7119483333333	37099928.3170776
80.7574283333333	61006395.8763428
80.801535	32779882.6699829
80.8465033333333	58111039.6090088
80.8867283333333	30140913.5629883
80.932645	58799284.6203613
80.9768833333333	31686566.9971924
81.0226616666667	70655004.9699707
81.0643283333333	8920385.29216003
81.1129833333333	62814526.1018066
81.1559783333333	18900319.9295654
81.2018766666667	71515972.1999512
81.2419266666667	11463788.8501434
81.2908266666667	62221234.1654053
81.32813	22819616.6472168
81.375095	57413038.3453369
81.4145983333333	11363186.4916687
81.4617316666667	61380454.8154297
81.502255	18938962.4087524
81.5482633333333	73378485.4907227
81.5870266666667	14579409.4705505
81.63486	62037381.3193359
81.6730433333333	20862493.5513916
81.72033	75303899.7131348
81.7584733333333	25649732.2321777
81.8056683333333	85430683.848877
81.8427633333333	13735544.6110229
81.89029	81428331.7729492
81.9267533333333	52686788.5482178
81.97068	100616641.201904
82.0098516666667	37833851.4368286
82.0556316666667	87456602.5695801
82.0978083333333	26233957.2531433
82.144525	111651288.510254
82.1837383333333	32930574.5161743
82.2305066666667	110420434.848145
82.26836	34104772.6100464
82.3136533333333	112965261.007568
82.3528366666667	30447907.6583862
82.3992483333333	109264790.974854
82.43714	20051921.5791931
82.4845816666667	94163548.1987305
82.52437	16324749.5152893
82.5711083333333	88469070.8452148
82.6075966666667	12093143.1929016
82.6555083333333	86184326.1428223
82.6941116666667	13670173.8294373
82.7432866666667	93976905.861084
82.7834866666667	48987184.4257813
82.8260233333333	100605901.474365
82.867005	21083679.8799438
82.914695	132676560.312744
82.9538533333333	28399387.7669678
83.0008633333333	143892677.544189
83.0396583333333	4631376.84314728
83.09254	120161979.278564
83.1323666666667	24340215.5050049
83.17772	110276761.650391
83.2163983333333	4547105.41415405
83.2698133333333	102985878.117432
83.312335	17573089.4519348
83.3595883333333	93293107.0131836
83.400855	8770131.62985229
83.4505016666667	86455636.6126709
83.49055	4854331.9858017
83.5427883333333	69087418.6290283
83.5853933333333	3663929.87641144
83.6392116666667	59769819.5905762
83.6791433333333	4025059.12799835
83.7326416666667	39267771.213623
83.7727416666667	10449429.1309357
83.8191883333333	33500317.7247314
83.8642583333333	16937438.0864563
83.911845	33451527.3896484
83.9577483333333	12504506.1072693
84.0055933333333	35123431.5793457
84.0488216666667	5928335.44306183
84.09973	47056637.3920898
84.14325	6341071.28411865
84.19391	56520733.5317383
84.2363266666667	12212963.5338135
84.28424	49549431.3682861
84.3279666666667	16269000.9859314
84.375075	59197896.1408691
84.415175	6663077.33630371
84.46597	55939825.3034668
84.5094216666667	9302171.0291748
84.5583966666667	66027206.5888672
84.5985616666667	10244360.5080566
84.6471783333333	51184738.1065674
84.690075	12617524.3608093
84.73922	65430050.9603271
84.7763533333333	4228312.75525665
84.8276083333333	60764197.3614502
84.8666683333333	3547628.14649963
84.919205	60281572.671875
84.9565366666667	5107671.18021393
85.0078216666667	45829316.3292236
85.049345	3600137.08727264
85.1030166666667	37176417.2977295
85.1493816666667	8332980.60112
85.1997916666667	34998165.3856201
85.2464816666667	9164931.24899292
85.2953166666667	49504014.6469727
85.3363366666667	9519954.15486145
85.386195	29441074.9744873
85.4303483333333	18575760.3492432
85.4777266666667	46345042.8839111
85.5230266666667	4191151.24330139
85.5771583333333	54941753.5688477
85.6201866666667	4010356.81889343
85.6739266666667	25048577.8916626
85.7189466666667	18678971.2584229
85.766475	32033002.7556763
85.81086	14645721.4489441
85.8592633333333	30576805.6601563
85.9046966666667	7668538.34689331
85.9550633333333	32167936.0998535
85.999095	11764438.3554382
86.0470166666667	27770182.5445557
86.0935833333333	9741363.44628906
86.13961	30822674.7036743
86.185165	4276317.60707855
86.2381566666667	25614932.4453735
86.2842833333333	3544672.60398102
86.3387766666667	34445782.694397
86.38519	3440076.00930786
86.43991	35859710.4812012
86.4831216666667	3507096.00372314
86.537285	36076974.1278076
86.5824016666667	4045858.32366943
86.6367716666667	49954975.9154053
86.681295	4545990.07604218
86.7350033333333	67779704.4732666
86.7759516666667	4879621.43345642
86.8294683333333	76024051.1627197
86.8713266666667	4827401.81903076
86.9234283333333	62446398.7086182
86.9672116666667	4571361.1131897
87.020325	38482213.4398804
87.0656133333333	4336379.17957306
87.1192633333333	50208822.9464111
87.1638716666667	4018860.24172211
87.2175333333333	17591149.1856384
87.2646983333333	3829211.00434113
87.3187216666667	32652119.8637085
87.36156	3649826.46895599
87.415165	24176848.0278931
87.4611916666667	3454693.45387268
87.5155383333333	21802844.6304321
87.5622116666667	3281848.24888611
87.6162483333333	12164024.5562744
87.6628683333333	3567878.65743256
87.7158916666667	18462540.5170898
87.76255	3252823.33494568
87.816535	9901278.12835693
87.864015	3203309.99969482
87.91805	17464481.1325073
87.9640266666667	2974322.88134003
88.018475	10243428.3104248
88.0641416666667	3517496.83678436
88.11634	9408448.81219482
88.1636833333333	5174402.58891296
88.210405	9734901.77484131
88.258035	10882696.4169312
88.305725	11296495.3288574
88.3527016666667	3878976.44997406
88.40443	13667284.5614929
88.4510366666667	10574728.5013733
88.49806	19092506.8434448
88.5440316666667	5140169.30760193
88.5941866666667	5063875.47554016
88.643875	6853282.60675049
88.6928783333333	13421981.0698547
88.7399183333333	7002958.53410339
88.788565	9075215.74020386
88.8367033333333	12305702.979187
88.8842916666667	6299346.49571228
88.9335583333333	11637858.9611206
88.9812516666667	11766824.8448181
89.0283933333333	5366738.1991272
89.0774716666667	12852533.5138855
89.1229566666667	3163600.47138977
89.1770566666667	12275161.4445496
89.2228733333333	5621745.98963928
89.2724133333333	9113686.87979126
89.3189983333333	7927863.23641968
89.3656366666667	10071191.3843994
89.4129416666667	7120489.75244141
89.46111	5546336.4725647
89.5090383333333	5579751.23948669
89.5575583333333	6664989.80029297
89.6051333333333	9474586.27767944
89.6524633333333	9367320.95150757
89.7002933333333	11654870.45578
89.747425	6149217.47013855
89.7957166666667	10189044.4054871
89.8434333333333	11049425.7388916
89.88896	5745489.3578186
89.9376133333333	7320647.25942993
89.9858916666667	7042526.21476746
90.033705	5064314.61958313
90.082905	8611390.40664673
90.1292833333333	6782313.07124329
90.1768266666667	5312385.95431519
90.2260583333333	8710638.04943848
90.2720383333333	2383072.15989685
90.3258416666667	7481229.4977417
90.3735333333333	6616822.87365723
90.420755	7601152.39837646
90.4683816666667	6069342.82461548
90.5163666666667	6784178.23516846
90.5639883333333	6840472.33302307
90.612425	5761496.32356262
90.6618216666667	8408600.70809937
90.7094316666667	7988106.07855225
90.7569933333333	8634794.72335815
90.8034966666667	7637184.9756012
90.8513516666667	7378823.50405884
90.898725	6506383.40342712
90.9465366666667	10275589.8482666
90.9925033333333	7019187.70889282
91.0391183333333	2921017.89339447
91.09207	5651564.22949219
91.140495	7777242.72665405
91.18798	5700507.21932983
91.236365	4987633.36148071
91.284965	6542560.24761963
91.33281	7347892.34454346
91.3799216666667	3782754.6802063
91.4299116666667	4146903.30908203
91.4795216666667	6024764.89794922
91.52707	6092791.31646729
91.5750466666667	4786843.92784119
91.62456	3330927.66694641
91.67489	4997074.81437683
91.723985	3786133.12664032
91.774275	2386816.14229584
91.8279483333333	5055168.11100769
91.876655	2467117.80429077
91.9303333333333	2505080.42419434
91.9832933333333	3694843.28358459
92.03308	3313567.43694305
92.0844183333333	2426542.30828094
92.1380633333333	2839317.40523529
92.1902016666667	2567647.30740356
92.2434116666667	3158256.74104309
92.2946416666667	2463937.78800964
92.3482083333333	2712888.69432068
92.4018716666667	5577575.24871826
92.4506633333333	2893092.94595337
92.5038133333333	6275961.93534851
92.5512266666667	7306847.35926819
92.5984466666667	3914685.8113327
92.649225	5786176.23860168
92.6977083333333	3083478.83789063
92.7505033333333	9351858.10595703
92.7974766666667	5247515.223526
92.8464083333333	2515987.69007874
92.9004483333333	3270864.40455627
92.9520083333333	4677114.24324036
93.001485	2359393.70295715
93.0552416666667	2702908.78250122
93.1083733333333	4059576.78671265
93.157955	3261476.20695496
93.208965	5329792.24485779
93.257365	3317462.59720612
93.3078483333333	2421670.27070618
93.3612983333333	4005932.3636322
93.4100916666667	3341281.09519196
93.4611683333333	2201263.15252686
93.51409	3219757.54934692
93.565	2489542.96912384
93.618885	2706106.30924988
93.6720283333333	2903980.91040802
93.7242083333333	2683415.61421967
93.7768433333333	2370112.20661163
93.83101	2387738.35180664
93.8847433333333	4874394.92626953
93.93241	4619412.38265991
93.98146	2319880.94298553
94.0355183333333	4854944.47224426
94.0836083333333	2787381.14085388
94.1355983333333	3347002.26120758
94.1855683333333	2674247.02807617
94.2376233333333	2302656.46325684
94.291095	2855664.18891144
94.3424216666667	2160091.37389374
94.3951216666667	2395106.84048462
94.4472666666667	2260124.47283936
94.4999733333333	2357252.92802429
94.5517016666667	3251730.17159271
94.6004833333333	2310529.86322784
94.653075	2126040.6206131
94.7059333333333	2128934.4775238
94.758955	2177210.94284058
94.812465	2762350.48162842
94.8637183333333	2158259.76589203
94.9170166666667	2193020.78382111
94.9701183333333	2323710.06895447
95.0236566666667	2202215.68439484
95.07687	2187198.36748505
95.129045	2333873.98352814
95.1821816666667	2328287.22988129
95.2353316666667	3134593.02869415
95.2857783333333	3867439.81765747
95.3358666666667	2405786.10682678
95.3890316666667	2696482.82733154
95.4415616666667	2453477.90433502
95.4949533333333	2392938.24036407
95.5483983333333	3037443.7878418
95.5998666666667	2409659.43547058
95.652985	2432929.30260468
95.706625	3684547.29475403
95.7563083333333	2411773.5572052
95.80994	2836111.47428894
95.8620733333333	2576138.89126587
95.91549	2900246.58692932
95.9690583333333	2681475.98388672
96.02266	2663349.08839417
96.0749333333333	2643608.57730103
96.1288966666667	2552596.06520844
96.1825166666667	2514578.02801514
96.2344333333333	2395119.86216736
96.2864116666667	2476475.4451828
96.33877	2375959.4747467
96.3919933333333	2408646.45207214
96.445475	2432771.32398987
96.4989266666667	2485714.76139832
96.5521716666667	2713675.19850159
96.60534	2304925.98083496
96.6579783333333	2307091.51163483
96.7105433333333	2275831.36631775
96.7620283333333	2271380.64621735
96.8147566666667	3048404.12202454
96.8658016666667	3729210.40719604
96.915525	2245691.57532501
96.9691016666667	2329294.90366364
97.0218483333333	2333700.28884888
97.0743383333333	2312291.57099152
97.12645	2237649.07601929
97.1798866666667	2781971.75257874
97.2317866666667	2304562.70358276
97.28506	2584248.57415009
97.3378883333333	2226759.28237152
97.390735	2228752.54556274
97.44359	2151916.10736084
97.4951283333333	2134960.4994812
97.5481	2119568.93307495
97.6006016666667	2096993.55530548
97.65366	2120589.50829315
97.7061566666667	2182708.58258057
97.7587	2179579.02178192
97.8115583333333	2191371.42900848
97.864315	2151078.28427887
97.9172433333333	2210621.42458344
97.9707366666667	2663431.21922302
98.022595	2160985.21633911
98.0762233333333	3197234.49861908
98.1260733333333	2418789.04975891
98.1792983333333	2772865.15659332
98.2313983333333	2193275.34374237
98.2847883333333	2201226.02288818
98.33792	2132838.99494934
98.39117	2128544.64932251
98.44422	2031933.29025269
98.4979083333333	2086318.83831787
98.5513016666667	2085172.72692871
98.6050283333333	2098140.57083893
98.658265	2206721.23523712
98.7108666666667	2122844.67340851
98.7632483333333	2095802.62496948
98.8162883333333	2082786.38832092
98.8694583333333	2079557.33061218
98.92261	2049583.38633728
98.9751783333333	1946476.91352844
