RetentionTime	Intensity
0.018215	3342124.92419434
0.0582616666666667	369040.596069336
0.0962483333333333	384892.931762695
0.138338333333333	334236.646102905
0.180816666666667	279432.538108826
0.226598333333333	299068.560668945
0.271658333333333	298714.404571533
0.317026666666667	341058.746688843
0.363208333333333	315234.530700684
0.40963	313015.525772095
0.455893333333333	293638.587890625
0.49477	310497.433898926
0.540216666666667	316180.883056641
0.587011666666667	382292.32321167
0.633001666666667	270561.003540039
0.671905	298560.854133606
0.718491666666667	264283.892089844
0.756835	318042.414108276
0.79192	412877.756515503
0.818525	369815.309555054
0.842135	323085.074066162
0.865655	298407.335975647
0.897496666666667	339927.340057373
0.909875	387760.121231079
0.936288333333333	360249.061401367
0.960176666666667	400273.719848633
0.983356666666667	318509.808006287
0.999721666666667	341726.405487061
1.011845	341971.278526306
1.04324333333333	354104.949142456
1.08639	365418.612319946
1.12873666666667	340213.013305664
1.17208833333333	333677.708877563
1.21728666666667	320736.639526367
1.25071833333333	330430.491287231
1.29732333333333	316076.124038696
1.32442166666667	326644.692657471
1.35971333333333	349814.079086304
1.40263666666667	358690.510147095
1.44466	308957.341583252
1.479875	302081.025695801
1.52659166666667	355948.680007935
1.56201	310693.388191223
1.59738166666667	315842.731079102
1.62088666666667	443354.989761353
1.64771	364484.866119385
1.678555	327762.798522949
1.713565	347716.123855591
1.72791166666667	299672.282821655
1.76376	297474.131759644
1.80965	272696.559799194
1.84876833333333	319200.460250854
1.886915	337195.25869751
1.91447166666667	353511.076446533
1.94179	374885.204559326
1.968205	316394.138442993
2.011315	313004.519897461
2.04267666666667	321928.077835083
2.06628833333333	308213.665649414
2.10987333333333	318055.087280273
2.15258166666667	288747.30796814
2.19187666666667	307191.543563843
2.237825	333767.745849609
2.28311666666667	327781.651321411
2.32196166666667	297925.08707428
2.35741833333333	338543.166793823
2.38465833333333	337607.031692505
2.41189333333333	311639.202560425
2.44627666666667	334452.876602173
2.48126166666667	353049.42288208
2.50034166666667	294718.695053101
2.54663166666667	326837.001159668
2.57030833333333	294790.788192749
2.60941666666667	319540.880355835
2.63664666666667	281037.961875916
2.66835	322967.954574585
2.70022666666667	341502.862579346
2.72372333333333	313063.178161621
2.74749333333333	325198.364700317
2.79000833333333	331882.380111694
2.80984166666667	334689.681640625
2.84140333333333	342168.57434082
2.869225	352869.316986084
2.89656	315514.995986938
2.92002	329082.123596191
2.94738833333333	329759.6978302
2.98997	311242.950271606
3.03587833333333	297710.77784729
3.05188833333333	318348.286941528
3.083315	292710.137008667
3.12657166666667	291933.690200806
3.16558	337844.210144043
3.19551833333333	364582.710159302
3.21850166666667	274764.026512146
3.26383333333333	358047.284393311
3.30964333333333	302656.613723755
3.34394833333333	305843.5753479
3.37128	359778.189971924
3.41038333333333	327152.897201538
3.437255	332885.078338623
3.46461	364034.525634766
3.509745	313092.672210693
3.53304	330286.416595459
3.563595	330128.069320679
3.59451833333333	333998.182937622
3.63603666666667	325922.540756226
3.66615	338375.261123657
3.711915	353981.286468506
3.750305	346475.720336914
3.79633333333333	295952.515548706
3.84209833333333	286836.329162598
3.88032166666667	353004.762313843
3.91069833333333	300709.646377563
3.949345	372431.61277771
3.97179833333333	308998.978149414
4.01725666666667	291103.1065979
4.04716666666667	380920.197540283
4.06967333333333	319179.435134888
4.10827833333333	353177.445907593
4.15147	347232.068069458
4.19316666666667	346776.729003906
4.23758833333333	371437.417190552
4.28365	422278.670150757
4.31697666666667	400750.517593384
4.346855	416028.516098022
4.39249	386194.534866333
4.43725333333333	350740.730728149
4.48131833333333	398985.822219849
4.52577333333333	356563.924591064
4.56408166666667	418345.060394287
4.59448666666667	386066.733963013
4.62136333333333	406332.430465698
4.667255	420248.563110352
4.68509166666667	365195.751068115
4.72319333333333	396358.757965088
4.76519833333333	399327.035507202
4.81042333333333	403586.532669067
4.84778833333333	386745.606933594
4.88895	426350.536605835
4.91147666666667	411069.142776489
4.95728	478803.740264893
4.98335333333333	443496.43963623
5.028725	471772.749130249
5.07354333333333	384872.125030518
5.118215	384553.95300293
5.16133166666667	406428.517913818
5.20444166666667	389396.573776245
5.249055	467698.909362793
5.29335	516539.192199707
5.337115	444823.995559692
5.37819166666667	423239.491928101
5.42348666666667	398321.742782593
5.46871833333333	457533.313568115
5.49437	464503.688812256
5.532055	435149.289810181
5.57713666666667	414259.638320923
5.61874166666667	401475.497894287
5.664105	448812.856201172
5.70894166666667	420835.977493286
5.75459333333333	412819.70803833
5.79660166666667	512219.152816772
5.84015	476217.937149048
5.88449	406266.5987854
5.9295	440380.053848267
5.975165	467219.933944702
6.02099166666667	414681.101806641
6.06666666666667	445443.602966309
6.08932166666667	433647.747558594
6.13411833333333	452137.055465698
6.17725	505727.996109009
6.21350166666667	463386.382507324
6.25752	461997.21572876
6.30233	462041.235794067
6.34683833333333	440044.746002197
6.39123833333333	434087.553985596
6.42889	467679.219696045
6.47245	447246.772705078
6.51343666666667	421326.760055542
6.55625166666667	441242.379943848
6.60118666666667	502491.973846436
6.64570333333333	433046.544754028
6.67968333333333	422394.686584473
6.71404	431858.47984314
6.75902666666667	429544.41758728
6.80062	439170.368988037
6.845595	437218.751037598
6.889545	433821.616577148
6.92642333333333	426494.989578247
6.953295	386848.553619385
6.99131	431092.919647217
7.014095	448477.409515381
7.040595	391065.283584595
7.07480666666667	411678.9246521
7.12008166666667	524938.001495361
7.15326	510020.492431641
7.19562	410162.774505615
7.23658666666667	385626.617599487
7.28063333333333	396742.508331299
7.325845	423896.385192871
7.37013333333333	437645.000305176
7.41425166666667	493707.134185791
7.44814666666667	447621.7212677
7.49248	506976.937133789
7.53703333333333	418793.093734741
7.580935	523726.370849609
7.62560166666667	499505.660980225
7.663495	407522.751068115
7.70892166666667	473889.95753479
7.75392	468418.706756592
7.77221	409473.448684692
7.81698833333333	458331.125534058
7.86042333333333	474725.244750977
7.90509833333333	443474.966903687
7.938545	518802.744506836
7.979365	418735.543746948
8.02368166666667	541110.562438965
8.067625	412757.771514893
8.112735	417047.384384155
8.15851833333333	426134.967910767
8.19710666666667	532025.728256226
8.24275166666667	448214.337402344
8.28672166666667	423184.270172119
8.32053833333333	417206.796508789
8.35077666666667	407128.730392456
8.39588166666667	380125.641098022
8.44076833333333	432351.698501587
8.48639	451578.671691895
8.51599666666667	434860.275146484
8.55920166666667	499012.04296875
8.60376666666667	476644.699295044
8.64830333333333	418606.588088989
8.69250666666667	480723.604644775
8.734045	447993.52104187
8.77812166666667	455565.528884888
8.82274666666667	430494.865692139
8.86610166666667	513626.653961182
8.911055	523057.618225098
8.95578666666667	416316.043777466
8.98188	479647.838134766
9.02385666666667	462470.718505859
9.05428	442468.27154541
9.09591333333333	402355.531463623
9.14132	388939.774490356
9.170825	401362.300857544
9.21426	495228.124328613
9.23648333333333	461420.516174316
9.281785	402937.734039307
9.32561833333333	371098.725906372
9.35855333333333	406598.624099731
9.40312666666667	426428.176605225
9.44740833333333	381827.066085815
9.49372833333333	460305.877044678
9.53093	434617.81880188
9.57561833333333	411769.818634033
9.62012166666667	526796.518920898
9.66119166666667	385140.630722046
9.70611833333333	426372.723052979
9.744015	421771.752243042
9.76669833333333	418561.265884399
9.796805	376894.911132813
9.84142166666667	431545.221298218
9.88468666666667	474499.800201416
9.92905666666667	488573.261062622
9.97305833333333	441153.676574707
9.99861833333333	425005.746734619
10.044445	380959.290496826
10.0632216666667	425514.827789307
10.1050333333333	401458.62411499
10.15065	380356.628479004
10.1889766666667	463183.481811523
10.2324866666667	393909.580123901
10.2672883333333	401441.575195313
10.30089	419253.838272095
10.34478	450006.693206787
10.3858683333333	477701.160949707
10.4304133333333	394683.127410889
10.4599366666667	470935.700180054
10.4927433333333	423973.389724731
10.538395	384700.844009399
10.5830666666667	461892.69720459
10.6269116666667	436942.02557373
10.6608016666667	491110.513061523
10.69022	362772.788116455
10.7361366666667	503021.480560303
10.77775	379835.031723022
10.8201166666667	383757.686096191
10.86538	369704.287780762
10.909405	470395.976379395
10.95363	413639.302886963
10.9869816666667	383477.929779053
11.03171	415701.341094971
11.0778083333333	402692.595443726
11.123405	381807.410873413
11.1492966666667	447502.364685059
11.1944633333333	385917.095748901
11.23805	425877.669006348
11.2822833333333	390357.265792847
11.32588	417555.500686646
11.36979	423529.660842896
11.4138283333333	418683.348327637
11.4503283333333	400526.617202759
11.49493	375618.873458862
11.5404866666667	400115.471115112
11.5863133333333	430553.301315308
11.63027	409551.850692749
11.6749833333333	444318.009536743
11.7083866666667	425699.914703369
11.7499583333333	407153.137893677
11.795045	416711.001739502
11.83666	419850.183792114
11.88211	443655.150299072
11.925885	449309.642364502
11.9710133333333	456404.648330688
11.9959766666667	408854.394790649
12.0421416666667	449346.599716187
12.0861283333333	375786.725967407
12.12469	463951.492965698
12.170595	545513.364501953
12.21512	366127.271987915
12.2553383333333	470258.037536621
12.2895916666667	433765.420333862
12.3304516666667	455895.635345459
12.3740466666667	478940.069335938
12.4185116666667	445077.425308228
12.46226	396227.866867065
12.5044283333333	349324.884552002
12.5501616666667	373630.274810791
12.57655	412889.621658325
12.5994366666667	382454.350112915
12.643655	361770.540161133
12.6878083333333	425916.866928101
12.7336533333333	443603.182022095
12.778445	440306.312271118
12.8231116666667	451305.905227661
12.8684066666667	427345.904846191
12.9140283333333	370147.518844604
12.9508033333333	431545.77784729
12.99632	436438.24230957
13.0409633333333	394401.745391846
13.0859183333333	421846.32774353
13.1313966666667	415942.49256897
13.1769166666667	482009.764968872
13.2217883333333	424822.501419067
13.2655933333333	434641.938323975
13.31112	404922.08833313
13.3490416666667	454201.72064209
13.3930216666667	367724.708404541
13.437155	414556.530700684
13.4808583333333	426146.795181274
13.5249333333333	379253.886627197
13.5627716666667	378726.521240234
13.6086383333333	398544.421310425
13.6525566666667	388215.37071228
13.69416	408871.328445435
13.7402083333333	383536.925735474
13.7744833333333	469631.089050293
13.8197766666667	483009.435394287
13.86346	365951.095733643
13.909885	402264.803878784
13.9536783333333	427888.723739624
13.997875	408360.183883667
14.0429916666667	405194.812423706
14.087665	412981.546188354
14.1334683333333	397420.581802368
14.1796116666667	476805.60635376
14.221245	494734.331863403
14.262035	492887.754013062
14.3067933333333	435190.223403931
14.3476	403017.477355957
14.389115	407333.516433716
14.4339516666667	401575.612518311
14.4780133333333	381729.032684326
14.5216266666667	405447.727401733
14.5637483333333	385879.521987915
14.608905	373459.252700806
14.639705	489203.563262939
14.6691633333333	386521.105651855
14.71332	424300.212905884
14.757805	416767.735107422
14.79957	457513.587234497
14.8414083333333	417887.694747925
14.88547	372839.356506348
14.931	475507.937683105
14.9753783333333	434510.438659668
15.019255	376478.224975586
15.0645366666667	395132.227340698
15.0877933333333	447425.909622192
15.1256133333333	425483.947647095
15.1626583333333	426262.55078125
15.2044733333333	430584.641571045
15.2502683333333	468867.109634399
15.2952933333333	485084.486068726
15.33886	449616.094711304
15.377165	558858.107513428
15.410165	404153.05291748
15.454	439651.502929688
15.4950516666667	413812.201385498
15.5391116666667	419208.219238281
15.58472	420227.893844604
15.6258016666667	434972.922607422
15.66779	454320.55178833
15.6970433333333	434020.946044922
15.740985	398225.488128662
15.7853333333333	412420.737365723
15.83134	452232.124328613
15.8694283333333	434715.657714844
15.9139766666667	522138.721038818
15.95161	547833.482025146
15.9922	413655.371063232
16.02865	413060.653167725
16.0730533333333	427724.799285889
16.1184933333333	412690.020172119
16.1486733333333	460411.20614624
16.19417	429671.698699951
16.2385616666667	445135.84286499
16.2838633333333	382462.969833374
16.3282683333333	445989.789764404
16.3732016666667	464037.043121338
16.4186616666667	476705.9193573
16.4625933333333	364249.535461426
16.50801	374115.744720459
16.5524116666667	407809.455474854
16.5934416666667	386021.944763184
16.63503	380775.789855957
16.6776066666667	445287.688095093
16.7222116666667	468654.524749756
16.7660566666667	420626.767593384
16.7922666666667	459376.01008606
16.83719	436955.790725708
16.8710866666667	442553.269897461
16.9130983333333	424269.734970093
16.9453233333333	403659.81137085
16.9901316666667	456873.367126465
17.0358033333333	463957.844604492
17.0796533333333	476650.142868042
17.1057366666667	453643.217697144
17.15058	559771.854858398
17.1729116666667	457821.85383606
17.20613	429622.188690186
17.24608	382225.007141113
17.2921733333333	498861.948257446
17.3377316666667	490844.254714966
17.3815666666667	538708.459228516
17.415705	554926.836608887
17.4608083333333	507773.170410156
17.50449	496885.547134399
17.5418916666667	433714.228668213
17.5854933333333	469222.891357422
17.6304066666667	439276.796356201
17.6752183333333	440860.910827637
17.7208333333333	397102.199432373
17.7544516666667	424404.720275879
17.7991283333333	448267.620895386
17.8440516666667	451721.947937012
17.88959	438113.421234131
17.935375	433267.503005981
17.9793733333333	427748.006317139
18.0246533333333	489306.999572754
18.043615	481666.226394653
18.0757	432538.156387329
18.1138216666667	522287.474075317
18.1585966666667	458384.62046814
18.1927683333333	414915.762207031
18.2376566666667	478254.324630737
18.2821083333333	453849.869384766
18.3228916666667	455880.11895752
18.3491416666667	518676.365447998
18.3926016666667	419267.922958374
18.4378083333333	439205.77684021
18.48347	607924.812164307
18.5230883333333	499851.735198975
18.5676716666667	498012.976150513
18.6046833333333	478668.439834595
18.6426466666667	478796.554870605
18.6860116666667	443562.440567017
18.730855	511382.536300659
18.764285	417577.699279785
18.8014733333333	454302.764266968
18.8471916666667	438412.605331421
18.8918316666667	444402.270172119
18.9373433333333	485454.945144653
18.98317	460478.336776733
19.0280866666667	388117.462005615
19.0729716666667	469077.245574951
19.1128566666667	445410.017578125
19.1582366666667	414112.287307739
19.2029533333333	401268.338577271
19.2475483333333	387464.626663208
19.292685	470325.047729492
19.3307516666667	466909.047225952
19.3724633333333	421338.945541382
19.41319	419749.529724121
19.4474833333333	413913.294387817
19.4774333333333	382330.11882019
19.507775	496697.365142822
19.5295366666667	499657.589050293
19.5557066666667	509897.544189453
19.5819416666667	414428.363510132
19.6080266666667	440464.690383911
19.6387	404378.058517456
19.6798166666667	420882.315078735
19.7087916666667	506694.961608887
19.7388983333333	414541.402267456
19.7797533333333	470402.105377197
19.8193466666667	471625.539916992
19.8607866666667	460446.741851807
19.8937766666667	430422.56942749
19.9358583333333	468790.632919312
19.9621216666667	438090.269119263
19.9851116666667	429981.593917847
20.0156466666667	542697.101745605
20.0599733333333	467848.461776733
20.10492	453413.297470093
20.1478716666667	474795.124603271
20.1916366666667	423627.179321289
20.229735	496679.761657715
20.27449	532636.89352417
20.3147283333333	497224.782577515
20.3592816666667	420303.054672241
20.4007133333333	424339.49520874
20.43	418139.501235962
20.4754933333333	413659.159179688
20.5203416666667	466936.888656616
20.564205	523479.35546875
20.6085466666667	490225.236114502
20.64945	461940.529220581
20.6942333333333	483540.870101929
20.73826	436205.186798096
20.784275	488691.172851563
20.8268566666667	390586.189590454
20.87279	424237.305160522
20.9137216666667	499903.867965698
20.959225	409215.887954712
20.9961283333333	482591.452270508
21.0408383333333	438649.785232544
21.0791333333333	486773.633392334
21.1018466666667	407578.029769897
21.1477216666667	429742.178985596
21.1910316666667	428455.598556519
21.23707	529691.030487061
21.2808	434508.983413696
21.3239316666667	507537.953903198
21.3692866666667	465672.560516357
21.4145066666667	454149.698043823
21.45571	410278.465682983
21.500275	465922.469207764
21.5449866666667	498383.387893677
21.5888566666667	430278.828063965
21.6232783333333	428674.734298706
21.6686133333333	398420.57963562
21.7135133333333	412912.526702881
21.7579583333333	490003.573455811
21.7961583333333	436489.065658569
21.8401333333333	468152.49597168
21.8845466666667	592838.4972229
21.92876	467666.549209595
21.9709583333333	404267.925918579
22.016165	431679.587646484
22.0604	551193.498046875
22.0983266666667	415806.731628418
22.1282266666667	482385.141845703
22.1734916666667	482127.543838501
22.2167433333333	574356.927886963
22.250845	502655.521575928
22.295765	502453.727752686
22.3287966666667	502525.630233765
22.3736983333333	469789.886795044
22.4187533333333	562911.376205444
22.4642566666667	524303.34236145
22.5091866666667	405114.272949219
22.5532766666667	409882.634872437
22.5904816666667	388259.927902222
22.6364816666667	452520.615081787
22.6809766666667	510265.56930542
22.72444	435029.898254395
22.7676983333333	476996.852416992
22.8130883333333	474652.179336548
22.8533983333333	467119.760055542
22.8982533333333	419287.94317627
22.94267	428340.013153076
22.9838233333333	421121.376495361
23.02905	464176.636672974
23.06621	419387.025619507
23.1119266666667	444547.581893921
23.138795	434962.145797729
23.1840683333333	447566.558670044
23.2275183333333	489143.832946777
23.272885	457813.256942749
23.3172483333333	527898.563140869
23.362245	470050.221069336
23.4077883333333	457295.793395996
23.4526983333333	532071.727661133
23.4897783333333	512638.402877808
23.5340783333333	480003.70993042
23.5785933333333	530925.612045288
23.6228116666667	480295.956771851
23.667575	521700.218841553
23.7094333333333	528847.534576416
23.7471016666667	472678.179214478
23.7907183333333	601041.236968994
23.8347383333333	552861.151550293
23.8782283333333	549228.540969849
23.9228166666667	480893.941070557
23.967575	502828.82043457
24.0113483333333	492519.009078979
24.05616	406543.556304932
24.1000266666667	476289.987182617
24.1446683333333	549607.332244873
24.19005	450657.952850342
24.2320833333333	502366.253082275
24.2773366666667	488509.315856934
24.3216633333333	474641.449966431
24.3665816666667	544967.493560791
24.41277	536246.799301147
24.458155	503180.131439209
24.5016416666667	501334.629440308
24.5437533333333	427868.086868286
24.588805	554736.134490967
24.6334766666667	505808.928405762
24.6747483333333	497898.33039856
24.7190583333333	451374.473846436
24.7643983333333	555712.400604248
24.8042783333333	474682.605651855
24.848645	497786.239303589
24.8919416666667	459790.724365234
24.9245516666667	494917.36289978
24.9694566666667	469477.842514038
25.0106716666667	530532.514251709
25.0550216666667	456019.182006836
25.1009466666667	461943.543548584
25.146325	637087.884063721
25.1914116666667	513272.502548218
25.23673	445587.645950317
25.2797083333333	483751.593902588
25.3060683333333	535120.714675903
25.3386566666667	546083.643859863
25.3820583333333	561523.611572266
25.4251866666667	537725.74609375
25.4706483333333	442471.855926514
25.5160683333333	509759.350067139
25.561645	655092.168914795
25.6053983333333	564777.917617798
25.65094	529340.264602661
25.696125	598072.020141602
25.7410333333333	503396.473129272
25.786135	482040.251068115
25.83069	555944.437469482
25.875335	634472.048675537
25.9185516666667	562498.933929443
25.9628066666667	484693.118423462
26.008175	498771.904953003
26.0527666666667	556763.587753296
26.0975516666667	475056.803115845
26.1424666666667	587730.609527588
26.1867416666667	470712.24697876
26.220845	476951.071807861
26.2586933333333	631011.389465332
26.300865	517240.793746948
26.3274683333333	572957.158355713
26.3605983333333	480236.699249268
26.404775	547831.506668091
26.4487316666667	567895.285140991
26.4938533333333	549380.868438721
26.538115	566029.395965576
26.5721266666667	495840.936233521
26.613155	590753.126327515
26.6578316666667	504846.03137207
26.7027783333333	507962.31854248
26.74783	613199.246337891
26.778135	554685.816436768
26.8120516666667	523718.422897339
26.8492783333333	575378.34413147
26.89008	529480.294509888
26.9337816666667	564284.395767212
26.969715	515479.690338135
27.0153133333333	497673.525787354
27.0600833333333	487017.226989746
27.1040816666667	547735.689468384
27.1492383333333	501643.682006836
27.1933633333333	535209.341369629
27.2376	460904.034820557
27.2823633333333	492603.351593018
27.32516	521091.352874756
27.36957	565952.459838867
27.41206	572397.582504272
27.4554733333333	563169.179214478
27.4996416666667	566487.341125488
27.5447	526024.453689575
27.5789216666667	563860.134643555
27.62448	530104.842376709
27.66971	502786.414291382
27.71476	546874.566375732
27.7594083333333	514391.226806641
27.8046366666667	587980.507843018
27.8501833333333	491622.142807007
27.8945216666667	529506.439453125
27.9388066666667	551045.2472229
27.9835566666667	506108.995651245
28.0283	476654.861953735
28.07361	499399.242523193
28.11794	479069.208740234
28.163415	544125.91003418
28.2082733333333	464751.211151123
28.254425	456417.549499512
28.2999133333333	519958.136917114
28.3433316666667	674436.951751709
28.387235	571705.934280396
28.42913	541491.56086731
28.4674283333333	486611.157562256
28.5105666666667	527417.866012573
28.554795	548375.70993042
28.6004816666667	507392.108779907
28.6451316666667	667643.247619629
28.6899833333333	556481.565002441
28.73462	514896.636947632
28.7789833333333	529265.97946167
28.8248016666667	544069.842910767
28.8701116666667	593858.195404053
28.9149933333333	547834.725524902
28.958225	541662.550354004
29.0031116666667	488517.916976929
29.0486966666667	557207.853027344
29.0929166666667	694832.238464355
29.1372216666667	557150.804016113
29.1829616666667	527161.91960144
29.2275333333333	635393.97428894
29.2728766666667	637664.710922241
29.3171133333333	553693.873016357
29.36003	625769.635986328
29.4038466666667	519354.159561157
29.447395	608435.551300049
29.4926833333333	510642.109619141
29.537935	632748.341110229
29.5827	513520.753967285
29.62835	531050.986572266
29.6734183333333	560598.469238281
29.7186633333333	513407.853881836
29.7637883333333	585033.323043823
29.8075133333333	541873.722488403
29.8537866666667	558449.200668335
29.8987466666667	503806.160247803
29.943655	567719.179519653
29.9877216666667	494667.926315308
30.0325133333333	511801.22845459
30.0773283333333	620982.265884399
30.12247	557162.294281006
30.1669516666667	530482.54750061
30.2105283333333	532940.961196899
30.25554	639186.853500366
30.3008966666667	518006.60874939
30.3455933333333	625395.290115356
30.3886033333333	524160.252929688
30.4317833333333	558613.103988647
30.4746383333333	534447.655303955
30.520425	481862.037490845
30.56452	519497.753936768
30.6091283333333	658589.03692627
30.6535816666667	553045.685089111
30.6993783333333	549894.932693481
30.7450183333333	531218.704223633
30.7905933333333	624093.556564331
30.83376	655091.347610474
30.878635	612157.179260254
30.9230566666667	519966.391448975
30.9678566666667	545829.91583252
31.011785	539755.293106079
31.0556333333333	638222.853866577
31.1011	609865.241241455
31.1470416666667	614287.559967041
31.1902166666667	647763.392578125
31.23501	577227.717788696
31.278245	623951.702636719
31.3235633333333	651238.935241699
31.3666166666667	524986.491210938
31.4099283333333	582700.814926147
31.4540033333333	568601.577346802
31.4967566666667	587386.953842163
31.5412166666667	581343.542770386
31.5866316666667	612791.747497559
31.63075	600945.976318359
31.6746466666667	528272.401153564
31.7200733333333	557424.439865112
31.7657516666667	615296.21685791
31.8105866666667	555041.870834351
31.8557716666667	541855.509750366
31.9012583333333	618285.751708984
31.946955	574781.126815796
31.9920516666667	530658.56590271
32.03603	593952.537139893
32.081325	523452.012496948
32.1273233333333	565143.628860474
32.172025	707833.722381592
32.2163033333333	669696.960235596
32.25777	714907.083435059
32.3029916666667	643387.819076538
32.3481116666667	603060.918273926
32.39264	647897.33039856
32.4371866666667	583862.081375122
32.4801483333333	628441.468765259
32.522595	800489.947067261
32.5666766666667	588417.833145142
32.6118516666667	716266.36831665
32.6566366666667	607000.956008911
32.70086	574461.831283569
32.746245	515165.558135986
32.7920916666667	611975.809448242
32.8375316666667	551400.037826538
32.8832933333333	707741.989837646
32.92817	609608.886779785
32.972425	586830.0965271
33.0169816666667	619298.622894287
33.0619133333333	523278.181335449
33.1059616666667	487523.569351196
33.1497866666667	591890.541229248
33.1951066666667	637935.519378662
33.2397316666667	631552.698287964
33.2812	563365.05871582
33.3259883333333	577317.37298584
33.370475	578923.220870972
33.4124483333333	565531.20930481
33.456575	602470.972595215
33.5012033333333	623949.869888306
33.5434616666667	715929.30380249
33.5882516666667	576657.943603516
33.6333916666667	605008.500091553
33.67655	624066.413040161
33.7213133333333	557952.56640625
33.767215	634195.234634399
33.8119733333333	574203.233917236
33.8568033333333	608143.986373901
33.9010916666667	616697.774261475
33.9456516666667	593605.468261719
33.990975	665406.545150757
34.03479	588811.147506714
34.07944	580643.705871582
34.1233516666667	586759.929534912
34.167685	637121.948959351
34.2114933333333	620810.981628418
34.25511	632169.390731812
34.2993566666667	562718.269622803
34.3431333333333	722919.464645386
34.3878833333333	705527.122558594
34.4324883333333	769382.48727417
34.4776616666667	710646.000518799
34.5212466666667	651818.993988037
34.56394	721138.19569397
34.6090083333333	548044.349349976
34.6541183333333	584655.467407227
34.6981216666667	568390.940551758
34.742515	708448.49621582
34.7861983333333	649503.821136475
34.832155	587449.896987915
34.8773133333333	594636.459732056
34.9215433333333	584305.151275635
34.9667016666667	553971.057769775
35.0109483333333	661993.240386963
35.05514	700474.875671387
35.100065	602222.31187439
35.143455	679315.759277344
35.1877366666667	673996.389938354
35.2329933333333	688740.555236816
35.2766683333333	667461.906768799
35.31955	766574.752166748
35.3639633333333	552201.30380249
35.4086083333333	733656.127838135
35.4529433333333	733580.364120483
35.49617	729054.252182007
35.539325	583154.124221802
35.5821883333333	635784.138183594
35.6265583333333	632003.314407349
35.6718883333333	586682.991592407
35.71494	597498.821487427
35.759345	598755.971603394
35.8053283333333	684556.154891968
35.84974	629848.950668335
35.894915	587013.214141846
35.9395416666667	746596.803817749
35.9840116666667	587361.744781494
36.0282516666667	628462.037368774
36.0728133333333	676583.450973511
36.1178866666667	621679.778366089
36.1613983333333	793291.316650391
36.2053716666667	788243.383148193
36.2504383333333	763468.825332642
36.294605	629556.139801025
36.338635	667128.248275757
36.383115	577818.410690308
36.42855	566650.117034912
36.4709116666667	757317.542770386
36.51441	666121.303787231
36.558785	643367.604675293
36.6013483333333	689933.428009033
36.6459933333333	643584.148376465
36.6901066666667	679092.707336426
36.7341316666667	666190.710891724
36.77897	553010.340881348
36.8238166666667	786156.212493896
36.8679066666667	781688.089538574
36.91163	707520.445922852
36.95484	776859.488647461
36.999475	839545.639434814
37.04347	852991.550231934
37.08691	691662.565048218
37.13156	646879.979064941
37.174715	640681.653930664
37.21893	709537.404937744
37.2634966666667	689309.107589722
37.3081266666667	670792.111083984
37.352695	706185.5756073
37.3961983333333	703223.313171387
37.44115	584224.409423828
37.4834166666667	655109.453231812
37.528255	613090.961547852
37.5715366666667	595137.543197632
37.6144566666667	888806.30065918
37.6590833333333	684721.656448364
37.7034533333333	642130.321487427
37.7476483333333	568863.013214111
37.79198	684935.29699707
37.8377966666667	1123884.86509705
37.8815533333333	649891.000747681
37.925035	546629.122695923
37.96908	671620.264633179
38.0142516666667	664258.421051025
38.0587233333333	1027580.87612915
38.1021916666667	717826.308151245
38.147025	691215.744369507
38.1905233333333	680973.595291138
38.23627	686255.347091675
38.280995	690350.428207397
38.3250616666667	693472.052246094
38.3692316666667	644628.126449585
38.4138916666667	666310.242553711
38.4583383333333	674432.161193848
38.5006033333333	640494.082885742
38.5453716666667	838563.572463989
38.5881166666667	813916.713470459
38.6294066666667	765865.26184082
38.674655	675453.788604736
38.7190033333333	648806.285430908
38.7633366666667	626959.945770264
38.8081716666667	576997.673248291
38.85395	715913.09046936
38.8988233333333	703509.375350952
38.9422716666667	738712.356491089
38.9856166666667	675712.482498169
39.0306833333333	723543.007232666
39.0754516666667	772787.920135498
39.11892	770491.507034302
39.1631733333333	703392.858047485
39.207575	611136.555526733
39.2521466666667	709713.55607605
39.2962466666667	687085.042816162
39.3403016666667	777742.757446289
39.3837	636696.387161255
39.4284383333333	634620.339752197
39.4733483333333	693850.204910278
39.51601	764889.055877686
39.56069	842796.865386963
39.603655	655348.135513306
39.6473833333333	633912.541366577
39.692845	644810.492477417
39.7372816666667	750972.419128418
39.7821716666667	678243.481124878
39.82709	689424.483383179
39.8721466666667	644293.426177979
39.91741	834114.970687866
39.9612933333333	730864.594085693
40.00478	596520.240447998
40.0501983333333	680126.585479736
40.09461	656122.460800171
40.13869	683841.447509766
40.1829066666667	734821.208053589
40.2279133333333	826795.272277832
40.2728916666667	766298.573364258
40.317575	612100.584915161
40.36221	657073.162567139
40.4062183333333	744489.83442688
40.44934	703559.144073486
40.494125	682832.681289673
40.536555	714933.667236328
40.58224	831630.762969971
40.6254433333333	701868.997360229
40.668245	730124.599090576
40.71275	659610.863082886
40.75715	621849.213912964
40.8029616666667	672026.813766479
40.8479066666667	679801.199447632
40.8926116666667	931054.180908203
40.9370833333333	797662.331451416
40.98227	740764.269393921
41.0263233333333	728395.568649292
41.0715283333333	709506.251068115
41.1152816666667	783209.934082031
41.1588666666667	696327.554351807
41.2040566666667	721621.655426025
41.2481033333333	757246.132247925
41.292945	661666.168655396
41.33769	638644.418991089
41.381045	685086.315444946
41.42326	711451.36315918
41.4669366666667	784616.901733398
41.510955	634058.201019287
41.5539333333333	770848.003677368
41.598195	631433.093902588
41.6425116666667	733822.855834961
41.6842283333333	772334.459625244
41.7295866666667	749812.581665039
41.7736266666667	691147.825714111
41.8181566666667	639690.77230835
41.8629666666667	796773.34425354
41.908165	799963.322433472
41.9525666666667	784347.292663574
41.9970033333333	676148.127243042
42.0410966666667	864175.617126465
42.0856166666667	783568.964126587
42.13115	714500.317214966
42.1746116666667	717958.709823608
42.2193483333333	693486.139984131
42.2626566666667	707733.022476196
42.3068383333333	821283.22517395
42.351875	815435.572372437
42.3963066666667	794050.790771484
42.4390566666667	775498.628616333
42.482225	791719.607803345
42.5270133333333	802138.701599121
42.5701433333333	823442.433898926
42.6142016666667	1321997.51693726
42.6568233333333	1458621.96704102
42.6980416666667	824001.636825562
42.743035	788528.027297974
42.787375	749955.723556519
42.8325883333333	920683.448165894
42.8774366666667	703987.943450928
42.9219083333333	1111734.56039429
42.966095	706743.546676636
43.0109816666667	722749.093887329
43.0548183333333	783481.50692749
43.0995433333333	676503.628860474
43.14416	839852.340362549
43.18812	846030.671264648
43.2331933333333	824709.637512207
43.2765933333333	826593.251556396
43.3203433333333	836968.739074707
43.3643616666667	713984.697723389
43.408545	770936.723724365
43.4500366666667	792090.013198853
43.4936216666667	752744.161361694
43.53798	913996.296234131
43.5803766666667	663627.617050171
43.6244033333333	793315.785217285
43.6675916666667	682169.145828247
43.7103283333333	804467.484436035
43.75509	740990.709075928
43.7991583333333	918890.742584229
43.8440533333333	898405.730438232
43.8887766666667	856032.258636475
43.933315	778609.916778564
43.9770433333333	801222.50604248
44.020895	704639.437561035
44.0641566666667	869676.726806641
44.108285	820116.737991333
44.15309	756419.803756714
44.197305	753876.733093262
44.24249	801484.769256592
44.28623	787275.85925293
44.3299316666667	859669.758361816
44.3737316666667	831773.73147583
44.4179583333333	800587.548919678
44.460605	883954.891113281
44.504365	926282.719177246
44.5485866666667	812581.590393066
44.5908816666667	695874.456970215
44.63526	794586.138092041
44.6780283333333	745434.42755127
44.7205666666667	884331.466583252
44.76422	928965.943267822
44.8083466666667	750759.069000244
44.8514483333333	677871.653686523
44.8963766666667	849399.510925293
44.94109	716466.721374512
44.9856666666667	882913.041259766
45.029995	903441.953033447
45.0745033333333	919951.477233887
45.1189516666667	950675.133117676
45.1628533333333	942918.67791748
45.20536	813337.360824585
45.2508183333333	2662733.32058716
45.2932733333333	856705.952316284
45.3373216666667	1095496.10977173
45.3822016666667	810541.94430542
45.4260716666667	799773.907073975
45.4694483333333	869965.274093628
45.5135333333333	870942.471679688
45.557955	947861.11517334
45.6004033333333	900840.343292236
45.64375	864863.958099365
45.6866733333333	832680.706604004
45.729365	785721.872070313
45.773005	777589.568054199
45.8173883333333	804455.501281738
45.8607933333333	784543.553649902
45.9052816666667	815253.572402954
45.9505733333333	847372.662490845
45.9945483333333	846222.10585022
46.0391766666667	827462.307250977
46.0832783333333	951706.367523193
46.127895	758296.328689575
46.17143	1029785.92669678
46.2149066666667	794871.21534729
46.258845	977448.952514648
46.30309	759389.190765381
46.34757	1405115.30056763
46.3890316666667	904749.376434326
46.4335683333333	770350.444473267
46.4766633333333	880903.442077637
46.5208616666667	804925.519485474
46.5653116666667	1065276.08001709
46.6080016666667	818248.404785156
46.6512166666667	811588.649108887
46.694405	902725.209472656
46.7366466666667	722238.69152832
46.78225	822956.405456543
46.8263866666667	898571.866394043
46.8700983333333	1274355.9185791
46.9144416666667	917656.880004883
46.9586216666667	832544.230926514
47.0024083333333	1206098.1194458
47.04669	900253.24508667
47.09041	909375.386627197
47.1352116666667	1005387.17645264
47.1790566666667	805289.339477539
47.22328	720723.365921021
47.2673316666667	1009417.27069092
47.3111866666667	777808.141967773
47.355285	859305.65423584
47.3987533333333	837607.523742676
47.4425933333333	937604.007324219
47.4865033333333	1008336.70135498
47.5302033333333	1776295.62210083
47.57134	1131080.81109619
47.6134966666667	852837.118255615
47.6574266666667	1138694.43621826
47.7005583333333	754354.865966797
47.7420966666667	1178645.15097046
47.7866116666667	846220.002319336
47.8316116666667	1038148.91976929
47.876	881967.382507324
47.9200733333333	791795.470489502
47.96516	1000452.11773682
48.0088733333333	762780.437194824
48.0528216666667	915953.316162109
48.09667	828075.778656006
48.14001	802239.634368896
48.1849283333333	1146205.42456055
48.2278166666667	988592.008148193
48.2721633333333	904284.034545898
48.3170816666667	939383.764984131
48.3616616666667	956641.582763672
48.4053083333333	1031288.30136108
48.4496033333333	943067.340438843
48.49296	885838.54800415
48.5365533333333	912511.654205322
48.58078	838150.67791748
48.6227833333333	951327.583374023
48.6667133333333	858271.278793335
48.7108333333333	975908.506011963
48.7520466666667	1061935.80349731
48.79619	974478.988311768
48.8397166666667	796743.416610718
48.8848183333333	966683.278442383
48.928945	881056.991088867
48.9737816666667	980035.058166504
49.0177666666667	960249.719177246
49.061595	905746.724090576
49.1053	1166220.12454224
49.150155	826988.648742676
49.1934933333333	879728.917770386
49.2379033333333	1020348.21118164
49.28206	993210.842193604
49.3264783333333	788830.161239624
49.3713966666667	1052252.63067627
49.4159	954596.77053833
49.4587566666667	924697.634460449
49.5010366666667	876650.685134888
49.5457833333333	996315.996673584
49.590385	953209.049850464
49.6320266666667	920186.319488525
49.6760716666667	904528.689224243
49.7185766666667	837704.062957764
49.7605983333333	1067348.88397217
49.8042516666667	1006437.80639648
49.848835	968847.274169922
49.89313	854779.78894043
49.93706	932071.046661377
49.9813416666667	1097915.68414307
50.0247983333333	849968.030456543
50.06889	937954.890991211
50.1128033333333	900516.709838867
50.1570433333333	979967.676635742
50.20056	1012292.1333313
50.2448666666667	1343015.12515259
50.2873066666667	843073.191223145
50.33248	1133112.10272217
50.37709	934256.088195801
50.4212	1036829.71432495
50.4642733333333	958560.438079834
50.50766	840482.307220459
50.5503866666667	985397.583465576
50.5945833333333	922419.912780762
50.636725	969804.608581543
50.6806	912151.156799316
50.723885	946870.200286865
50.7662866666667	863885.476867676
50.8097816666667	930018.777252197
50.8539233333333	1069100.98291016
50.8982033333333	1134952.89199829
50.9423633333333	958351.699951172
50.9863666666667	1120552.26452637
51.03009	948934.775909424
51.0743616666667	812573.769836426
51.11796	990926.063919067
51.1618333333333	965189.322570801
51.2060066666667	1057623.50933838
51.2483633333333	917523.094329834
51.2924233333333	908726.75541687
51.33623	1156628.65710449
51.3810766666667	937953.305389404
51.4249033333333	895163.76802063
51.469635	894990.61416626
51.5122716666667	907734.267333984
51.5550183333333	942625.397338867
51.5995566666667	1119976.02081299
51.6416466666667	1181858.19607544
51.685795	832368.591842651
51.72955	1041242.76254272
51.7718233333333	979198.713531494
51.81572	996715.722351074
51.8598916666667	1000157.41677856
51.90396	898716.345397949
51.94788	952524.891876221
51.991405	917895.274658203
52.035125	890794.495162964
52.07996	1098377.43856812
52.1235133333333	1070155.68347168
52.1672483333333	934677.366836548
52.2125	852963.006729126
52.2553683333333	1030481.14909363
52.2979833333333	903440.946044922
52.3425	1338865.16036987
52.3858933333333	930046.259689331
52.4298916666667	1543319.38833618
52.473615	1245889.79281616
52.517735	1153776.12911987
52.5588	851049.380157471
52.6038683333333	879985.92880249
52.645985	1348842.79898071
52.688275	1466988.94927979
52.7327516666667	945938.987609863
52.77575	956662.090484619
52.81826	1092460.1214447
52.8629333333333	1117289.48660278
52.9073516666667	1011994.47546387
52.9512583333333	1161701.83345032
52.994555	972669.920654297
53.038885	879823.976715088
53.0827366666667	946563.622467041
53.1263733333333	1094887.18536377
53.1692583333333	1001510.73196411
53.21412	1035496.63574219
53.2572816666667	1825181.70349121
53.29952	970304.08013916
53.3437883333333	1116843.6585083
53.386925	976299.010131836
53.4309566666667	1153827.82720947
53.4753333333333	998263.75567627
53.5197033333333	901468.975631714
53.564105	1289738.76345825
53.6059583333333	1107511.05096436
53.648745	968233.436920166
53.6918433333333	1361453.05480957
53.7343483333333	1059850.43569946
53.7782283333333	1724258.39501953
53.821185	1219568.84466553
53.863635	1273083.11526489
53.9080283333333	952786.305114746
53.9521333333333	1125903.07199097
53.9966566666667	922952.173309326
54.0404516666667	1227641.95654297
54.0840083333333	1141891.01687622
54.1275933333333	943963.595581055
54.17209	1120412.79171753
54.215365	1257810.12866211
54.259655	1047394.95281982
54.3028216666667	1003170.34544373
54.3452933333333	1062450.19473267
54.3895016666667	917207.177459717
54.4344266666667	956107.891067505
54.4797283333333	951604.523712158
54.523155	971255.455596924
54.5668366666667	1131974.99380493
54.6111966666667	920993.452560425
54.651275	1135338.34420776
54.6955433333333	1114713.24494934
54.7375916666667	1024633.99942017
54.781785	963898.167510986
54.8256	853985.595306396
54.8681966666667	1120685.9864502
54.9127566666667	1140676.26098633
54.956295	1068117.2835083
55.0003866666667	1057533.740448
55.044425	1017355.26364136
55.0885916666667	1106615.44796753
55.1324516666667	1170100.47929382
55.1764566666667	1011410.94342041
55.2198966666667	1187066.08206177
55.263225	1436518.76916504
55.3070666666667	1156755.87884521
55.351125	947698.97177124
55.3943666666667	993075.046325684
55.4379883333333	1017029.17663574
55.4826116666667	992914.355651855
55.5277283333333	1570834.91680908
55.5715466666667	1012992.51715088
55.616075	1010305.26541138
55.6563133333333	986324.852661133
55.700395	1074091.52716064
55.7409166666667	1445144.88800049
55.7857766666667	1025167.06338501
55.83029	1183349.24945068
55.87201	1201899.62182617
55.9157183333333	988470.473907471
55.9599016666667	1319185.27944946
56.0045083333333	975876.504241943
56.0488316666667	1294164.26138306
56.092675	1236462.44714355
56.1363833333333	1507514.34194946
56.1794033333333	946027.856231689
56.2241066666667	1065269.37704468
56.2677966666667	949930.594467163
56.3124216666667	954532.076782227
56.356195	897602.21321106
56.3995633333333	1197049.37597656
56.4431266666667	994491.540893555
56.487065	1239209.17514038
56.531015	1146957.51251221
56.5753433333333	1142122.90792847
56.618665	1024520.95127869
56.6628983333333	999454.530609131
56.7037616666667	1285317.56063843
56.748	1131529.89892578
56.78976	1025884.70108032
56.8340966666667	1110661.9473877
56.876745	1131766.50946045
56.919645	1296166.572052
56.9616966666667	1075891.39248657
57.006535	1284199.31271362
57.0502216666667	990480.764984131
57.094105	903786.360687256
57.1385383333333	995096.958618164
57.181295	1124149.21435547
57.2254166666667	1113954.57048035
57.27021	1054384.30941772
57.3136966666667	1232760.76901245
57.357435	1074041.50881958
57.4011166666667	1299989.6187439
57.44338	1248706.3397522
57.4871033333333	1236493.95959473
57.5303066666667	1154017.49234009
57.57395	1162214.18759155
57.617265	2158638.12390137
57.66043	1200826.15283203
57.7046383333333	1069334.7791748
57.7467616666667	1123675.11712646
57.790325	1131040.47851563
57.8310466666667	1085688.89807129
57.874865	1125137.10723877
57.9170116666667	1142089.09353638
57.9598683333333	1326835.23513794
58.0033433333333	1275758.93841553
58.0474566666667	1531089.38876343
58.09108	1350736.18676758
58.1352883333333	1134028.11831665
58.1796666666667	1127552.00402832
58.2236016666667	1228065.8638916
58.26728	1187369.66763306
58.311575	1106891.49185181
58.355145	1388117.42956543
58.39851	1440132.26861572
58.4437066666667	1234571.04989624
58.486035	1161392.16268921
58.530185	1150212.21917725
58.5744983333333	1331082.78561401
58.6186116666667	1404663.35699463
58.6622916666667	1335042.04980469
58.70651	1254081.94696045
58.7510733333333	1340733.90869141
58.7942716666667	1181273.94638062
58.838385	1094383.99807739
58.8795483333333	1128132.53359985
58.92142	1405388.30395508
58.9649383333333	1337973.177948
59.0079566666667	1374343.08636475
59.05073	1304671.94042969
59.0945733333333	1619869.62176514
59.13821	1357129.88439941
59.1825633333333	1291417.49136353
59.2261183333333	1569893.55670166
59.2694	1554004.45858765
59.3137216666667	1496831.4107666
59.3581266666667	1376505.66268921
59.4013966666667	1396877.24615479
59.4449366666667	1507271.09378052
59.4886416666667	1154400.99951172
59.53075	1216933.80514526
59.5749283333333	1173272.6000061
59.61904	1510003.26998901
59.6634716666667	1355858.94934082
59.7071666666667	1438563.31381226
59.750415	1369968.14706421
59.793715	1043387.55374146
59.8361733333333	1322348.72494507
59.8808733333333	1591005.86987305
59.9235783333333	1241457.20785522
59.9649366666667	1487615.28396606
60.0075783333333	1532021.86883545
60.0514116666667	1313657.34814453
60.094885	1396687.73236084
60.1394016666667	1277189.86981201
60.1838433333333	1490836.99978638
60.22755	1509966.10494995
60.2717466666667	1206365.85586548
60.3142733333333	1080343.34500122
60.35916	1437516.76901245
60.4029733333333	1063095.10494995
60.4467516666667	1174745.19216919
60.4910366666667	1025375.57632446
60.5351166666667	1311744.46594238
60.5771666666667	1556532.25726318
60.6211066666667	1269149.47412109
60.6654766666667	1296115.66305542
60.70976	1316314.29940796
60.7534716666667	1822495.71185303
60.7975433333333	2009337.82745361
60.8411733333333	1498371.17807007
60.8818866666667	1087496.55780029
60.92523	1412397.60229492
60.9677016666667	1238701.20263672
61.0094683333333	1343253.22244263
61.0512766666667	1386857.31552124
61.094045	1192868.71417236
61.1375366666667	1242599.7885437
61.1817966666667	1362290.41131592
61.2259133333333	1455559.3572998
61.26913	1338582.51296997
61.3137183333333	1145996.72976685
61.3562233333333	1531529.16595459
61.3997783333333	1225517.81576538
61.443215	1253726.81677246
61.4878516666667	1487248.80249023
61.5315166666667	1252542.96139526
61.5752866666667	1349616.33312988
61.616835	1166117.67047119
61.660905	1412229.66973877
61.7044866666667	1486233.59918213
61.748135	1401055.83093262
61.792135	1262244.96008301
61.83673	1297396.95822144
61.8811766666667	1320352.33071899
61.9224716666667	1143504.75
61.9660083333333	1257272.03616333
62.008915	1548124.56256104
62.0509833333333	1305817.99432373
62.094555	1410202.76721191
62.1379866666667	1607124.80322266
62.180945	1248558.85046387
62.2251883333333	1272307.24453735
62.268875	1470467.27246094
62.3135116666667	1443725.03744507
62.357585	1415246.27163696
62.3997933333333	1461011.03884888
62.44309	1285964.84005737
62.4869116666667	1326932.52560425
62.530025	1256530.12078857
62.57372	1289445.8835144
62.6172883333333	1162241.97625732
62.6585983333333	1261084.03762817
62.70295	1294924.79980469
62.747545	1374309.0836792
62.7917166666667	1587838.7852478
62.8355633333333	1376217.18856812
62.880005	1554618.93054199
62.9241016666667	1674524.98953247
62.9652933333333	1463370.93692017
63.0090133333333	1662574.38665771
63.0490466666667	1759621.06671143
63.09182	1347869.05554199
63.1351716666667	1364799.39508057
63.179625	1501753.76260376
63.2235583333333	1342901.01794434
63.2676433333333	1397847.30215454
63.3118133333333	1461712.05441284
63.35541	1282292.6348877
63.3982933333333	1352773.95349121
63.4404533333333	1545068.52026367
63.48464	1367403.66278076
63.5276833333333	1281614.14077759
63.5721433333333	1474714.22903442
63.6157383333333	1460525.3399353
63.6607216666667	1453318.85739136
63.7014533333333	1616030.76235962
63.7457566666667	1375447.41247559
63.7898533333333	1569461.74182129
63.8341433333333	1424296.69317627
63.8781966666667	1745518.95361328
63.920915	1293030.10528564
63.9637716666667	1337140.41503906
64.0057933333333	1413301.38916016
64.0507983333333	1571434.49597168
64.0923566666667	1530774.47583008
64.1342216666667	1766305.02194214
64.1774633333333	1411731.72241211
64.2205083333333	1308843.87008667
64.2648066666667	1617691.44451904
64.30863	1613314.26257324
64.351605	1457624.11654663
64.3954566666667	1572322.24917603
64.4377916666667	1436961.60284424
64.481415	1401602.5329895
64.5259816666667	1525196.23880005
64.5690266666667	1694719.79718018
64.6129366666667	1934932.36541748
64.6570383333333	1564222.4276123
64.7011566666667	1412243.5664978
64.7428016666667	1409512.04647827
64.7863116666667	1519866.62579346
64.8304483333333	1672250.81381226
64.8739333333333	1277790.35064697
64.917895	1649610.94573975
64.9630716666667	1336234.91546631
65.0071816666667	1604038.59539795
65.0485266666667	1721934.06613159
65.092315	1289095.24212646
65.133505	1654732.31704712
65.1758616666667	1720070.99234009
65.2183916666667	1525492.56021118
65.2618966666667	1550084.58227539
65.3052333333333	2077556.0927124
65.3492016666667	1349732.03097534
65.39325	1586168.74206543
65.436285	1852992.62088013
65.4796883333333	1946786.41387939
65.5220066666667	1579099.05996704
65.565215	1555262.62478638
65.6089133333333	1805506.13101196
65.652495	1531499.79202271
65.6966933333333	1885107.37103271
65.740875	1388622.48068237
65.7825916666667	1365424.89395142
65.82616	1936804.01931763
65.8697416666667	1676662.63876343
65.9133933333333	1511972.94509888
65.9566766666667	1445654.46853638
66.0009883333333	1909003.37258911
66.0428933333333	1278510.22885132
66.0846116666667	1612754.63244629
66.12833	1523257.02017212
66.170595	1745792.28485107
66.2137933333333	1343755.03210449
66.2572016666667	1303878.60220337
66.3000666666667	2099171.07736206
66.3422316666667	1517289.11315918
66.3866666666667	1714423.11135864
66.4303783333333	1615708.1388855
66.4735633333333	1599712.98031616
66.5172816666667	1495302.78210449
66.5595066666667	1703232.72940063
66.60392	1779155.5322876
66.6470283333333	1597924.54492188
66.6912116666667	1385768.72595215
66.735115	1439895.65625
66.779055	1872730.7421875
66.8210133333333	1933857.07785034
66.864495	1473805.58273315
66.9091483333333	1689631.69332886
66.95163	1283826.71981812
66.99503	1747418.90292358
67.0389983333333	1799553.96984863
67.0827183333333	1575289.31463623
67.12433	1622630.7479248
67.1685133333333	1291092.699646
67.21053	2214328.65975952
67.2511916666667	2059440.32543945
67.2942516666667	1537092.6736145
67.337045	1842823.43493652
67.3808883333333	1501280.36349487
67.4250733333333	1588042.15097046
67.4690683333333	1959757.72900391
67.5121766666667	3098641.52310181
67.5520266666667	1838629.46817017
67.594445	1680046.66519165
67.6384716666667	1512640.93692017
67.6819733333333	2185907.33959961
67.725925	1480976.22305298
67.7698583333333	1389676.41482544
67.81375	1737233.17630005
67.8548983333333	1640041.79458618
67.897665	1685486.44277954
67.941835	1650416.29046631
67.985595	1704526.35281372
68.0288683333333	1790774.06118774
68.0726216666667	1633638.09194946
68.1151866666667	2294326.77416992
68.156755	1688948.26950073
68.2009316666667	1553679.55801392
68.2428033333333	1674627.81536865
68.28514	1555996.24050903
68.3289016666667	1688059.95413208
68.3725433333333	1852052.42520142
68.41635	1579076.57565308
68.4594066666667	1679093.45907593
68.5031733333333	1768843.85757446
68.54704	1999775.40731812
68.59155	1822209.39926147
68.63391	1702108.41159058
68.6774666666667	1637403.65545654
68.720685	1626317.65356445
68.7654016666667	1565998.71722412
68.808875	2105906.39453125
68.853445	2194267.55249023
68.895365	1809393.28182983
68.938925	1569996.58346558
68.98313	1645876.96340942
69.02679	1819741.48602295
69.0700716666667	1551201.57839966
69.1146033333333	1531758.57424927
69.15733	1564218.23620605
69.2007166666667	2224799.81097412
69.2448366666667	1904648.48291016
69.2877133333333	2101128.27337646
69.3302833333333	2015874.25537109
69.3735183333333	2095907.89630127
69.4167883333333	2056567.74890137
69.460895	1933420.83969116
69.5051783333333	1909222.362854
69.54932	1897553.41400146
69.593505	2030922.73156738
69.6373333333333	2112776.83062744
69.6796266666667	1931096.33029175
69.723895	1909059.61587524
69.76658	2146286.33880615
69.8107266666667	2107023.63897705
69.8543183333333	1665869.28305054
69.8984083333333	1608717.83728027
69.9398716666667	1986582.37255859
69.9838733333333	1685885.7571106
70.0282933333333	1675551.14486694
70.0716366666667	2075510.80374146
70.115065	1818339.25732422
70.1590733333333	1581849.15325928
70.2018166666667	2821276.04107666
70.240225	1994508.54452515
70.2844816666667	1907483.30099487
70.3270766666667	2094790.43301392
70.36974	2114724.88284302
70.4123466666667	1753435.45748901
70.456025	1908130.35198975
70.50029	1942691.10955811
70.5447866666667	1674883.025177
70.5891833333333	1699785.55883789
70.633355	1663564.16348267
70.677355	1784013.15362549
70.72134	2065960.30654907
70.7656116666667	1730825.46707153
70.8078866666667	2024693.63256836
70.8503133333333	1683225.58010864
70.8945716666667	1768796.52856445
70.9387416666667	2645793.81707764
70.98077	2503324.47219849
71.0250583333333	1891619.37863159
71.069345	2211536.91876221
71.1130483333333	2006134.67294312
71.156265	1869070.74743652
71.2007033333333	1690812.19866943
71.2430566666667	1480257.13464355
71.2853066666667	2446235.29016113
71.329575	1645335.46707153
71.3729833333333	1671388.98010254
71.4162533333333	1830035.21279907
71.4602916666667	1650071.96414185
71.50481	1653495.34448242
71.5495216666667	2127927.80517578
71.593915	1757941.72930908
71.6381783333333	1587103.40383911
71.6826683333333	1808762.8470459
71.7263966666667	1649536.20324707
71.7712383333333	1783177.35900879
71.81244	1948738.57266235
71.856365	2580088.35876465
71.8995616666667	2522807.35131836
71.9423066666667	2068091.65484619
71.9869966666667	2119483.29833984
72.0299233333333	1945385.17544556
72.0736166666667	1967497.84283447
72.1171716666667	2030679.76306152
72.1609866666667	1640383.41769409
72.2054183333333	2833849.75405884
72.24456	1987303.69915771
72.2877416666667	2110425.20095825
72.329265	2094604.64761353
72.3733716666667	1834694.33670044
72.4163666666667	1761820.35406494
72.458575	2111897.81930542
72.5000866666667	1779645.12399292
72.5442766666667	1745734.36862183
72.587445	1791759.03625488
72.631645	2257109.52722168
72.6761433333333	2775998.8302002
72.7204866666667	2310248.65908813
72.7634416666667	2200600.36627197
72.8065116666667	2270442.22415161
72.8482683333333	2270935.52761841
72.8921683333333	2349731.15393066
72.9346283333333	2004612.19290161
72.9785366666667	2053573.30206299
73.02194	2217961.33956909
73.06335	1991224.52850342
73.10736	1804098.90533447
73.1510216666667	1898939.98583984
73.19462	1836998.45391846
73.2383683333333	1831329.90197754
73.281155	1978772.52862549
73.3255666666667	1852302.75759888
73.3686666666667	2065873.49398804
73.4125683333333	2041376.9196167
73.4552966666667	1862028.66546631
73.496475	2000253.62512207
73.540585	1833885.10797119
73.5845533333333	2782781.78509521
73.6288516666667	2660846.03967285
73.6724166666667	1826877.61105347
73.716995	2037787.87557983
73.7603033333333	2306638.03244019
73.8041166666667	2593356.31158447
73.848685	2495332.24176025
73.89146	1991138.83685303
73.934975	2012063.2315979
73.9785933333333	2441149.58886719
74.0238716666667	1812008.68008423
74.068815	2428344.81976318
74.110585	1817542.95669556
74.1540416666667	1852173.13214111
74.197475	1936451.2041626
74.2409833333333	1920708.48156738
74.2847766666667	2106401.34326172
74.3290833333333	1774757.92660522
74.373435	1709730.46740723
74.4156016666667	1830673.57345581
74.46011	1718394.25338745
74.5008533333333	2007291.88980103
74.5450433333333	2042094.67739868
74.5880216666667	2194748.48013306
74.6324433333333	1706376.87948608
74.6759333333333	2105869.85214233
74.7207366666667	2036148.07894897
74.7655166666667	1994732.07611084
74.8089466666667	2107430.37194824
74.8526083333333	2218001.51724243
74.89621	1967515.4319458
74.9398533333333	2622436.86779785
74.9830616666667	1981425.25363159
75.0268516666667	1879044.73861694
75.0706583333333	1839778.72659302
75.1150516666667	2641958.98303223
75.1567666666667	2423813.34161377
75.2006	2139682.45010376
75.2442016666667	1964739.9894104
75.287425	1736826.44570923
75.33127	2080806.02206421
75.3744033333333	2359367.25701904
75.417915	2472315.52355957
75.46101	2009688.41546631
75.5055916666667	2150310.39877319
75.5462116666667	2099573.19085693
75.58949	1913813.28338623
75.6341466666667	2425688.04153442
75.67705	2123987.88314819
75.720645	2264595.52127075
75.76377	1944569.70236206
75.807445	2373916.56610107
75.85154	2182581.39144897
75.8948033333333	2673578.89535522
75.9390666666667	1845322.88659668
75.98126	2281398.90127563
76.0241983333333	2048168.47161865
76.0683933333333	2437557.83374023
76.1120033333333	2882672.88549805
76.156575	2211802.43624878
76.1985766666667	1932369.08636475
76.2428066666667	2169027.32385254
76.2855983333333	2037340.18304443
76.3297366666667	2189486.31335449
76.3744466666667	2485880.09313965
76.418695	2169281.85726929
76.4624666666667	1942033.71411133
76.5053733333333	2045160.15631104
76.5491	2633908.58956909
76.5902416666667	2515229.07177734
76.6342283333333	2214455.81625366
76.6781866666667	2032515.4710083
76.7223066666667	1877622.76135254
76.7655866666667	2084887.42831421
76.8083783333333	2049157.33319092
76.85165	2492325.92971802
76.8961466666667	1794448.90673828
76.9401366666667	1981866.56948853
76.9849216666667	2145287.00756836
77.0284016666667	2292884.47479248
77.0719616666667	2220794.77301025
77.1157633333333	3629333.05932617
77.1586783333333	2742604.97161865
77.2023366666667	3246672.72253418
77.24554	3036919.63885498
77.2891533333333	2957258.60284424
77.3330183333333	3368319.99023438
77.376885	2453735.24090576
77.420185	2110344.26971436
77.4641016666667	2405565.23919678
77.5079033333333	2444956.31555176
77.55114	2615762.03155518
77.5941233333333	2309024.68832397
77.6339733333333	2299799.22091675
77.6785266666667	2367720.11303711
77.721835	3435537.28311157
77.76294	2143966.65319824
77.8067083333333	2372936.34008789
77.851265	2156635.42614746
77.893215	2040656.2204895
77.937285	2529042.04934692
77.9814566666667	3233853.20361328
78.0251066666667	2295526.50723267
78.06781	2649894.81747437
78.1113033333333	2209317.63928223
78.1540116666667	2723760.97943115
78.1984933333333	3059084.68869019
78.2425266666667	2726974.00842285
78.2845716666667	2686991.97076416
78.3278316666667	2506668.01629639
78.371885	2513926.99679565
78.4163116666667	3237023.94195557
78.4599916666667	3221865.06646729
78.5027466666667	3487230.39764404
78.54748	2274506.40487671
78.5910416666667	2510427.140625
78.6350833333333	3241564.08679199
78.67625	2820143.69012451
78.720345	2237994.65679932
78.76463	3540380.69061279
78.8048933333333	2486895.60217285
78.8491133333333	2910004.59515381
78.8928066666667	2530493.17245483
78.9355283333333	3064703.6217041
78.9791883333333	2787195.60403442
79.0230083333333	3144877.7421875
79.0668233333333	3352209.61065674
79.1094666666667	2963977.09667969
79.1536183333333	2938644.49053955
79.1978	3194437.30517578
79.2414533333333	3413665.8807373
79.2846983333333	3912526.75549316
79.3273316666667	2827873.57318115
79.3708883333333	2741338.86541748
79.4155916666667	3075439.60528564
79.45902	4832350.06292725
79.500935	3135627.86315918
79.5451616666667	6536282.77410889
79.58646	3436455.09863281
79.6295833333333	2652943.66949463
79.67249	3150790.92596436
79.7137466666667	3554925.01849365
79.75728	4365745.48449707
79.80131	3178548.19604492
79.8455166666667	3186302.46875
79.8892983333333	4530369.64648438
79.932315	4030566.25115967
79.9756166666667	3778483.56884766
80.0184533333333	3847297.62591553
80.0617883333333	4084084.9185791
80.1052383333333	3192821.3704834
80.1477633333333	3542211.12408447
80.1911083333333	3064518.99816895
80.2352733333333	3743987.1071167
80.2793216666667	3596435.35528564
80.3226466666667	3084038.19274902
80.365685	2889434.36401367
80.4089616666667	3429154.07659912
80.4531983333333	3524801.34527588
80.49641	3471622.49285889
80.5397083333333	3432417.49505615
80.5823266666667	5200031.28833008
80.6254883333333	3357985.98193359
80.66783	3976929.96936035
80.71148	4065366.13909912
80.7529333333333	3270055.47637939
80.795195	3514034.4163208
80.83961	4042201.25927734
80.883305	3612405.25744629
80.9279033333333	4068049.38342285
80.971395	3314700.48742676
81.0153033333333	4097125.30175781
81.05783	4983642.28900146
81.1017083333333	4939261.38525391
81.1454966666667	3545420.75073242
81.188795	4264420.98101807
81.2320616666667	4111352.59570313
81.2767583333333	3724803.64862061
81.3202733333333	3897047.48046875
81.363085	4483466.52209473
81.4064633333333	4170318.63537598
81.44922	3999970.34039307
81.4928616666667	3999272.74603271
81.536465	5118363.59143066
81.579085	4550330.13140869
81.62361	3989866.77038574
81.6665866666667	4605501.92364502
81.7100966666667	4074568.17736816
81.7537716666667	4239276.30603027
81.79541	3757499.90789795
81.83865	3829068.71569824
81.88195	3534903.40313721
81.9266816666667	3780006.50543213
81.9707283333333	4457131.97705078
82.01542	5055392.62677002
82.059545	4326889.49273682
82.1029316666667	4413568.15106201
82.147325	3991006.56884766
82.1911333333333	4309237.94897461
82.2349966666667	4164270.38903809
82.279305	5212893.67285156
82.3230283333333	4236517.09240723
82.3669266666667	4086285.64465332
82.4095416666667	4872366.97070313
82.4511983333333	4103123.90307617
82.4932816666667	3747524.31555176
82.5362416666667	4464692.7845459
82.5803533333333	4424361.31433105
82.62339	4429684.28875732
82.667475	4838352.55102539
82.7120183333333	4596705.44647217
82.755605	5239942.90252686
82.7980883333333	3950650.94256592
82.8381016666667	5126913.53955078
82.88182	4912873.40576172
82.9257866666667	5422172.31170654
82.9707133333333	4142210.51403809
83.0151583333333	4530057.93969727
83.0593416666667	6687068.28363037
83.1028383333333	4396017.01361084
83.1460783333333	4784830.33551025
83.1902283333333	4752985.20892334
83.2330966666667	4631229.42163086
83.27672	4692383.12353516
83.3211283333333	5319039.3571167
83.364605	5023814.17340088
83.4088316666667	5345995.96191406
83.4512833333333	4551729.25439453
83.4930416666667	4712660.7800293
83.5375066666667	4860120.20648193
83.58197	4692948.38494873
83.626245	4818921.48205566
83.6685833333333	4892354.60736084
83.7121366666667	4358722.36798096
83.7562183333333	4662089.70526123
83.7988183333333	4589875.10021973
83.8421683333333	4813412.49145508
83.88305	4809345.57543945
83.9258716666667	5161467.43841553
83.97005	5073304.03723145
84.0139183333333	4756894.8571167
84.05775	4533550.27441406
84.1022433333333	4478388.60522461
84.1476766666667	4797732.76953125
84.1904383333333	4546013.16876221
84.2347983333333	4746438.72314453
84.2790833333333	4761441.50408936
84.32164	6269684.20574951
84.3634466666667	4526642.41259766
84.4083516666667	4439149.6229248
84.4518666666667	4630344.81317139
84.4950033333333	5156317.0657959
84.5388016666667	5381652.66619873
84.580975	4852694.93664551
84.6248966666667	5068955.02264404
84.6685066666667	5991260.81567383
84.7131866666667	5588629.89007568
84.7584433333333	5222638.67193604
84.8024383333333	5961200.96923828
84.845905	6322455.34143066
84.890525	5829220.77093506
84.930335	5643381.78796387
84.9733216666667	5314773.79064941
85.016275	5557979.53851318
85.06047	5988676.32092285
85.1048383333333	5329963.80426025
85.1485233333333	4477066.84741211
85.1924933333333	5304627.89642334
85.2359883333333	6322797.65466309
85.280365	5884857.49310303
85.325955	7837395.90490723
85.3693366666667	6456247.7421875
85.4119866666667	5548681.28289795
85.4561066666667	5719722.47857666
85.5009166666667	5174235.38079834
85.5438983333333	4748058.0859375
85.587675	5656206.85919189
85.63227	5595721.70343018
85.6770533333333	5360195.95532227
85.7199216666667	5860632.93939209
85.76315	5681354.39300537
85.8080583333333	6297206.82836914
85.849935	5373606.81530762
85.8933366666667	6201658.09326172
85.9386116666667	6904502.0246582
85.9793833333333	5542632.93182373
86.0240416666667	5661914.52056885
86.068145	7850041.59118652
86.1099316666667	6670220.29785156
86.1537433333333	5384909.63031006
86.1975516666667	5869188.16473389
86.2402883333333	5903038.45013428
86.2845216666667	6146980.32202148
86.3279016666667	5732212.15551758
86.3714966666667	6377667.15991211
86.4149533333333	6155575.91101074
86.4594333333333	6559978.60015869
86.5038983333333	7328258.5982666
86.54829	6585903.3581543
86.5902533333333	6172296.25317383
86.6347933333333	6468393.10906982
86.6793483333333	5958270.04431152
86.7225683333333	6295008.09106445
86.7648766666667	4980838.31536865
86.810085	6160356.12762451
86.8555616666667	6032737.82995605
86.89697	6014497.32373047
86.94149	7185639.85522461
86.98579	5683883.6295166
87.0244783333333	5951513.67785645
87.0676583333333	6847691.70507813
87.1132866666667	6913216.10961914
87.1569366666667	5962772.81109619
87.1996283333333	6102492.32849121
87.24477	5351070.9083252
87.2877566666667	6331908.3079834
87.3327466666667	6549334.50805664
87.3752583333333	6772678.08154297
87.41973	6537851.63439941
87.4631983333333	6633139.10388184
87.5078583333333	6477912.22485352
87.5523916666667	5932969.66351318
87.596615	7160572.79797363
87.6380933333333	6994930.31750488
87.6835483333333	7495215.79309082
87.7274183333333	6641927.02734375
87.7715816666667	7395593.88525391
87.8134333333333	7227757.33642578
87.85825	7377918.88085938
87.904095	6754167.91442871
87.94625	7918894.65893555
87.9905883333333	6821759.29980469
88.0308483333333	7604949.98144531
88.0742766666667	6969077.09802246
88.1181616666667	7800189.62414551
88.16224	6388741.51306152
88.2063433333333	7357290.35559082
88.2516166666667	7734115.27966309
88.2951866666667	7898250.12744141
88.3402766666667	8372279.22875977
88.3825483333333	8705509.73034668
88.4274466666667	6818658.06726074
88.4713533333333	8431387.09606934
88.51635	8459965.36889648
88.5599683333333	9500427.63818359
88.6021733333333	9196332.96826172
88.6444583333333	8306003.62072754
88.6899483333333	8511813.88513184
88.73505	8089420.75585938
88.7775566666667	8623761.05126953
88.8177	8415495.00720215
88.8622916666667	8234390.87976074
88.90791	7925146.09655762
88.9536833333333	8406048.84387207
88.995465	9295508.40942383
89.0332516666667	8009859.10021973
89.0790283333333	10656590.4692383
89.12325	8565252.2701416
89.167335	7120557.1307373
89.2143183333333	8882299.36218262
89.257655	6809102.80212402
89.3019566666667	9375319.63415527
89.3475183333333	7346243.40270996
89.3909883333333	7505028.06713867
89.4361616666667	7476271.94445801
89.4801716666667	7905913.08337402
89.5255583333333	9311846.50964355
89.5685783333333	8901844.38537598
89.6139716666667	9006990.55322266
89.6564666666667	11094634.819458
89.7002166666667	8094932.39428711
89.745445	9389892.47363281
89.78962	7598126.46057129
89.8307366666667	8274749.6394043
89.8765466666667	7273890.96948242
89.9216616666667	10859064.920166
89.96787	9286480.92651367
90.008935	10285495.6650391
90.0474316666667	12534278.8924561
90.0926533333333	8835398.98425293
90.1361233333333	9787669.31188965
90.1824366666667	9369366.09667969
90.2277516666667	10537191.9388428
90.2706133333333	9994285.32653809
90.3139616666667	10989133.1281738
90.3603366666667	10761122.9470215
90.403685	10598165.5383301
90.448675	10352460.0891113
90.491565	10149901.4005127
90.5380016666667	11894308.8232422
90.5819533333333	11647727.5678711
90.62405	11099993.5705566
90.6684433333333	11239246.088501
90.713575	10830576.2634277
90.759195	10470327.5820313
90.8040866666667	13083473.7470703
90.8454183333333	9756545.51574707
90.887625	12486316.8295898
90.9318816666667	9302919.36767578
90.975895	9307160.43310547
91.019345	10895247.7572021
91.0579533333333	10563434.3339844
91.1024833333333	11777736.1552734
91.1453816666667	11447906.3216553
91.18908	12321464.1182861
91.2344266666667	12527579.1098633
91.2776833333333	13968467.097168
91.3201616666667	12684254.628418
91.3665883333333	13715588.8851318
91.4087966666667	13548541.809082
91.4555266666667	12193653.6109619
91.4952683333333	15614791.1993408
91.5424433333333	11813944.6970215
91.5900366666667	11081722.6644287
91.6302983333333	11798810.6293945
91.6739033333333	11902463.166748
91.719255	13660447.2016602
91.76497	11659533.262207
91.8123466666667	12225121.9180908
91.8525583333333	15002157.8531494
91.89304	16083377.7794189
91.9402316666667	13331451.1072998
91.97984	9163240.7857666
92.024195	13091527.6790771
92.0668083333333	13105963.1343994
92.1015516666667	12957432.0821533
92.1478316666667	11987444.1373291
92.1899833333333	14119056.5170898
92.2338216666667	13728989.586792
92.2789383333333	16055663.3614502
92.32328	12033712.4493408
92.3664416666667	12166415.8116455
92.41417	11920942.2026367
92.4550766666667	11441146.2252197
92.5004716666667	13061981.7666016
92.5442033333333	10986949.5844727
92.5897866666667	12396482.8519287
92.63609	12683970.9570313
92.6778216666667	15554487.5186768
92.71885	13519782.7397461
92.7652833333333	14634510.0734863
92.8076516666667	15758915.7099609
92.8544433333333	13009664.5202637
92.897125	14192027.5015869
92.9406033333333	14357768.2823486
92.98611	18283325.361084
93.0254383333333	17888320.1271973
93.0681166666667	13175338.1207275
93.112645	15209212.267334
93.146485	16805987.8297119
93.1910116666667	13621509.5407715
93.2359066666667	14229503.6400146
93.2816766666667	14425870.5950928
93.3248166666667	13820832.7081299
93.36912	13321159.6027832
93.4087716666667	14316039.2342529
93.4567	16657930.2546387
93.4980683333333	15450641.6177979
93.544225	17113810.4484863
93.5853233333333	13749256.2908936
93.6322466666667	16289018.6069336
93.67807	17062253.8924561
93.720615	15415670.0565186
93.7646483333333	12583568.5665283
93.8112733333333	17157350.7722168
93.8556133333333	13314664.0675049
93.901595	17736106.2470703
93.9430916666667	15603724.7867432
93.9859283333333	17979934.7702637
94.0302366666667	17829484.8513184
94.0728583333333	13374328.083374
94.1161533333333	15455681.7420654
94.1598216666667	18817774.6379395
94.1941433333333	21288154.3151855
94.238065	14358451.7113037
94.2825916666667	13784446.1661377
94.328395	15582564.0765381
94.3695333333333	19079873.4020996
94.4106983333333	19526061.7585449
94.4478266666667	17502322.4750977
94.493945	13867449.4213867
94.5360083333333	15601209.0461426
94.58215	18486636.4641113
94.6230233333333	18772531.2443848
94.6690483333333	18996769.3603516
94.7120533333333	18435085.5463867
94.75227	20078410.0285645
94.7976333333333	16814141.6655273
94.8435916666667	17157795.631958
94.8875366666667	17081117.3444824
94.9327883333333	15159119.5495605
94.97573	18895015.1381836
95.01861	18354032.3339844
95.0630566666667	17401592.2128906
95.10355	17375207.7324219
95.1463966666667	25789744.0646973
95.1919116666667	13422530.5632324
95.229885	18072540.5039063
95.2722983333333	16770362.9719238
95.3189166666667	22289707.642334
95.3629283333333	16266984.114502
95.4054316666667	20430447.6425781
95.448245	17013496.8022461
95.485985	14493002.2138672
95.5324683333333	17021169.0076904
95.57246	16589256.2993164
95.6156566666667	17910887.0646973
95.65345	20918425.2719727
95.6999433333333	16279647.7036133
95.7428933333333	18377392.8896484
95.78296	16896769.1628418
95.8286733333333	17962460.8208008
95.87462	20463268.8886719
95.9155966666667	17237158.7644043
95.959335	20107448.3005371
96.00037	27624920.6760254
96.040715	25712565.765625
96.0816066666667	25465311.5742188
96.122115	25645852.0681152
96.1588366666667	23678743.1901855
96.2020933333333	19866723.6745605
96.237505	20973788.9787598
96.2800933333333	22304285.5119629
96.322855	29609354.7531738
96.3714416666667	23481436.2514648
96.4088983333333	21352012.0068359
96.4536966666667	21866793.3688965
96.489215	19725477.5007324
96.535705	22455007.5351563
96.580105	21806168.1420898
96.6120533333333	21267092.0998535
96.6586416666667	24821697.515625
96.7002716666667	20719079.1906738
96.7476383333333	28593557.234375
96.7831933333333	24201606.1420898
96.8235866666667	26649859.6633301
96.8690183333333	22022334.4604492
96.9141883333333	20199325.4736328
96.9577716666667	24377128.3164063
97.0002866666667	22902943.748291
97.04283	19339615.8422852
97.086375	19743770.8642578
97.1285133333333	29472242.2041016
97.1632516666667	23843333.661377
97.208315	23358138.8173828
97.2499	24685445.9545898
97.2826883333333	23322519.4831543
97.3281183333333	18285574.7900391
97.3729216666667	21193449.513916
97.41939	29761787.6916504
97.4546583333333	23451098.1848145
97.5015366666667	26271315.2744141
97.5378383333333	26831944.9204102
97.5822616666667	23150850.4033203
97.6268916666667	27858427.7734375
97.6613216666667	25120565.833252
97.70553	28672106.0187988
97.7441966666667	24191172.2922363
97.79087	30399069.4985352
97.8270233333333	25646191.5529785
97.8728133333333	32054240.7822266
97.916285	24797029.204834
97.9611283333333	28277068.1811523
98.00483	24128280.1550293
98.0459016666667	27764384.1975098
98.0878383333333	23760250.6152344
98.131975	28571682.4797363
98.171485	31727827.0922852
98.20409	28833815.4379883
98.249555	26371083.6804199
98.2937166666667	27294411.0461426
98.3287816666667	32433618.3117676
98.3699133333333	32301302.5566406
98.413085	37536166.9711914
98.4550783333333	24009007.2668457
98.4962066666667	23995344.7705078
98.5432516666667	37219729.2509766
98.575	23241329.6391602
98.6206366666667	21079763.5656738
98.6639866666667	22222308.5339355
98.7035333333333	21970460.3232422
98.7490166666667	23784579.114502
98.7869416666667	31369597.1462402
98.8327316666667	23155173.2685547
98.869075	20803069.8898926
98.9168483333333	26562924.3840332
98.9620333333333	18052885.130127
