RetentionTime	Intensity
0.00531666666666667	9145316.91627502
0.0476183333333333	7477768.00520325
0.0906166666666667	7676761.79293823
0.133128333333333	7337496.53338623
0.179286666666667	10150556.8232117
0.224078333333333	6137788.2305603
0.269123333333333	3591249.19205475
0.315335	5109421.68942261
0.36112	3509103.55204773
0.409098333333333	3414776.8288269
0.456261666666667	3230571.00479126
0.50214	2886363.59474182
0.548938333333333	2582352.11375427
0.595805	2276513.92329407
0.640845	1721602.96648407
0.689955	1558361.2223053
0.737233333333333	1317245.35398102
0.785761666666667	1222746.67090607
0.833031666666667	1092557.62929535
0.881528333333333	680440.027118683
0.901973333333333	916910.13835144
0.953323333333333	671972.143276215
0.975818333333333	802416.031925201
1.01877833333333	744171.384094238
1.06725666666667	616863.668006897
1.10540333333333	755467.133430481
1.15034833333333	659142.534194946
1.19257666666667	645939.878448486
1.23737	614643.786411285
1.27034	728466.035865784
1.31749666666667	670242.423278809
1.36126	635386.89981842
1.407715	566704.948631287
1.43117833333333	537449.992725372
1.465105	618080.283584595
1.51120666666667	439249.864524841
1.53991333333333	810649.670013428
1.56964166666667	404767.226062775
1.58445666666667	569972.226379395
1.62548333333333	491669.206680298
1.65780833333333	475494.449035645
1.67733833333333	555506.509086609
1.72644666666667	661088.502838135
1.77178333333333	640784.471351624
1.81639833333333	748246.622039795
1.862405	697903.811660767
1.90798833333333	527146.315460205
1.955165	434027.927146912
1.97691666666667	802969.55506897
2.02193666666667	919870.177032471
2.06663833333333	762567.752212524
2.11071166666667	934917.777038574
2.152735	971288.008834839
2.1942	1026020.6086731
2.23839333333333	1086180.85453796
2.28230166666667	1091991.57452393
2.32509833333333	984425.323425293
2.36703	1071160.21629333
2.41094	895316.947509766
2.45491166666667	1058863.74153137
2.499525	1082904.39796448
2.54331666666667	1169424.17497253
2.58665	881879.784912109
2.631905	1021022.9510498
2.67631666666667	1142372.98675537
2.71946666666667	1094976.2911377
2.763585	1136786.06446838
2.80685	882812.722946167
2.85155	944098.756027222
2.896135	931912.631484985
2.94038666666667	861467.881561279
2.984835	900217.730682373
3.02968666666667	852812.933624268
3.074065	893849.922836304
3.11750166666667	432438.820495605
3.16334666666667	872479.180160522
3.20519833333333	644332.921585083
3.252445	782143.973815918
3.29714833333333	526754.758281708
3.32236833333333	453005.303844452
3.33674	752660.221664429
3.38732333333333	409168.148101807
3.40208833333333	465356.9637146
3.42251	558920.428970337
3.47693	598297.442756653
3.52068	560076.358398438
3.54525833333333	494247.055221558
3.5735	561649.215301514
3.59474166666667	515780.174499512
3.605555	516072.938598633
3.62427166666667	608780.427215576
3.659025	617572.951324463
3.68966	581705.11668396
3.73339833333333	444265.536449432
3.74554333333333	622750.949020386
3.79517166666667	515916.334259033
3.818905	356086.034732819
3.83672	543290.807533264
3.85509833333333	551366.678596497
3.89447833333333	354075.274894714
3.91231166666667	621442.942138672
3.96187166666667	603916.684127808
4.00157666666667	578332.97530365
4.01919833333333	454455.097133636
4.03285166666667	662629.119064331
4.08204166666667	456968.235046387
4.10333666666667	541596.691467285
4.12046166666667	387334.129535675
4.13531	650501.93196106
4.183585	568093.920417786
4.22430166666667	368699.104724884
4.24616	518737.34677124
4.263575	354330.886253357
4.28498	428003.175788879
4.30163	626551.836410522
4.35026333333333	555356.830879211
4.39453333333333	377526.361537933
4.40933833333333	580957.164680481
4.44829666666667	368079.826698303
4.47544333333333	441992.407527924
4.487825	439122.607341766
4.52479166666667	624783.838020325
4.55640333333333	491004.962085724
4.58953	623847.768333435
4.625205	601862.371246338
4.67143666666667	502987.301021576
4.69012166666667	515826.009548187
4.702345	603146.590309143
4.74958166666667	418755.903785706
4.76436166666667	510965.142623901
4.78704833333333	710453.086257935
4.81374833333333	583082.427749634
4.83839833333333	441363.715778351
4.85688833333333	433583.257484436
4.87536833333333	482152.908603668
4.896115	623667.349250793
4.931855	515170.267692566
4.94342833333333	495246.355289459
4.96565166666667	451940.273918152
4.994365	567798.012069702
5.00663166666667	542555.921768188
5.02756333333333	501014.888221741
5.04942	500278.741794586
5.07782166666667	480981.864051819
5.09385166666667	603010.841545105
5.1284	457249.483863831
5.143195	676214.687973022
5.19132666666667	505852.872714996
5.21522166666667	508822.314125061
5.22963	564565.483135223
5.255995	691891.100074768
5.28555333333333	597612.179714203
5.30336166666667	523030.812030792
5.32870833333333	661815.591072083
5.346155	555825.397769928
5.362425	661991.201622009
5.40121666666667	519460.401050568
5.41600666666667	761698.282913208
5.43918333333333	609451.091495514
5.45098333333333	522592.820861816
5.48247333333333	650256.922019958
5.49661	548769.857673645
5.52790833333333	555208.482662201
5.542745	527041.670566559
5.5682	656075.012619019
5.59921166666667	617559.097167969
5.618505	633964.739738464
5.63208666666667	543767.782039642
5.65076	612384.512672424
5.674035	544912.632389069
5.69995166666667	592910.018913269
5.71171333333333	533963.758716583
5.75587666666667	566326.161941528
5.769855	502976.761859894
5.78836833333333	471146.292224884
5.81040333333333	493726.937667847
5.83736	479281.415588379
5.85331666666667	509198.683158875
5.87920333333333	492642.446643829
5.897585	468226.203907013
5.91974666666667	475040.773021698
5.941935	479598.048736572
5.96413333333333	495817.03049469
5.98623	492285.887924194
6.01408833333333	515509.74319458
6.03076166666667	472398.283542633
6.05643666666667	502861.224632263
6.07482166666667	512596.354820251
6.10321333333333	501986.473384857
6.12883833333333	519206.027347565
6.14681	529119.40020752
6.18757	505065.828289032
6.20181	534196.795684814
6.23636	519469.553585052
6.25112833333333	518615.008796692
6.28101666666667	520799.802093506
6.29996666666667	631275.388771057
6.32944333333333	512341.225204468
6.35659	586742.678974152
6.36884	527023.630397797
6.41344166666667	502581.225105286
6.428575	553216.195949554
6.448595	504244.478206635
6.47075	508937.60377121
6.49923333333333	507920.737380981
6.51508666666667	517419.41891098
6.54947166666667	510795.153316498
6.56420666666667	513571.864185333
6.58646333333333	484808.212165833
6.62108666666667	520438.524829865
6.64276666666667	639140.818412781
6.66488166666667	512260.784286499
6.67965666666667	548520.623443604
6.70732	506853.28767395
6.72240833333333	508069.642570496
6.76326666666667	528565.733600616
6.77813166666667	599168.014629364
6.797555	668575.408103943
6.82581	578644.769916534
6.84706833333333	529757.690681458
6.86316166666667	517616.728042603
6.88864833333333	520394.955257416
6.907145	645747.429855347
6.93222	561537.278705597
6.94751166666667	711515.552818298
6.96516833333333	567379.876163483
6.98730833333333	584082.909820557
7.00946833333333	581501.118953705
7.037195	562225.79058075
7.0537	686949.91998291
7.072015	529847.538105011
7.09433	590399.35874176
7.12254666666667	527547.853092194
7.14767666666667	579674.868812561
7.16171833333333	524849.0728302
7.20610166666667	504876.780170441
7.22401833333333	517107.163761139
7.25242666666667	547928.878978729
7.26724833333333	561383.986820221
7.295765	542976.544815063
7.31539	560365.886798859
7.340055	555092.648654938
7.36549166666667	536815.150852203
7.383515	554956.912918091
7.42497333333333	544813.140789032
7.44291333333333	542938.170192719
7.46232	549826.03181839
7.487215	584731.539260864
7.510965	632860.474746704
7.52503666666667	599540.40228653
7.55853	553542.165344238
7.573385	557693.563869476
7.595715	534730.468143463
7.630245	525808.504169464
7.64504333333333	561267.106399536
7.67411333333333	556939.81111145
7.69258	657029.247413635
7.719205	565940.231674194
7.73403666666667	548198.874160767
7.77871	493518.202766418
7.79352166666667	522609.543312073
7.81950166666667	591830.374759674
7.84150333333333	575163.633247375
7.86298	535381.483360291
7.87879666666667	554245.544921875
7.90471333333333	533884.954029083
7.92310166666667	529272.464305878
7.94516666666667	506748.619998932
7.96739333333333	522903.148303986
7.98951333333333	549304.816188812
8.01171166666667	560423.744033813
8.033915	587477.58808136
8.06236333333333	565249.107582092
8.07818166666667	551810.515068054
8.10031166666667	641172.10578537
8.13626666666667	559553.039875031
8.157305	531424.126659393
8.173265	556902.976364136
8.21776166666667	527565.02495575
8.23571333333333	540438.670410156
8.264165	505134.855823517
8.278975	487611.566181183
8.30378666666667	497747.180370331
8.32714166666667	506456.958679199
8.35184833333333	527825.206508636
8.37705	596913.967845917
8.405715	572473.611560822
8.44635166666667	559345.977878571
8.461585	541410.617286682
8.48337333333333	514265.1028862
8.50546166666667	529057.598056793
8.53109166666667	520342.028114319
8.54990333333333	515013.199829102
8.584385	510325.716011047
8.599155	521187.456317902
8.62140166666667	530853.042175293
8.66306	534364.29434967
8.68102	540800.279033661
8.70008333333333	554668.313682556
8.733065	546190.02986145
8.75103666666667	534584.507648468
8.785635	528901.789234161
8.80045166666667	579730.222297668
8.82584166666667	522398.44821167
8.85166666666667	520320.296966553
8.87319333333333	535725.650970459
8.88920166666667	544872.717262268
8.91502833333333	544397.464710236
8.93335	539369.057567596
8.95552833333333	532646.289867401
8.9777	537670.737430573
8.99988	529096.496356964
9.02585	520682.556999207
9.04412666666667	556356.622028351
9.07229833333333	570020.859760284
9.08848333333333	603350.76726532
9.11066833333333	578719.390514374
9.13910166666667	527245.723552704
9.15488333333333	516808.325866699
9.18335166666667	553171.201457977
9.19920166666667	535642.146217346
9.24369666666667	565220.581169128
9.258575	547359.350467682
9.290005	532017.770858765
9.30484333333333	548515.768814087
9.32949166666667	559358.159141541
9.35235333333333	562647.05229187
9.37448833333333	510451.613002777
9.406075	512916.719810486
9.427075	513210.22542572
9.46869166666667	492533.425239563
9.486615	563826.30752182
9.505745	539313.659496307
9.52816166666667	552777.022861481
9.550005	573496.246753693
9.57591	567018.655582428
9.60681	548752.987449646
9.621685	545559.739845276
9.64384166666667	556104.091560364
9.682135	509862.89484787
9.71059666666667	489039.055427551
9.72541666666667	482459.250751495
9.76221	503950.49193573
9.79577166666667	544525.158519745
9.82124333333333	601946.584758759
9.85082666666667	660868.011829376
9.90092833333333	642732.9271698
9.95103833333333	734279.829147339
10.0024916666667	1032808.12659454
10.0510333333333	1342106.80578613
10.0982083333333	1507092.71694183
10.1445766666667	1788854.08487701
10.1909583333333	2153298.61440277
10.2363716666667	2756382.41368103
10.2823033333333	3102705.13597107
10.3287533333333	4510760.79727173
10.37254	4616968.65161133
10.4198983333333	6649995.91392517
10.4649366666667	9638568.78375244
10.506755	8513163.91033936
10.552525	10162195.5760193
10.5985333333333	10340615.3329163
10.643395	8800002.94854736
10.6893	12879112.8913574
10.7315783333333	16440218.8374023
10.7755966666667	15359938.7229614
10.8189783333333	13159772.1620789
10.8609133333333	17627315.0910645
10.9064983333333	22663688.2948608
10.95046	23571591.9121704
10.9935083333333	30128340.8723145
11.0360233333333	40518339.5097656
11.0794083333333	29854323.1572266
11.12476	34005333.8306885
11.1636016666667	30694198.6558838
11.2081883333333	42145897.3532715
11.2517066666667	45798123.4926758
11.29378	39305666.541748
11.3350266666667	47556954.5251465
11.380075	51964135.2441406
11.4218116666667	39846361.3808594
11.4650916666667	66678170.8120117
11.500725	62181520.7939453
11.5358	50036881.2121582
11.5746083333333	80671751.1069336
11.617	49853116.355957
11.6545033333333	51446915.3514404
11.6917183333333	50181640.5898438
11.7397216666667	88108754.6206055
11.7756333333333	75817100.6523438
11.8204816666667	76414179.4541016
11.85799	157422833.540527
11.8917233333333	153884941.740234
11.9292766666667	146189592.95752
11.970125	185762463.96582
12.0068933333333	193661694.227539
12.0437516666667	201185401.810547
12.077725	169264874.066895
12.1192816666667	247452966.888672
12.15459	302472069.46582
12.1852366666667	264692033.597656
12.2179816666667	195386052.370117
12.2539616666667	224271238.824219
12.302505	214209045.396484
12.332855	276301237.275391
12.3734683333333	263432877.053711
12.412095	314069714.384766
12.453	436169130.228516
12.4946116666667	471300437.428711
12.5247266666667	342371902.067383
12.557565	469481881.642578
12.5900166666667	364343813.875
12.6232666666667	438142334.958984
12.6608216666667	383184373.577148
12.6965333333333	481371684.798828
12.7309233333333	413303684.306641
12.7672066666667	454313056.81543
12.797305	715066581.496094
12.833945	475577656.705078
12.8681533333333	756306697.830078
12.8999133333333	664121503.916016
12.93505	776044227.6875
12.9692216666667	830820339.638672
13.0014083333333	786843409.400391
13.0334633333333	636820842.753906
13.0694933333333	560892728.917969
13.1001583333333	512938640.539063
13.134745	356292145.719727
13.17149	490962851.169922
13.199405	506539474.769531
13.2318666666667	462996955.248047
13.2595883333333	315074979.527344
13.2939166666667	293115229.875
13.33533	294214402.905273
13.3672883333333	298449481.27832
13.4075333333333	499884037.240234
13.4384316666667	417456708.429688
13.47101	423742946.824219
13.5036066666667	348138516.546875
13.53701	458814712.671875
13.5717183333333	488807380.082031
13.605655	532959859.923828
13.6426666666667	660116947.4375
13.6628983333333	629015917.919922
13.7006633333333	574116471.201172
13.738195	753645686.921875
13.7713766666667	842235681.921875
13.8073916666667	826780871.767578
13.8387583333333	1459260722.11719
13.87035	699585858.417969
13.902995	671909445.414063
13.94277	683147847.957031
13.9779816666667	851771278.230469
14.0075716666667	648570837.273438
14.0442333333333	975309276.464844
14.072715	936919765.259766
14.1033783333333	650973005.029297
14.1376066666667	574769106.009766
14.1751633333333	589142138.849609
14.20723	843196508.96875
14.2355916666667	869536130.830078
14.266055	784680655.121094
14.2984216666667	576700797.644531
14.332595	508764479
14.3670733333333	530669630.166016
14.4005783333333	524740527.326172
14.4346133333333	951976575.066406
14.46539	995490323.617188
14.4949433333333	640366620.957031
14.5248333333333	577015117.740234
14.5575083333333	974707364.441406
14.5887866666667	826477615.998047
14.6180716666667	767111949.902344
14.6487283333333	923233219.96875
14.68066	887482888.101563
14.7108116666667	917967246.722656
14.7414283333333	774701630.986328
14.7777583333333	802218213.296875
14.81072	987612011.296875
14.8456283333333	719223255.710938
14.8765216666667	1114899809.04297
14.90738	862002776.007813
14.9418766666667	913116547.359375
14.9762416666667	901145607.810547
15.0062166666667	621453738.939453
15.0385733333333	1029331055.96484
15.0704516666667	611661513.169922
15.1014966666667	589965820.412109
15.1366666666667	479378010.917969
15.1689083333333	454218492.678711
15.20082	670341861.115234
15.2314083333333	513425439.574219
15.263115	512817326.996094
15.2984483333333	523192516.138672
15.3307166666667	910542395.378906
15.3630066666667	648598905.945313
15.39463	785639856.75
15.4250016666667	506580243.066406
15.4587033333333	1019197531.33984
15.4877366666667	769212675.660156
15.52348	571579909.029297
15.5577566666667	764284321.466797
15.5876416666667	849970779.513672
15.6192783333333	584733193.929688
15.6517833333333	908363345.226563
15.6822633333333	674908714.048828
15.7177533333333	649580120.410156
15.7506483333333	864903413.625
15.7840483333333	515257839.914063
15.8214	664948104.041016
15.8527683333333	722334639.382813
15.8828616666667	979002208.292969
15.91427	1094300982.52344
15.944125	674151795.568359
15.978155	659383431.667969
16.0124466666667	802536153.701172
16.0462083333333	630309276.091797
16.0819183333333	821965129.917969
16.1108266666667	645359380.651367
16.1404033333333	812528579.433594
16.1743633333333	1154183465.41211
16.203085	1246633914.71484
16.235685	672438808.154297
16.26988	753061617.355469
16.2994716666667	502105122.914063
16.3351683333333	512462545.519531
16.365475	640001134.080078
16.39983	646182810.779297
16.4332366666667	932463245.234375
16.46557	774922579.337891
16.49821	583471725.941406
16.5340466666667	826249721
16.56659	993508160.417969
16.5980333333333	673351896.986328
16.63295	630250583.232422
16.6657966666667	460479355.402344
16.702465	613733730.234375
16.7354333333333	769670428.078125
16.7669616666667	538992689.077148
16.8004783333333	486397474.085938
16.8349616666667	664308156.300781
16.868235	668912381.001953
16.9014666666667	708501794.601563
16.9326116666667	515739147.208984
16.9647333333333	651241521.873047
16.996285	706250537.59375
17.02584	546973007.322266
17.0634383333333	663244259.890625
17.097465	1144608337.52734
17.1314133333333	666197709.556641
17.1644633333333	961893153.121094
17.1979833333333	627038886.207031
17.2300716666667	989156220.041016
17.2594616666667	1371865736.27344
17.29032	793767777.097656
17.3234566666667	880627993.820313
17.353355	753587189.445313
17.3862983333333	585000562.75
17.4234016666667	603553606.029297
17.45503	485620395.236328
17.4894966666667	675294170.96875
17.5221966666667	845180179.484375
17.5540966666667	1213624219.21875
17.5827483333333	717998735.011719
17.61944	847773439.564453
17.657395	722617464.902344
17.6901366666667	1078244839.62891
17.7234583333333	1142661717.46094
17.756545	782363430.238281
17.7934416666667	825358655.417969
17.826805	1132274732.23047
17.8541983333333	930737902.894531
17.884155	754264374.142578
17.921195	946759717.472656
17.95296	833828304.125
17.984515	1125379391.67578
18.0155333333333	750831419.591797
18.04627	715463440.871094
18.07667	640909265.710938
18.111065	553294472.646484
18.14254	638070806.548828
18.1719266666667	641874543.603516
18.20268	678458696.140625
18.2352733333333	768801290.664063
18.2651733333333	911290281.355469
18.2967166666667	641605111.253906
18.32613	787852879.878906
18.35619	601037815.808594
18.3888466666667	754959604.230469
18.4189533333333	828793494.861328
18.448065	455987558.736328
18.483395	990517055.65625
18.5138216666667	633573822.654297
18.5460816666667	975501929.849609
18.5755066666667	528062319.34375
18.6080516666667	1107844109.375
18.638915	431626015.330078
18.671005	571781369.474609
18.7064933333333	697552360.050781
18.7414633333333	865784725.742188
18.7729783333333	519132516.474609
18.8090916666667	1071746453.20313
18.839215	994303866.5625
18.8714883333333	760134951.337891
18.905735	741839440.869141
18.943585	1074253742.39844
18.9751066666667	409416292.65332
19.0116783333333	776031619.378906
19.045065	782600694.322266
19.0824016666667	1041799670.8457
19.115295	790199264.253906
19.1473366666667	603432997.650391
19.18213	784034530.957031
19.2153166666667	822530630.791016
19.2449	567113894.040039
19.2805816666667	1153527064.20703
19.3106533333333	1204777131.08398
19.342405	706748960.880859
19.3737483333333	1414826018.76953
19.4035533333333	1205956488.30859
19.4326716666667	894758965.15625
19.4662783333333	706290965.71875
19.5008316666667	928943462.662109
19.5313583333333	1051683723.08594
19.5608133333333	687624630.632813
19.5916516666667	783304972.757813
19.6243533333333	937739665.0625
19.65838	892757873.767578
19.6885133333333	1216825148.34766
19.7200483333333	1369031746.94531
19.75062	738933726.791016
19.7854716666667	1251509762.70313
19.81612	729126378.21875
19.8465766666667	783292253.796875
19.8663633333333	1138871898.82617
19.89774	1510798414.28906
19.927775	887449643.177734
19.9599583333333	973540044.398438
19.9957316666667	601013568.589844
20.0324883333333	979779646.402344
20.06623	926225717.65625
20.0989583333333	906501443.603516
20.132455	1151601065.4375
20.1617483333333	873713173.816406
20.1952366666667	1223200477.23438
20.22537	485757910.414063
20.2572483333333	1074886829.97266
20.2886916666667	703726277.382813
20.3199016666667	823127524.488281
20.3540483333333	727978323.457031
20.3825533333333	670172848.701172
20.4145633333333	438880631.761719
20.4459966666667	592794339.109375
20.4774566666667	667965049.878906
20.5068466666667	657337019.542969
20.542	859394443.796875
20.5697783333333	1001736718.58203
20.6020283333333	1051378496.79688
20.6332816666667	744302646.808594
20.6639083333333	897473081.015625
20.699015	579734494.412109
20.7291816666667	1169789087.94141
20.7599216666667	798436711.339844
20.7934266666667	1185060873.32422
20.8230266666667	1012131798.125
20.855985	689943756.429688
20.8908183333333	1335633594.14844
20.9206316666667	806070891.429688
20.954615	586148564.613281
20.9878083333333	1017958362.53125
21.018455	964128686.34375
21.0538783333333	771185063.949219
21.085875	843021533.835938
21.1168	639114091.96875
21.1370816666667	716510473.117188
21.1662083333333	539788522.34375
21.1997283333333	592506392.681641
21.2364166666667	735845718.480469
21.2651133333333	564689133.603516
21.2991833333333	835934316.71875
21.33049	586673264.03125
21.3634116666667	717549925.3125
21.396015	821643394.585938
21.427975	463559590.90625
21.4633016666667	1099796588.21875
21.4919583333333	607075905.017578
21.5225116666667	731669260.480469
21.5546983333333	773988436.394531
21.5846983333333	648868702.037109
21.620465	1209289432.80469
21.6474966666667	1172865617.08984
21.6750683333333	787660010.453125
21.70589	859705336.714844
21.73616	1015692174.14258
21.7673283333333	1166402073.84766
21.8001466666667	892306113.296875
21.83038	657423951.542969
21.863195	698939095.228516
21.8978933333333	775694663.214844
21.928515	1023160634.4668
21.9585966666667	860351821.259766
21.9885416666667	1196715927.91406
22.0185316666667	809909479.986328
22.05119	788125000.544922
22.0836583333333	1113361956.98438
22.1149666666667	1270586034.73047
22.1456383333333	1288812750.59375
22.17824	1260430301.70313
22.207765	893399831.003906
22.2432566666667	1110004873.45313
22.2738966666667	1158942505.90234
22.3053	781985325.136719
22.3407216666667	1368776793.16016
22.36994	943866148.824219
22.4035166666667	620582066.152344
22.43508	1089357717.05469
22.467055	497762764.367188
22.50007	699690916.132813
22.5290433333333	941858422.378906
22.561835	905612231.6875
22.5937116666667	624842977.421875
22.621475	658784193.867188
22.6573316666667	1127513022.44141
22.6841183333333	1299959956.94531
22.7161166666667	681560823.925781
22.74879	1115086438.79688
22.7796216666667	821027566.648438
22.814055	807906420.15625
22.848085	1032847412.77344
22.8771616666667	1505989318.26563
22.9091016666667	997083721.064453
22.9379566666667	620423086.732422
22.9673466666667	896295037.839844
23.003285	1292978732.96875
23.03389	1169737146.96484
23.0645483333333	1049267919.76563
23.09331	1103603990.0918
23.1256283333333	917531456.603516
23.15668	921786043.195313
23.189155	840933989.964844
23.223125	552353479.833984
23.2585883333333	585852754.592773
23.2881416666667	527130945.083008
23.3203433333333	654627212.916016
23.3526233333333	718073459.648438
23.382285	936181835.296875
23.4153583333333	559968636.695313
23.45019	891203166.949219
23.4795516666667	519820567.201172
23.5174416666667	1330184466.01172
23.5503866666667	1013632625.04492
23.5806766666667	897539277.011719
23.6135333333333	1106824207.64258
23.6440966666667	741806457.333984
23.67647	798548415.449219
23.70617	832949366.9375
23.739755	1042980258.8125
23.7719216666667	485103037.769531
23.8049966666667	906644980.226563
23.8367566666667	896443917.871094
23.86763	645088731.289063
23.9001566666667	502123409.925781
23.9344633333333	667616761.054688
23.9666433333333	453753003.199219
24.00066	1064883291.76953
24.0292483333333	694531943.28125
24.0580716666667	861361751.644531
24.0908716666667	842815074.613281
24.12425	890645667.148438
24.158595	1389098239.60938
24.19016	1203605658.20703
24.220855	1202771251.25
24.2554733333333	1343588648.6543
24.2869266666667	1520073058.16016
24.319705	1025956552.46484
24.35254	753688387.248047
24.38446	1188847725.31641
24.4166966666667	1109869442.5
24.4461066666667	1466674692.31641
24.47699	710933537.316406
24.5094883333333	1052853163.65039
24.5403533333333	736804174.441406
24.57405	1046417027.81641
24.6030516666667	889876774.056641
24.6361933333333	786283063.375
24.6686433333333	850609116.625
24.6999783333333	868258829.636719
24.72991	901780618.169922
24.760565	914207736.699219
24.7943166666667	766439415.814453
24.8270233333333	1420784486.5625
24.8577883333333	1503546532.19922
24.8899433333333	822166710.398438
24.9205733333333	1459412520.91406
24.9526	1039935300.25781
24.983665	756992534.367188
25.01807	1226719477.56836
25.0476483333333	959650930.308594
25.0790516666667	1485479618.53516
25.1099783333333	1373434684.86328
25.1409033333333	695104574.863281
25.1741933333333	923022938.884766
25.2059	1583398506.92188
25.2379683333333	1312637427.73438
25.27171	1170947149.35938
25.30406	964173472.822266
25.3355033333333	1306622926.61719
25.3668266666667	1349878813.25391
25.3957933333333	1360199616.73438
25.4279	920298180.351563
25.458195	559389917.953125
25.4912383333333	1292936741.48828
25.5218533333333	614437308.34375
25.5536683333333	602131042.570313
25.587215	476764703.320313
25.6226866666667	1077994173.96875
25.6561	1341600812.25391
25.6851916666667	1325694212.48828
25.7153383333333	1197578337.34766
25.746325	549716032.363281
25.779865	893576058.929688
25.81181	738906471.453125
25.8453483333333	840618631.726563
25.8750883333333	1117937560.01953
25.90525	1502713296.72656
25.937115	779327414.056641
25.9702216666667	1463215920.66406
26.0002683333333	1225344708.74219
26.0321016666667	898512133.746094
26.0656466666667	550969540.554688
26.0965983333333	649292604.152344
26.1287233333333	588555769.356445
26.1603566666667	1474144659.6875
26.1924283333333	692833397.083984
26.2229216666667	1485710107.80078
26.254315	709232020.021484
26.2865216666667	600967210.632813
26.3191016666667	1035273278.64453
26.3478916666667	428702505.205078
26.387485	1131522099.01953
26.4221383333333	1322374864.51563
26.4518383333333	1049119549.09961
26.4827083333333	1514049867.48828
26.515155	1132790752.67969
26.5478783333333	1380972767.24219
26.579245	588517349.394531
26.6094566666667	1390488457.32813
26.6402066666667	1449808312.41016
26.6707816666667	1454969621.81641
26.699535	855772129.402344
26.7321416666667	1080873911.32422
26.76347	1026763816.89453
26.7949716666667	940018421.585938
26.8262316666667	866738487.035156
26.8582016666667	653820789.146484
26.890345	1313923793.10547
26.9212033333333	1399443003.34375
26.9520266666667	1164442730.00391
26.9840516666667	1306184886.21484
27.0150633333333	784517476.416016
27.0483033333333	1350924390.00391
27.080095	540809284.423828
27.11478	1232058165.77734
27.145695	1497285699.36328
27.177005	1019086981.73828
27.20829	1298090211.73438
27.239945	1228141982.74219
27.27042	632871797.582031
27.3043916666667	1260116114.05469
27.334485	1375265617.91797
27.3679216666667	1145610576.45703
27.3997833333333	1181543148.39063
27.4325	611360429.310547
27.4683566666667	1198181003.46875
27.5025283333333	627570450.416016
27.537165	699277166.550781
27.56775	1175317540.61719
27.5978033333333	1048690451.96094
27.6293616666667	940416498.8125
27.6609566666667	847971600.152344
27.6933683333333	808120553.269531
27.7252566666667	647329038.775391
27.75821	693412128.056641
27.793265	734996384.306641
27.8257516666667	1008828358.53906
27.8588083333333	1189990398.54688
27.8914916666667	781470365.535156
27.922775	1158463303.65625
27.9547316666667	739205946.613281
27.9862	624657331.888672
28.0192783333333	1117438057.22266
28.05128	1042241286.03125
28.0820116666667	803524884.097656
28.1135066666667	813884936.152344
28.14476	824121092.900391
28.176275	1298325049.29688
28.2071916666667	1245413474.64453
28.241335	1332076938.37891
28.27537	1558072442.75391
28.3054266666667	1152209713.10547
28.3328316666667	1099075957.42578
28.364625	1618530622.33203
28.3952533333333	717348513.316406
28.4279716666667	993189201.054688
28.456885	1030860682.49023
28.4867216666667	870393094.400391
28.518495	1187894536.88672
28.5482883333333	1284448394.94922
28.5797416666667	1479545896.41016
28.61125	461441716.476563
28.6420683333333	1134087092.67578
28.6722283333333	1082244064.49609
28.7065566666667	1134502964.11328
28.739695	491099217.230469
28.773065	466415127.34082
28.8056616666667	911311782.621094
28.8364016666667	656096350.054688
28.868415	1025372073.69922
28.9015333333333	443897065.017578
28.9357916666667	1106336635.48438
28.9661383333333	758525457.074219
28.99072	630741000.003906
29.0168166666667	788292861.558594
29.0488066666667	1047489500.99219
29.0797783333333	606848710.949219
29.1122766666667	558190636.802734
29.1460866666667	880699152.734375
29.1778283333333	513140445.117188
29.21252	591500387.214844
29.246475	605616985.736328
29.277465	614097227.564453
29.30853	674780392.808594
29.3410383333333	486970513.875
29.3710616666667	635008424.083984
29.4049316666667	502974070.810547
29.4384416666667	545821621.451172
29.4748083333333	503042208.054688
29.50856	474230800.300781
29.5411433333333	511751403.734375
29.5715316666667	498138866.359375
29.6042266666667	506802196.517578
29.6357666666667	569994291.033203
29.668435	537192749.271484
29.69841	529469284.162109
29.732575	568112672.5625
29.7640933333333	923772400.832031
29.7968433333333	710017557.470703
29.8287166666667	562436314.144531
29.8620666666667	671141948.296875
29.8972633333333	743927061.351563
29.9275783333333	860490049.191406
29.9612433333333	1022712070.70313
29.9962366666667	727896962.332031
30.0336216666667	739220180.435547
30.0675366666667	999042544.826172
30.09788	901356723.640625
30.1290133333333	1354357830.60156
30.1596483333333	790744545.027344
30.19157	887147957.660156
30.2241033333333	1167241682.6875
30.2605466666667	1272456237.27734
30.291465	1559505855.25
30.3233466666667	1155069555.26953
30.35374	754502112.822266
30.386445	809766751.816406
30.4204116666667	1319547336.85547
30.4528516666667	771917535.748047
30.488765	762165195.316406
30.5232933333333	1301818711.89844
30.55481	666993458.126953
30.5891083333333	983937153.929688
30.62037	666220011.488281
30.6536666666667	615788868.816406
30.68762	771789936.097656
30.721955	499466792.863281
30.7573566666667	528326972.724609
30.7891383333333	818215580.099609
30.8206816666667	517981966.726563
30.85349	615580349.40625
30.88659	875151832.117188
30.9210783333333	897225734.351563
30.9527916666667	969431617.789063
30.9847783333333	1120829117.98438
31.0167916666667	632377836.65625
31.049425	1054654057.64258
31.0844916666667	989685974.552734
31.1149116666667	664271231.644531
31.14422	659649137.640625
31.177925	924091828.101563
31.211675	1157236938.93164
31.2430733333333	1214543607.30078
31.277645	676854945.191406
31.3098183333333	636914390.388672
31.3412733333333	1465691350.20703
31.3726083333333	901567547.382813
31.4029133333333	683046229.861328
31.4340983333333	1044701027.57422
31.4676533333333	904604659.476563
31.5004283333333	822775248.53125
31.5334516666667	717377566.1875
31.5653833333333	767533262.039063
31.5964133333333	709638742.707031
31.6294166666667	1225645364.9043
31.6563716666667	846734727.511719
31.68801	1584877839.74219
31.718695	952469399.755859
31.7499583333333	967176233.644531
31.7861683333333	772210284.732422
31.81895	656769430.134766
31.8527216666667	1142805091.34375
31.8867	922425687.507813
31.9190433333333	967954115.820313
31.9511183333333	1259710935.24609
31.98179	1196166772.39258
32.0130333333333	917494313.484375
32.04413	896109461.734375
32.0796883333333	765440709.371094
32.1110016666667	821861598.517578
32.1441266666667	850353837.240234
32.1757283333333	937145802.109375
32.2072833333333	975564426.058594
32.2382583333333	918292715.753906
32.26799	1493208608.76563
32.2966133333333	1388914428.86719
32.328335	986407575.519531
32.3622566666667	1130768241.03906
32.3936316666667	1198393507.96094
32.425535	1172357589.56641
32.4563383333333	1215571637.54297
32.4895	2550237885.87109
32.5217866666667	1129140880.91797
32.5565383333333	1675143961.48438
32.58877	1467199233.20117
32.6193233333333	1134811706.98047
32.65314	1027321805.27734
32.68705	1628253276.5
32.7163916666667	1091242922.18359
32.753875	1194999663.10156
32.7844016666667	1088793784.47266
32.8207816666667	1144037708.73047
32.8548166666667	1463682679.45313
32.8880616666667	1232002851.41602
32.9218816666667	2181036530.46094
32.9532483333333	1250395884.57813
32.9859633333333	2143879666.67969
33.0175483333333	1451726261.37891
33.0509283333333	1915633547.89844
33.0810533333333	1252137764.62109
33.115965	1535460785.55078
33.1462933333333	1466515535.97266
33.1781033333333	1049790297.48438
33.21191	960494287.304688
33.2434883333333	1151816142.40234
33.2759883333333	1180988018.50781
33.30553	1813879435.88672
33.3342966666667	1971598081.95703
33.364055	1472284232.89844
33.3937133333333	999901997.417969
33.4245916666667	1106658079.92188
33.4558233333333	1208977387.45508
33.485255	950384426.201172
33.5151116666667	1774310417.96484
33.5452783333333	803990323.660156
33.5779883333333	1201479411.78516
33.6080083333333	1188804288.69531
33.6387866666667	1416630461.28906
33.6712933333333	1529333626.90625
33.7024233333333	1124682174.00977
33.7316883333333	1898232887.11719
33.76085	993693967.009766
33.793615	1276899606.4375
33.8229283333333	1805145009.69531
33.8534333333333	1247276009.01172
33.8854016666667	1209852722.91797
33.917015	1970449373.28906
33.9489083333333	836725667.876953
33.9815866666667	1003707454.64258
34.013785	1082708915.48828
34.04611	1384468263.41406
34.0779583333333	796877690.427734
34.1115233333333	776201524.189453
34.1453166666667	805747430.298828
34.1803283333333	951976441.480469
34.211765	840917757.025391
34.2451833333333	1075234191.79297
34.278375	915403644.685547
34.3102266666667	1104439586.47852
34.342355	870183274.207031
34.3762766666667	921999629.15625
34.4098133333333	1315161605.45313
34.441865	1392134671.33594
34.4724666666667	827743625.859375
34.5057666666667	812150311.650391
34.538455	1082924635.94141
34.5701466666667	823234198.265625
34.6037266666667	899496563.181641
34.6383916666667	795397961.0625
34.67171	788676570.138672
34.7055333333333	761067062.921875
34.73864	822299147.513672
34.771855	1154310143.06445
34.8034633333333	1106944189.97461
34.8335016666667	1754670240.65625
34.8645383333333	685229977.699219
34.8958516666667	745964209.404297
34.9277033333333	1667014404.01563
34.9586216666667	835528378.277344
34.9910666666667	725109021.501953
35.0220066666667	866733954.867188
35.053295	789472181.873047
35.08782	640997935.433594
35.1188916666667	1148437372.38672
35.1535666666667	836776368.183594
35.18519	807091778.142578
35.217475	869007125.599609
35.2502583333333	861242389.068359
35.282905	988795412.496094
35.314595	1031043196.89844
35.3471166666667	1509335918.64844
35.3805666666667	1118690268.00781
35.4132683333333	899978450.998047
35.4465366666667	944653293.533203
35.4790816666667	985218179.603516
35.51377	1260399327.67969
35.546645	857112270.273438
35.5777666666667	1208253834.54297
35.6092033333333	961951295.921875
35.6406616666667	1228421700.74609
35.67265	909023749.246094
35.7059566666667	1326984132.46875
35.738875	1778611500.49219
35.769905	894958622.945313
35.8027133333333	1203230838.40234
35.8353683333333	1722556152.52734
35.86646	1037921153.59961
35.8976783333333	1373804579.95313
35.9277733333333	1153875643.31055
35.958155	1757449604.04688
35.98891	1353463134.47266
36.0205183333333	1171770554.07031
36.05216	1525108137.86328
36.083845	1028677821.63672
36.116215	1465353965.66016
36.1490833333333	978121791.773438
36.1826983333333	928376247.636719
36.2142183333333	946234421.917969
36.2465516666667	1020260317.83398
36.27692	855865098.585938
36.3093316666667	867982652.332031
36.3413216666667	880138169.910156
36.3732816666667	1396613026.98438
36.4050766666667	1081493275.41016
36.440105	1211594309.61328
36.4740883333333	976482636.46875
36.509005	681790538.873047
36.5411283333333	901426527.761719
36.571155	821675466.490234
36.6066166666667	1407391463.07031
36.6392816666667	1023492484.97656
36.6716583333333	1233768011.99805
36.7039083333333	1118905188.92578
36.7342466666667	1960296745.77734
36.76556	1009092022.57031
36.7978983333333	841090235.734375
36.8302033333333	1090284167.63672
36.8618966666667	1000244021.69531
36.89498	836206168.478516
36.92319	1345701318.23633
36.9537283333333	682149650.226563
36.9856983333333	1028470725.15234
37.0172933333333	1233493919.3125
37.0474633333333	1207112274.12891
37.0804116666667	1184341859.95703
37.1109083333333	1629737429.96094
37.139075	1680307598.09375
37.1708383333333	1082333703.79883
37.200635	1256342088.84375
37.232255	1114071807.79297
37.2657266666667	1190238410.09375
37.2969516666667	1591435994.39453
37.3260633333333	979540136.201172
37.357305	1983290407.15234
37.3876666666667	1766922240.12109
37.4181066666667	998725655.71875
37.4506566666667	915076047.234375
37.4853916666667	1244517280.28516
37.5194216666667	1021204090.03516
37.5516083333333	1156702653.47656
37.5876533333333	836272403.896484
37.6202883333333	1445226964.46094
37.6528266666667	1930675752.25391
37.6862433333333	1312986116.80078
37.7209416666667	1430900429.4375
37.7524733333333	1285829139.60547
37.785275	1673790626.56641
37.8176466666667	885282885.068359
37.851205	938734493.814453
37.88517	1290918650.8125
37.9166916666667	837094627.46875
37.94892	1173515154.14063
37.9795283333333	1324664699.19922
38.0099783333333	1460254330.65234
38.04081	1612845612.57031
38.0725466666667	855093780.945313
38.104975	845058516.177734
38.1359783333333	1595920822.02344
38.1664366666667	1010869400.92188
38.1981833333333	1078098065.53906
38.2295816666667	884563395.761719
38.2610383333333	864277515.449219
38.2934616666667	2025039206.58594
38.3249433333333	1075072346.23047
38.3561283333333	917071595.453125
38.3881566666667	1788023156.80078
38.41807	1520689607.66406
38.4476033333333	1156465023.94922
38.47743	1299744591.69531
38.5085933333333	868888648.875
38.5408283333333	1848825596.92578
38.572115	1041055214.65625
38.6032483333333	1720917739.82813
38.6330183333333	1157956324.57422
38.66538	1096983846.23438
38.6975816666667	1076747942
38.7296166666667	2059675838.60938
38.75953	917935909.679688
38.7896566666667	965574806.3125
38.8245716666667	1023055528.24609
38.85807	1399071294.26563
38.8883483333333	1124378706.57031
38.9208833333333	1200382132.47266
38.954715	1043332895.86719
38.9883916666667	808728305.771484
39.0213533333333	1005927663.46094
39.0528633333333	1204121464.07031
39.0833583333333	987001245.34375
39.11386	1107070894.94531
39.14544	1029749006.82813
39.1774783333333	1250888733.36719
39.2079933333333	1190658341.86719
39.2382533333333	1527961847.78906
39.2701833333333	1212595524.25977
39.3016433333333	888070063.074219
39.3343116666667	888792170.867188
39.36602	903772361.544922
39.3976216666667	1223787603.70703
39.4295866666667	1210257489.79688
39.4603133333333	1095720572.82813
39.4901516666667	948254004.566406
39.5195666666667	1135449774.29688
39.5504583333333	1173462473.15625
39.579555	1149571147.87891
39.6123483333333	1216120720.80859
39.642695	1522657936.26172
39.673775	1566297259.1875
39.7057933333333	905318837.898438
39.7398966666667	1069875660.69531
39.7734883333333	1235230841.62891
39.8068883333333	1025515801.86719
39.83927	1030433452.88672
39.87239	1187711538.88281
39.9038383333333	1011884037.30469
39.936095	1284457593.32031
39.97007	945289759.765625
40.0038983333333	921534019.855469
40.035995	760079018.134766
40.06961	870075315.498047
40.10086	962729634.421875
40.1332816666667	2156939938.67969
40.162205	1802759590.87109
40.19181	1186975010.44531
40.22306	1064669982.11328
40.2543833333333	1011760268.13672
40.285835	992940425.675781
40.31797	952217673.191406
40.3499566666667	1034434002.71094
40.3810583333333	947251251.910156
40.413045	913193944.660156
40.445505	1122414548.58203
40.4785133333333	1047412416.48438
40.5102383333333	1019685338.8125
40.5428433333333	1077853889.07422
40.57327	1066557498.08203
40.604695	891471376.066406
40.6387833333333	904114626.308594
40.6711833333333	930376336.292969
40.7050583333333	1208240693.57813
40.7372766666667	1997864338.00781
40.7684616666667	1528405787.63281
40.8006333333333	1096589814.98828
40.8321716666667	1425984680.25781
40.8654233333333	1609330391.8125
40.897065	1102636628.27734
40.9286483333333	1433306440.50391
40.9585583333333	1492207223.04688
40.9900833333333	1209006521.69141
41.0212683333333	1583797924.47266
41.0531416666667	1085971381.78516
41.0847716666667	1128333198.09375
41.1167583333333	1495482393.19531
41.1487366666667	1259880744.88281
41.181045	1099350277.27344
41.213055	1120925753.76172
41.2446566666667	1061780191.54492
41.27615	982931375.484375
41.308455	1119620826.10547
41.341355	1296242675.23047
41.3722316666667	1190562251.36328
41.4030166666667	907651045.914063
41.4350083333333	1141882057.5
41.4665883333333	1145862580.57813
41.50032	1022916786.17969
41.5325083333333	928324077.371094
41.56505	987269486.875
41.5970266666667	1318101779.63672
41.6281983333333	1089956048.56641
41.6605983333333	1103528211.04297
41.69022	1006796421.98242
41.7232533333333	1382420710.75781
41.7540483333333	911831722.125
41.7853433333333	1767761868.71094
41.8202216666667	910176213.583984
41.851975	1065186083.34375
41.88564	1206947370.19141
41.9180583333333	1284679638.33984
41.9516983333333	1395583876.82813
41.9830733333333	1084764167.07422
42.013545	996159191.375
42.0484933333333	1126423156.48047
42.0819566666667	1111534090.36719
42.1130216666667	1144386456.68359
42.1441	1564197404.49219
42.1759533333333	1212114440.60547
42.20731	1275613958.33203
42.2385566666667	996118057.994141
42.2706566666667	1213828608.60547
42.300895	1084686864.24609
42.3333466666667	1654236270.20703
42.3647033333333	1217597881.55469
42.3973	1218894586.38281
42.4270683333333	1053337892.94141
42.457905	1218597651.65625
42.491285	1369228218.35156
42.5213483333333	1325735686.41016
42.5527333333333	1597540884.48438
42.5829383333333	1351417637.9375
42.61571	1474341776.03125
42.64782	1435583213.66406
42.6787266666667	1350273704.71094
42.71037	1432265275.54688
42.742315	1709581560.96484
42.7730866666667	2544444207.90625
42.8052066666667	1779229714.84375
42.8373483333333	1596225016.25781
42.868835	1733006987.55859
42.9012933333333	1494576463.19141
42.9317333333333	2372507348.99219
42.9626933333333	1888196693.32813
42.99234	2725709056.51563
43.0230416666667	2523012725.90625
43.054	970811662.6875
43.08707	1165608235.05859
43.1214583333333	931253839.207031
43.15312	1288935736.78906
43.18462	1183068444.19141
43.218635	1303003250.77734
43.25043	1057134312.10938
43.2826283333333	883967207.605469
43.3135783333333	1346649225.28906
43.3458066666667	1256305587.69141
43.377025	1111638622.25781
43.4068816666667	798376000.828125
43.4381183333333	793588776.810547
43.46979	966736716.044922
43.4997166666667	918862129.582031
43.5315	1020875977.95313
43.56419	999870094.953125
43.59656	1078787515.73828
43.6299266666667	861129068.066406
43.6614133333333	1011187205
43.692755	998593790.269531
43.7228883333333	1016210149.49609
43.754805	1257051433.33984
43.7869583333333	909952671.507813
43.8181933333333	1040883592.25391
43.849355	967121199.328125
43.88248	1026664417.21875
43.9146016666667	1028385148.70703
43.9457333333333	1150612050.68359
43.9785383333333	941862390.484375
44.0107466666667	913026995.962891
44.0420983333333	1140897108.40625
44.0746466666667	925344980.84375
44.1065233333333	1612469007.33984
44.136305	893249702.628906
44.16652	1061744080.89063
44.1986216666667	1513721606.30859
44.2294566666667	913947596.683594
44.26131	1330213020.51563
44.2936433333333	924044697.867188
44.32493	1011849433.66797
44.3565283333333	1278770917.57813
44.3881066666667	1036623386.75781
44.41868	1315315412.03906
44.450435	1019166188.34766
44.4827166666667	1178346005.52734
44.5140033333333	1430851917.8125
44.5458633333333	1309347807.16797
44.5781466666667	1450399884.38672
44.6088	1754553109.67188
44.6407366666667	1265274705.82031
44.673115	1381207690.85547
44.7050133333333	1284022797.66406
44.736275	1065035612.57422
44.7662633333333	1836987348.58594
44.7976283333333	1177051876.67969
44.8294916666667	1173641336.82031
44.8625666666667	1302574241.08203
44.8948683333333	1408008590.87109
44.9256116666667	1235845140.84375
44.9575916666667	1418838734.27344
44.9895333333333	1470135995.96875
45.01978	1433107159.23438
45.0516166666667	1091080400.31641
45.0831183333333	1346240417.51563
45.1132133333333	1887858069.77344
45.1437916666667	1125710436.05078
45.1768883333333	1587098081.60156
45.2085933333333	1170663910.46875
45.2414466666667	1037999124.36328
45.2740183333333	867196489.449219
45.305975	992658083.054688
45.3356566666667	1079127011.55469
45.3655	1191948515.95703
45.39637	1133809271.85156
45.428375	1060572039.61328
45.4618016666667	1090960101.27344
45.49477	1110589344.14063
45.5268333333333	968064417.09375
45.5602983333333	1109589421.23047
45.5915316666667	1182848432.53516
45.62175	954858765.507813
45.6535083333333	1219804832.5
45.6841916666667	986289273.355469
45.71596	1249281716.39453
45.748765	1193228634.54297
45.7806683333333	1248192483.32031
45.8130866666667	1167459820.96094
45.8444466666667	1119043234.99609
45.8762866666667	1327070164.11719
45.9075116666667	1506958733.40625
45.93945	2040071406.82813
45.9692516666667	1265093777.14453
46.0004833333333	1356922181.125
46.03034	1599919377.00781
46.0605866666667	1238498094.94531
46.0918283333333	1435791299.78516
46.1238983333333	1212689768.48828
46.15773	1286539143.58203
46.190745	1150016193.78516
46.2225066666667	1383552374.10938
46.2546966666667	1363732214.69922
46.2866333333333	1103986977.31641
46.31954	1739055561.875
46.3517716666667	1944829845.56641
46.38331	2553182526.90625
46.41392	1583625611.00781
46.4447683333333	1415383355.07422
46.4752583333333	1491707779.85547
46.507325	1357900533.73828
46.5393183333333	1278102496.91406
46.5717466666667	1221862455.73828
46.6052083333333	1260036771.16406
46.636205	1284753386.94141
46.6685733333333	1418813005.22266
46.69864	1228867669.53125
46.729805	1227156341.41406
46.7615616666667	1421552861.30078
46.7920433333333	1365656389.94141
46.8240633333333	1241866183.74609
46.8560633333333	1624364737.98047
46.8851866666667	1746375265.91797
46.9161	1640211940.14063
46.9454633333333	1505200979.86328
46.9774383333333	1353228887.17578
47.009135	2134200735.21875
47.0380066666667	2050853718.625
47.0700266666667	2751537933.47656
47.1009883333333	1706200230.78516
47.13212	2830604403.64844
47.1619533333333	1630770289.55078
47.19646	1554163100.625
47.2296766666667	1660401954.51172
47.261375	1858312550.89453
47.2912433333333	1912235369.22266
47.3227483333333	1439607849.24609
47.3535133333333	1379002258.48828
47.3833416666667	1573846562.08594
47.415	1242388457.76953
47.447405	1041103354.35938
47.4789416666667	907372487.759766
47.5115833333333	2233878993.21875
47.541875	1691465993.17969
47.5726016666667	1082690743.33984
47.6040366666667	1373032472.69141
47.6365833333333	1560825439.41016
47.6683483333333	1281055702.19922
47.69993	1714640064.57031
47.7329116666667	2122799728.82813
47.76496	1705701801.68359
47.7966066666667	1469789248.44531
47.8301366666667	1572215842.73438
47.8607466666667	2264467944.60547
47.8903716666667	2490363248.82031
47.91943	1568961321.43359
47.950465	1237836430.21875
47.9831533333333	1220277917.77344
48.0153033333333	2844131281.66406
48.0448166666667	1657163782.21875
48.0761616666667	1603180199.02734
48.10809	1438092810
48.1395583333333	1225549485.67578
48.17265	1252505934.53906
48.2033683333333	1526923440.69531
48.235445	1263968533.54688
48.26694	2317292818.67969
48.2970283333333	1395574797.06641
48.3286466666667	1895579333.96484
48.3580016666667	1466339621.88672
48.3895533333333	1482205335.29297
48.4222666666667	1262669924.02344
48.455895	1893583476.05078
48.4850216666667	1598089035.83594
48.5180616666667	1901047196.54688
48.5517516666667	1422721319.20313
48.5844533333333	1609933475.53516
48.617035	1313500380.61719
48.6492216666667	1168069241.55859
48.6824216666667	1549427260.83203
48.713805	1949629690.10547
48.744445	1618590813.17578
48.775705	1561074981.09766
48.80637	1357081926.42188
48.8370283333333	1224127920.58203
48.8685966666667	1108551827.25
48.90075	1212293539.51172
48.9321366666667	1366267253.16016
48.9613916666667	1477114151.74219
48.9917616666667	1577145842.07813
49.0231816666667	1385955974.70703
49.0539833333333	1800355688.93359
49.0847016666667	1225843506.42188
49.11673	1134149526.86328
49.1459616666667	1219257905.36719
49.1770516666667	1154653118.11328
49.2104766666667	1460349384.95313
49.2423566666667	1627128310.71484
49.2734083333333	1208192935.1875
49.3056916666667	1181858908.08594
49.3351583333333	1465790879.34766
49.3663216666667	1234774072.42969
49.3980733333333	1454372935.82813
49.4303816666667	2302706061.55469
49.4615666666667	1391527149.82031
49.494175	1476421745.79688
49.5260916666667	1154770333.72266
49.5614066666667	1987791636.77734
49.5933183333333	1623943032.91406
49.62579	2014737334.09766
49.6556666666667	2079393559.83984
49.6863433333333	1599410676.0625
49.7175216666667	1328550935.84766
49.7505983333333	1365765307.52734
49.7821833333333	1773458280.18359
49.812635	1583948967.625
49.8455633333333	1455080988.60547
49.8773933333333	1276058957.07031
49.9117966666667	1565509970.96875
49.9422333333333	1475134794.33594
49.9756416666667	1298252375.87109
50.0079666666667	1383509477.85547
50.0405233333333	1527668116.60547
50.0722616666667	1544071829.00781
50.1036916666667	1563409509.29297
50.1361166666667	1463819239.39844
50.1662116666667	1300335652.35156
50.196325	1451251296.58203
50.227525	1206399469.23047
50.2592416666667	1412229057.67578
50.2927633333333	1858997677.01563
50.3232	1377974045.22656
50.3535183333333	1395776783.40234
50.384485	1346915913.76172
50.416635	1303153586.74609
50.4492716666667	1136367980.19141
50.4819366666667	1391670373.60547
50.5152366666667	1020335564.86719
50.5488416666667	1130848509.84375
50.581185	1206735063.5625
50.614185	1415190949.16016
50.64619	1497052402.55469
50.6780383333333	1420851846.05469
50.70938	1373766855.72266
50.74158	2228833103.22656
50.7729766666667	2306541949.53125
50.8040066666667	1881656062.35938
50.834735	1719572229.46484
50.8664783333333	1166040021.11719
50.8994266666667	1256912476.01172
50.9325516666667	1708714918.73438
50.9633833333333	1410982065.38281
50.9943733333333	1843360153.0625
51.0265566666667	1412273388.35156
51.057345	1287103234.93359
51.0887266666667	1361154470.71875
51.120955	1731445119.45313
51.152965	2720898197.625
51.182985	1207961902.46484
51.2126116666667	1297660539.59766
51.2431666666667	2339137173.27734
51.2732566666667	2329832422.9375
51.3043583333333	1298497820.35547
51.3363066666667	2149707271.5
51.366575	1588791301.55859
51.397355	1206264248.59375
51.4279516666667	2994390737.75781
51.4575066666667	1808858356.67188
51.4894316666667	1821066352.17969
51.5212383333333	1611685070.90234
51.55266	1481790314.17188
51.58474	1584032919.78906
51.6146116666667	1750196905.23047
51.6469666666667	1852260523.35156
51.6788833333333	1191924395.67969
51.711605	1534918540.66016
51.7441016666667	1832202437.95313
51.7754783333333	1737764750.42188
51.8089133333333	1603931040.6875
51.840865	2068738137.34375
51.87217	2292192358.15625
51.9035533333333	1746129732.03516
51.935385	1198750197.03906
51.9685683333333	1297490090.87891
52.00229	1717734577.63281
52.0342583333333	1774285783.52734
52.0647016666667	1333236656.39453
52.0974833333333	2056945673.73828
52.1280816666667	1618242968.88281
52.161395	1560752651.14453
52.1929816666667	2009864677.64453
52.22381	1646877904.81641
52.2544233333333	1874949776.21484
52.2849683333333	1456098868.39844
52.3168416666667	2538792698.01563
52.3485733333333	1276402065
52.3802983333333	1460346436.26172
52.4128983333333	2251100987.35156
52.4449016666667	1590730947.48047
52.4776416666667	1796921676.60156
52.5083466666667	1297912327.44922
52.5402366666667	1434233047.27344
52.5721066666667	1566448286.64063
52.6032016666667	1255020522.31641
52.6361283333333	1694521558.45313
52.6689366666667	1835404095.80859
52.6988233333333	1398375412.87109
52.7301016666667	1484100906.55859
52.7613633333333	1712430162.17188
52.7908283333333	2616733722.89063
52.82028	1725659808.29688
52.8518016666667	2130652585.34375
52.88305	1930026191.95313
52.9140666666667	1621350176.38672
52.9438233333333	1501173403.375
52.9748566666667	1549573014.98438
53.0074033333333	1715380083.42969
53.0396883333333	1375186062.09766
53.0709166666667	1347282398.69531
53.1031583333333	1521524243.44141
53.1349666666667	1230347126
53.1667833333333	2066265331.65234
53.1949583333333	1645408500.875
53.2258016666667	1673503997.44141
53.2569816666667	1316580900.16797
53.2878433333333	1541483040.4375
53.3211833333333	1406835668.35938
53.3543733333333	1331767016.28516
53.3868883333333	1456976986.79688
53.41821	1160040232.74219
53.4507016666667	1568909153.28906
53.4828133333333	1369672406.07422
53.5153933333333	1370280144.80469
53.54644	1908513373.84766
53.5787333333333	1471204841.10547
53.6117733333333	1858773894.91406
53.6424916666667	1159869713.94922
53.675905	1384305648.42188
53.709485	1237890887.92969
53.74274	2037264811.3125
53.7732966666667	1945435195.03125
53.802755	2115505326.59375
53.8332783333333	1090923935.53516
53.86488	1388444971
53.89607	1595853391.55859
53.9268966666667	1393791700.63281
53.9574466666667	1315218384.69531
53.9886366666667	1726158697.76172
54.019885	1012315907.42188
54.0519233333333	1475714697.46484
54.0840733333333	1809140895.89453
54.11397	1644058858.31641
54.1445683333333	1754841525.4375
54.1754166666667	1562884923.875
54.205995	1745990925.86328
54.235105	1953584365.85156
54.2661666666667	2262567124.61719
54.296125	1990271483.31641
54.3278483333333	2191002860.71875
54.359835	2335209527.71875
54.389805	2746913808.64063
54.41984	1631244100.17188
54.451945	1634096784.24219
54.4831516666667	1646210058.16406
54.5134516666667	2251842279.25391
54.5433483333333	1753570246.73047
54.574305	1560984222.49609
54.60694	1416532493.85547
54.639095	1681864876.1875
54.6705716666667	1984837057.82422
54.7020683333333	1820869361.14063
54.7328966666667	1719017759.47656
54.7651716666667	2186735496.30859
54.7959166666667	1562965657.13281
54.8277266666667	2306227790.63281
54.8579916666667	2263588414.53906
54.888485	1596827408.07813
54.9196133333333	1546626556.6875
54.9511533333333	1694057249.30078
54.98288	1295879180.70313
55.014045	2382167777.40625
55.046155	2332235661.36719
55.0778716666667	2175466206.80469
55.1094366666667	1333096241.64453
55.1404033333333	1329503163.16406
55.1712583333333	1678576169.05859
55.2018616666667	1707308505.3125
55.23183	1947779257.85156
55.26252	1320141827.92969
55.2938633333333	1650084284.29297
55.324855	1713640672.8125
55.3560133333333	1259266759.89844
55.3884616666667	1484380286.25391
55.4184366666667	1988420484.19531
55.4494533333333	1866611154.75
55.4789466666667	1593018186.75781
55.5106466666667	1610393491.34375
55.5424583333333	1702336571.17578
55.5727666666667	2060540490.14844
55.60373	1129291467.57031
55.6343983333333	2306255781.04688
55.66438	1255178887.83203
55.696035	1329496092.08203
55.7277283333333	1384221978.85156
55.7596416666667	1487029453.63281
55.790975	1582256998.53516
55.8239583333333	2286444467.07031
55.854775	1573853887.96484
55.8873816666667	1423673246.29297
55.9191	1294199512.94531
55.94978	2019763028.15234
55.9810183333333	2047969760.00781
56.0123083333333	1504786677.09375
56.044465	1176719241.59766
56.0766216666667	1191441439.40234
56.10939	1599038411.75391
56.1407366666667	1303128103.73438
56.1730133333333	1289474663.82422
56.2045683333333	1384761627.48828
56.23655	2003256994.50781
56.2694116666667	1462978278.42969
56.3010366666667	1140462603.38672
56.3320516666667	1226269125.46875
56.364015	2071439993
56.3939366666667	1147731697.32031
56.4255416666667	1336293739.22266
56.4570566666667	1177497879.60938
56.48745	1445125211.625
56.5176266666667	1459029953.46875
56.5480566666667	2308198214.71875
56.5784083333333	1507262674.14844
56.6107966666667	1598262560.94141
56.6420433333333	1887069345.99219
56.6736033333333	1202598371.27344
56.7057566666667	1800203083.90234
56.736965	1546406497.15625
56.768215	1372745142.24609
56.7991233333333	1557721747.875
56.8304233333333	1554040452.14844
56.8622083333333	1170596486.21484
56.8939283333333	1460651494.00391
56.9250983333333	1333167858.89063
56.9558066666667	1499569238.06641
56.986485	1602527478.82422
57.0173	1169048144.44922
57.05058	1666389719.35938
57.081455	1675880455.55469
57.1123266666667	1188815726.95313
57.1434866666667	1571522435.51563
57.1738083333333	1897000480.53125
57.20561	2341569570.60156
57.2358333333333	2461091920.89063
57.26691	1837922745.55859
57.2978666666667	2059665736.14844
57.3289666666667	2351644918.78125
57.35919	2215408143.86719
57.3900616666667	1797341077.16016
57.4209666666667	2122962776.07813
57.4527266666667	2495096732.71094
57.4829666666667	2241047970.21094
57.5135	1706367356.33203
57.54413	2255443305.71094
57.5756366666667	2483096717.29688
57.6056783333333	1438990408.26563
57.6370233333333	2262579514.50781
57.667	1669011691.76172
57.698055	1972662470.89063
57.7291516666667	2091424305.24219
57.7598383333333	1265103380.25781
57.7909466666667	1231916408.42969
57.8226433333333	1423989101.46094
57.8536533333333	1538577877.46094
57.88604	1553048964.14063
57.9169683333333	1439033838.69922
57.9488766666667	2328982322.94531
57.97996	1989105374.9375
58.0104333333333	1520459273.82031
58.040975	2012552381.15625
58.0720966666667	1369663768.66016
58.103505	2185116015.3125
58.13407	1759169932.47656
58.1656566666667	1553852720.30078
58.1948183333333	1705788745.99219
58.22568	1719072485.08594
58.256805	1726850310.64844
58.2852133333333	1758898373.88672
58.3148583333333	2206845389.71094
58.3448166666667	1699987725.67969
58.3752566666667	1471802450.96875
58.4071	1618229738.39063
58.43804	1878851774.57813
58.469055	1463642591.86719
58.5001566666667	1853732836.30859
58.530985	1489587849.12109
58.56303	1548317731.85547
58.594315	1473464411.57422
58.62547	1452064570.16797
58.65671	2158290961.07813
58.6870166666667	2427008033.52344
58.7184283333333	2420297824.3125
58.7483983333333	1786769613.16797
58.7798666666667	2762970210.75781
58.8106033333333	2055060967.35547
58.8418216666667	1860401634.61719
58.8724466666667	1777725455.98047
58.9035366666667	1613366634.92578
58.9343016666667	2381292878.16406
58.9648283333333	2223475845.01172
58.9949433333333	1497215057.99609
59.026205	1299148496.31641
59.0578616666667	1470547544.76563
59.089925	1187260648.31641
59.1217683333333	1186033204.69531
59.15431	1115711842.76953
59.1861616666667	1350141973.1875
59.2183483333333	1365230544.73047
59.2503316666667	1114201619.32422
59.282635	1196239577.68359
59.313585	982976139.0625
59.3452133333333	1782129234.48828
59.3741333333333	2070546829.47656
59.4053533333333	1186722543.07813
59.4378466666667	1744851680.59375
59.4679916666667	1506952015.95313
59.4996066666667	1668068643.71875
59.530105	1490428389.35156
59.5600716666667	1455604201.51953
59.5910566666667	1956216787.26563
59.621555	1720345670.39063
59.6532633333333	2251212472.19531
59.6835	2138207021.05469
59.7151833333333	2284791730.48438
59.74656	2246890330.10156
59.777715	2082099582.17188
59.8091733333333	2113450217.45313
59.840495	2371422709.11719
59.8715633333333	1066984494.25
59.9031283333333	1362143871.72656
59.934635	1156436864.67578
59.9668816666667	1326701443.75
59.9989516666667	1330214694.91797
60.0312833333333	2062313774.83594
60.0618666666667	2272534166.97656
60.0935483333333	1212657351.45703
60.1231766666667	2226022581.10156
60.1535933333333	1798081194.64844
60.185085	2150354178.80078
60.2170866666667	2326157544.84375
60.2473366666667	1722067954.46875
60.2805916666667	1974116415.43359
60.3113383333333	2715475692.35938
60.3415183333333	1855707685.55469
60.372305	2846717945.71094
60.4032866666667	2906363095.26563
60.433475	2265543189.33984
60.4640766666667	2582514353.82813
60.4947	2575149059.66406
60.5256666666667	2219618652.85156
60.556655	1760764596.5625
60.5879466666667	2175311647.03906
60.6190383333333	2191378838.25781
60.6510966666667	1193098952.5
60.6834783333333	1536540551.32422
60.7146216666667	1226141947.83984
60.7459066666667	1261698550.01563
60.7771	1232781134.69922
60.80942	1397863669.16797
60.840965	1528242435.65234
60.8716266666667	1807104092.84766
60.9013716666667	1012597621.05469
60.9328283333333	998678877.916016
60.9644116666667	1351738580.02344
60.9954133333333	1259126379.68359
61.0260616666667	1421191963.23047
61.0571533333333	1126529699.13281
61.0890266666667	1204663154.62891
61.121575	1225762441.17188
61.153185	1021343755.10547
61.18606	1312166005.87109
61.2177633333333	1335696127.59375
61.2496466666667	1765328083.21484
61.2814133333333	1960709850.46875
61.3124016666667	1529984239.14844
61.3428216666667	1114207231.31641
61.3746833333333	1494523740.44141
61.404665	1618768526.17578
61.4361433333333	1949998303.76953
61.46707	2251344715.02344
61.4983983333333	1552083740.11719
61.5302266666667	2382980816.46094
61.5608316666667	1588681841.56641
61.5917833333333	1714224321.03125
61.6236783333333	1945929026.10938
61.6543933333333	1608292209.82813
61.6867366666667	1658621638.69922
61.7189516666667	1892076835.73438
61.7502216666667	1973771994.07813
61.7813716666667	1181841349.01953
61.8129583333333	2519849283.41406
61.8436283333333	1821059722.29297
61.8744816666667	1818270896.47656
61.9069183333333	1256323246.36719
61.9411516666667	1467719226.04688
61.9724216666667	1368078563.01953
62.0044616666667	2208101571.73438
62.0353916666667	1563751671.26953
62.0667033333333	1296988713.16016
62.0974383333333	1478114689.05859
62.12862	1118263927.01172
62.1609766666667	1387081405.76172
62.1926516666667	1156407450.8125
62.2243883333333	969048373.734375
62.2571066666667	1356806910.08203
62.28941	1465605166.64063
62.3192033333333	1319166241.52734
62.35112	1614955685.60938
62.382825	1307892656.26563
62.4142066666667	2232360436.23438
62.4457233333333	1502733500.28125
62.476555	2435592993.27344
62.5075883333333	1607669062.51953
62.5380983333333	1406259451.42969
62.5703466666667	1495900991.51563
62.601775	1732169827.78516
62.633175	1767794550.71875
62.6644983333333	2157441569.6875
62.69555	2316814840.39844
62.7253066666667	2364815481.95313
62.75652	2611374006.19531
62.786805	1724736606.04297
62.8185783333333	1619454666.82813
62.8500266666667	1936821492.49219
62.878075	1934991492.27344
62.9091	2107192170.94531
62.9391883333333	1797206159.32813
62.9698983333333	2315641590.33594
63.0002116666667	1702534937.64844
63.0305783333333	1196951228.875
63.0614483333333	1761151249.10547
63.0922133333333	1838275443.0625
63.12341	1620130776.51953
63.1555866666667	1476501969.97656
63.18732	1452633069.04688
63.219315	1709458006.82813
63.251945	1897854462.51563
63.282335	1759949226.51563
63.3126466666667	1264065556.1875
63.344295	1171871413.67188
63.375445	1255074283.01563
63.4078466666667	1340005734.12891
63.4394833333333	1079265508.96484
63.471645	1287872353.45703
63.50327	1496628205.94141
63.535065	1635357554.34766
63.5663733333333	1359213015.19531
63.5982083333333	2052412573.76563
63.6305983333333	992967175.953125
63.6619683333333	1148261871.60547
63.6942916666667	1309147080.52734
63.724475	1151605659.17188
63.75488	1239677751.21484
63.7869866666667	1164873070.17578
63.8180133333333	1104957664.3125
63.8487483333333	1419960665.01172
63.87975	1489415432.78125
63.9111366666667	1437474060.57813
63.94265	1417439761.27344
63.9746783333333	1692102988.02734
64.0065966666667	1395757880.96484
64.037515	1386117835.92188
64.068455	1565425357.0625
64.0993516666667	2383077539.6875
64.1296783333333	1459728802.33594
64.1606366666667	1695389524.49609
64.19191	1362765549.23047
64.2234683333333	1534479083.71094
64.2550233333333	1146289314.30469
64.2860416666667	2074942459.47656
64.3168183333333	1238717516.10547
64.348695	1706954345.17969
64.3804816666667	1388585528.14453
64.4118266666667	1495996060.16406
64.4438383333333	1424549530.87109
64.4749416666667	1278920347.64453
64.5061183333333	1259633334.18359
64.537545	1547272655.44922
64.56858	1135232951.33984
64.6009016666667	1343377872.71484
64.6328333333333	1328044747.54297
64.6643466666667	1038527108.69531
64.69624	1700910855.35938
64.7274033333333	1239442362.12109
64.75977	1730097984.96094
64.7915516666667	1299283384.68359
64.8239966666667	1625645630.95313
64.8568316666667	2583657630.42188
64.8868333333333	2147345077.875
64.9183816666667	1530611299.77344
64.949775	1463271611.63672
64.9814216666667	1905630957.74219
65.0125066666667	1611253984.76563
65.042965	2758860080.85156
65.0737733333333	1709722773.75
65.105535	2297871447.34375
65.136935	1435083751.95703
65.168185	1747457219.32813
65.198025	1364093251.41797
65.2299666666667	1575531609.86328
65.2604033333333	1670908758.61719
65.2901133333333	1921878770.02344
65.32071	1244578785.26172
65.3525816666667	1651174982.95703
65.3834433333333	1251577549.72656
65.414125	1204394678.8125
65.445165	1627317703.23438
65.4761033333333	1432759951.57422
65.5077483333333	1008302269.24609
65.5402083333333	1333060944.65625
65.57149	1302191706.64063
65.6037433333333	1113291902.66797
65.635215	1282163310.29297
65.6664416666667	1212836782.67578
65.69816	2087879461.01563
65.72811	1193569568.04297
65.7610283333333	1084812048.39844
65.7947183333333	1370701129.375
65.8279483333333	2014611775.53125
65.8598116666667	2098698834.51172
65.890475	1381031295.71875
65.9211516666667	1379202142.85938
65.9533966666667	1442297556.78125
65.9851733333333	1263878514.60156
66.0160966666667	1143831597.27734
66.0464316666667	1877554707.1875
66.0758566666667	1002784307.52344
66.1068166666667	1122842286.94922
66.13853	1417520178.12109
66.170315	1137240167.125
66.2012466666667	1206654314.82813
66.2318566666667	1088480859.64063
66.2631983333333	1179247546.09766
66.2945383333333	1137200415.98047
66.3261066666667	1002634570.09766
66.3573883333333	1734985966.77344
66.3870283333333	1381824821.74219
66.41817	1649168336.50781
66.4498683333333	1253089268.60547
66.481145	1910501204.90234
66.5112383333333	1447875784.0625
66.5428566666667	1912241321.60156
66.573885	1266437707.88672
66.60621	1337677696.14453
66.6384066666667	1377822810.71094
66.6690233333333	1406175571.23047
66.7012716666667	1303016390.27734
66.7321133333333	1270715766.46484
66.764635	2070459785.04688
66.79552	1762220224.09375
66.8269166666667	1561927829.12109
66.85915	1277495652.82813
66.89103	1459081443.53906
66.922055	1224748053.14844
66.9543116666667	1868398251.94531
66.9848216666667	1365836719.94922
67.01601	1179600296.16016
67.0473883333333	2171991100.26563
67.0782383333333	1248443393.81641
67.1090183333333	1340157281.44141
67.140005	1197541722.75781
67.1722983333333	1446763335.17188
67.20433	1839650137.19922
67.2353133333333	1441599739.55859
67.26669	1683727060.625
67.2977916666667	1445322718.52734
67.329245	1425441392.79688
67.3609016666667	1252309864.16406
67.3931716666667	1317348720.58594
67.425405	1246845825.01953
67.4572616666667	1217189766.41797
67.4890566666667	1862296661.17969
67.5207733333333	1069799363.96484
67.5524083333333	1131988343.60547
67.583655	1163196978.19531
67.6153266666667	936089300.539063
67.6468266666667	1751760956.90625
67.6773066666667	2227123628.0625
67.70686	1967774377.26172
67.73773	1821182629.88281
67.769395	1093100311.76172
67.80121	2076766148.16797
67.8320516666667	2190846374.83984
67.86383	1690428852.36328
67.8950566666667	1892803416.40625
67.92719	1746411070.02344
67.95862	2158983208.98047
67.9905233333333	1475670602.35156
68.0217316666667	1243443469.13281
68.052895	1463181272.80469
68.08496	1320651705.3125
68.117155	1913389657.97656
68.147165	1267228453.875
68.178405	1266453739.41797
68.2100466666667	1251838407.23047
68.2408633333333	1282417772.08594
68.2722833333333	1159236702.45703
68.30419	1805854136.95703
68.334945	1445608928.56641
68.36617	1180906757.19922
68.397355	1018141897.54102
68.429735	1233866555.43359
68.4623166666667	1128031412.875
68.4947633333333	1242519767.96875
68.526565	1029202924.55469
68.55859	1212351778.35547
68.5903483333333	1174304895.64063
68.6209766666667	1638503651.14063
68.6517816666667	1067568503.78125
68.6834666666667	1884165868.00781
68.7137933333333	1954079808.70703
68.744335	1463423069.91016
68.7756633333333	1041360931.39648
68.8080883333333	1534555906.21094
68.8397716666667	1785837356.31641
68.8706583333333	1224912124.92188
68.9029116666667	2022262733.92969
68.933125	1851405309.27344
68.9638166666667	1386805996.65625
68.99541	1275183844.625
69.0264666666667	1129729126.91797
69.05745	1433678719.53125
69.08844	1553742580.79297
69.1195816666667	1511477880.01563
69.1515616666667	1675881554.8125
69.18282	2220888893.38281
69.2135116666667	1387655705.28516
69.2462416666667	1496305615.91406
69.2775866666667	1283638533.13672
69.3103033333333	1100473881.33203
69.342255	1923007893.73047
69.3728566666667	2080368682.05078
69.4042566666667	1351604448.48047
69.4362066666667	1893715285.14063
69.4677233333333	1323567311.25781
69.4989933333333	1691706318.63281
69.5319816666667	1202352662.66016
69.5639066666667	1489013133.85547
69.59587	1388994361.17969
69.6282933333333	1904022270.72656
69.658325	1619981928.21484
69.691115	977703413.59375
69.7226166666667	1336775788.19141
69.7550316666667	1359842220.01172
69.7869116666667	1188395933.75
69.8183866666667	805180573.554688
69.8495516666667	1129987273.19531
69.88082	989014214.257813
69.9127783333333	1330559682.91406
69.9428133333333	1217853977.35547
69.9737616666667	1097712506.14063
70.005185	1587520354.25781
70.0362316666667	1772584485.63281
70.06661	1725825981.81641
70.0978883333333	1014556973.44336
70.13057	1256367287.12109
70.1627866666667	1100919908.67969
70.194515	1402110769.89453
70.2249983333333	1344495755.82422
70.2565833333333	1860204121.32813
70.287755	1745611230.27734
70.3197533333333	1635614246.16406
70.3516233333333	973265279.910156
70.38413	1225754406.61719
70.41605	1297128248.41406
70.4472716666667	1597184235.67578
70.4781266666667	1473777863.33984
70.508495	1017610686.71094
70.5400066666667	1791966185.21484
70.5709116666667	1640081644.27344
70.6029933333333	1305381608.75
70.6346166666667	1696367607.25
70.6662216666667	1778294463.98828
70.6961983333333	2066232973.30469
70.726955	1354302945.74609
70.75805	1682500511.76953
70.7884116666667	2125374160.28516
70.8192483333333	1215199139.51563
70.851485	1371312262.54297
70.8821366666667	1917750470.79688
70.9133416666667	2259750785.33594
70.9444233333333	1543561463.04297
70.9745766666667	1524654668.22656
71.0046716666667	2024122838.64844
71.0349733333333	2395362911.96875
71.06529	1481964568.71094
71.0963133333333	1782803506.09375
71.12696	2466140317.35156
71.1573783333333	2559038402.42188
71.1876	2197957755.83203
71.2180233333333	2254946714.01953
71.2482566666667	1863917179.84766
71.2793683333333	2244710257.67188
71.309675	1988126233.50781
71.3403566666667	1565823482.36719
71.3716816666667	1930711895.81641
71.4028366666667	2593917472.375
71.43434	1477049245.8125
71.465605	1743908336.19531
71.4967616666667	2241461571.90625
71.5277966666667	1784798690.23047
71.55905	1567761116.54688
71.5904416666667	1384599941.72656
71.6217283333333	1817256931.99219
71.6531483333333	1557955116.55469
71.68489	1737362328.27344
71.7164366666667	1331384938.91016
71.749115	1983954274.60938
71.7806016666667	1285511474.41602
71.8132016666667	1126421177.51953
71.8458333333333	1546447331.87109
71.87811	1678094273.86719
71.9098983333333	1531788604.04297
71.9417283333333	1467549580.96094
71.972585	1541424147.16406
72.0042533333333	1884051976.15625
72.0358433333333	1420479649.06641
72.0685633333333	809213944.736328
72.101625	1514283455.22266
72.1322733333333	1633195384.96875
72.164135	1819094764.51172
72.1956383333333	1321036489.13281
72.2266183333333	1264967354.71875
72.2583716666667	1269335439.50781
72.29024	1258333452.40234
72.3224616666667	1693215693.02344
72.3548233333333	1287939712.71289
72.38702	1257043929.77344
72.4190116666667	1219971093.98438
72.4506233333333	1412229219.32422
72.482485	1090742937.75781
72.5145583333333	1545504718.95313
72.54605	1552919849.51953
72.5786666666667	1362285136.12891
72.6119916666667	989339150.25
72.6435333333333	1120297384.64844
72.6754333333333	1326449316.05859
72.7081916666667	968879098.289063
72.7402866666667	1034792754.52344
72.7719333333333	1429788104.16797
72.8038533333333	1331988926.30078
72.837175	1495166170.67188
72.8706583333333	1560938604.97656
72.9030633333333	1402489689.07813
72.9348766666667	1061780499.57227
72.9669983333333	987178831.804688
72.9986016666667	1373901903.71094
73.029425	1272672660.90625
73.0603016666667	1498474581.72266
73.0916816666667	1006583302.65234
73.1228066666667	1524049107.9375
73.1528916666667	1331668674.91016
73.1832083333333	1248038858.64063
73.213595	1566636277.10547
73.243755	1967639549.78125
73.2738016666667	1862118345.31641
73.3041616666667	1527655405.47656
73.333895	1329635991.8125
73.36443	1504152467.92578
73.3953483333333	1891165063.67188
73.4261133333333	2114803339.55859
73.4576966666667	1691743615.58984
73.4898183333333	1632091448.89844
73.5206616666667	1885873499.17969
73.5518883333333	1118420479.77148
73.5836083333333	1928845039.47656
73.6137533333333	1060244879.48438
73.6458883333333	1409182508.40234
73.67684	1763960258.95703
73.70716	1139595810.94922
73.7391016666667	1402400127.35156
73.7701316666667	1127216590.34375
73.8016366666667	983212686.027344
73.8328866666667	1635756883.05078
73.863805	1204232611.5957
73.895475	1257885786.05859
73.9264916666667	1478843287.29688
73.95737	1893567403.26953
73.9879583333333	1303971955.96094
74.0194083333333	1293421914.9668
74.0502283333333	1528614836.89063
74.08134	844702091.78125
74.11449	1756047455.69922
74.1459133333333	1570078408.87891
74.1772533333333	1762250109.36328
74.2084266666667	1169776107.55078
74.2404866666667	1371788696.94531
74.2729616666667	1384775675.53125
74.3049183333333	1256784046.67969
74.3369083333333	1710660989.45313
74.3685216666667	1470989520.91406
74.3982816666667	2178546187.16406
74.4288566666667	1974127765.65625
74.46009	1590026785.82422
74.49117	1685306819.30859
74.52311	1148408211.22266
74.5558083333333	1332017175.2168
74.58874	1840318602.76172
74.62085	1548399926.26172
74.6528483333333	1041489625.55078
74.6864933333333	1516662970.375
74.718095	1077716997.11328
74.7503883333333	1386743164.71484
74.78182	1310931074.22266
74.8131	1290615374.62109
74.8446983333333	1194546234.61719
74.876935	1884585658.86328
74.9079416666667	1292536573.55078
74.939325	1335784775.81641
74.9708683333333	1250445024.63672
75.0014833333333	1930366905.88672
75.0325116666667	1914067805.25
75.0638116666667	1775289180.88672
75.094955	2135633056.52344
75.125675	1654497085.51172
75.1570516666667	1455380691.87891
75.1891716666667	1149981183.53125
75.2209816666667	1336865534.89453
75.2520866666667	1231225818.75
75.28265	1463951519.61719
75.3144	1296937374.65625
75.34584	1502231255.72656
75.377325	1649291827.21484
75.4094666666667	1346497468.49219
75.4413166666667	1285364214.5
75.4724683333333	1901127875.13281
75.503985	1244834406.41406
75.5356383333333	1728263362.49219
75.566525	1390958973.74414
75.598615	1322646694.29492
75.6315766666667	1719790689.77734
75.663125	1750652750.03125
75.6939116666667	1597921164.86328
75.7262116666667	1455441549.89844
75.75701	1156093937.83203
75.7885333333333	1923443077.16016
75.8198483333333	1556566555.17578
75.8521266666667	2153657808.10156
75.883755	1357354036.16211
75.9147416666667	1436590631.9668
75.9464033333333	1623171500.17188
75.9768666666667	1718566865.53516
76.00816	1774254891.49219
76.0387016666667	1759987358.85938
76.06984	1730913876.32813
76.1007366666667	1580272914.58594
76.131885	2008095603.79688
76.162625	2092370316.42969
76.1936233333333	1315372750.9375
76.2235933333333	2534525147.42188
76.2542616666667	1932364519.32813
76.2868783333333	2580072910.57031
76.3178383333333	1979203711.70703
76.3499283333333	1444079914.22266
76.3826033333333	2042881839.67969
76.4141416666667	1553103199.72266
76.4463733333333	1880972099.12891
76.4774616666667	1427736249.38281
76.5089833333333	2008790317.32422
76.5408316666667	1254882541.80078
76.5734733333333	1863655968.78125
76.60428	1226071643.58984
76.6370216666667	1774345245.16797
76.6682183333333	1181235670.82422
76.69925	948690973.539063
76.7310366666667	1348942089.82422
76.76213	1349422993.79297
76.7940416666667	1719903476.22656
76.8255333333333	859233196.462891
76.8566016666667	1257128600.31641
76.8890183333333	1041432775.91016
76.920605	1222636132.4375
76.9528283333333	1294684029.46094
76.984315	865972772.171875
77.0160566666667	1312781369.06641
77.04693	1192059468.86328
77.0775616666667	1084116766.73242
77.1095433333333	1302556869.30469
77.1399716666667	1123454828.75
77.1708666666667	871221983.294922
77.2037116666667	696097007.28125
77.2365683333333	1163278012.08203
77.2686983333333	1306553697.12109
77.299715	891637152.847656
77.3307116666667	572779837.375
77.3634366666667	1163098097.59766
77.39401	750241914.777344
77.4261616666667	1040910512.42969
77.458545	742734087.820313
77.4896416666667	763356928.496094
77.521675	1311683660.53125
77.5524383333333	725182145.134766
77.5846733333333	951236504.964844
77.61602	981746953.71875
77.6473316666667	944682185.433594
77.6789083333333	921387275.066406
77.7098866666667	538767656.679688
77.7408616666667	1172897587.61719
77.7713216666667	963837480.695313
77.8030183333333	773612342.382813
77.8338216666667	668125215.464844
77.8663733333333	1309387220.82422
77.8983616666667	1011055972.17578
77.92855	937577244.964844
77.9604316666667	649462260.833984
77.9929966666667	1353890548.57813
78.0247566666667	731184988.882813
78.05707	656102558.308594
78.0881183333333	1337186088.71484
78.119425	587212488.109375
78.152045	1046603449.23438
78.1832983333333	1107555752.32422
78.2153233333333	1017085549.28906
78.2474533333333	1115569951.97656
78.2783133333333	809402007.011719
78.3102516666667	802821664.234375
78.3421133333333	800431156.679688
78.3733766666667	731699413.142578
78.4062016666667	1246794439.00391
78.4383283333333	1009749069.11719
78.4709983333333	1347013610.19922
78.5027	792125149.113281
78.53492	1307643086.30859
78.5658583333333	885493798.457031
78.5989466666667	674782884.470703
78.632055	1189945128.10156
78.6642116666667	1137593558.19141
78.6952983333333	758575546.681641
78.7268416666667	1167266662.55469
78.7586833333333	1534773694.96875
78.7892833333333	862215144.107422
78.820645	1242346598.51953
78.8519016666667	1054015601.44141
78.8837116666667	1690900972.19141
78.9160683333333	1306120022.89844
78.9477583333333	1380586830.60938
78.979585	907133689.925781
79.0126583333333	1748150936.44922
79.044805	1419981584.33203
79.0778483333333	1171266141.48438
79.109995	1460480448.02344
79.1412583333333	1106859628.77539
79.1736633333333	1357443169.01172
79.2065483333333	1135941219.77734
79.239335	1296426847.59766
79.2720466666667	932962775.785156
79.305205	1009875773.0918
79.3383183333333	800231943.892578
79.371105	1455054650.86328
79.40305	933743924.216797
79.4347566666667	665671151.808594
79.4676633333333	1147193903.60938
79.501035	1251843385.35742
79.5329233333333	1366004260.92188
79.5628916666667	888742148.255859
79.5939283333333	1175486551.78125
79.625085	701730549.767578
79.6566966666667	1088308762.63281
79.6884233333333	1195971356.30859
79.719575	784554523.800781
79.75086	1173664876.52734
79.7822333333333	641332016.847656
79.816435	989921760.210938
79.8483733333333	1224167545.07813
79.879765	1088959077.375
79.9113883333333	789860105.691406
79.9446166666667	984377388.445313
79.9769933333333	1023715418.93359
80.0097216666667	971599354.375
80.0419233333333	1324929370.99609
80.07371	1110770235.0625
80.1057633333333	1199406768.11719
80.138205	1270251692.57813
80.16999	1120640424.64453
80.2021183333333	1271117080.53125
80.2333433333333	1176329896.24219
80.2661666666667	1158445868.72266
80.298315	1272094992.46484
80.3308466666667	1429212529.22266
80.363255	1063533819.46875
80.3954616666667	851739728.630859
80.4281733333333	1418462935.20703
80.460625	1229105632.11719
80.49223	1369219215.90625
80.523955	1200638578.19141
80.5558983333333	1414045708.54688
80.587145	1468439264.91797
80.620175	1298329231.18359
80.6521466666667	1362094166.85938
80.6848166666667	1396686042.99219
80.7171516666667	1467654988.66797
80.74879	1281041005.44922
80.781605	1557665407.36719
80.8139716666667	1142966340.34766
80.8457666666667	1214263054.78516
80.8777066666667	1299826845.32813
80.91024	1303977062.57422
80.9426966666667	977710469.828125
80.9763433333333	1449503122.28906
81.007565	1305254159.61328
81.0395966666667	1398790054.92969
81.0721416666667	1152785112.60547
81.1042166666667	1136518287.96484
81.1363083333333	1069162258.11328
81.167885	1089116548.83203
81.199425	1106031832.18359
81.2312633333333	1214816168.11719
81.26271	1235808925.38672
81.2947266666667	1137667216.48047
81.3261016666667	1084784206.44141
81.3577283333333	1018877312.96875
81.389385	970489288.671875
81.420615	1057007587.87891
81.4523983333333	1117294327.38281
81.48336	662150513.910156
81.5155733333333	887489368.427734
81.54884	1055863882.97656
81.580115	1016015133.58594
81.6120816666667	861847046.179688
81.644035	1138037261.11328
81.6755366666667	800486849.027344
81.7086766666667	1300661442.58984
81.7393783333333	954995228.238281
81.772185	1221739012.08594
81.804095	1330606224.84766
81.8351266666667	1080042181.15625
81.86847	969295729.041016
81.90177	911670213.539063
81.934115	1104343028.2168
81.9664883333333	1117709589.51563
81.9980616666667	979448748.871094
82.0307233333333	971945606.632813
82.06288	1150613581.98438
82.0948383333333	990123071.761719
82.1271133333333	906212641.589844
82.160065	1303500480.60938
82.1913966666667	1009141321.96289
82.2234016666667	923482168.869141
82.2547366666667	1130906888.96094
82.2865116666667	1394973928.31641
82.3180016666667	1310531576.94141
82.3494533333333	1283010177.79688
82.3797166666667	1172320543.96875
82.41065	1345509122.04688
82.442	1134345362.36914
82.4732883333333	1256084078.04688
82.5051616666667	1442037928.53516
82.5350383333333	989100971.226563
82.5662183333333	1219360926.48047
82.5970016666667	768141328.285156
82.6277283333333	1363369205.10547
82.6576066666667	1273049383.41406
82.6881616666667	1402802232.625
82.7203866666667	1200455767.98047
82.7527483333333	1427218881.96875
82.7848	1299653326.82031
82.8169516666667	1253360136.84766
82.8493216666667	1181545994.28516
82.8813466666667	986809859.4375
82.9124683333333	796958290.681641
82.944915	972563265.273438
82.977615	1094458601.77344
83.009345	1251722922.94141
83.0414183333333	787920761.570313
83.0745666666667	832940804.873047
83.1069316666667	1257521430.22266
83.13857	1095552352.56641
83.1702266666667	981218980.775391
83.2034516666667	1280963104.84766
83.235505	1091947470.54688
83.267485	1175598764.59766
83.3004183333333	1223695330.49219
83.33182	1081958571.96875
83.3643983333333	1480618407.12109
83.395225	1339490317.46094
83.4279033333333	1599219568.73438
83.4585166666667	1402596019.04688
83.4906016666667	1837376514.21094
83.522315	1379979254.66016
83.5547033333333	1581791988.45703
83.58571	1688096262.44531
83.6174366666667	1296283240.07422
83.6491066666667	1346597758.93359
83.6800316666667	1138174123.08594
83.7128266666667	1487442155.03516
83.744085	1303502379.60156
83.7754833333333	1523496997.42969
83.8066566666667	1291470360.54688
83.8391916666667	1519700532.80859
83.87125	1642921696.09766
83.902635	1545966926.18359
83.933755	1349117373.38672
83.965155	1649259744.19141
83.9961833333333	1611533819.86719
84.02647	1222882046.96094
84.05703	1645630235.70703
84.0881	1399467682.64844
84.1189416666667	1477106916.79297
84.1496966666667	1533734842.33203
84.1807366666667	1196499340.16797
84.21206	1577110682.59375
84.24342	1682867718.89063
84.2749183333333	1900612215.32813
84.3066016666667	1779573868.17578
84.3385666666667	1741067302.05859
84.3701866666667	1590305103.38281
84.4018816666667	2052201647.75
84.4325016666667	2114411800.28516
84.4625166666667	2186473793.40234
84.494335	1770568243.63672
84.5260983333333	2105758510.17578
84.55834	1926730626.71484
84.5904333333333	1920922444.33984
84.6228983333333	1730347888.3125
84.6548416666667	2027863158.5
84.6876216666667	1933276885.13281
84.719325	2407261864.57031
84.75045	1413918268.63672
84.7818216666667	2194191175.1875
84.814615	1965623551.01172
84.8454966666667	1849805521.10938
84.8778583333333	1310475423.58984
84.9107633333333	1605906675.98047
84.9420266666667	1521782812.33984
84.9744183333333	1638387879.68359
85.0059666666667	1378641096.17188
85.03838	927857608.601563
85.0701683333333	1778916908.04297
85.1017666666667	1134663572.96484
85.1346766666667	1148001162.24609
85.16584	1124275002.30859
85.1970783333333	898443554.269531
85.230135	733855874.425781
85.26263	1223025830.88281
85.2955716666667	1022634931.92969
85.3273966666667	1013037743.28711
85.3591833333333	830034690.058594
85.3906116666667	995081361.6875
85.4208333333333	966372688.048828
85.4520716666667	999403614.734375
85.4832866666667	1010525088.92773
85.5145816666667	1097816937.65234
85.5452433333333	1238570421.09766
85.5762083333333	1392849090.71875
85.60794	1202111648.41406
85.6391133333333	1162557667.07422
85.6711633333333	1529278336.14844
85.7014233333333	1249084792.89453
85.7333216666667	1069066940.91406
85.7657716666667	868296747.474609
85.7969216666667	1457262256.53516
85.827435	1159960163.08594
85.8575583333333	877366420.34375
85.8875633333333	1287557734.74609
85.9182233333333	1168812981.91797
85.9498333333333	765247855.349609
85.98252	1305335917.17578
86.0136416666667	1115495988.63672
86.0451033333333	1370257732.93359
86.0760583333333	1178771746.45703
86.10754	1307706482.55078
86.139045	930493668.96875
86.1715266666667	1301039429.44531
86.2021	434908357.339844
86.2382183333333	935532641.335938
86.26914	837374293.794922
86.3013266666667	804908996.179688
86.3332666666667	820051638.498047
86.3655416666667	1030887932.58203
86.3964283333333	1202939320.98047
86.42788	1528283665.42188
86.4590083333333	1008157432.95117
86.4907183333333	1032291185.34766
86.5212633333333	1110027451.7207
86.5539766666667	1159922861.89063
86.58339	1043064379.70117
86.615155	1278972562.16406
86.6479166666667	1171788443.60156
86.6790383333333	772911963.457031
86.7103483333333	1285397750.04297
86.74175	1239407066.42188
86.7739583333333	1103059191.40234
86.8060366666667	1180740790.01758
86.8373983333333	1060871844.58203
86.8703416666667	1199840038.46094
86.90242	1103176772.93359
86.9346583333333	795583016.210938
86.9680216666667	1345977172.30859
86.9996983333333	1022028410.79492
87.0328816666667	808037848.755859
87.0659066666667	845460160.726563
87.09849	849530137.361328
87.1304116666667	904621772.849609
87.1623233333333	914578012.945313
87.1934566666667	860733204.943359
87.22458	897533212.892578
87.255925	671002079.037109
87.2871383333333	908571127.191406
87.318855	648183023.419922
87.35188	938022359.765625
87.3841816666667	820742075.451172
87.41707	694732686.193359
87.4490483333333	730054950.902344
87.4826483333333	750689457.068359
87.5141816666667	662173669.900391
87.5454	764573914.539063
87.5768066666667	695208806.787109
87.60839	563452853.9375
87.64089	588878218.832031
87.6712333333333	505488079.84375
87.70375	628361194.138672
87.73723	626605642.46875
87.7702766666667	596165001.248047
87.8026633333333	540715625.583984
87.835185	570087650.767578
87.8683233333333	645128833.484375
87.9008466666667	657651299.927734
87.9334533333333	619912841.181641
87.9660683333333	612659656.619141
87.9974683333333	605047284.617188
88.028425	538980585.804688
88.0600933333333	481009449.228516
88.091705	528993537.675781
88.1235516666667	527920687.632813
88.15658	535271231.085938
88.1892416666667	519153704.779297
88.2213316666667	470960379.726563
88.2537633333333	420076111.735352
88.2866966666667	479315505.626953
88.3192166666667	391142131.776367
88.350785	341685765.966797
88.3830466666667	459167574.486328
88.4148683333333	397299075.316406
88.4464	293559599.430664
88.4795333333333	460548370.384766
88.511605	431748902.804688
88.5449383333333	417454924.46582
88.5779033333333	348887518.0625
88.6135833333333	436584887.365234
88.6476933333333	492056959.140625
88.67858	492188551.333984
88.7102616666667	469692677.244141
88.744335	509661408.423828
88.778975	489647058.59375
88.8123666666667	443137748.859375
88.8457166666667	410114655.014648
88.8796033333333	395927953.082031
88.9137116666667	397599801.295898
88.94713	280930233.491211
88.98168	384414850.530273
89.0145966666667	373987144.745117
89.0472216666667	258200823.085938
89.0814216666667	96935824.0634766
89.117995	277642550.362305
89.1512516666667	260760069.239258
89.1871316666667	273833764.512695
89.2234233333333	293281040.464844
89.2607833333333	349297735.835938
89.294495	346029169.834961
89.3281233333333	279172194.351563
89.3617833333333	276265969.87207
89.3967866666667	233225947.707031
89.4319016666667	258605523.860352
89.464395	245175696.191406
89.5000433333333	273565419.748047
89.5342483333333	276908764.799805
89.571035	273446640.515625
89.6040516666667	295177251.56543
89.638575	394342080.253906
89.6711083333333	348596669.253906
89.70295	324777446.246094
89.7360783333333	224991210.321289
89.7734816666667	299548889.317383
89.80843	307305065.988281
89.8424433333333	318725165.336914
89.8758116666667	261631827.587891
89.9080966666667	304329159.179688
89.9415983333333	193203261.681641
89.9782833333333	335362178.753906
90.0123716666667	277374855.280273
90.0469183333333	297476880.089844
90.0824733333333	296155211.941406
90.11819	378485232.463867
90.1514116666667	266659085.245117
90.186585	275404071.602539
90.2202066666667	170814601.618164
90.257835	301204098.294922
90.2923633333333	253705238.780273
90.3268316666667	237796488.719727
90.3614116666667	212691160.510742
90.39868	111195044.454102
90.4420283333333	194673721.757813
90.4748433333333	166720485.382324
90.509015	221308131.673828
90.5477516666667	186354799.48877
90.5837133333333	196075795.421875
90.6207866666667	205564684.130859
90.6573416666667	171429360.578613
90.694335	247996371.782227
90.7285133333333	178232954.419922
90.767265	165807314.805176
90.8049666666667	208193697.683594
90.839515	132346794.370605
90.8774366666667	192384664.723633
90.916395	240003705.029297
90.9503566666667	244343241.974609
90.9856616666667	218336608.954102
91.01975	189001852.115234
91.05533	173772878.691406
91.0910333333333	98698570.9855957
91.1274583333333	250081134.054688
91.16288	228588348.933594
91.1992966666667	213638654.566406
91.2367866666667	200159193.68457
91.2740433333333	211270216.493164
91.3078133333333	237559839.813477
91.34056	222940148.385742
91.380765	221030784.832031
91.41454	159821837.712891
91.45526	131153253.086914
91.4948266666667	198092209.582031
91.5299633333333	163135494.089844
91.5638233333333	125695157.653809
91.6021616666667	155174878.893066
91.63684	141972161.922363
91.6733283333333	156272257.317871
91.70827	123567499.456543
91.74575	127893253.169922
91.7835733333333	193946173.329102
91.8218733333333	151479550.12793
91.8614016666667	146129987.427734
91.902275	175825781.870117
91.94024	214263185.276367
91.9756316666667	169954621.940918
92.01879	132616248.495117
92.0598433333333	185678171.064453
92.0950616666667	156302501.59668
92.12969	131088759.490234
92.165525	153968456.72168
92.1974733333333	162928780.314453
92.2357483333333	116409072.570801
92.2791166666667	124792106.253418
92.3182883333333	104111409.867188
92.3512733333333	123418767.45752
92.3882666666667	150840165.614258
92.422185	102442877.805176
92.4617866666667	143055918.05957
92.498615	171991708.249512
92.5364883333333	122685085.080078
92.5732183333333	138401818.355957
92.61146	124794448.291992
92.651445	134154066.575195
92.691525	153410246.668457
92.7273433333333	79578709.296875
92.7657566666667	97859135.2636719
92.8074316666667	150264767.204102
92.8471133333333	120686372.507324
92.8902983333333	145697518.994141
92.9302866666667	123999225.672363
92.9726283333333	166012323.428223
93.0144083333333	89015804.1191406
93.05958	140653598.376465
93.0971483333333	141221129.07666
93.1380933333333	134447092.522949
93.1700916666667	96072069.1083984
93.21122	101139689.602539
93.2456283333333	125793881.830566
93.281645	137798574.873047
93.3225316666667	146670731.488281
93.3658833333333	128989652.365723
93.4036933333333	105030000.919434
93.439815	143870537.804199
93.4737566666667	109954171.064453
93.51308	113565130.775391
93.554625	137797094.722168
93.5934866666667	95565304.6171875
93.63336	156848080.066406
93.672825	125839481.168457
93.7103516666667	80115346.8300781
93.746315	91319067.4990234
93.786925	75567793.3007813
93.8302716666667	112930108.957031
93.8681283333333	89247080.2749023
93.90815	80540644.8261719
93.9495433333333	109343330.606934
93.9871566666667	70585982.5368652
94.0292716666667	93077083.8398438
94.0714366666667	118587662.438477
94.1120533333333	85231368.2172852
94.1522916666667	111523390.081543
94.1872333333333	119736740.390137
94.22672	99814249.0166016
94.2622466666667	83097252.9013672
94.302645	80298778.6323242
94.3435866666667	79926301.9794922
94.3865433333333	86264252.7089844
94.429795	71721566.9487305
94.4685783333333	73197675.640625
94.508545	80657629.425293
94.5489033333333	75752722.4091797
94.5898566666667	84927819.4033203
94.6321866666667	68400444.8198242
94.67338	69463902.9960938
94.7188633333333	122250283.743164
94.7524916666667	83382972.5234375
94.7945616666667	63900663.0317383
94.8364466666667	88993110.3203125
94.8788983333333	70149320.0498047
94.920845	106216978.59668
94.96157	81190629.7680664
95.00087	97350970.5600586
95.039475	80285056.2524414
95.0812883333333	96728906.6328125
95.1215833333333	73670732.3310547
95.157425	61982619.4890137
95.1998783333333	90098418.5585938
95.2322566666667	76419344.1582031
95.27623	77893012.0805664
95.313965	70739364.1833496
95.3567966666667	73765365.8493652
95.39646	81474824.6420898
95.4404166666667	87844705.9526367
95.4809683333333	76689507.7036133
95.5188966666667	94633839.5063477
95.55689	80955270.9611816
95.5990466666667	68823780.8867188
95.6407416666667	75803540.5043945
95.6798266666667	77053269.0332031
95.725025	91539726.2197266
95.76113	62258655.0400391
95.8053166666667	100908843.452148
95.8468666666667	72483183.5046387
95.8913716666667	79324610.5192871
95.9325166666667	117224459.964355
95.97133	87844501.2114258
96.0146633333333	79308112.9257813
96.0575216666667	43276932.5822754
96.09863	87238867.9169922
96.140015	72361656.0527344
96.1772616666667	66496761.5668945
96.2174283333333	76303500.7111816
96.2520666666667	70710685.2011719
96.297645	76239783.4204102
96.3359916666667	70466096.2236328
96.380055	63301280.4414063
96.4223933333333	48694552.2258301
96.467355	51892807.092041
96.5122866666667	63362256.1496582
96.55333	54746021.5458984
96.59704	57646986.4311523
96.6416716666667	63024160.8256836
96.6819766666667	47049573.7077637
96.7212833333333	86430558.4150391
96.7638133333333	54762260.9499512
96.8009983333333	59191069.4790039
96.8450333333333	62683245.3017578
96.885835	58946960.0339355
96.9293316666667	69159655.28125
96.9713033333333	91824766.5063477
97.0114083333333	58995390.6503906
97.055105	66260808.2436523
97.09969	73998498.918457
97.1384116666667	45069091.3632813
97.1825983333333	59373475.3933105
97.219235	89167282.5712891
97.25707	70787505.2255859
97.2927966666667	60676880.0522461
97.3361216666667	64653496.8330078
97.37487	43837558.5834961
97.4194266666667	39068704.0854492
97.4645633333333	57246444.2800293
97.5082083333333	54593357.9418945
97.55009	45007125.876709
97.5917816666667	54134362.4440918
97.6341483333333	49214414.1584473
97.6788766666667	50422211.845459
97.72017	42502195.6496582
97.7591216666667	39611871.0273438
97.804535	45007320.6647949
97.8442816666667	59934120.552002
97.8877866666667	43467124.1906738
97.932845	45509409.9125977
97.9778983333333	41019022.5727539
98.0218516666667	46925862.2197266
98.0658316666667	46410997.2644043
98.1106383333333	54552946.1342773
98.1519133333333	92333698.7958984
98.191355	38667944.5078125
98.234065	53168433.4104004
98.2763333333333	45776946.1591797
98.313685	55922777.8571777
98.35723	42187127.59375
98.398545	45902115.0195313
98.4418266666667	51707917.6459961
98.4832916666667	43736712.8925781
98.527765	45513239.0859375
98.5699833333333	40981856.3496094
98.6108583333333	45980881.4116211
98.6544933333333	53706052.5195313
98.69846	58687763.8383789
98.73729	44427607.2353516
98.7789966666667	61545165.0419922
98.8228633333333	43427687.8525391
98.8622533333333	76754047.0488281
98.901265	44142506.8361816
98.9455216666667	39708740.0578613
98.9911716666667	45527446.8757324
99.034335	49952708.7719727
99.0768933333333	44279615.6445313
99.119395	32782152.7167969
99.1624166666667	40754022.9416504
99.2059566666667	47569446.0996094
99.24732	39153572.0646973
99.2913333333333	31860903.8304443
99.331855	32604236.2355957
99.376425	46101405.0612793
99.416425	39605532.2900391
99.4573533333333	44574343.2456055
99.4993133333333	43391862.4042969
