RetentionTime	Intensity
0.00513666666666667	116157.272140503
0.05072	107396.68586731
0.0682916666666667	126860.423202515
0.10152	151918.171669006
0.137578333333333	166131.518173218
0.180936666666667	190211.78842926
0.23114	237143.728157043
0.281935	330793.819351196
0.331766666666667	415704.713386536
0.382073333333333	550758.050140381
0.432505	663692.610939026
0.48298	614724.348686218
0.532558333333333	669840.214569092
0.583331666666667	525462.989105225
0.634936666666667	504552.329849243
0.685383333333333	400381.065353394
0.737175	380185.603042603
0.788383333333333	391963.202781677
0.839561666666667	376612.013702393
0.890756666666667	366551.463020325
0.939053333333333	396319.584587097
0.991275	383174.527885437
1.03183666666667	402015.946166992
1.08105833333333	397255.905532837
1.12133166666667	422395.909385681
1.15801666666667	369841.78578949
1.17689333333333	394614.076148987
1.20935833333333	376254.626434326
1.24628333333333	382994.734016418
1.29767333333333	317376.555961609
1.33733166666667	344269.046463013
1.385175	301837.401664734
1.40008166666667	331348.177810669
1.45771333333333	308908.967895508
1.50818	303405.085784912
1.55921333333333	330841.182754517
1.60910833333333	315199.993644714
1.658735	308168.954177856
1.70557	390662.331550598
1.74951666666667	331798.507347107
1.79287833333333	353649.282554626
1.82640666666667	330852.857620239
1.84518	322394.622032166
1.87024333333333	329978.2368927
1.90442	323400.61907959
1.92996166666667	301542.383750916
1.952395	299717.360420227
1.981875	292858.555168152
2.00799833333333	348700.878425598
2.05932666666667	305756.138870239
2.09873666666667	271110.529937744
2.13509166666667	276028.071556091
2.16464666666667	275084.598701477
2.194375	273701.174919128
2.22045333333333	247835.641960144
2.24219166666667	248363.467483521
2.28573	275204.478721619
2.32572333333333	262121.595199585
2.35786166666667	251543.078895569
2.39029166666667	246793.853561401
2.412215	250000.057823181
2.45614666666667	270850.580047607
2.48912833333333	272627.442504883
2.52541666666667	284764.384727478
2.57548333333333	270432.607276917
2.61533	277185.19960022
2.66513166666667	287563.740478516
2.71608333333333	280532.800788879
2.765225	262042.256248474
2.79769833333333	245040.858085632
2.823285	263033.790649414
2.852265	272294.46231842
2.87792833333333	260134.354866028
2.91124166666667	248699.038215637
2.94056666666667	248706.109039307
2.97386333333333	280474.027305603
3.02143166666667	273060.175331116
3.04661333333333	276361.28843689
3.07627166666667	321113.101516724
3.11644166666667	246806.206283569
3.16362833333333	266160.464271545
3.18955333333333	266020.567909241
3.215305	269248.521827698
3.24043333333333	276124.946723938
3.26572666666667	264137.600402832
3.29117666666667	299149.617004395
3.32070833333333	296212.003257751
3.36512333333333	282163.129119873
3.40846666666667	273670.95438385
3.44815833333333	336126.509590149
3.49854666666667	317774.011962891
3.527525	327903.562591553
3.56091	292119.967079163
3.5943	326393.261611938
3.62681833333333	300022.297569275
3.67725833333333	313066.132736206
3.72632666666667	354746.429130554
3.77670333333333	326637.532295227
3.80200166666667	297859.201835632
3.82344666666667	283433.684783936
3.85685333333333	269126.252120972
3.90010833333333	255508.011360168
3.922315	239419.971176147
3.936895	259526.967018127
3.97013333333333	264970.533470154
3.99197833333333	254195.285644531
4.02796666666667	225276.829025269
4.049705	227048.367134094
4.07572833333333	228828.257766724
4.108915	209809.349464417
4.13355333333333	215007.087799072
4.158165	230441.061920166
4.172825	216593.369186401
4.19865	220904.538963318
4.22809833333333	223684.097969055
4.25032666666667	211281.225273132
4.27932833333333	201515.871513367
4.29781	217838.569007874
4.33368666666667	211055.545547485
4.35190166666667	213294.871208191
4.38507666666667	198295.443115234
4.409815	192701.20059967
4.435225	234261.088394165
4.45992666666667	204074.122825623
4.47844	243019.547676086
4.51129666666667	195633.898498535
4.53637666666667	236121.373771667
4.56542833333333	224435.951591492
4.58358833333333	189276.170578003
4.60925	223240.516151428
4.65256833333333	236550.691108704
4.68167833333333	222374.898071289
4.71285333333333	276682.166809082
4.74939666666667	270658.976455688
4.78538166666667	275955.695480347
4.82580666666667	259879.164909363
4.85103833333333	272500.679634094
4.890825	300365.450363159
4.93734	309247.530403137
4.98868666666667	293429.153930664
5.03942	290560.140953064
5.089845	327940.822822571
5.14049166666667	392881.484542847
5.19220166666667	474888.101997375
5.242525	572126.966148376
5.29400666666667	772194.742721558
5.34661833333333	989992.502761841
5.39899166666667	967883.712890625
5.45064	1339226.4936676
5.50255333333333	1530453.20527649
5.55374833333333	1723191.03679657
5.60635666666667	1762255.05110931
5.65798333333333	1863697.11647797
5.70992	1898316.11054993
5.76143833333333	2017376.24958801
5.813045	2003788.14811707
5.86573333333333	2095518.97886658
5.91805833333333	4352928.30204773
5.96564833333333	6221264.60144043
6.01445666666667	5247206.91853333
6.06154833333333	9002323.4526062
6.10855666666667	10409088.9898376
6.15281166666667	10851487.9560547
6.193335	14504837.8724976
6.23895333333333	6927031.89782715
6.28523333333333	13128989.9663696
6.331115	14914253.3912354
6.374215	15140222.180542
6.41489666666667	14899300.6309204
6.45935833333333	17561206.0878296
6.50640666666667	18762572.3811035
6.54923	22952217.4782104
6.59397666666667	32566108.5970459
6.636615	25837618.7861938
6.67899666666667	52959019.4023438
6.71565833333333	27955251.24646
6.76150833333333	64757926.7001953
6.79716666666667	15880318.7038879
6.83741833333333	83234261.2141113
6.87550166666667	25762675.9327393
6.92173666666667	87404685.1362305
6.954825	29802043.8222046
6.99691166666667	108852130.34668
7.03226666666667	37499584.5206299
7.07053333333333	134964289.772461
7.10803833333333	39099631.8916626
7.15357	124113741.970215
7.19067166666667	50155589.3991699
7.23154166666667	142344676.394043
7.27053333333333	42755686.74646
7.30750833333333	147038207.335938
7.34122	43885246.0859375
7.38218166666667	146696878.050293
7.42027333333333	45135430.8878174
7.4645	138274818.507813
7.49867666666667	49114354.3328857
7.537045	170204298.023438
7.56911333333333	50978428.9746094
7.61076333333333	147715745.070313
7.64262666666667	49168552.3173828
7.68393833333333	211643435.709961
7.71445333333333	84359859.7856445
7.75409333333333	229207294.711914
7.787485	149935735.719727
7.82182166666667	237037602.293945
7.85454833333333	202405395.428223
7.888035	218764644.26123
7.92503333333333	202615872.519043
7.9644	266603708.685059
7.99621333333333	103813375.978516
8.03707333333333	436597446.744141
8.07079166666667	80370504.6300049
8.10923666666667	421216271.765625
8.14512166666667	144679729.671875
8.18193833333333	471493061.283203
8.21669166666667	77711009.060791
8.25442	434826359.852539
8.28701	139126599.171387
8.32305166666667	449373358.617188
8.35604833333333	95599715.1011963
8.394445	430266691.212891
8.43139333333333	89606096.0826416
8.47291333333333	350850963.797852
8.50762166666667	104934495.969482
8.54461	350687171.635742
8.57616666666667	126282659.209473
8.61405666666667	313733515.295898
8.64913333333333	115753247.114014
8.68388333333333	316338167.485352
8.717685	157721032.931885
8.752555	310721416.181641
8.78686333333333	161993659.541016
8.82194166666667	315971439.124023
8.85596833333333	166029241.939697
8.89283166666667	380528671.351563
8.92709666666667	114953486.401611
8.96348333333333	388655519.078125
8.99732166666667	89657924.076416
9.03761333333333	392289311.25293
9.07236666666667	99085528.8564453
9.112745	375183381.683594
9.14796833333333	136228678.601807
9.18554166666667	364222430.879883
9.22031666666667	147207608.312988
9.25818166666667	334694285.833008
9.29384	135751093.643799
9.3303	204225651.906738
9.36494333333333	158074111.679443
9.39707333333333	194680670.398438
9.43602666666667	148529336.861084
9.47322833333333	222173759.198242
9.51277166666667	125015763.780273
9.55252	295271805.060547
9.58023666666667	135467979.509277
9.619925	286509625.763672
9.656095	169193313.330078
9.693395	323632319.513672
9.724665	204853432.507813
9.76287166666667	248472776.891602
9.792635	244477926.845215
9.82654	226135798.470215
9.86280833333333	296133500.743164
9.89337333333333	199991568.743164
9.93094166666667	305420573.771484
9.96232666666667	197560111.820313
9.99595666666667	293224462.589844
10.02622	234617145.132813
10.0590516666667	276718617.630859
10.0943666666667	191293828.442871
10.1274783333333	312784825.586914
10.1607433333333	226922104.112793
10.1984033333333	304615601.025391
10.2330533333333	197846296.76709
10.2682866666667	373098744.791016
10.302575	109857534.423096
10.3431983333333	433138482.9375
10.373425	134146496.037354
10.4083466666667	426148272.666992
10.4403616666667	101102378.72998
10.482045	427817192.543945
10.5132583333333	136002156.189941
10.5576816666667	358104074.047852
10.5887133333333	185190445.053711
10.621565	298355268.949707
10.6590083333333	201590521.05127
10.698925	311733549.227539
10.7364116666667	249088476.998047
10.7658566666667	264624690.202637
10.8042183333333	250994288.066895
10.8388283333333	324605419.331055
10.8692383333333	151407300.172852
10.9073183333333	358406994.111328
10.9366383333333	160845094.331543
10.9742266666667	339673295.416992
11.00371	138498228.59375
11.0362316666667	296468502.097656
11.0672533333333	152847236.67627
11.0994783333333	341361138.625977
11.1383333333333	143703219.701416
11.1702183333333	308607395.349609
11.2046966666667	151649669.736816
11.2415083333333	284582755.537109
11.27636	219570400.958008
11.307845	278729603.168945
11.3458033333333	232428646.67041
11.384265	310659873.266602
11.4116416666667	174985406.680664
11.4483133333333	299633742.118164
11.4794683333333	190983542.672363
11.51484	288285835.541992
11.5459233333333	210252971.189453
11.582605	294798362.850586
11.61299	246650597.688965
11.6449433333333	219667799.191895
11.6829766666667	288616180.958008
11.7183183333333	183141612.179199
11.7555283333333	241656957.124023
11.7893633333333	223096329.048828
11.8272716666667	189478795.614502
11.8634983333333	307254785.655273
11.89841	172817620.272949
11.93611	435526578.801758
11.9692816666667	188389732.266846
12.0076	412787220.250977
12.0390816666667	202721382.997559
12.0741216666667	449230159.013672
12.1062933333333	211556722.786133
12.1426783333333	354224565.451172
12.1780733333333	266099929.675781
12.2054583333333	221538814.376465
12.2414183333333	197360670.921387
12.28369	195121323.092285
12.3197466666667	174256068.685791
12.3576966666667	197114182.120605
12.3927483333333	146174828.491699
12.4270283333333	223808925.836426
12.4614333333333	147608552.704346
12.49791	198810890.657227
12.5321283333333	226285056.453125
12.563355	183324242.891113
12.5988533333333	244964894.165527
12.6320216666667	239230288.068848
12.6667716666667	262922564.484375
12.702305	239093121.599121
12.7365333333333	239980428.415527
12.7704316666667	200596422.070313
12.8059683333333	255268056.866211
12.8407283333333	217357249.431641
12.876255	222604063.970703
12.91157	268752121.786621
12.946805	179213877.548828
12.98251	303339240.178711
13.0167633333333	194225192.099609
13.0528883333333	310611714.90918
13.0910316666667	201869456.907715
13.1261133333333	303024668.90625
13.1617883333333	160537270.372803
13.1999083333333	363319135.925781
13.2333083333333	171572625.897461
13.2713433333333	334071217.349609
13.3041666666667	184601412.521484
13.3408833333333	385080302.938477
13.37396	154724219.575195
13.4089466666667	342240710.078125
13.441125	185604231.822754
13.4756933333333	308651110.62793
13.509035	225775334.565918
13.54364	338990194.758789
13.5769383333333	133042180.726807
13.61316	336163225.911133
13.6478733333333	154488941.5
13.6805016666667	395914366.009766
13.7162816666667	197838661.134277
13.75235	350852092.142578
13.7880383333333	209741143.71582
13.821885	335283486.626953
13.8589866666667	236408926.282227
13.8977116666667	313388598.397461
13.9316016666667	248456656.964844
13.9663916666667	252045320.92334
13.9984216666667	214235053.9375
14.0331533333333	182159874.519043
14.0672716666667	154372864.240479
14.10603	148515666.123047
14.1457733333333	125567679.332031
14.1874416666667	122071767.78418
14.2242983333333	133387885.073975
14.260415	153268760.648438
14.2954	124567626.346924
14.3332016666667	189552875.514648
14.3662966666667	158569551.459961
14.40043	166129469.904785
14.4358433333333	258827976.392578
14.470475	165417595.785889
14.5005833333333	304100182.483398
14.5332966666667	166323145.994629
14.57131	335304807.641602
14.6029266666667	113884437.871826
14.638575	390817626.654297
14.6739666666667	152113173.549805
14.7104583333333	360994939.417969
14.74474	145088953.208008
14.784915	376206750.49707
14.8192116666667	131741795.376709
14.856975	376876670.62207
14.89116	144443612.885498
14.9292283333333	367635629.0625
14.9643	164702724.754883
15.00199	338397990.123047
15.03275	159702427.984131
15.0708766666667	343024371.953125
15.1039516666667	146085646.577148
15.1410433333333	278953687.365234
15.1745533333333	181540719.09668
15.210775	220396081.047363
15.246305	199812753.083984
15.283125	236129942.93457
15.31974	193446566.366699
15.3559983333333	228992136.398438
15.3922333333333	199380048.009277
15.4277866666667	183828446.113281
15.46404	245262834.681641
15.4961966666667	139878509.727539
15.5322483333333	253287649.20166
15.5647366666667	133668828.771484
15.6042266666667	198224641.989258
15.6381316666667	123753738.969482
15.6758283333333	262295448.003906
15.71126	98189520.8405762
15.7505	282207842.26416
15.78129	125281725.327148
15.8210133333333	264937475.325195
15.85557	121077602.945801
15.8954033333333	353205539.048828
15.92907	167631921.022705
15.9661883333333	372815347.80957
15.99994	142627811.027588
16.03873	316130892.598633
16.0721916666667	181694301.811523
16.111795	225969844.364746
16.1488733333333	294804848.578125
16.18137	255554020.761719
16.21881	285175294.282227
16.2469983333333	195962273.660645
16.289905	242521519.924805
16.3248833333333	250997697.07666
16.364615	247631723.334961
16.3933466666667	287635344.647461
16.4273716666667	222595202.039063
16.4640316666667	293805308.951172
16.4954	284661796.568359
16.5295633333333	269336214.450684
16.5621333333333	216334715.101074
16.59405	226990461.370117
16.6307083333333	291772188.270508
16.66342	196515499.717285
16.6991866666667	227386306.716797
16.7336733333333	220393246.500488
16.7698066666667	246935246.75293
16.8007633333333	217708354.25
16.8382533333333	298562441.880859
16.8696133333333	185758667.190918
16.90251	258784196.371094
16.938485	241925119.555664
16.9689633333333	293990692.773438
17.006355	182105809.531006
17.0400066666667	323380523.667969
17.0719166666667	116698691.387451
17.1092583333333	411245582.206055
17.1400133333333	102813039.157227
17.1810933333333	405337160.003906
17.2169383333333	100328399.562134
17.2567433333333	435161181.508789
17.288445	112098701.14624
17.3322816666667	417010578.87793
17.366875	114311627.588623
17.4062283333333	444282811.395508
17.4365133333333	129240692.051758
17.475365	407739950.206055
17.5135866666667	96435326.5559082
17.5567083333333	409835677.8125
17.59045	107474003.974365
17.6287583333333	373714568.842773
17.6615133333333	92359790.4023438
17.6990666666667	412508117.298828
17.732885	80599466.7686768
17.7735233333333	365132292.956055
17.8081183333333	149961074.652588
17.8443933333333	327394082.454102
17.8793133333333	117578255.901611
17.91095	340009952.341797
17.9441333333333	69405987.5499268
17.988035	412517002.070313
18.0178733333333	134566618.601807
18.0542166666667	281027921.405762
18.0853833333333	111087869.624512
18.1254083333333	316795190.436523
18.1562833333333	119663047.626221
18.1948416666667	363148911.268555
18.2298266666667	122348292.931152
18.2684583333333	385541119.731445
18.303315	209690898.84668
18.339815	363451264.609375
18.37435	254513179.103516
18.4080033333333	269834717.456055
18.443875	241867178.941895
18.4772	308741116.057617
18.5083483333333	269851938.770996
18.5447366666667	272727779.088379
18.5805566666667	267361908.041016
18.6143416666667	237090431.535156
18.651255	235598277.82373
18.683915	267134961.673828
18.7192016666667	210009483.523438
18.75476	301518201.914063
18.7880083333333	205779532.582031
18.8234383333333	229409338.621582
18.857495	259122391.787598
18.8916166666667	218080670.287109
18.9242816666667	292502223.652344
18.9552833333333	130702939.483887
18.99285	328435142.030273
19.0269933333333	140127999.291016
19.059855	376007368.132813
19.093505	116666886.444824
19.1252833333333	358729303.257813
19.1620266666667	130066959.858643
19.1992433333333	326162144.504883
19.2342666666667	161259673.343262
19.2723066666667	363441338.638672
19.3065383333333	197321681.340332
19.3467016666667	377189137.420898
19.381775	152293544.183838
19.4167333333333	392617974.000977
19.4489916666667	179395073.098145
19.489565	368938924.807617
19.5194866666667	144983584.55542
19.555425	339602280.887695
19.58985	189503793.305664
19.6243383333333	265638662.091309
19.6573216666667	246742320.883301
19.6934483333333	216950118.537598
19.725635	250636007.10791
19.7657433333333	189609174.506836
19.796695	242190235.328613
19.8305883333333	226009359.961426
19.870975	174116720.378418
19.9028616666667	235349175.493164
19.9364933333333	240339830.996094
19.9724266666667	144524014.757568
20.009495	191217993.508301
20.0465383333333	200994430.362305
20.0792716666667	174202716.132813
20.1118883333333	171665685.423828
20.1495083333333	173084694.330322
20.1874183333333	159353544.400635
20.2231316666667	166542532.721191
20.2582266666667	197176840.322754
20.2942516666667	175414556.938232
20.3323433333333	199909763.108398
20.3691983333333	138924148.515381
20.4035366666667	251628084.803711
20.43932	158099972.739746
20.4767616666667	249641465.595215
20.5118016666667	110591683.812256
20.54806	319659176.522949
20.58504	178279305.675293
20.622265	278602120.108887
20.6570633333333	192256526.850098
20.6929766666667	336722469.250977
20.7239766666667	86072818.0681152
20.7608216666667	348214855.171875
20.792545	101506725.071533
20.8307416666667	341980780.873047
20.86204	119310211.594971
20.900285	341565411.575195
20.93295	100653127.625488
20.97249	308760752.275391
21.0062716666667	156353501.955811
21.0425516666667	306219255.887695
21.0746433333333	190754478.948242
21.1083316666667	311326522.169922
21.14329	151237436.076172
21.1805583333333	310944841.310547
21.2161766666667	156484336.937256
21.2529516666667	273554782.599609
21.289845	166311617.549805
21.3231533333333	300189486.655273
21.3557233333333	177006284.371094
21.391145	300400806.100586
21.4274133333333	164851353.205566
21.4660883333333	314461843.287109
21.5006333333333	118762750.408691
21.5390233333333	376521972.77832
21.57138	146907250.539307
21.6124733333333	318431193.893555
21.65039	218193905.703125
21.68488	197544982.687988
21.7201033333333	204785839.960449
21.75999	208531170.290527
21.7935483333333	204829705.931152
21.83122	184640818.889648
21.8659916666667	235981782.92627
21.8994766666667	123169874.887695
21.9375866666667	364199687.1875
21.96962	83379414.6524658
22.0092716666667	322615995.234375
22.0423	128879016.735596
22.0761216666667	328387860.398438
22.105605	218137595.963867
22.1396783333333	321402605.401367
22.17098	209290535.973145
22.2059433333333	329139373.254883
22.2415366666667	203883336.754883
22.2748633333333	367569241.597656
22.3094566666667	110881045.051514
22.350305	453474770.21582
22.3817816666667	90592681.2080078
22.4209233333333	451839391.37207
22.45135	104075282.931641
22.4900666666667	452238701.012695
22.5208083333333	115562688.210693
22.5625416666667	504223123.230469
22.5952966666667	157122600.035889
22.636	486728366.581055
22.6745366666667	55748520.0704346
22.71747	438049980.311523
22.7493716666667	231661521.744141
22.7898883333333	271795160.371582
22.824305	251699203.412109
22.8619616666667	192924245.97998
22.8973633333333	278217845.875488
22.9344866666667	184987263.83667
22.97122	241154408.105469
23.00188	217937215.636719
23.0354466666667	149641618.370117
23.07159	266449002.322754
23.1044016666667	103732398.547607
23.1408033333333	311400015.167969
23.1727683333333	202535651.459473
23.207035	228083765.165527
23.244775	248489469.212891
23.2792733333333	201946830.901855
23.3157566666667	264735689.790039
23.35113	227018620.756836
23.3873783333333	309696400.020508
23.4253433333333	185973289.045898
23.4600483333333	327724305.552734
23.4906083333333	173050950.90918
23.5253433333333	310894091.611328
23.5563833333333	151294455.325928
23.5932833333333	314189779.128906
23.6246116666667	90110515.5583496
23.6651916666667	335359338.473633
23.6986683333333	150976780.999023
23.734405	261970379.390625
23.770215	161421952.674316
23.807695	351281090.856445
23.8406316666667	132026640.200928
23.879505	315619825.623047
23.913145	152544600.602051
23.950375	348792859.193359
23.983875	110137059.283447
24.0214866666667	403302997.834961
24.0520783333333	111773417.581055
24.0926766666667	329005998.803711
24.1279416666667	94286045.9398193
24.1661616666667	361248571.352539
24.197625	91268015.6640625
24.23324	352581736.489258
24.266865	100043754.531738
24.308135	393355839.612305
24.3396616666667	72230984.4504395
24.3827866666667	293172189.964844
24.416075	76994527.2597656
24.4554066666667	334022974.439453
24.48645	113872503.462891
24.5237983333333	368912433.850586
24.5567016666667	111980597.070068
24.5913383333333	336989728.182617
24.6230066666667	130956013.481689
24.6602833333333	308787904.451172
24.6935433333333	216552900.182129
24.72911	283007687.59668
24.7637733333333	196464785.185547
24.8036883333333	310724230.482422
24.837555	230547695.990723
24.8701916666667	298142006.128906
24.9029883333333	201255598.028809
24.94042	340543150.463867
24.975945	123462037.810791
25.0116	331412107.44043
25.04732	190203773.302246
25.08338	387533825.049805
25.11699	249102367.85791
25.1547866666667	375956313.303711
25.1872466666667	215262243.382813
25.2205316666667	299955443.419434
25.2609466666667	286157087.841797
25.291885	183897112.632324
25.3283333333333	381923411.637695
25.3615416666667	235587572.703613
25.4001883333333	446201908.961914
25.4357983333333	199932268.450195
25.4748416666667	354911041.927734
25.5084	256168672.218262
25.5452033333333	412223993.87207
25.57957	312076196.393066
25.615085	312981041.902344
25.6485166666667	376956494.182617
25.6818516666667	421028438.631836
25.7153116666667	348609897.351074
25.748925	379148184.229492
25.7820683333333	326283973.044434
25.8175966666667	488363337.574219
25.8502283333333	150154210.843262
25.8840683333333	627954962.373047
25.9165383333333	206650890.366455
25.9520116666667	623067076.013672
25.9871783333333	129396372.968506
26.0232933333333	603698956.673828
26.0573716666667	227546998.695801
26.0946733333333	651918798.001953
26.13034	120155464.750854
26.171215	692348136.425781
26.202145	117466157.573975
26.2393466666667	704181805.349609
26.2739783333333	125176880.798828
26.3161116666667	680148883.234375
26.3509716666667	99603072.1243896
26.390745	600996346.599609
26.42199	151187864.983643
26.46618	531208255.731445
26.5009666666667	92519304.6402588
26.53913	557372741.637695
26.5745933333333	135619134.68042
26.6121466666667	541826428.907227
26.6441266666667	98091818.1793213
26.68421	528221475.964844
26.716995	152227954.118896
26.7566433333333	520055525.087891
26.7953916666667	136308769.040771
26.831795	518734802.301758
26.86421	109642295.867432
26.90114	581677048.441406
26.9340816666667	184449195.525635
26.972435	513478657.061523
27.0044233333333	127647728.61084
27.0439266666667	562718195.945313
27.07728	119251272.938965
27.1184116666667	568497360.648438
27.15318	105473040.377808
27.192935	570225264.361328
27.2256533333333	134214224.983643
27.2617616666667	546126974.580078
27.2940733333333	91584161.0180664
27.33307	499372868.316406
27.3650516666667	124751160.77002
27.40428	548945228.097656
27.4382183333333	106636624.544922
27.4783866666667	520980050.394531
27.510395	152054499.988525
27.54946	470725694.395508
27.5810416666667	153526319.133301
27.6216866666667	439328116.09375
27.65167	121067480.392578
27.6942766666667	496593426.303711
27.7235133333333	108503371.289063
27.7625816666667	518564607.595703
27.7933916666667	101722904.763184
27.8302066666667	549355329.972656
27.8618833333333	137481408.938232
27.8991733333333	392524304.861328
27.93386	206450257.291016
27.9721083333333	394135460.936523
28.0044066666667	276408529.521484
28.0372816666667	271200693.876465
28.0712366666667	376856882.549805
28.1049933333333	235372791.78418
28.1396733333333	402087797.119141
28.1743616666667	205482056.112793
28.2128783333333	463520811.177734
28.246395	127056852.014648
28.2844383333333	489687515.737305
28.3153683333333	150549260.141602
28.352845	469739971.21582
28.384495	93157964.4764404
28.4253416666667	539756012.982422
28.45673	135886868.12085
28.4973516666667	526794411.859375
28.5317216666667	109696093.852295
28.5728616666667	467378353.301758
28.6037666666667	123100210.723633
28.638985	449029708.59668
28.6712733333333	117850094.255127
28.7109066666667	400464418.19043
28.745785	153653175.046875
28.781225	362015431.177734
28.8150266666667	131307245.270996
28.84977	459742808.201172
28.8808566666667	101525953.198486
28.919745	350913624.580078
28.9537916666667	152363773.973145
28.990505	260379832.533691
29.0223416666667	225018729.798828
29.0571833333333	224842629.833008
29.0913066666667	260074940.064941
29.1245383333333	235080692.451172
29.159275	295543744.042969
29.1921633333333	244236897.99707
29.2258733333333	279395383.560547
29.26112	322294452.615234
29.298365	260263544.359375
29.3324916666667	321003674.926758
29.3664516666667	250771629.881348
29.39883	301298846.025391
29.4340866666667	358535263.083008
29.4656366666667	226685944.836426
29.5023916666667	441572892.592773
29.538605	147586024.196777
29.5780183333333	490602460.976563
29.61238	179776715.43042
29.6451983333333	552845779.669922
29.68101	151064426.888672
29.7145683333333	497151246.421875
29.7509033333333	179642792.217285
29.788875	470358223.15625
29.82385	202255073.277344
29.8568316666667	473696845.993164
29.8910183333333	173773305.338867
29.92195	488991195.636719
29.9582133333333	154364438.790527
29.99499	431668773.775391
30.0300266666667	172168131.619385
30.0700316666667	405507599.361328
30.0993683333333	212760285.004883
30.1320316666667	412285065.852539
30.1671583333333	138370567.779297
30.1997866666667	433178554.552734
30.2331616666667	137597351.607422
30.2695166666667	435599572.267578
30.30266	185537683.717285
30.3384333333333	483671197.5
30.3688933333333	140843580.236816
30.4047433333333	529188937.941406
30.4386166666667	163287561.440186
30.4789466666667	544499904.419922
30.50871	189103657.327148
30.5462316666667	474343438.911133
30.5775566666667	228627934.103027
30.614255	509240133.799805
30.6464866666667	162739689.73291
30.6802833333333	587423354.890625
30.7128833333333	137496956.446289
30.7459816666667	574897239.681641
30.777435	162017252.236084
30.8142366666667	557171296.632813
30.846065	98250129.3016357
30.8847366666667	545643969.660156
30.916075	159339392.619873
30.9512733333333	475038122.107422
30.9845116666667	252790684.699707
31.0174483333333	348276272.900391
31.0517566666667	268274127.484863
31.0856133333333	373454055.770508
31.1193283333333	218053903.908691
31.155615	511694229.297852
31.1882666666667	161187992.168213
31.2249716666667	493296253.605469
31.257315	148327420.690186
31.2959533333333	528797138.955078
31.3277516666667	146886490.289307
31.36594	494428744.731445
31.3986733333333	201353360.588379
31.4335266666667	468361138.422852
31.4672583333333	244462468.008789
31.5025033333333	492388042.21875
31.5355466666667	178150806.916504
31.5679666666667	478161542.092773
31.600645	296722518.191895
31.633695	477121455.745117
31.6655616666667	284330919.248047
31.6989	440795820.291992
31.731545	333578353.314453
31.7641216666667	467066904.521484
31.7950333333333	281020196.619141
31.8281083333333	545499522.503906
31.8603033333333	207053113.480957
31.8959016666667	437361882.943359
31.9298333333333	155629277.229004
31.96611	500617880.175781
32.00125	190920113.352295
32.0363233333333	594506609.623047
32.0697816666667	119710538.941406
32.1082666666667	591492074.568359
32.139805	154581494.943848
32.17755	633347980.060547
32.2109816666667	117115604.076172
32.24989	606242542.28125
32.2817933333333	128645453.00293
32.3229766666667	603244150.771484
32.35509	100285202.260132
32.3945833333333	661558725.095703
32.4288183333333	156451223.807617
32.4645866666667	496136161.972656
32.496195	123470798.649658
32.53906	429723506.660156
32.571555	194391971.825195
32.6064283333333	504588690.219727
32.6401683333333	162365834.343262
32.6770033333333	394473273.000977
32.7075266666667	189004316.711914
32.7436916666667	324796251.780273
32.77739	406894992.633789
32.80835	246910627.902832
32.8435833333333	358874010.203125
32.874705	248477907.055176
32.9059333333333	372516243.06543
32.94024	259665884.122559
32.974745	268489747.595703
33.0105983333333	323970621.673828
33.0413183333333	254855631.632813
33.0778516666667	390519011.167969
33.1108866666667	192892394.08252
33.1454966666667	344508457.279297
33.1763133333333	350362116.77832
33.21016	312094783.541504
33.242195	310853567.229492
33.2760166666667	306536757.513672
33.3095933333333	341490556.362305
33.3438583333333	368545472.038086
33.3810233333333	286437292.100098
33.416785	399795592.077148
33.450195	239100807.654297
33.4835066666667	409651469.769531
33.5161666666667	267506357.228027
33.5518916666667	428270877.271484
33.58659	281776563.07666
33.620725	392865379.436523
33.6551433333333	297051271.317383
33.6884866666667	358848097.399414
33.72286	316196522.962891
33.7577833333333	331230579.073242
33.7900116666667	303120107.492676
33.8231733333333	355657392.395508
33.8560483333333	295073391.354492
33.890735	424705134.095703
33.9232483333333	246794714.962402
33.9563933333333	421602288.472656
33.9893266666667	218768684.644531
34.0264016666667	437783719.195313
34.0575266666667	248437534.973145
34.0912783333333	426934557.430664
34.122585	177313735.039063
34.157985	424351216.941406
34.1908383333333	152071691.609375
34.2285566666667	327251032.484375
34.2599233333333	256238989.027832
34.2909466666667	251249758.285156
34.3271616666667	250875181.477539
34.3589466666667	289253970.974121
34.3933983333333	267458496.194336
34.4279083333333	270279699.196777
34.4595166666667	344922256.703125
34.4917816666667	316988290.075195
34.5262916666667	399235912.878906
34.5583766666667	329706141.28125
34.594605	346584462.112305
34.6290616666667	321363472.607422
34.6610083333333	200082493.262207
34.6994733333333	578487137.791016
34.7326433333333	148081784.825928
34.769295	510796217.628906
34.802265	166415336.689453
34.8383283333333	568610652.15625
34.8697666666667	174288956.852295
34.906715	548574061.857422
34.9381016666667	182590346.13501
34.9723083333333	492929485.023438
35.00377	156451915.463867
35.0395916666667	459788949.146484
35.0721516666667	176699429.393066
35.106405	322647285.732422
35.1394616666667	266227280.390137
35.172825	357152756.456055
35.2053066666667	284291757.526367
35.2384666666667	359293413.741211
35.2697016666667	325309010.910156
35.302495	306362335.567383
35.335565	323922056.591797
35.3675633333333	261537813.340332
35.4020416666667	312095000.921875
35.4342383333333	241747741.412109
35.4730116666667	358645239.334961
35.501325	259651066.069824
35.536665	386311028.623047
35.5674933333333	224918344.883301
35.6016566666667	367939824.125977
35.63614	316112012.464844
35.6728166666667	329963816.12207
35.7049383333333	381771289.887695
35.7422766666667	164903356.20459
35.776185	550510410.916016
35.809895	191706432.112793
35.8481416666667	471387697.046875
35.8793666666667	255023435.817383
35.91112	495436856.956055
35.9449566666667	217428912.089844
35.9787233333333	447738351.620117
36.0116016666667	258581266.148926
36.0398083333333	411759085.186523
36.0740866666667	330701926.106445
36.1078983333333	367338428.894531
36.141835	361524152.451172
36.175825	454658706.349609
36.2082983333333	311224287.650391
36.24278	409786025.3125
36.2776833333333	315441430.821777
36.3088166666667	457358255.506836
36.343065	132866222.7229
36.38325	581245773.888672
36.4158333333333	139605731.368164
36.4521783333333	550030423.273438
36.4847833333333	157041242.525635
36.52303	476007225.345703
36.5557133333333	138543425.39917
36.5919966666667	524542007.314453
36.62337	124008113.503662
36.66414	559562965.236328
36.695435	150022528.654541
36.7338516666667	509323366.318359
36.76561	125407119.351807
36.8020816666667	576285180.517578
36.83404	154493553.4104
36.87299	577027671.560547
36.9050366666667	163557311.81665
36.937585	571599903.570313
36.969415	199186620.375
37.0044616666667	547244359.113281
37.0396	152332623.974365
37.0730616666667	519022676.419922
37.1072283333333	195699044.822754
37.1457566666667	519587412.388672
37.180435	144855951.100342
37.2151733333333	522413050.53125
37.247195	150297360.159912
37.2824283333333	426295739.019531
37.3150083333333	234615408.912598
37.3491016666667	328296410.996094
37.3812383333333	308227026.890625
37.413735	208649424.90918
37.4496066666667	421029787.694336
37.4789133333333	165324870.39917
37.5140533333333	546397663.275391
37.5461066666667	89603572.9648438
37.5860916666667	573424116.882813
37.6170666666667	96730214.1889648
37.6577066666667	596012552.273438
37.68943	96908711.989502
37.7321616666667	606662256.507813
37.76447	133413844.437744
37.8041483333333	660166792.953125
37.83612	121438831.570801
37.8715366666667	569449342.400391
37.9028883333333	168512788.731689
37.9407583333333	600970091.503906
37.973585	114914374.317627
38.0145216666667	617564984.167969
38.0440733333333	132395025.502686
38.0848466666667	595683889.195313
38.11601	196028463.724609
38.1515516666667	571144839.722656
38.1837916666667	240662372.813965
38.22025	560015170.505859
38.2538683333333	287605651.54834
38.2891066666667	450560992.607422
38.3208116666667	274523050.425781
38.3535516666667	402535886.445313
38.386825	331748466.272461
38.418795	210227947.890625
38.45513	473324208.958008
38.4868	280657401.672363
38.5177716666667	329902814.782227
38.5539816666667	269195984.699219
38.587875	498350166.405273
38.62145	267543233.512695
38.65707	334806091.118164
38.6928633333333	408214040.792969
38.72436	280108764.750977
38.7580133333333	165439329.259277
38.795955	375710072.726563
38.8289383333333	189229448.741699
38.8669766666667	339972151.608398
38.9004116666667	199892604.557129
38.9377916666667	316219447.849609
38.9705333333333	225976696.547363
39.0072633333333	356512301.279297
39.0406316666667	202539845.609375
39.0753016666667	278184522.606934
39.110365	375557154.277344
39.142375	240384284.355469
39.1755233333333	292597446.548828
39.213815	341042564.84375
39.2471266666667	274491544.410156
39.2822066666667	425491640.331055
39.3151483333333	160471477.517578
39.3511266666667	528136229.175781
39.38246	91324343.2380371
39.42265	497968914.070313
39.4533283333333	118408973.199219
39.492625	514594615.242188
39.5237966666667	121376616.26001
39.5579083333333	483304348.755859
39.590215	152759609.395996
39.62689	432244496.578125
39.65937	154443892.635498
39.6944966666667	512383174.042969
39.7269833333333	98669528.7233887
39.7652783333333	484801523.824219
39.7963383333333	118378152.992676
39.8327583333333	423205823.030273
39.86388	167464700.542969
39.90106	489861855.775391
39.9326416666667	152454246.295166
39.970495	541969006.880859
40.00188	187629780.617676
40.0372	508546618.333984
40.0683216666667	128366272.064453
40.10745	564226281.007813
40.13962	143272622.169434
40.1758866666667	531818761.453125
40.2088333333333	165563200.711426
40.2454633333333	493097424.171875
40.2781933333333	122954356.253662
40.31804	553675179.208984
40.3496116666667	124747531.740967
40.38822	591569747.417969
40.4203666666667	145070996.269775
40.4555083333333	525392181.609375
40.4887	172717068.928467
40.5251033333333	492173920.179688
40.5569933333333	204371601.009277
40.5931133333333	542098594.810547
40.62441	150207935.979492
40.6655616666667	509680227.90918
40.6987483333333	121175467.184814
40.7360116666667	501638158.100586
40.7663316666667	123865088.15625
40.8060483333333	473462501.233398
40.83709	141354814.224121
40.876825	490703452.538086
40.9083	146768717.837402
40.9451616666667	509204332.443359
40.9744583333333	130097845.984619
41.0151	478316551.751953
41.0446666666667	135123634.253906
41.084175	545308873.556641
41.1147733333333	106362027.466309
41.1555016666667	550527156.947266
41.18469	124585722.566895
41.223025	549402483.964844
41.2548233333333	134841469.237793
41.2906	534815160.714844
41.3216033333333	137954032.098145
41.35848	447360065.191406
41.3899666666667	166693327.17334
41.4252366666667	433646397.016602
41.4575666666667	118543512.280762
41.4924383333333	516388863.132813
41.5239733333333	89319881.2067871
41.5636216666667	557512593.099609
41.5958433333333	123924137.006348
41.6333	463447523.712891
41.666825	168886374.752441
41.7028916666667	435415487.685547
41.7348816666667	186387939.821777
41.7678733333333	511273644.541016
41.7982633333333	193924711.340332
41.8340233333333	460585476.108398
41.86587	218128923.086426
41.9006333333333	551034907.556641
41.93318	198944783.876953
41.967375	590642247.167969
41.99875	156656519.725586
42.0407216666667	646885931.496094
42.0721116666667	144260206.353516
42.1104766666667	568787272.707031
42.1411116666667	226117573.977051
42.177325	485668494.118164
42.2102966666667	263452301.805664
42.2472866666667	502506760.204102
42.2792683333333	170879826.860596
42.31736	673306457.070313
42.3484733333333	125476775.268066
42.3850716666667	590996907.6875
42.4168516666667	93799753.2138672
42.4545	639671855.892578
42.485375	111022214.899658
42.519815	542227636.330078
42.5518533333333	133780835.444092
42.59078	605347819.484375
42.6218483333333	106553539.80127
42.6608033333333	593530605.802734
42.6922783333333	98101876.9521484
42.7304366666667	582738204.34375
42.762965	107365951.813721
42.802735	543798165.058594
42.8342216666667	105970204.452148
42.8768016666667	557277686.144531
42.9061333333333	113737893.942871
42.9438633333333	568093607.257813
42.97284	154273939.881104
43.0121133333333	526671918.019531
43.0438283333333	146031724.083008
43.081075	516199449.896484
43.11149	147883856.872559
43.1531283333333	573689485.144531
43.1861366666667	141767447.985107
43.22325	576406136.033203
43.255735	104494942.5271
43.2968566666667	633181119.755859
43.32875	139419067.619873
43.3674883333333	662317403.724609
43.4010566666667	129998036.764404
43.4413283333333	648356374.832031
43.47237	123127123.282715
43.50831	669455209.208984
43.5386283333333	120737774.612305
43.5759583333333	595209119.330078
43.6079833333333	175849353.003906
43.6439416666667	478755876.081055
43.67609	245999838.681152
43.7101916666667	380863482.048828
43.7428833333333	299266109.583984
43.7790433333333	322659585.961426
43.8132516666667	393660286.417969
43.8471866666667	307314563.054199
43.8813833333333	446335610.288086
43.9168816666667	349613554.46582
43.9489083333333	431132497.642578
43.9845933333333	217643291.616211
44.01804	446065454.896484
44.05229	181130082.595215
44.0834766666667	413480786.78418
44.11603	157642239.635498
44.1509633333333	480483986.101563
44.1830383333333	148000032.626221
44.2212	404567479.354492
44.2517216666667	109835304.939941
44.289195	445764325.724609
44.32036	105939997.487793
44.3595916666667	488177700.939453
44.391435	85071940.5791016
44.431395	513225068.509766
44.4636416666667	99650330.1086426
44.5026666666667	487693242.375
44.5349383333333	80850822.1635742
44.572245	457198304.9375
44.605055	143040291.341553
44.6395666666667	440229114.136719
44.6728183333333	132120800.855225
44.70912	438005865.746094
44.7423616666667	110614972.639404
44.7801683333333	439582369.808594
44.81379	91786530.9719238
44.85396	490913315.263672
44.8901266666667	116533021.548096
44.9231066666667	466305047.345703
44.958515	142145366.174561
44.9936466666667	498959078.546875
45.02603	108839797.970947
45.06425	501193454.876953
45.0940116666667	140568298.830811
45.131565	559813883.169922
45.1604766666667	99546651.095459
45.1990183333333	543852083.705078
45.23123	94088333.326416
45.2688283333333	524811595.976563
45.300545	101140454.477295
45.339265	538580218.722656
45.3696866666667	94042414.2185059
45.41254	447033613.816406
45.44426	124402745.880615
45.4851083333333	514014204.806641
45.516715	100534069.123535
45.5557883333333	522544374.09375
45.5880083333333	106154497.291016
45.6232766666667	522568427.849609
45.654385	109241134.206543
45.6947716666667	597662421.503906
45.7253983333333	69849515.8457031
45.76637	568409507.34375
45.7978016666667	94780602.9936523
45.8393433333333	615498041.808594
45.8704816666667	118820650.60083
45.9116016666667	601066032.556641
45.9435166666667	130247678.608887
45.9795666666667	583754122.925781
46.0110516666667	109883550.811279
46.0488366666667	588624574.478516
46.0809083333333	93679016.5733643
46.1188683333333	566712360.886719
46.1520916666667	129861698.170166
46.1955016666667	615138252.330078
46.2290266666667	190096134.237061
46.268335	545915872.431641
46.3008816666667	168015519.585693
46.3406566666667	615639134.800781
46.3739566666667	117673370.202881
46.4109383333333	649646729.640625
46.4440366666667	85667342.133667
46.484875	543154532.710938
46.5188783333333	58855101.4063721
46.5619816666667	556175388.160156
46.5941866666667	167014753.775146
46.6302966666667	391876202.938477
46.6641533333333	140251616.144043
46.70594	324011458.311523
46.7375533333333	95983260.1187744
46.7771933333333	534388352.449219
46.8081533333333	76681328.9304199
46.8460416666667	583679093.451172
46.87875	68383348.9807129
46.9174416666667	574664700.582031
46.95096	68617141.2418213
46.9898	523804774.414063
47.0211333333333	63038198.9750977
47.0628683333333	583565584.986328
47.0957516666667	76081807.7510986
47.139215	542170938.855469
47.17133	97007865.6955566
47.21107	514278071.503906
47.2447666666667	57509738.2498779
47.289135	482050681.695313
47.3217483333333	140338778.532471
47.3620616666667	485861552.515625
47.3939266666667	120553782.94458
47.43086	434189589.52832
47.4626466666667	147723820.977539
47.496465	535441276.25
47.5274483333333	117001675.838135
47.566345	589532129.488281
47.5982816666667	99597799.4460449
47.6368816666667	589022069.818359
47.67003	99689805.2119141
47.70983	542811148.853516
47.7441333333333	89837413.1849365
47.7852633333333	562774790.273438
47.8165966666667	89113194.7214355
47.858715	523158741.199219
47.89	77157929.0134277
47.9286833333333	484738460.759766
47.9607083333333	95855838.2600098
48.0017616666667	492926976.490234
48.0337816666667	88037970.8839111
48.072825	484410954.117188
48.104815	87756337.4082031
48.1457583333333	557273579.371094
48.1816383333333	86353201.1719971
48.2204333333333	519457983.740234
48.254415	86356353.9499512
48.291525	538424023.761719
48.326935	77087872.5491943
48.3648816666667	479809623.289063
48.39673	83252834.9702148
48.4413833333333	485597264.753906
48.4710433333333	79438835.8060303
48.51229	550500903.566406
48.5442083333333	57091096.609375
48.588035	521882099.724609
48.6191766666667	65145468.8916016
48.6596666666667	543070856.326172
48.692695	127159052.138184
48.7281966666667	489711620.421875
48.7602266666667	76404415.9293213
48.7992016666667	508934671.507813
48.83146	92471572.6850586
48.8747916666667	571873725.681641
48.9063116666667	64564199.1363525
48.9497716666667	520720591.996094
48.98229	88929319.2037354
49.022205	619390422.578125
49.0543266666667	63491285.3770752
49.0973333333333	515475679.582031
49.1302216666667	101375216.96582
49.1712516666667	502492319.375
49.20342	99161548.9255371
49.2458933333333	527021585.115234
49.276675	68841133.005249
49.31832	494651534.576172
49.3520466666667	83407196.2716064
49.3912883333333	504448937.269531
49.4234366666667	80872006.3857422
49.4606366666667	501625292.529297
49.4924616666667	71330198.4597168
49.52964	498525163.488281
49.561405	63833427.6226807
49.60562	488464603.330078
49.6371316666667	79131620.4008789
49.6766766666667	455766450.589844
49.7105766666667	97177276.1672363
49.7476933333333	474400317.539063
49.7815016666667	106991070.740967
49.8196783333333	458490152.371094
49.852465	56329133.5401611
49.89383	478597340.652344
49.9255483333333	56300569.0195313
49.9711416666667	570710776.058594
50.003775	57512008.005127
50.0478483333333	452036275.96875
50.0813216666667	50312920.5050049
50.123195	422553168.217773
50.15624	51416476.6845703
50.2003566666667	465393462.142578
50.2334766666667	43102075.5205688
50.2809466666667	435304371.248047
50.3135116666667	43996707.0667725
50.3580783333333	435559937.011719
50.3900766666667	27144513.6149902
50.4359333333333	372161892.432617
50.4683183333333	74778374.6368408
50.50441	273623750.316406
50.5373366666667	51659261.9106445
50.57914	408089532.306641
50.6108166666667	55086319.0014648
50.6570083333333	420764386.109375
50.687275	56430369.5093994
50.7319566666667	440762126.048828
50.76273	79275183.8516846
50.8036283333333	433069865.302734
50.8348783333333	77249385.7585449
50.8745583333333	444713320.902344
50.9058466666667	62230050.6265869
50.946545	427330508.605469
50.9777683333333	79808755.3216553
51.0195466666667	520878893.005859
51.0514416666667	66103604.8345947
51.097535	462697650.074219
51.1295916666667	81351352.9274902
51.1714583333333	551993085.873047
51.20348	48526913.1992798
51.24974	444951342.108398
51.280985	94933368.8492432
51.3224666666667	432415538.393555
51.354005	66691288.6014404
51.4013216666667	435040284.082031
51.434575	94509321.6936035
51.4795483333333	421422481.035156
51.5094016666667	103204690.424072
51.5499716666667	411087052.825195
51.58016	97787763.3703613
51.6200316666667	319722470.481445
51.651605	143620877.17749
51.6869883333333	432402582.110352
51.718685	84282914.6611328
51.7575616666667	394210250.629883
51.7903	46448859.6241455
51.8306366666667	411153764.012695
51.86318	67082761.7297363
51.9005616666667	405701627.552734
51.93361	64991106.8721924
51.9733716666667	455755132.957031
52.0043016666667	73280205.239624
52.0421966666667	485644502.34375
52.075555	50614557.5042725
52.1185416666667	433826898.763672
52.151695	73569692.3702393
52.1971966666667	435830445.151367
52.2293366666667	61455243.4052734
52.273965	472584638.132813
52.305705	52800489.3076172
52.3495516666667	463173337.341797
52.3830266666667	55858783.4459229
52.42571	452513879.167969
52.4581433333333	50607285.677002
52.5042633333333	425989423.560547
52.53781	59024483.5560303
52.5781116666667	399680096.975586
52.611195	72597786.9492188
52.6521133333333	451157496.9375
52.684555	48918114.7338867
52.7293416666667	390956795.629883
52.760035	64171708.9274902
52.8032116666667	370940858.510742
52.8355616666667	58754908.9904785
52.8802416666667	343597002.529297
52.912325	40359110.840332
52.9556683333333	350823764.28418
52.9873166666667	49893646.6000977
53.0316033333333	359634307.501953
53.062645	39670495.7567139
53.1071833333333	327109833.342773
53.138245	64637464.1303711
53.17857	371801769.175781
53.2103016666667	59513327.1607666
53.2500416666667	381149614.931641
53.2819883333333	53297265.9102783
53.32328	304792228.686523
53.35653	112741616.446533
53.3953683333333	254296708.555664
53.4258016666667	182404277.402344
53.4605133333333	179235129.955078
53.4963683333333	244673192.760742
53.53024	161727626.697754
53.5680566666667	305107294.357422
53.600935	107611388.860596
53.6412683333333	403636407.702148
53.6728233333333	66605937.6658936
53.71198	486956822.792969
53.743685	45725784.8617554
53.78564	471982120.121094
53.8171216666667	48838371.4035645
53.858755	410948430.458984
53.88992	53486408.895874
53.932725	415753188.517578
53.96633	55691377.7344971
54.0113066666667	409072275.980469
54.04234	36026601.6803589
54.087855	327994990.332031
54.118505	42561123.411499
54.1633866666667	339199766.844727
54.195295	57076997.1188965
54.23502	350138783.407227
54.2677716666667	35397631.6123657
54.3145816666667	314106015.25
54.3477033333333	77792492.951416
54.3875316666667	367951833.586914
54.4198866666667	78666257.0510254
54.4562066666667	453433918.40625
54.4879333333333	50935022.5739746
54.53312	391980364.361328
54.565525	82496462.0960693
54.6060366666667	443329199.171875
54.6387933333333	65279363.0484619
54.6832833333333	453387521.713867
54.7132566666667	32560123.874939
54.76089	335030133.644531
54.7930733333333	95461780.1889648
54.8317966666667	478991619.612305
54.864675	41962118.2432251
54.9106183333333	450114292.087891
54.9430383333333	42083477.8456421
54.9865633333333	455535903.418945
55.018675	51145050.4219971
55.0592383333333	403011402.524414
55.0931333333333	26944058.2598877
55.1398666666667	407435582.795898
55.17135	37731845.2282715
55.2136433333333	407284294.904297
55.2456683333333	52326713.2437744
55.2885916666667	368748857.435547
55.3210333333333	48743427.0704346
55.3682633333333	398977842.526367
55.3993766666667	49391126.5859375
55.4437383333333	355216663.648438
55.4754116666667	49608379.6032715
55.5175633333333	379897226.62793
55.5496233333333	41757310.2318726
55.5933433333333	398600758.78125
55.62693	50766647.4628906
55.6704633333333	444348558.615234
55.702865	54140656.7939453
55.7420133333333	345559222.634766
55.7740683333333	84467544.0407715
55.812265	219949171.893555
55.8482016666667	120884385.525879
55.885925	276433532.12207
55.91937	94823041.6022949
55.9596	294137535.220703
55.9937433333333	36096763.7567139
56.039515	314906271.833008
56.0717133333333	22728102.0282593
56.1171966666667	239352939.553711
56.150165	48391348.6293945
56.1937216666667	308376006.640625
56.2263766666667	41482691.2149658
56.2698366666667	308110969.467773
56.3024183333333	50351114.8720703
56.3425316666667	324594699.834961
56.3743683333333	54316438.5079346
56.4187666666667	340062572.411133
56.4511283333333	28917536.0283203
56.4996733333333	287571353.984375
56.5328933333333	98643687.8803711
56.571995	388734700.108398
56.6036366666667	46000571.9396973
56.6467866666667	376789313.177734
56.679405	57854691.4312744
56.7211383333333	401158340.913086
56.7543966666667	36745789.6903687
56.8003016666667	329179800.064453
56.834695	56724650.4492188
56.8796516666667	428625192.72168
56.91122	28691915.7156372
56.95757	280295878.162109
56.9901483333333	49085666.8206787
57.035575	331911954.90625
57.0684	39514154.2178345
57.1133183333333	355861959.588867
57.14639	52167851.5692139
57.189885	363466671.00293
57.2220266666667	36551807.7159424
57.268045	303462746.604492
57.3011333333333	45439523.6186523
57.3467183333333	349641037.503906
57.3787233333333	36286357.1859131
57.4267383333333	317244326.640625
57.4597	43371466.2943115
57.5022966666667	265655211.661133
57.53786	80238091.4000244
57.5789683333333	156071620.09082
57.6131833333333	66561328.2559814
57.658125	85068646.453125
57.6998716666667	105229533.243896
57.739545	74012718.1462402
57.781905	86227542.7050781
57.8257066666667	68631541.8414307
57.867365	161049725.380371
57.9029616666667	68011432.5432129
57.94428	239783231.207031
57.9779933333333	57522657.8981934
58.0202783333333	209625364.603516
58.0544066666667	63767806.6665039
58.091555	307386235.577148
58.1243183333333	36252104.067749
58.1687916666667	325778680.849609
58.2002866666667	28154383.5304565
58.24546	324173023.908203
58.2780466666667	33104326.7807617
58.3205216666667	355683127.499023
58.35179	40184794.5879517
58.396175	388410435.09375
58.4278933333333	42969487.2064819
58.4710366666667	405283398.570313
58.5027483333333	42442078.2266846
58.546115	416100314.805664
58.5784266666667	26831027.0415344
58.6275866666667	382464344.251953
58.65988	52835396.3493652
58.7034316666667	389118986.864258
58.7360916666667	32577943.9387817
58.7821883333333	294000994.004883
58.8165266666667	68508337.8616943
58.85857	397204656.267578
58.89088	26933283.7711792
58.937405	282783678.673828
58.9721133333333	61261670.0257568
59.0172266666667	332553767.783203
59.0508183333333	20988557.1084595
59.0980316666667	246179963.671387
59.1343216666667	103075226.36084
59.1740583333333	351442887.888672
59.20843	39805315.2772827
59.2540233333333	342903701.262695
59.2869466666667	44200891.472229
59.33008	421328506.758789
59.3609033333333	27666300.3377686
59.4085233333333	375881891.249023
59.4425883333333	43976727.9204102
59.48331	334147373.47168
59.5163116666667	43733052.5338745
59.55862	296257507.959961
59.5930716666667	29046410.0048218
59.6388566666667	261080761.381836
59.6718816666667	76923050.9442139
59.7098366666667	278095166.03125
59.746	32220760.2580566
59.791835	257058928.625
59.826265	24435959.6425171
59.8738733333333	196810584.364258
59.9103133333333	44153737.4639893
59.955925	212244688.084961
59.99201	25540167.4807129
60.0372433333333	197219036.385742
60.07175	38640496.552124
60.1129733333333	252322922.304688
60.1466666666667	26751482.9801025
60.1904816666667	231303358.232422
60.22551	27360601.8848267
60.270975	212675832.776367
60.3041033333333	29119331.6879272
60.347185	282447594.245117
60.3801316666667	19691294.8739624
60.423825	255461056.114258
60.4575033333333	27721666.4646606
60.5044083333333	275125880.55957
60.53596	36527750.9604492
60.5794083333333	303166479.541016
60.6122816666667	28626628.619812
60.6584	289054517.735352
60.690985	59056883.0871582
60.7310216666667	321294099.19043
60.7636783333333	29983596.7127075
60.8107066666667	283050070.024414
60.8434016666667	51739616.3548584
60.886395	272607431.786133
60.9206716666667	34617538.796814
60.968075	280539090.067383
61.0044633333333	25030621.3948364
61.048635	233171415.73877
61.0824933333333	29714923.9564209
61.12979	218906212.378906
61.1669016666667	34669165.7068481
61.2147816666667	249378961.958984
61.249285	22287428.9940796
61.2974116666667	215945431.806152
61.3323633333333	46272539.7078857
61.3762033333333	310520623.069336
61.4090933333333	18871970.5640869
61.456145	208668904.969238
61.4897166666667	56574351.0626221
61.5342	312602763.879883
61.5670566666667	12147197.2054749
61.6165016666667	202607109.070313
61.6498883333333	30669998.7759399
61.6966616666667	252868040.004883
61.7308416666667	28194051.4536133
61.7775383333333	223601732.672852
61.8083416666667	34751737.8673096
61.85371	253519374.479492
61.88636	22312308.5463257
61.9333616666667	215854878.658203
61.966535	30406768.6821289
62.0131916666667	250218856.62207
62.0456516666667	39811665.5967407
62.09056	243837468.865234
62.1260166666667	33812642.5775146
62.1684783333333	283852193.942383
62.2016166666667	24629979.5031738
62.246405	283535891.050781
62.2793766666667	18741879.6723938
62.32709	329113285.50293
62.3595833333333	22906532.1922913
62.4054616666667	299481730.480469
62.4374416666667	12835122.7948303
62.4862566666667	287138874.044922
62.5184833333333	31044444.0386353
62.56315	303709213.951172
62.5965133333333	19383015.1701965
62.6444116666667	260755429.427734
62.6769566666667	24345962.2894287
62.7219216666667	229136350.811523
62.7555483333333	43997763.800293
62.7994516666667	293465890.283203
62.8334816666667	18442696.5025024
62.880935	222801373.830566
62.9131633333333	49383194.74646
62.957945	285368694.319336
62.9916	19848583.8125305
63.0379216666667	214452760.669922
63.07364	44821692.3516846
63.1204	264274028.024414
63.1575433333333	16195110.4494019
63.2050666666667	256432876.84082
63.23674	26985153.3421631
63.2819883333333	220071001.946289
63.315295	43549853.8651123
63.360305	119548704.38208
63.3931016666667	66706025.0584717
63.43359	72582553.3305664
63.4746933333333	82864502.9863281
63.517195	59045996.4962158
63.5562016666667	165668684.717285
63.5899933333333	39632381.4216309
63.6321633333333	194108430.229492
63.66611	24353680.8566284
63.7127116666667	216809998.125
63.74933	20747521.4443665
63.798055	195473864.432617
63.8339966666667	36420979.6818237
63.8796566666667	248947393.661133
63.9151383333333	18832943.9542542
63.9610133333333	210531678.473145
63.9942716666667	59825102.2078857
64.036485	302255720.806641
64.07019	12403381.2115479
64.1195766666667	210167938.400879
64.154195	42100679.314209
64.1988916666667	282556908.676758
64.2329116666667	14251786.3442688
64.2814716666667	205622843.188477
64.31663	47055326.09729
64.361365	280785578.839844
64.3960683333333	11626922.6045532
64.4452783333333	196951564.262695
64.47846	44248882.2263184
64.52393	192833404.648438
64.55814	34286964.1304932
64.60223	239642939.544922
64.6339233333333	23200731.8355103
64.68195	219858428.607422
64.714445	30331290.7373657
64.76164	249371238.368164
64.793885	12616172.294342
64.8431333333333	195076120.950684
64.8757666666667	56644744.3516846
64.9200433333333	265525526.439453
64.9528933333333	51735822.2834473
64.9947083333333	290171286.626953
65.0275366666667	39126680.05896
65.06886	310957331.064453
65.1006966666667	28294170.7282104
65.1463533333333	375082079.776367
65.17827	31270127.0844116
65.2237683333333	372453489.027344
65.2563566666667	19040722.9569092
65.3043116666667	290830814.621582
65.33852	63300554.6461182
65.3841183333333	350756401.279297
65.4183566666667	12671202.7371063
65.4674516666667	270785145.486328
65.5030183333333	73881159.8409424
65.5456116666667	352369510.897461
65.5800133333333	6989567.00500488
65.6305566666667	247137139.15918
65.664505	22034029.1655273
65.7120516666667	271306616.443359
65.7454183333333	21323928.138031
65.7925883333333	248549692.669434
65.8263583333333	22937280.5933228
65.8753166666667	218242426.922363
65.90957	23845053.6279297
65.9573966666667	222663802.015625
65.993345	9587104.89927673
66.042655	196926853.434082
66.0743233333333	27528416.6777344
66.1226583333333	224002562.098633
66.1541416666667	6838785.5464325
66.2047466666667	176771260.990723
66.2378183333333	16587644.691864
66.2855466666667	197716895.696777
66.3185533333333	16641563.6657104
66.36746	177102008.388184
66.4033	28649666.7514038
66.4467666666667	210519803.992188
66.4800033333333	11592478.9576416
66.52724	170202755.49707
66.56109	24106868.2803955
66.6089433333333	199843170.645508
66.64263	21461252.2560425
66.6882866666667	208120146.728516
66.7207883333333	15305741.3288269
66.768965	203647828.35498
66.8033333333333	12437035.9353333
66.852265	215771417.205078
66.8850516666667	21317263.1835632
66.9316033333333	254438822.65332
66.96372	15612374.4638977
67.0134066666667	231253116.651855
67.0490533333333	24389650.6365051
67.09823	242600624.071777
67.130085	17249871.0753479
67.1780683333333	230249268.434082
67.2117033333333	28388657.7790527
67.2569183333333	261642380.686523
67.2903416666667	14688498.0931091
67.339225	217259194.099609
67.3746116666667	31212884.4581299
67.422265	238434434.591797
67.4556983333333	18045194.1020813
67.5044666666667	224960730.569336
67.53884	21693585.2745056
67.585715	321754251.073242
67.61848	14473408.0110474
67.6669266666667	274045149.835938
67.6986516666667	17149399.9284363
67.7474583333333	217499506.772949
67.7807166666667	21766691.2370605
67.827995	155950456.323486
67.8643183333333	14547767.2270813
67.91414	210510783.02002
67.9480766666667	18059316.9528198
67.997195	245827382.630859
68.0332133333333	17965847.9853821
68.08226	208400089.694336
68.1193683333333	7771222.65606689
68.17028	273336732.68457
68.202755	6204892.42277527
68.253755	207013798.32373
68.2874316666667	13959795.4033203
68.3366483333333	197532835.00293
68.3707316666667	15287319.9949646
68.4197383333333	170233953.911133
68.4550533333333	22399543.7592773
68.5043083333333	176906765.057129
68.5383233333333	11962384.4566345
68.5875816666667	192768690.072754
68.62221	18540225.817627
68.6692883333333	200467034.496582
68.7022616666667	34351780.2393799
68.7435066666667	258094826.175781
68.7759583333333	16685096.5778198
68.8221716666667	230973292.559082
68.8550066666667	27602683.2875977
68.9021716666667	294113943.942383
68.9343966666667	16936490.7233887
68.9829633333333	353673505.853516
69.0147233333333	13070272.3422089
69.0634216666667	270620969.421875
69.0968283333333	20760573.6954956
69.1458683333333	260531646.083008
69.1807583333333	12999208.780014
69.2295683333333	224725294.610352
69.266375	21639224.6974182
69.3134916666667	201425349.471191
69.3477783333333	12822724.1238708
69.3967633333333	183186043.706055
69.4312266666667	19436851.1473389
69.4784133333333	176405168.911133
69.5125316666667	23050700.0993958
69.5595033333333	184439133.952637
69.5931516666667	13164215.1738129
69.6425083333333	190439708.084961
69.6755666666667	18353205.7808838
69.72463	182580351.774902
69.7588416666667	16297186.6460571
69.80745	167854256.873535
69.84401	13964534.5891113
69.8933916666667	175947059.037598
69.9285466666667	11173158.1588593
69.9790383333333	189011926.092773
70.0133783333333	6857265.3140564
70.06482	166416605.791504
70.0992833333333	12067042.2623596
70.148565	183662941.415039
70.1820666666667	19808388.2411194
70.2309233333333	184850267.730957
70.2650666666667	24202828.240509
70.31378	202657858.341309
70.34584	11981317.2071381
70.3953116666667	195074405.391113
70.43069	15197160.078949
70.4803566666667	202106957.773926
70.5140433333333	12391118.0270386
70.5637566666667	180904433.558594
70.6021033333333	9769681.26507568
70.65226	182992198.730957
70.6887583333333	15091543.0090027
70.7364016666667	152216018.250488
70.7727816666667	3986100.77778625
70.825835	149836722.246094
70.857725	12148969.1431274
70.9061683333333	138043797.130859
70.9385783333333	6018299.78224182
70.989535	129654963.796875
71.0248083333333	5215927.75190735
71.0762216666667	130926219.655762
71.1090133333333	6295250.75160217
71.1591216666667	130762806.970703
71.1916	6041955.28842163
71.2426883333333	153603878.771484
71.276225	7779492.9863739
71.3255716666667	141691192.018066
71.3582216666667	7264637.75682068
71.4081116666667	158701428.94043
71.4415866666667	8691606.64962769
71.4905566666667	158677213.652344
71.5225583333333	15943048.7208862
71.57097	168138375.206055
71.60662	20548483.9436646
71.6532733333333	189174809.884277
71.6908016666667	4722482.79944611
71.7426633333333	195169358.231445
71.7764066666667	27937867.2531128
71.8196366666667	255614046.635254
71.854645	4745617.42240143
71.906775	214894985.214355
71.9390816666667	33318832.6784058
71.9852866666667	119651700.79248
72.0248283333333	4525031.94954681
72.077515	217915545.076172
72.1106266666667	15415425.1632996
72.1585166666667	247923455.713867
72.1938	4377142.03757477
72.246635	186202131.691406
72.28197	13063859.0691223
72.331205	202277234.163574
72.36642	4433771.18653107
72.4202416666667	199266484.319336
72.4543666666667	10486136.4282227
72.5048816666667	205292912.928711
72.5394933333333	19410154.389801
72.5882433333333	201757723.737793
72.6263	10004898.1285248
72.67658	203587662.178711
72.710245	15168287.5121155
72.759085	189605062.916992
72.7939	23377034.0602722
72.8430616666667	232015643.262695
72.877725	4706305.204422
72.9306116666667	200229658.994141
72.96509	11672408.0699615
73.0150983333333	209789105.906738
73.049465	11495950.1292877
73.0991816666667	202922308.608398
73.1325566666667	11460916.6762238
73.1807883333333	191032920.445313
73.2149716666667	12720102.4135132
73.263905	199627253.19873
73.3000533333333	20082196.6712646
73.3495983333333	173949499.547363
73.38278	4558963.58880615
73.43588	168114244.005859
73.4706733333333	6421388.62838745
73.5224283333333	138719678.497559
73.5581616666667	5794111.59616852
73.61029	139495735.21875
73.6452633333333	7370428.21617126
73.696245	154032618.757324
73.728365	6419724.28410339
73.7788183333333	149256411.436035
73.8104266666667	4208119.17825317
73.8636833333333	161139259.544434
73.896185	7505176.76191711
73.946415	148565513.756836
73.9778333333333	9986426.271698
74.0253916666667	169830873.700684
74.05943	12631123.5631104
74.1087533333333	188845849.977539
74.142805	8695673.78683472
74.1917416666667	216565287.354492
74.2259733333333	10303692.7941895
74.276305	225166076.602051
74.308715	9059012.56594849
74.3597833333333	232484571.365234
74.3941416666667	26277587.0493774
74.4422633333333	261410766.057617
74.4761716666667	5106917.27545929
74.5288733333333	214317488.414063
74.5676933333333	11231354.133606
74.6189716666667	209216169.548828
74.65424	10607739.6639862
74.7055333333333	224960153.071289
74.7392833333333	7231419.14096069
74.790295	194195326.352051
74.82283	6136361.55199432
74.875415	192160703.225098
74.9080066666667	6318145.31515503
74.96081	181866249.694336
74.993965	6038838.94487762
75.04664	192063738.658691
75.0811283333333	7125350.43037415
75.132235	174525838.063477
75.16871	6244231.62844086
75.2206533333333	175433318.364746
75.2572333333333	4518476.60998535
75.310285	153589503.857422
75.34401	6491701.64778137
75.3955733333333	151017736.813477
75.429065	4380470.22349548
75.4827566666667	152165442.581543
75.5168066666667	4260170.8234787
75.57048	131123163.611816
75.6070383333333	4088830.54035187
75.6610833333333	146007363.108887
75.6939466666667	4005017.42504883
75.7480333333333	121829982.003906
75.7837483333333	3984699.95394897
75.83764	118431272.938965
75.8683916666667	4584244.58956146
75.9210483333333	118031336.772461
75.9550916666667	4308657.64463806
76.0087533333333	127097047.296387
76.0440383333333	4031909.98106384
76.0981733333333	112901339.248535
76.1322333333333	4144695.55841827
76.18588	112944071.978027
76.22057	4798709.06343079
76.2744616666667	115574069.070313
76.30865	4355052.96923065
76.3629466666667	158984858.638184
76.3972016666667	4388001.81036377
76.4513716666667	143417976.500977
76.484625	4456461.51543427
76.5391733333333	139990774.13916
76.574805	4374336.59301758
76.6298083333333	142364312.522461
76.6668583333333	4426310.38863373
76.7214616666667	149225224.714844
76.7545783333333	4410448.55658722
76.8091533333333	155665373.963379
76.8438316666667	4384623.74478149
76.897945	151172472.780762
76.93273	4250130.79924011
76.986085	136522996.271484
77.0183566666667	4388340.70608521
77.071945	150194088.258301
77.104075	4429564.58840179
77.1583966666667	145930091.657227
77.19252	5246791.29373169
77.245755	167413337.886719
77.2792066666667	4889619.62438202
77.3326433333333	161606767.564453
77.36563	5708814.20176697
77.4198116666667	174025833.445313
77.4545066666667	6625547.27279663
77.5073033333333	195083548.012207
77.5431883333333	7739798.61560059
77.5945366666667	167806109.479004
77.6313416666667	4757231.47647095
77.6844466666667	155953823.535645
77.7218733333333	4666736.46936798
77.77502	135512865.400391
77.8128133333333	5015267.75430298
77.8659166666667	116573039.750488
77.9018033333333	4441693.63481903
77.95614	128608447.150879
77.9913883333333	4522385.87876892
78.0460333333333	127821451.795898
78.0805466666667	4275858.36347961
78.13453	139977014.404785
78.1684216666667	4298433.43279266
78.2232533333333	134506847.915527
78.2571366666667	4404006.23286438
78.311895	166583209.723145
78.34465	7689633.68876648
78.39476	170485287.206055
78.427905	4526283.0560379
78.4823033333333	166634930.769531
78.5148716666667	7321414.49960327
78.5662283333333	159685360.833984
78.60181	4607258.3405838
78.6562733333333	169780385.657715
78.6908	4449314.35729218
78.74491	151499592.421387
78.7787483333333	4535879.72187042
78.8325533333333	133369538.210938
78.8655233333333	4493512.05459595
78.9188566666667	116200156.158203
78.9537866666667	4514623.05049896
79.0077816666667	146322197.436523
79.04375	6556255.36271667
79.0955566666667	136275397.933105
79.1305816666667	4529579.11416626
79.1844416666667	140314828.446777
79.2192633333333	4579072.86941528
79.27382	170268386.473145
79.3067066666667	4527910.04560089
79.3604533333333	187413563.095215
79.39103	4683540.33082581
79.4454483333333	179567050.122559
79.477835	4580811.23858643
79.5314583333333	164806650.200195
79.562535	4584526.3274765
79.615955	178304463.521973
79.6477216666667	5203278.37107849
79.7004266666667	166946900.736816
79.7338133333333	4406608.19184875
79.7875983333333	156808118.740234
79.8206466666667	4517045.40375519
79.874835	164071761.176758
79.908675	5151066.84420776
79.9614633333333	169901206.455078
79.9937683333333	4383467.43636322
80.0472166666667	137076839.109375
80.079995	4385656.92931366
80.1342583333333	163953054.710449
80.166025	4545589.66672516
80.219605	173457828.390137
80.252035	5779795.84410858
80.3041133333333	162483825.141113
80.3362016666667	7550386.50553894
80.387775	184390598.946777
80.4211133333333	4619303.03171539
80.4736816666667	159634137.658691
80.5082833333333	8617249.8918457
80.5591516666667	177629160.757813
80.5918733333333	4540300.41831207
80.6439233333333	176478810.318848
80.675505	4335965.74719238
80.7291866666667	158922024.320801
80.7609866666667	4111276.27800751
80.8144116666667	136176455.263184
80.8479983333333	4209743.45798492
80.9013033333333	154175322.208008
80.9362883333333	6544184.3927002
80.9864066666667	168705090.642578
81.0191566666667	13325253.3262787
81.0678883333333	183980387.641113
81.1018933333333	11268826.9269714
81.152045	177142224.730957
81.1846333333333	30240232.1970215
81.2321983333333	202246512.759766
81.2649716666667	10009531.5842285
81.3156583333333	209735354.911621
81.35229	5918921.07473755
81.4040433333333	207913413.711426
81.4371033333333	11761566.4393616
81.4855216666667	208739000.99707
81.5188533333333	9825391.53424072
81.5692516666667	198561634.646973
81.6046283333333	8502321.95855713
81.655155	185032750.693359
81.6887516666667	7592832.46307373
81.7385966666667	199791671.77832
81.7713116666667	10388818.7398529
81.821785	215889976.978027
81.8556	6703668.22309113
81.9085416666667	212465899.647461
81.9436983333333	15888990.4196167
81.9919616666667	213550736.144531
82.0290266666667	7298802.29519653
82.080545	227855032.996582
82.1147766666667	7293154.88404846
82.1668683333333	253840691.585449
82.20128	10724862.7358398
82.2527116666667	265732577.49707
82.28674	16900505.8700562
82.336485	258312608.397461
82.3710866666667	15512658.1474152
82.4189433333333	290904744.917969
82.4535516666667	15487353.987793
82.5011616666667	265552001.17041
82.535655	5908595.813797
82.5885783333333	257241141.586426
82.623595	9037919.66513062
82.6749033333333	241689894.226074
82.70807	5580569.426651
82.76125	225987512.551758
82.7945066666667	5707160.62284088
82.8481466666667	202478142.954102
82.8799716666667	5340275.82982635
82.933465	172898530.218262
82.9670733333333	4881946.81827545
83.0190833333333	146036576.999023
83.0516216666667	4773353.00283813
83.106055	139923034.319336
83.1390933333333	4723545.35022736
83.1935416666667	118209739.257324
83.2273466666667	4561591.44165802
83.2820966666667	118546117.705078
83.3167833333333	4564709.44003296
83.3708333333333	129090358.76123
83.4048583333333	4641420.93822479
83.457815	120531514.505371
83.4931716666667	4696193.45015717
83.54743	117746606.328613
83.5842283333333	4771580.1595993
83.6383083333333	129191824.550781
83.6715333333333	5327029.09118652
83.724585	155373614.602051
83.7582916666667	4754751.11107635
83.8127616666667	145149777.126953
83.84562	4716868.37168884
83.8992683333333	112769182.977539
83.9332583333333	4576899.34069824
83.9877733333333	109459475.830078
84.0226783333333	4590462.19339752
84.0764216666667	114638819.953125
84.110625	4649523.86839294
84.164815	80044047.2431641
84.2040083333333	4501364.5994873
84.2581533333333	96399662.1013184
84.2952083333333	4646298.10169983
84.3500216666667	132926861.084961
84.384835	4720473.85951233
84.43964	110129566.33667
84.47705	4866083.29638672
84.5310866666667	108980842.135742
84.5663283333333	5109783.82278442
84.620965	124167784.897461
84.6591216666667	5281701.03619385
84.7133883333333	171612494.130859
84.7499683333333	5496343.02912903
84.80411	148766873.078613
84.8394783333333	5676692.93527985
84.8938	140244254.127441
84.92944	5563981.11714935
84.9845616666667	138140990.119629
85.0224283333333	5362924.80543518
85.0768	118739999.945801
85.1139366666667	5173380.32776642
85.1684866666667	86035613.2749023
85.206305	4802227.26039886
85.2606583333333	91834054.175293
85.2989966666667	4657770.38774109
85.3528866666667	80764855.5893555
85.3900716666667	4682609.78032684
85.44534	73910517.7421875
85.4866266666667	4545966.02604675
85.5412966666667	86188015.4953613
85.579565	4648604.28746796
85.6347066666667	90814592.0734863
85.6755016666667	4585966.42139435
85.73059	68261305.4621582
85.772585	4382040.66216278
85.8275066666667	57182743.940918
85.87013	4205824.24694824
85.925115	44413893.2298584
85.9659733333333	4166866.18627167
86.0211483333333	45564963.3001709
86.059585	4291280.65937805
86.1147166666667	46325443.8100586
86.1579466666667	4386595.20532227
86.2129133333333	52321973.4375
86.2539816666667	4397347.50917816
86.3092266666667	60033849.7431641
86.3475533333333	4359485.2301178
86.401375	56761426.7269287
86.440815	4231206.28696442
86.4955916666667	50441831.3830566
86.5363283333333	4262920.57286072
86.5903716666667	48398993.5585938
86.634855	4302484.9702301
86.6894633333333	51417059.7067871
86.7342966666667	4262543.45535278
86.7891266666667	33932444.520813
86.8330283333333	5709412.52363586
86.884495	23042135.9475098
86.930425	13475686.2696838
86.9797583333333	33397676.4802246
87.0235283333333	3527486.8344574
87.0792016666667	28395693.1778564
87.1259616666667	3910064.21424866
87.1808433333333	28578476.7990723
87.22475	3591126.26918793
87.2795683333333	24897927.9784546
87.3269233333333	3494976.42216492
87.3821733333333	20386331.6033936
87.4286383333333	3456981.88781738
87.4835616666667	16764205.6420898
87.5318466666667	8003919.10229492
87.5817783333333	6492382.81173706
87.6311283333333	10393674.9536133
87.6803016666667	14031108.7462158
87.72597	7161476.36895752
87.775975	9771698.27139282
87.8232516666667	14487610.1571655
87.8700816666667	7442921.67993164
87.91958	9890665.12942505
87.9679266666667	15467231.8066406
88.0162616666667	15464637.6322021
88.06432	10748023.1560059
88.1135316666667	22918188.3896484
88.1605716666667	4686817.29218292
88.2142983333333	24959748.140625
88.2584133333333	7262866.65000916
88.3094916666667	29489939.812439
88.3561666666667	4289290.30580902
88.41176	28517398.5043945
88.4555216666667	4090581.8095932
88.5104433333333	23704615.2990112
88.5525066666667	3891443.94026184
88.6058583333333	7002346.77076721
88.6556916666667	3478334.51902771
88.71129	11639699.6375427
88.7591066666667	10043261.6837769
88.8074916666667	10098893.9265137
88.8554983333333	12085082.3847656
88.9017783333333	7539720.71327209
88.950865	8324209.87731934
88.9995316666667	7946796.4800415
89.0479583333333	6789492.17852783
89.0978016666667	9596804.60128784
89.146915	12201745.7238464
89.1958183333333	8139397.28871155
89.24528	8261170.5953064
89.294355	3730113.6944046
89.3495333333333	5825374.59381104
89.401375	4510025.56216431
89.45377	4816763.77458191
89.5064366666667	5624627.79792786
89.5576766666667	4161449.98442078
89.6105183333333	3058792.2922821
89.6644516666667	3692235.06742859
89.718375	4718668.32043457
89.7694116666667	5081629.99874878
89.8202633333333	6244185.24630737
89.8705033333333	5713855.15641785
89.920725	3318498.21160889
89.9740233333333	3030498.82357025
90.0285466666667	4253285.68122864
90.0815416666667	6392174.69473267
90.1318766666667	4509250.71379089
90.1838166666667	5435160.05081177
90.2344933333333	3113684.13565063
90.2898733333333	2987440.2919693
90.3451033333333	3047713.10774994
90.4008633333333	3472568.59313202
90.4542566666667	4471185.49926758
90.506525	2911602.18605042
90.5619483333333	2868091.67070007
90.6168116666667	2991152.69924164
90.6717116666667	2788086.25366974
90.7261066666667	2755269.70845032
90.7816766666667	3794518.24294281
90.8339383333333	2719265.93395233
90.8889666666667	2773850.24539948
90.9437483333333	3395057.29256439
90.9971883333333	2799599.47873688
91.05198	2692739.73911285
91.10603	2941827.52545166
91.1606716666667	3034901.94882202
91.2156083333333	3854848.75401306
91.2691433333333	3163796.16921997
91.32409	3205853.39466095
91.379705	3086824.55182648
91.4350933333333	3190804.76681519
91.4911066666667	3102646.99655914
91.5460616666667	3242955.49734497
91.6013766666667	3224430.84468079
91.656955	3262596.63514709
91.7121516666667	3491888.63218689
91.766355	3680871.48628998
91.82111	4084201.83795929
91.87625	10269642.9032288
91.9258516666667	12667154.5901489
91.97476	4374592.00688934
92.03013	11969090.7934875
92.0791933333333	4260291.7491684
92.134605	4616999.12125397
92.1869716666667	3908385.24532318
92.2414466666667	5437089.68026733
92.2931266666667	3567434.33648682
92.34834	3326181.77143097
92.403525	3364842.32831573
92.458905	3127775.07361603
92.513815	3276630.45326233
92.568815	3249046.38609314
92.6230066666667	3395116.61550903
92.6781633333333	3310279.99317169
92.7325016666667	3838844.25856781
92.785925	4753902.77067566
92.8378383333333	3218868.81552887
92.8916816666667	3265561.24576569
92.94788	3678480.16133881
93.0024283333333	3217131.01901245
93.057635	3046074.96178436
93.1126133333333	3095281.08985901
93.167535	3025493.86421204
93.2220266666667	2999255.06620026
93.2772166666667	2864231.64897919
93.3319166666667	2882620.14015198
93.3867416666667	2899957.60713196
93.44123	2841522.91936493
93.4949966666667	2726001.70587921
93.5508466666667	2869363.12961578
93.6059633333333	2777403.64703369
93.6613283333333	2815171.12688446
93.71616	2796107.9172287
93.771235	2805778.98610687
93.8259033333333	2698597.47085571
93.881015	2628951.87828064
93.936165	2609474.91213226
93.9916966666667	2622588.73204803
94.0472666666667	2647432.650383
94.1018816666667	2633612.91265869
94.15693	2646311.98593903
94.2124583333333	2603206.79469299
94.2673266666667	2614718.51541901
94.3216533333333	2688204.03121948
94.3768966666667	2755840.53907776
94.4319366666667	2859793.36872101
94.4865416666667	2921362.51955414
94.5413133333333	3043210.01644897
94.5969783333333	2944045.83027649
94.652175	2886314.72597504
94.70779	2832690.33106995
94.763415	2840499.02974701
94.8180683333333	2732704.60375214
94.871875	2865213.96216583
94.924865	2758849.56289673
94.9793666666667	3009699.55767059
95.03437	2990600.61461639
95.08842	2977246.6461792
95.14086	2981085.50827026
95.195005	3084538.97102356
95.2497533333333	3031727.23299408
95.3044416666667	2940645.79433441
95.3589533333333	2893667.88369751
95.4145433333333	2888013.0915451
95.4696083333333	2882771.26990509
95.524695	2738979.36712646
95.5800733333333	2784982.14185333
95.6350816666667	2690174.78162384
95.6905166666667	2600303.16423035
95.7454816666667	2533383.1915741
95.80028	2456591.65023041
95.8534133333333	2546386.80812836
95.9076883333333	2525757.51886749
95.9611633333333	2597775.01248169
96.0155366666667	2574624.83386993
96.0696966666667	2543869.35838318
96.1244416666667	2466226.80254364
96.1792766666667	2589068.12489319
96.23405	2551355.56593323
96.28878	2476723.81163025
96.3438666666667	2552651.69708252
96.3985083333333	2489925.25218964
96.4518383333333	2565993.05984497
96.50659	2615451.26638031
96.5611033333333	2584111.5687561
96.61619	2582343.5240097
96.6709933333333	2590752.52303314
96.7255433333333	2583097.20865631
96.7803066666667	2550911.92566681
96.83512	2606307.15874481
96.889655	2545062.34706116
96.944505	2558621.37775421
96.9992183333333	2521498.49789429
97.05397	2572349.71518707
97.1090416666667	2471354.21418762
97.1638366666667	2468334.27351379
97.2191633333333	2459477.89334106
97.273895	2380012.88839722
97.328745	2416702.30300903
97.38357	2554190.14232635
97.4382466666667	2512844.45550537
97.4929783333333	2481374.16342163
97.54808	2514931.86361694
97.602575	2426673.12548828
97.6575216666667	2373413.97390747
97.712585	2404741.22582245
97.7668783333333	2546799.65453339
97.8219216666667	2411987.08516693
97.8767166666667	2510981.43533325
97.9312883333333	2500641.6685257
97.98644	2443360.07170868
98.0414083333333	2385809.94333649
98.09655	2507272.11084747
98.1512466666667	2525812.1434021
98.2057483333333	2461670.75592804
98.2607733333333	2487418.52509308
98.315895	2382414.39823151
98.3702983333333	2435954.15924072
98.4244016666667	2370630.98073578
98.4798933333333	2361931.01145935
98.5350383333333	2307443.05049133
98.5900333333333	2303042.31221008
98.64457	2254889.82952881
98.6991683333333	2263709.50907135
98.753465	2242681.38713837
98.8076466666667	2224623.40235901
98.8623883333333	2116595.65128326
98.91744	2039813.75259399
98.97275	1918411.62705231
