RetentionTime	Intensity
0.0054	767937.055618286
0.0477683333333333	303976.177017212
0.0910933333333333	215917.529239655
0.11836	288010.2110672
0.163735	298776.62462616
0.210608333333333	303279.492958069
0.257653333333333	362532.556671143
0.303423333333333	305867.654502869
0.335328333333333	366744.636894226
0.382225	303149.222732544
0.430308333333333	287940.620201111
0.454398333333333	308986.41809845
0.49067	242559.497077942
0.513281666666667	307927.182144165
0.546138333333333	298055.43661499
0.578778333333333	273116.284080505
0.596765	346838.541168213
0.644166666666667	235220.31394577
0.663395	343911.942184448
0.70254	492917.232780457
0.749405	329528.262443542
0.796731666666667	326424.96937561
0.843468333333333	355507.077148438
0.889215	227893.390449524
0.901328333333333	187186.56098175
0.922828333333333	236139.594100952
0.94284	496339.063095093
0.996078333333333	464572.555282593
1.042065	451566.577331543
1.08508833333333	239689.229511261
1.12366333333333	305962.869529724
1.16918166666667	238330.770252228
1.18855166666667	194254.92382431
1.20298833333333	206893.429336548
1.23581833333333	197800.040939331
1.24863333333333	218446.93863678
1.272065	198720.352291107
1.29027166666667	392576.410972595
1.34407833333333	209260.316368103
1.372375	373025.634262085
1.41601	249074.006511688
1.43039666666667	213427.554428101
1.45511	226055.182529449
1.47275166666667	363381.989852905
1.52391166666667	250984.654525757
1.54728666666667	295805.884719849
1.56073666666667	307180.705360413
1.611745	351990.999198914
1.66013666666667	242677.717483521
1.67567	355263.504386902
1.726245	266776.41999054
1.741855	202477.901294708
1.75997333333333	369339.360107422
1.813795	345139.22996521
1.86133333333333	375569.756484985
1.90822166666667	334509.491844177
1.93304166666667	388562.86693573
1.97916666666667	659848.28717041
2.02381333333333	965424.379943848
2.06777666666667	1405031.03588867
2.10958166666667	1333611.69308472
2.15316833333333	1330990.75759888
2.19756833333333	717368.595054626
2.24230666666667	742290.535430908
2.28679	608045.476768494
2.33203833333333	858355.373275757
2.37728166666667	738273.646286011
2.42161	551306.078346252
2.46781	706763.483673096
2.513575	673618.962554932
2.55947333333333	549112.612335205
2.60608833333333	635240.157897949
2.65152666666667	452869.94745636
2.69917166666667	434719.398239136
2.74555333333333	633637.986091614
2.79068	454240.594940186
2.83679666666667	589391.528518677
2.88288	1163254.46292114
2.92749	760708.624771118
2.97286666666667	965955.152862549
3.01799333333333	1167138.55093384
3.063545	966647.816757202
3.11043666666667	869762.740898132
3.15440166666667	690664.472900391
3.2006	925649.735168457
3.24457166666667	597721.269691467
3.29091333333333	583035.582733154
3.33703666666667	560502.102386475
3.38379	528663.736022949
3.42951333333333	542077.319778442
3.47608166666667	512428.567108154
3.52207666666667	435389.475013733
3.57016666666667	608030.785774231
3.61641	588159.062812805
3.66352333333333	539738.473594666
3.71168	596780.135787964
3.75828833333333	663000.66053772
3.803875	789998.771835327
3.849285	794128.12449646
3.89548833333333	1018382.74728394
3.94199666666667	1374911.42538452
3.98843	1165691.43069458
4.03585833333333	1317185.98944092
4.08257166666667	1385214.03131104
4.12911666666667	1269678.2063446
4.17467166666667	1596291.64247131
4.222015	1653067.75511169
4.26896833333333	1831986.92330933
4.31574833333333	2523599.10461426
4.36177166666667	2440130.75694275
4.40930666666667	1834688.20974731
4.45660666666667	1491988.63562012
4.50427	1267464.83343506
4.55110166666667	1216842.9267807
4.59812666666667	1508754.62101746
4.645615	1589934.9670105
4.69147	1549086.5252533
4.73927833333333	1960519.82736206
4.78704166666667	1853718.78471375
4.833265	1374329.28399658
4.88064333333333	1501198.13365936
4.92836666666667	1492021.63519287
4.97511333333333	1196528.93522644
5.02429833333333	1318837.93240356
5.071725	1625443.39640808
5.119505	1630997.41493225
5.16461833333333	1731479.64822388
5.21085	2160708.29711914
5.25994833333333	1407371.69738007
5.30752333333333	1908579.26553345
5.35409166666667	1936255.3999939
5.40001666666667	1997962.7230835
5.44632333333333	2686940.3495636
5.49290833333333	3313025.13438416
5.53797	5167685.32113647
5.58320166666667	4481310.46606445
5.62830333333333	4800377.40606689
5.67319833333333	4645969.1184845
5.71874833333333	4749219.34954834
5.76268	5101100.82839966
5.80795	5533859.18170166
5.853	3404917.34185791
5.898005	4449938.68623352
5.94303666666667	3111241.23841858
5.99121166666667	2669619.56866455
6.03592833333333	2363236.92285156
6.08276833333333	2208426.09931946
6.13099833333333	1665065.3263855
6.177275	1843214.60955811
6.22251833333333	1635311.30046082
6.26943833333333	2073814.73907471
6.31649333333333	2534960.84150696
6.36338166666667	3398801.01367188
6.40974333333333	4195996.18844604
6.45559666666667	5106430.3939209
6.50011333333333	8046367.5385437
6.54423166666667	5112861.06723022
6.59211833333333	5137803.8203125
6.63729666666667	4425058.26193237
6.68336166666667	3587868.45948792
6.73078166666667	3116135.1628418
6.77773833333333	2527808.64129639
6.82385666666667	2811178.42243958
6.871265	2337386.38703918
6.91811833333333	2188979.04685974
6.96504833333333	2395677.54220581
7.01147	2385559.60038757
7.05754833333333	2818537.44761658
7.101425	3573544.79338074
7.146745	3609758.24871826
7.19286166666667	5796453.684021
7.23819166666667	3965133.77458191
7.28294166666667	6136641.4329834
7.3273	6168805.49130249
7.37268333333333	4561530.39892578
7.41745833333333	6820394.25622559
7.463725	5131220.82254028
7.50985666666667	5554469.01739502
7.555335	4563371.2713623
7.60212	4076269.54205322
7.64908833333333	3084150.38134766
7.69432166666667	2267778.51547241
7.74157	2201087.39985657
7.78896	2393184.57400513
7.83582	2893066.37536621
7.882325	3242076.14025879
7.92869666666667	3174755.40991211
7.97515166666667	3082769.85498047
8.022665	3909644.74136353
8.06874333333333	3613816.70010376
8.11426	5444626.02536011
8.16137333333333	5202595.72824097
8.20815166666667	4955219.4515686
8.25498666666667	5122015.32666016
8.29854166666667	6153275.11584473
8.34261166666667	5748394.1005249
8.38715	7254335.93893433
8.43039333333333	7830057.55682373
8.47618666666667	9935459.44897461
8.52093	12330003.2164307
8.56685333333333	11344115.8660889
8.60890333333333	14332829.3804321
8.65471166666667	17782497.2068481
8.69609833333333	20267526.0296631
8.73905	15983706.3430786
8.77986833333333	21305230.3077393
8.82303833333333	16067697.7005615
8.86686333333333	21263062.9926758
8.909055	19495790.744873
8.95167666666667	22522218.6633301
8.997545	21929984.8168945
9.03799333333333	22789520.4908447
9.081215	25102590.1656494
9.12316666666667	21609261.1627197
9.163095	21966517.7436523
9.20787333333333	21559806.4567871
9.25025166666667	22171210.8447266
9.293905	25501004.0819092
9.33796166666667	38368233.0871582
9.37975166666667	38030360.2148438
9.41859333333333	56569018.7768555
9.45448666666667	74983239.3308105
9.49197833333333	63026080.7646484
9.535155	62750319.5935059
9.57598166666667	62869488.1469727
9.61772	57390914.6728516
9.657935	63694179.0964355
9.69862666666667	49585726.4931641
9.73515333333333	45504013.0303955
9.77679833333333	43199932.6741943
9.81938	48133067.3446045
9.85878666666667	56864422.171875
9.89778166666667	61024098.7290039
9.934305	68097192.1047363
9.97427833333333	78639814.1386719
10.011585	75831825.4428711
10.0489566666667	93229225.418457
10.0864683333333	75975899.7231445
10.1293516666667	84809161.1772461
10.1721133333333	96023221.6811523
10.206105	98707106.5742188
10.2512366666667	115431832.215576
10.2858616666667	116646575.789795
10.3221733333333	142709413.053711
10.3544016666667	137166405.89209
10.394155	157085200.872559
10.43187	159580024.893555
10.4684716666667	181652730.77832
10.5046866666667	144111600.753418
10.5436166666667	168870655.296875
10.58343	127898097.778809
10.622445	115473042.955811
10.6655816666667	110256386.993652
10.7024516666667	112170364.124756
10.744395	120123201.209961
10.7798033333333	130959991.247559
10.8213333333333	152362067.32959
10.8581683333333	145959587.787109
10.8975383333333	165276092.773926
10.9342883333333	179257065.54248
10.96911	211321297.384277
11.006505	204605629.707031
11.0424533333333	266607247.52002
11.0782266666667	305997528.230469
11.113325	313708360.986328
11.1501583333333	316597634.779297
11.184205	256424760.121094
11.2213983333333	227646983.718262
11.2612366666667	258335044.646973
11.2966966666667	238830558.21875
11.33436	219475552.490723
11.370365	181761432.327637
11.40666	164679744.449707
11.44296	166754350.74707
11.477745	138353340.966797
11.51286	118464285.240723
11.5485316666667	133790068.853516
11.5925333333333	141878686.725586
11.6265933333333	163187479.654785
11.6678266666667	135599683.359375
11.70821	146043914.358887
11.7446166666667	170348285.586914
11.7902416666667	168978182.213379
11.820455	153376821.177246
11.8631833333333	196851683.573242
11.9023733333333	175327865.922363
11.9452366666667	194454702.773926
11.9764683333333	210970948.695801
12.0181116666667	170984697.499023
12.0557733333333	198464521.528809
12.093145	249409973.547363
12.1300833333333	236004793.943359
12.1710866666667	244664520.957031
12.2096466666667	216865510.804688
12.24638	246408128.474609
12.28501	204814619.327148
12.3221233333333	168921222.037109
12.3617716666667	207734051.835938
12.3991566666667	248919941.170898
12.43385	213231636.100586
12.4736066666667	288135184.56543
12.509415	269682304.227539
12.5431033333333	307252933.956055
12.5772866666667	275368033.52832
12.614965	269367073.916016
12.6487316666667	274070486.250977
12.6842933333333	265579978.439941
12.7181333333333	283181423.233398
12.7515666666667	338546708.833984
12.7970633333333	300085101.672852
12.8324566666667	309549303.354492
12.8658666666667	354763980.765625
12.909665	277455422.535156
12.9479083333333	296572363.682617
12.9835116666667	249717666.479492
13.0171883333333	345796358.047852
13.0543133333333	325640468.279297
13.0875683333333	383188695.22168
13.1253866666667	352259910.834961
13.1607733333333	388836272.910156
13.193355	352341154.59375
13.2283766666667	398002483.848633
13.2699266666667	494625384.90625
13.304815	423262572.194336
13.3420216666667	408787366.728516
13.383525	440454699.65918
13.4168716666667	457139705.986328
13.4511316666667	505316353.530273
13.4850366666667	494097667.902344
13.5205966666667	435145816.84082
13.5553116666667	429201589.586914
13.5887666666667	425108782.369141
13.629065	454182652.539063
13.6660466666667	447196046.276367
13.7087866666667	474759475.592773
13.7497133333333	403779362.393555
13.782835	478710637.644531
13.8206516666667	511125823.688477
13.859685	437361177.489258
13.8958483333333	491787518.886719
13.937875	542205703.321289
13.9715866666667	476781584.107422
14.0069216666667	386695072.598633
14.0407433333333	455962926.166016
14.0787183333333	444710694.510742
14.1118683333333	435263385.081055
14.1475466666667	404168098.175781
14.18526	354784808.773438
14.221985	323443592.94043
14.2604416666667	339164469.05957
14.2964566666667	340402104.892578
14.3333	319088934.123047
14.37185	304338505.142578
14.4092916666667	284960157.395508
14.44307	268315773.539063
14.47657	382442285.163086
14.5078966666667	246514931.120117
14.541695	249535669.799805
14.5757366666667	326040108.429688
14.6108766666667	336667923.454102
14.6421133333333	288589862.336914
14.6738783333333	254931924.92627
14.70952	300397750.398438
14.7475983333333	314939179.520508
14.7888016666667	391246410.055664
14.820695	382048216.513672
14.8600783333333	420784428.588867
14.8941283333333	452729595.763672
14.93026	404114250.131836
14.9673683333333	448750898.124023
15.003395	456722855.442383
15.04073	404060599.913086
15.075165	405314640.208984
15.1110583333333	423513382.900391
15.14532	427884195.648438
15.185565	423227305.272461
15.2201583333333	447266269.801758
15.253035	460983863.294922
15.2911616666667	441913069.476563
15.3258433333333	459793546.643555
15.3623116666667	412706651.293945
15.402565	568180652.027344
15.4416566666667	456761967.421875
15.4762766666667	470136507.060547
15.510145	573716408.445313
15.5467566666667	533324031.291016
15.5781383333333	404781947.481445
15.6112483333333	457509710.117188
15.6465316666667	435551129.814453
15.68283	409513250.246094
15.71443	351056334.585938
15.751705	445527081.268555
15.78594	362006724.006836
15.8204666666667	390595522.350586
15.8557083333333	367031719.818359
15.8938533333333	306700329.3125
15.9334466666667	331876584.709961
15.9726216666667	404115629.932617
16.0097866666667	461358558.563477
16.045305	452998802.045898
16.0815866666667	409068457.524414
16.11863	377687199.181641
16.15633	443396860.079102
16.188535	354187418.443359
16.2262466666667	345625401.176758
16.2627183333333	330271134.600586
16.2918816666667	345540301.956055
16.328455	277459024.986328
16.3638783333333	256662805.58252
16.4005733333333	226273931.594727
16.4416683333333	284288203.442383
16.476915	305595605.202148
16.513025	265809938.703125
16.549825	295693040.178711
16.58502	340541231.130859
16.6201633333333	304136557.673828
16.650635	339903911.12793
16.6882966666667	418559454.875977
16.7275483333333	362661264.188477
16.758195	374304308.014648
16.7961383333333	389611844.02832
16.8273666666667	309548182.327148
16.8678383333333	386793417.647461
16.89951	396565868.491211
16.9388416666667	359153480.167969
16.973565	369424992.579102
17.0110416666667	358336388.681641
17.048065	430855740.829102
17.0896183333333	438283120.099609
17.125395	411628316.22168
17.164695	382049282.134766
17.1966983333333	477320373.679688
17.234055	511460793.71875
17.2720583333333	603974106.46875
17.3015733333333	569003334.244141
17.333865	788293927.933594
17.3684366666667	611792119.452148
17.402695	690649637.458984
17.4330583333333	723780546.228516
17.4640116666667	628195590.882813
17.4940433333333	766554417.03125
17.5270566666667	544175943.03418
17.563695	515494812.925781
17.5976933333333	547681298.390625
17.6304183333333	498313780.004883
17.6635533333333	584546257.772461
17.69884	481089905.181641
17.7324116666667	439643867.702148
17.7760083333333	390040060.762695
17.8075333333333	391792395.331055
17.840325	427518132.014648
17.8756283333333	341673946.34668
17.9074133333333	388433565.405273
17.9493516666667	304716886.05957
17.9814083333333	396463250.201172
18.0198933333333	424502100.419922
18.0503	350228458.564453
18.0863766666667	324866196.165039
18.1240566666667	287153851.006836
18.1615433333333	337008981.908203
18.195645	383277831.668945
18.2288916666667	336035041.138672
18.2685183333333	270072849.441895
18.3068116666667	290988306.972656
18.3413633333333	301717553.452148
18.37404	323672001.609375
18.4087866666667	317982342.986328
18.4424783333333	439177060.65625
18.47282	385408347.146484
18.504465	361476059.978516
18.53901	335533522.020508
18.571905	330079882.118164
18.6111516666667	368098953.631836
18.641645	378878494.200195
18.67219	389233668.697266
18.7061316666667	382601608.475586
18.7418466666667	311562291.116211
18.77717	319898491.525391
18.82183	301320849.046875
18.8551966666667	355135766.488281
18.8902616666667	389453897.547852
18.923895	376445571.1875
18.9602366666667	483958177.706055
18.9926483333333	440774440.519531
19.0274516666667	507178574.333008
19.0663366666667	406831000.05957
19.1037333333333	511525511.5625
19.1386366666667	493263091.12793
19.1753	393403471.870117
19.2086516666667	444310555.34375
19.2476083333333	416823506.144531
19.28554	477814377.351563
19.320055	467281965.731445
19.352815	474288164.222656
19.3861883333333	595612535.138672
19.42097	460154641.304688
19.4516816666667	451951953.845703
19.4834216666667	448494134.395508
19.51547	491068968.668945
19.5469883333333	445050652.736328
19.5812033333333	511808865.762695
19.62225	614360457.404297
19.652055	542286974.703125
19.68474	501361868.214844
19.717945	589814729.123047
19.7515383333333	608349915.629883
19.7868166666667	532629693.481445
19.8268116666667	490318413.5
19.870005	429458647.938477
19.9036283333333	499703111.4375
19.9376133333333	464913436.90625
19.9739433333333	415326865.139648
20.0087816666667	407102077.730469
20.0452333333333	432213521.767578
20.0830283333333	396914409.785156
20.1175833333333	337918919.606445
20.1537766666667	309553442.520508
20.19092	332079799.136719
20.224825	296010228.350586
20.2635666666667	362851693.433594
20.2974533333333	337289840.533203
20.33311	300393336.333984
20.36567	357366494.650391
20.3994083333333	322526009.418945
20.4335433333333	291680686.62207
20.468635	371667671.186523
20.5026316666667	323496214.603516
20.53636	344506853.651367
20.5688816666667	334698787.222656
20.6010133333333	342289178.788086
20.6402183333333	375099070.192383
20.6783266666667	354087222
20.7166566666667	427133478.392578
20.7542116666667	516916394.335938
20.78808	502980806.984375
20.8221566666667	553139008.157227
20.8601683333333	478554729.917969
20.898645	536869808.068359
20.936205	554130963.303711
20.9723316666667	486409399.591797
21.0119733333333	497461295.795898
21.0483283333333	510787588.675781
21.0797366666667	535387312.517578
21.1152583333333	485675610.976563
21.150865	506132783.848633
21.1848733333333	399887678.055664
21.2199833333333	414927067.086914
21.252855	379583318.243164
21.2898016666667	349575263.625
21.3324416666667	370972275.695313
21.3682833333333	346067845.65918
21.4016833333333	385204326.020508
21.435635	318647598.851563
21.4716733333333	309688366.735352
21.504955	308636150.619141
21.5391766666667	343194029.561523
21.5747516666667	375371976.516602
21.6095166666667	353062964.022461
21.64528	397781982.831055
21.6800016666667	360606405.829102
21.71464	364014483.213867
21.7482133333333	358340204.62793
21.78192	402356652.697266
21.8152933333333	455022606.03418
21.8523866666667	396965238.547852
21.88885	390653240.524414
21.925015	438733416.936523
21.965135	473955548.171875
21.9999233333333	474860244.90332
22.03331	538351896.625977
22.0655183333333	509918823.071289
22.1001916666667	445552048.915039
22.1352616666667	479239136.972656
22.168665	454626779.299805
22.1995533333333	511094054.904297
22.23295	469921300.363281
22.2672866666667	401613722.936523
22.30181	413294823.81543
22.3359466666667	420718311.138672
22.3761233333333	362326683.579102
22.40952	399220629.481445
22.4421866666667	426035002.267578
22.4743633333333	501805403.326172
22.5055	348537496.300781
22.540685	336705948.05957
22.57667	398710646.948242
22.6106966666667	451192320.836914
22.6446983333333	453903495.664063
22.67705	487399224.415039
22.7112633333333	494941278.482422
22.7453416666667	482187611.774414
22.7810166666667	458693716.818359
22.8150316666667	444805957.217773
22.8502183333333	529415791.302734
22.8835033333333	551275274.365234
22.91808	451395607.12207
22.9541683333333	482992821.717773
22.9911866666667	487353223.583984
23.0296933333333	514783267.876953
23.0678083333333	564588871.351563
23.104085	529445283.472656
23.1403116666667	453655332.791992
23.1787333333333	492497461.912109
23.211935	527386904.301758
23.24345	483604926.183594
23.2749566666667	492260205.536133
23.313245	419922815.803711
23.34479	420050537.114258
23.3813416666667	432700162.84082
23.4174216666667	398692826.418945
23.4534366666667	441294365.354492
23.487825	397877732.386719
23.5210666666667	450546487.380859
23.5524516666667	423406055.774414
23.5848366666667	374955560.055664
23.619975	476242803.401367
23.651765	371102704.955078
23.6878233333333	447516020.115234
23.7133566666667	387183331.366211
23.7470083333333	403706653.992188
23.7811766666667	391484658.44043
23.81472	408288801.544922
23.8502283333333	354432479.448242
23.8873683333333	355422418.920898
23.918535	368297581.22168
23.9543283333333	421606896.813477
23.98674	321549007.320313
24.0228366666667	325411266.520508
24.0581966666667	315089306.664063
24.0942183333333	347287105.173828
24.128815	328050757.058594
24.1663633333333	385767333.023438
24.202775	375918463.042969
24.238605	427209106.347656
24.272325	404525614.051758
24.308515	483946665.992188
24.339385	470718100.526367
24.37602	529930963.662109
24.40886	513129601.074219
24.4438716666667	655234376.390625
24.4789283333333	499702934.782227
24.51683	478646798.173828
24.5505033333333	577538030.124023
24.5817716666667	554383125.401367
24.6148033333333	585026849.359375
24.6490533333333	496425018.853516
24.678475	564993557.802734
24.71107	444353591.191406
24.74235	498740930.935547
24.7731083333333	434892439.663086
24.8067333333333	437415668.832031
24.8399416666667	444829619.729492
24.870585	414498467.882813
24.9060566666667	424321597.756836
24.9404633333333	526397136.417969
24.9745033333333	527701979.464844
25.008585	566156063.620117
25.0420933333333	502066389.364258
25.0792783333333	569139573.144531
25.113845	476716526.220703
25.1513433333333	570763398.677734
25.1887816666667	558681086.839844
25.22666	613841477.587891
25.26239	591349575.673828
25.297525	658601941.017578
25.32981	566930142.546875
25.3635033333333	657524021.917969
25.396035	595819048.150391
25.4289783333333	519215225.273438
25.4668483333333	626976640.613281
25.5012433333333	581439293.259766
25.536695	605000419.748047
25.57299	530682619.042969
25.605495	522815601.629883
25.637315	538882329.167969
25.6693366666667	481378621.219727
25.70178	523272027.539063
25.7329116666667	494943867.664063
25.7660666666667	518028894.824219
25.8006283333333	521546095.001953
25.8318116666667	512872640.71875
25.861025	534629435.271484
25.8941983333333	545136339.637695
25.9262533333333	533953998.535156
25.958285	513317371.455078
25.9920433333333	570950677.316406
26.0248566666667	547249312.574219
26.0563216666667	504566894.640625
26.0929966666667	519780348.292969
26.1256083333333	598107199.201172
26.1593116666667	566291642.75
26.1965966666667	534193816.130859
26.22678	522684359.758789
26.2607333333333	527452471.411133
26.2938183333333	509300210.143555
26.32674	471616302.383789
26.364455	575546925.665039
26.396085	576553510.417969
26.4289616666667	582639166.523438
26.4629583333333	563864415.363281
26.49429	610364354.005859
26.527495	550986146.216797
26.5630183333333	492494279.330078
26.59609	532696654.5625
26.6342033333333	623983517.849609
26.6677333333333	531654153.303711
26.70139	470932735.864258
26.737985	573555536.15625
26.772525	578800416.464844
26.8065883333333	561242395.958008
26.8413283333333	543793174.789063
26.8725716666667	509830305.9375
26.9050816666667	473799530.280273
26.9385216666667	528208298.946289
26.9719883333333	471873013.882813
27.0065416666667	463471700.083984
27.0372366666667	441479096.702148
27.0688333333333	378935279.422852
27.10256	403291045.954102
27.1378866666667	377690638.706055
27.1716733333333	583251429.500977
27.2059233333333	550609069.091797
27.2401283333333	510048186.958008
27.275265	584192902.441406
27.310255	588266471.467773
27.3421966666667	654696970.666016
27.374035	624414733.126953
27.4067433333333	555355766.136719
27.4395883333333	614146772.974609
27.4725416666667	576158516.337891
27.5062716666667	551211916.351563
27.5390116666667	561818433.990234
27.571735	526617248.017578
27.6054683333333	507858947.277344
27.6447116666667	510398591.005859
27.677025	504953406.066406
27.7103266666667	451612974.607422
27.7496133333333	374235660.025391
27.7808083333333	420712021.999023
27.8195083333333	404837575.923828
27.85044	460004493.305664
27.8814066666667	416394539.175781
27.91568	430260964.500977
27.947495	524910315.369141
27.9790366666667	518383487.881836
28.0127966666667	549709198.863281
28.0445633333333	549155045.955078
28.0796116666667	516751653.898438
28.11197	663473964.046875
28.1445233333333	569208548.043945
28.181435	723216129.964844
28.2096766666667	619696316.751953
28.2458	647535938.875
28.279995	670681920.328125
28.3136366666667	715320036.873047
28.3468633333333	566962683.107422
28.3809416666667	577978801.55957
28.4154266666667	694753419.972656
28.4472983333333	561214711.664063
28.4810116666667	639291007.71875
28.5152416666667	638832881.574219
28.5444616666667	622799891.96875
28.5786616666667	577883913.037109
28.615185	541391159.384766
28.6456166666667	555865510.511719
28.678885	531324586.814453
28.7110166666667	528080637.966797
28.74261	445454680.636719
28.7791466666667	515546196.783203
28.810905	497967191.501953
28.8456533333333	470904831.952148
28.87973	481971915.753906
28.9124433333333	585784404.220703
28.9461316666667	621917224.076172
28.976565	596532080.701172
29.0077516666667	525701281.904297
29.040625	512802293.913086
29.0720583333333	684675811.851563
29.1060066666667	649142525.185547
29.136965	574744911.427734
29.1709216666667	655551586.753906
29.2041483333333	587927061.109375
29.237315	647554827.292969
29.26839	591205704.199219
29.30024	594098762.144531
29.3321966666667	603446496.484375
29.3663083333333	609852010.289063
29.4012733333333	642911268.011719
29.4338916666667	682096342.707031
29.4655616666667	701357060.914063
29.501395	732976473.240234
29.5345633333333	872837275.103516
29.5645316666667	947925781.777344
29.5958466666667	904706854.033203
29.6281633333333	885561393.128906
29.6582316666667	822238234.289063
29.6916133333333	973810754.853516
29.7219183333333	1050901473.8418
29.753795	967315524.837891
29.7864866666667	916787516.556641
29.82252	920909277.361328
29.8544683333333	881736074.730469
29.8899566666667	994886901.966797
29.9199866666667	932843358.642578
29.9528616666667	977242342.074219
29.9856983333333	1049113092.98438
30.014565	852494991.007813
30.050435	973410723.404297
30.0801583333333	827474554.240234
30.1182166666667	798341754.162109
30.1481083333333	810272154.419922
30.1835933333333	782961484.537109
30.21697	681504054.394531
30.2509	661717816.75
30.2850633333333	622725312.357422
30.31565	699844000.753906
30.3480433333333	560643613.601563
30.38342	695741556.552734
30.415565	702195322.710938
30.450845	685957941.923828
30.4841116666667	635463426.535156
30.5173	673969920.289063
30.550205	707927001.4375
30.5821466666667	734965096.941406
30.6156883333333	615523481.005859
30.6485416666667	648108480.904297
30.6809216666667	680498442.384766
30.7155866666667	675671859.289063
30.7456316666667	697650221.404297
30.77855	696791440.521484
30.8122933333333	786370621.410156
30.84529	747560894.876953
30.87802	688129383.083984
30.913325	678018538.894531
30.94563	691993408.044922
30.98115	736766230.373047
31.01465	767902271.726563
31.0480333333333	879702509.576172
31.0792466666667	797820973.486328
31.1092033333333	589692298.564453
31.14076	673986748.052734
31.173665	600808187.484375
31.205705	657753211.777344
31.2365883333333	691820558.5625
31.2694933333333	608255326.480469
31.3009666666667	645492279.234375
31.3302916666667	657535400.185547
31.3611383333333	945453627.552734
31.3904133333333	860970616.662109
31.4232183333333	876704887.759766
31.4529433333333	875604072.669922
31.48323	1150463857.49219
31.5152066666667	1252721811.57617
31.546015	1152290706.0293
31.57923	1226818365.95117
31.6114883333333	1355288255.77344
31.643845	1326010148.65625
31.6751316666667	1435038692.61719
31.7073116666667	1371748978.58008
31.7425883333333	1317394906.26953
31.7765133333333	1196838866.10742
31.8097066666667	1109857724.5625
31.8435066666667	1107558583.92969
31.8758683333333	1014779650.50586
31.9086833333333	1346871186.47461
31.9405616666667	1067708253.35742
31.972735	1118021460.78906
32.00484	1258659403.09961
32.038465	1135831392.62109
32.0719116666667	1031136392.86133
32.104365	958078715.341797
32.1394566666667	1002010316.6582
32.17276	1014053196.16992
32.2045366666667	962027056.546875
32.2363933333333	898082635.179688
32.26938	901570270.5625
32.3013083333333	866471103.613281
32.3345016666667	903913656.662109
32.3666916666667	1050077674.37305
32.3976883333333	840020560.199219
32.4299533333333	1025141245.82422
32.46128	840769433.46875
32.4920966666667	968881235.474609
32.5254466666667	1003501229.57617
32.5577766666667	825755855.597656
32.5890033333333	917334621.976563
32.6209816666667	930484710.089844
32.6519316666667	951209068.898438
32.6855433333333	856067654.957031
32.7148566666667	906370631.828125
32.7486766666667	919266093.373047
32.78078	909064034.699219
32.8138433333333	982870084.134766
32.8459366666667	1008376480.27148
32.8777683333333	983502980.826172
32.9086616666667	1037282013.48242
32.94046	1051404406.23047
32.9722366666667	1044638536.84766
33.0023333333333	1006444991.51758
33.0357633333333	999189612.853516
33.0658783333333	1061121997.01172
33.09721	1080651349.85156
33.12876	1039457175.08789
33.16064	945515812.316406
33.1923566666667	905175733.941406
33.22413	924964086.632813
33.2558933333333	1007957617.33203
33.2866983333333	957556316.722656
33.3189966666667	863051130.076172
33.35056	903192366.132813
33.38223	835264832.296875
33.4118516666667	904760782.839844
33.4437716666667	850002465.509766
33.476355	933357398.548828
33.5085016666667	921104722.527344
33.5391116666667	815159716.140625
33.5717316666667	906945689.138672
33.604805	1106549631.16602
33.6363966666667	893374729.230469
33.6675233333333	871531766.568359
33.7005383333333	854544006.931641
33.73235	892719901.890625
33.7661033333333	882214555.392578
33.798695	759416500.990234
33.83247	787623017.40625
33.864895	766671963.564453
33.89838	821937195.064453
33.9298866666667	789868960.623047
33.9614216666667	773425870.701172
33.9927083333333	771169944.822266
34.0237916666667	1017963936.8125
34.0552766666667	710237143.824219
34.0874833333333	819484302.947266
34.1188266666667	978893644.769531
34.15065	834771823.107422
34.1832766666667	899036490.888672
34.214995	933158572.476563
34.2482833333333	1072762501.73828
34.2794516666667	945226233.328125
34.3108483333333	897626590.923828
34.3435866666667	777999574.869141
34.3757166666667	868135731.681641
34.4081183333333	807388754.710938
34.4392266666667	817971798.429688
34.47051	871726264.798828
34.5016833333333	972498958.798828
34.533505	979001573.421875
34.5677966666667	904138243.595703
34.598325	774902002.498047
34.632295	872837346.751953
34.66399	761121161.412109
34.6967566666667	867752088.269531
34.7303666666667	897152709.423828
34.7607333333333	1003705621.66211
34.7932133333333	898213400.880859
34.82528	949287430.496094
34.856585	925137653.474609
34.8887866666667	914514019.697266
34.92231	995004360.011719
34.9541983333333	878297946.884766
34.9849033333333	1123333499.0332
35.0164666666667	1081880997.66211
35.0466666666667	996083590.648438
35.0799566666667	1066296128.46484
35.1135966666667	1015270563
35.14611	934639830.367188
35.1774783333333	935279961.787109
35.2103116666667	993741362.416016
35.24335	932900770.169922
35.2760783333333	1054326899.05273
35.3071083333333	943944206.523438
35.3410866666667	925062765.117188
35.3746016666667	890886860.470703
35.4055633333333	844184868.224609
35.4370766666667	858270378.820313
35.4695416666667	849746175.8125
35.5022433333333	793027005.464844
35.5342733333333	852137919.65625
35.566515	937043217.792969
35.5997133333333	1039862674.30273
35.63104	1032577103.23242
35.66292	974539387.033203
35.6950083333333	958793831.085938
35.727795	865842467.080078
35.7577533333333	913988752.367188
35.789555	1027664708.17969
35.8201216666667	982688370.341797
35.85147	975502138.162109
35.881665	720690681.628906
35.9137583333333	1074669412.5625
35.9461433333333	1075013476.92773
35.97717	986623422.527344
36.0082533333333	1023505551.91406
36.03845	1111550440.03906
36.0685666666667	1154328645.37109
36.10019	1129597296.80078
36.1330333333333	1311497023.00391
36.16372	1194821376.54297
36.1961366666667	1224709479.14063
36.2293883333333	1160575553.53516
36.2620183333333	1058696946.10742
36.2952566666667	1129902871.54492
36.3264533333333	1006215986.6543
36.3583283333333	966074863.984375
36.3901983333333	1126034757.625
36.420575	1053716452.6875
36.4532616666667	966957411.730469
36.48486	895688351.757813
36.5166883333333	867207064.513672
36.54692	939200856.308594
36.5786266666667	876156885.173828
36.60956	898801231.582031
36.6402133333333	1102725409.69922
36.6713766666667	932380103.224609
36.7032216666667	773783018.978516
36.7369483333333	959267102.291016
36.7698516666667	908443911.462891
36.8020916666667	787176581.222656
36.8339716666667	861066958.734375
36.865865	806044676.931641
36.8981016666667	869407438.556641
36.9288966666667	887801731.234375
36.959765	897226611.671875
36.9910616666667	876721091.910156
37.022355	957798507.869141
37.053175	938432439.740234
37.0833066666667	929215804.455078
37.1153	930393889.982422
37.1464383333333	957565427.150391
37.1779016666667	992182956.123047
37.209505	949009021.009766
37.2406616666667	1061061229.88867
37.271245	925037077.65625
37.3025783333333	991118741.757813
37.3355866666667	835570714.740234
37.3660733333333	845582556.087891
37.399135	965297386.734375
37.4294916666667	807464450.572266
37.46053	946134185.099609
37.4918833333333	838107823.785156
37.5225783333333	982509330.544922
37.5540883333333	875233618.447266
37.585775	830202035.503906
37.6188716666667	999539442.6875
37.6507816666667	916265723.710938
37.682725	850627043.216797
37.71354	855954501.404297
37.7455366666667	895398287.429688
37.7767283333333	920803525.953125
37.8091283333333	922950707.220703
37.8412116666667	893432706.519531
37.8746216666667	864130600.859375
37.903255	920964418.472656
37.9346716666667	779787152.240234
37.96709	856891870.236328
37.9989616666667	1027312970.74023
38.03032	816481908.417969
38.06002	842932340.039063
38.0929133333333	957996004.548828
38.1241866666667	1208975227.26172
38.1554883333333	1207462582.17578
38.1874666666667	1080990815.8418
38.2185783333333	1219579676.94922
38.249455	957967181.923828
38.2795633333333	1160171537.75781
38.3111683333333	1181273297.24219
38.3433466666667	983837569.726563
38.3743516666667	1010861877.875
38.405145	997648824.501953
38.43882	942800950.507813
38.4708533333333	832486427.748047
38.5025216666667	939410304.958984
38.534685	827151426.216797
38.567595	756425457.636719
38.59927	820022562.923828
38.6299716666667	834528998.177734
38.6624733333333	851407681.714844
38.6942833333333	897091400.507813
38.72814	891362201.429688
38.7591883333333	996952777.539063
38.79048	942951298.701172
38.8217716666667	916496093.015625
38.8528566666667	895684263.904297
38.8835233333333	984135909.898438
38.9147033333333	942310502.300781
38.94675	941027532.951172
38.98004	1022246744.73828
39.0117283333333	941980551.794922
39.0444766666667	780765770.896484
39.0766183333333	951940605.564453
39.1090733333333	759968395.238281
39.1403583333333	747867664.478516
39.172355	757092431.769531
39.2045283333333	794774255.675781
39.235345	856889249.777344
39.2668116666667	934984461.902344
39.29924	961156623.246094
39.3301933333333	807516136.681641
39.364445	924280329.568359
39.3961266666667	886139409.314453
39.4282233333333	910162839.308594
39.4590216666667	931081065.732422
39.4886216666667	995690611.876953
39.5185183333333	1030674824.87305
39.5495816666667	1072423242.32227
39.5810266666667	932413577.34375
39.61303	867345770.001953
39.6463166666667	927243914.089844
39.6779416666667	971638124.613281
39.7104633333333	970349583.482422
39.7423	1071734237.02344
39.7734116666667	1051537323.45117
39.8047233333333	860018696.09375
39.8370883333333	941271267.664063
39.8683	1064026211.88477
39.9000766666667	1025530566.31641
39.9308316666667	940867485.783203
39.9618516666667	794262304.580078
39.9946566666667	1025960862.63281
40.0263766666667	981853307.332031
40.0585466666667	954234611.59375
40.09	957004688.332031
40.1216516666667	971238577.408203
40.1541366666667	835198825.509766
40.1857016666667	839913205.599609
40.2155883333333	892350679.560547
40.2462133333333	971104042.953125
40.27769	920607940.443359
40.3100533333333	922929145.845703
40.3420533333333	1046354150.14063
40.3725266666667	1029652038.03125
40.4042933333333	915904727.541016
40.4358	857011458.787109
40.4672433333333	852490595
40.4976633333333	928522983.71875
40.52984	1044122765.96875
40.5616816666667	1183581426.57031
40.593865	951517853.980469
40.62533	1058316831.58203
40.6564683333333	1026359566.04492
40.688235	972444546.410156
40.7208433333333	1064790666.15625
40.7516833333333	978962068.4375
40.784415	1066526177.93359
40.81477	969558831.783203
40.8466916666667	997529989.369141
40.879115	885156749.861328
40.9115016666667	781943253.492188
40.94415	830356732.617188
40.976455	805741342.669922
41.007995	751272011.894531
41.03985	796494707.0625
41.0710666666667	734065406.070313
41.1026466666667	1005448416.83984
41.1332716666667	820138234.617188
41.16476	897361571.714844
41.1963233333333	919416410.244141
41.2270116666667	954087297.210938
41.2559066666667	913786800.003906
41.286555	1023617142.2793
41.31674	1018339074.85156
41.3488766666667	1108455329.42578
41.3805416666667	1075266828.23047
41.41335	1017471426.34766
41.4432216666667	1058805424.99023
41.47417	1182314295.31641
41.5042266666667	982849543.916016
41.5361466666667	1116686932.86719
41.569385	1135321594.25195
41.6019983333333	1141621704.47266
41.634645	870171764.990234
41.6664483333333	1135691266.81445
41.6993933333333	952259288.111328
41.7303683333333	1172331747.44141
41.7618866666667	1108307737.21094
41.7938666666667	1085487454.0625
41.8262433333333	1100507174.15625
41.8588616666667	1091343148.27539
41.8918616666667	1017113062.17773
41.9230683333333	1000977600.31641
41.9544133333333	990542333.964844
41.9869866666667	841723078.421875
42.0174983333333	915152283.298828
42.0482816666667	821146611.189453
42.080345	858071339.8125
42.113575	883130024.396484
42.1447683333333	885619347.191406
42.1767566666667	847936885.207031
42.2073116666667	977777952.511719
42.2383633333333	1085787256.27148
42.2718266666667	1029874045.84766
42.3037183333333	1011486395.00586
42.3369733333333	1033012188.45117
42.3690616666667	1115621514.57813
42.40015	1114099488.74219
42.4305233333333	1073221824.40625
42.4612566666667	1055742959.44141
42.491625	1052759918.77344
42.5238833333333	940698784.232422
42.5551516666667	1188206504.875
42.58638	993507933.601563
42.6170416666667	1048041194.10156
42.649475	953812974.783203
42.681005	1085222752.86328
42.71412	1010697834.75391
42.7443	946081965.638672
42.7764033333333	899148187.972656
42.80871	876088175.394531
42.8393816666667	860370732.873047
42.8700933333333	815555251.958984
42.9019516666667	794196649.556641
42.93456	947367861.742188
42.9666516666667	866801744.261719
42.9970516666667	817228887.345703
43.0292366666667	791923849.722656
43.061115	999627480.525391
43.0915183333333	950782966.714844
43.1223433333333	909366614.242188
43.1537316666667	1012627760.82031
43.1869866666667	1021192463.98828
43.2200616666667	959756249.992188
43.25242	899005749.091797
43.283185	940596255.285156
43.3152416666667	1058578632.57031
43.345675	1125612656.01758
43.3773316666667	1018805425.91602
43.4086866666667	926979851.339844
43.439115	967311070.351563
43.47	1232101829.25391
43.5016466666667	1270011373.70313
43.5315733333333	1223715056.53906
43.56282	1074252815.21875
43.5942483333333	1022145999.25
43.625405	1074515165.84375
43.6572183333333	1104629228.02344
43.6899883333333	1077936556.92578
43.723525	1089388129
43.7552283333333	1151492926.32031
43.78832	1014906724.16602
43.8201483333333	945983789.146484
43.8521533333333	1089412960.48438
43.8840933333333	910039730.087891
43.9140216666667	979912558.240234
43.9450466666667	965072036.394531
43.9775783333333	1137997078.98828
44.008715	1076224270.47656
44.0401683333333	1033431516.48828
44.0707116666667	953628129.957031
44.101095	954082165.113281
44.13147	986848791.320313
44.1639083333333	1123323680.32031
44.196145	951336741.03125
44.2272933333333	874676417.748047
44.2596083333333	1044573780.61719
44.29188	987788262.152344
44.3220316666667	1126917911.90234
44.3532183333333	1046467925.72461
44.38428	1063555224.79297
44.4152616666667	883457928.078125
44.4473216666667	981407089.023438
44.4775733333333	984178451.597656
44.5106416666667	864680526.867188
44.5415666666667	911241512.148438
44.5728933333333	893827277.548828
44.6037633333333	905650317.626953
44.6346783333333	1023503556.01758
44.6656083333333	1102871164.60547
44.6975183333333	1036262699.48242
44.7292666666667	917201209.628906
44.7624516666667	1019838198.95508
44.7942683333333	987005442.621094
44.8261883333333	1067855115.1875
44.8575183333333	927557175.058594
44.8886983333333	1021106889.1875
44.9185166666667	1239361744.71484
44.9505866666667	1142737032.56641
44.9821416666667	1001714035.23438
45.0130266666667	1157878618.39063
45.044565	1083307649.98047
45.0769533333333	1272260646.45313
45.1085483333333	1069953309.09375
45.1393466666667	1222028642.42969
45.1693883333333	1200259375.6875
45.2007883333333	1046435304.54688
45.2316716666667	1034316342.40039
45.2620683333333	1208294856.14063
45.2931566666667	1158370519.20313
45.3258533333333	1178064292.28516
45.3577383333333	1287799967.33984
45.3897333333333	1139051768.63281
45.4222216666667	1285533746.75391
45.453755	1035866529.01953
45.4858416666667	1266394406.96094
45.5151283333333	1038270739.75781
45.546665	1001898081.39453
45.5790966666667	1039280808.48047
45.6104116666667	1063899362.38281
45.642305	1080503463.45313
45.673505	1088789966.3125
45.7057966666667	978283023.849609
45.73716	1010752622.78516
45.7697933333333	1549596738.89453
45.801545	1380318891.52344
45.8328016666667	1449161690.03125
45.8629266666667	1205843647.32422
45.8942383333333	1414898922.88672
45.9235866666667	1422858548.98047
45.953705	1691317550.15234
45.9849533333333	1344698052.80078
46.0157116666667	1315532129.27734
46.0480316666667	1437214976.48438
46.0800866666667	1549762802.66797
46.1119866666667	1246024261.76953
46.1443216666667	1183137807.83984
46.1757666666667	1493727003.39844
46.2065266666667	1558708086.61719
46.23842	1478572646.45703
46.269975	1420037668.875
46.3012866666667	1558716890.76172
46.33384	1429657848.83984
46.365815	1478458593.45703
46.3974133333333	1334830620.08984
46.4298516666667	1293283060.63281
46.4608566666667	1249589402.625
46.49231	1238967882.44141
46.5235366666667	1268128885.91406
46.55369	1128451502.73047
46.5844383333333	1079187254.1875
46.6162533333333	1060987511.88672
46.647405	1218012062.10938
46.67858	1117644495.15234
46.7115083333333	1018029665.49414
46.7436216666667	1154560699.05859
46.7758633333333	1366397700.43359
46.806175	1099217833.91992
46.8369883333333	1164777135.375
46.8684666666667	1107041015.3418
46.9002216666667	1050836194.8125
46.930225	946684298.224609
46.961925	999927465.048828
46.992785	1036091306.69727
47.0246616666667	1107175796.71875
47.0555	972444208.417969
47.0886416666667	1069343968.75391
47.1169083333333	1198965241.04297
47.1483183333333	979970015.166016
47.1793633333333	915398646.054688
47.2103883333333	1152885037.18555
47.2426683333333	960143366.785156
47.274785	1016925976.77148
47.3069533333333	1027635906.63477
47.3380516666667	1030616854.96875
47.3700266666667	1024183089.30859
47.4022283333333	1099826305.92578
47.433585	1119138307.45898
47.46638	1031463086.69141
47.49828	1048163462.62891
47.5308633333333	957383541.695313
47.56316	1154049202.85156
47.59487	1104044879.17969
47.6255966666667	1198178444.74609
47.655185	889769952.5625
47.68663	1154260734.20313
47.716355	959010585.066406
47.7468716666667	1010475943.33594
47.7795283333333	1083406466.66797
47.8112483333333	1129985615.55078
47.8413733333333	1030854916.76172
47.8730133333333	1037722064.64258
47.9031	1095993956.94336
47.9334433333333	1192018747.82813
47.96249	1172815889.60938
47.9942883333333	1121323357.00391
48.0266666666667	1079916362.96484
48.0584866666667	1175614933.59766
48.0897133333333	1107464005.53516
48.122025	1064122788.31641
48.1545183333333	1272876386.19531
48.186395	1281937486.96094
48.2183533333333	1349563847.46875
48.2495333333333	1283909588.29297
48.2808066666667	1171218108.5293
48.3122033333333	1324418332.47266
48.344085	1507200364.82422
48.3760233333333	1380929481.83203
48.4070183333333	1406756523.63672
48.4388333333333	1416383776.41602
48.4703266666667	1592247251.75391
48.50271	1404544902.74219
48.534625	1442646735.48438
48.5652233333333	1431614424.01563
48.5963316666667	1379719784.1543
48.62766	1298392843.58594
48.65842	1320408149.46875
48.68889	1162997292.72461
48.7196883333333	1299018720.73438
48.7512983333333	1230976458.22656
48.7823866666667	1100807092.44141
48.814255	1159769068.35547
48.8469266666667	1146233626.30078
48.879125	1159112738.76953
48.911455	1121798740.99805
48.942055	1364467218.23828
48.973075	1266187956.46484
49.00579	1075126662.80469
49.0376566666667	1505003538.91406
49.06936	1202074596.11328
49.1013416666667	1278772502.82813
49.134105	1291266543.30078
49.165875	1253674839.86719
49.197335	1118482453.50195
49.229485	1156639966.48828
49.2615316666667	1083125124.125
49.2936216666667	1249408803.16406
49.3252566666667	1157482861.80078
49.3583166666667	1186327202.03125
49.3884383333333	1292493379.05469
49.4193016666667	1143963878.51172
49.4507216666667	1328314485.6875
49.4821166666667	997697730.128906
49.5127316666667	947917869.367188
49.5452333333333	919731660.683594
49.5758616666667	1081311341.08789
49.608755	990781075.292969
49.6423516666667	1105692982.35547
49.6741816666667	993766013.476563
49.7053416666667	977962587.957031
49.7367683333333	975631851.791016
49.7689066666667	1118952932.39453
49.8011283333333	1252415296.76563
49.832345	1180561977.32422
49.864275	1064584179.23047
49.8953233333333	1181748741.90234
49.9269	1296594819.75391
49.9570216666667	1554085521.40625
49.9888516666667	1417391049.92578
50.0214816666667	1342135444.19531
50.0516016666667	1572665452.15234
50.0829983333333	1525369302.11719
50.1136166666667	1744622092.9375
50.1448666666667	1475167946.52344
50.175715	1449743870.63281
50.207025	1508953431.79688
50.2378933333333	1305593955.09375
50.2696866666667	1439591013.10156
50.3018133333333	1683783681.43359
50.33378	1479131922.34766
50.3673183333333	1521718276.01172
50.399	1637157728.9375
50.4309433333333	1436039355.52344
50.4632683333333	1783075928.57422
50.4950966666667	1731900825.80078
50.5264533333333	1757999210.86719
50.5582033333333	1620002632.83594
50.5901633333333	1423927504.73047
50.62255	1519455406.08594
50.6552683333333	1390502292.69141
50.6874416666667	1349553532.27734
50.7192483333333	1174758891.28711
50.7521716666667	1511233310.51953
50.7843166666667	1390461810.37891
50.8147983333333	1223639990.26953
50.8457116666667	1318741171.91797
50.8776683333333	1104832573.57031
50.9091083333333	1053438149.20898
50.9394283333333	1128092512.91406
50.9707983333333	1145890628.73828
51.0014	1138156066.53516
51.032005	1079033100.32031
51.0634583333333	1338385711.99219
51.0944016666667	1039123905.54883
51.1258283333333	1290504635.5
51.15721	1036452406.11719
51.1884633333333	1305754122.08594
51.2198383333333	1111951734.3457
51.252985	1170095348.78125
51.2850666666667	1287158355.42188
51.3172683333333	1275249894.28516
51.349715	1166259824.94922
51.3809783333333	1303008043.82422
51.412485	1254677449.54297
51.4436133333333	1224833574.51953
51.47599	1213753372.52734
51.5067016666667	1393773294.30078
51.5378816666667	1352129215.09375
51.5693883333333	1253226716.39063
51.6003483333333	1109872571.61719
51.6311916666667	1174924760.4082
51.6623083333333	1245577923.15234
51.6956183333333	1221677144.70313
51.7254733333333	1078577210.83398
51.75778	1058781119.9707
51.79061	1107735563.70703
51.8234233333333	1361824210.55469
51.8536516666667	1188331198.42188
51.885675	1167908314.8457
51.91752	1263468806.34375
51.947175	1138811898.3418
51.9789783333333	1150421349
52.0105816666667	1176971734.40625
52.0420966666667	1181426594.34766
52.0743933333333	1163115970.00586
52.1057116666667	1304979291.31641
52.1395483333333	1198476757.69336
52.1720016666667	1433411682.39453
52.20502	1135195512.66797
52.2375766666667	1184110408.87891
52.2697783333333	1006974821.57422
52.3021916666667	968491786.212891
52.3329633333333	1106734510.32813
52.3654283333333	1018343071.05859
52.3968016666667	1091348526.65234
52.4270583333333	993564359.351563
52.458555	1035347552.56055
52.4890966666667	1064905079.20313
52.52051	1010794747.99609
52.5513233333333	915956780.048828
52.582995	1003223292.49023
52.6133766666667	1073021312.90234
52.64494	1202822078.99219
52.6762816666667	1039635299.88672
52.7079033333333	895467150.228516
52.7380733333333	863571747.140625
52.7700283333333	876301748.634766
52.8013866666667	1043595960.10156
52.831925	948745439.25
52.8631933333333	940501454.242188
52.8936983333333	1318165653.11328
52.9245683333333	1098108340.35547
52.9545316666667	1103241895.96484
52.986835	1024228581.99414
53.0194516666667	919205502.328125
53.0494466666667	1424470069.87109
53.0807583333333	1216564803.84375
53.11207	1022352713.49609
53.143365	1064633988.85547
53.17618	1301853742.53516
53.2079716666667	1279218704.00391
53.2388383333333	1321975782
53.2705	1133435320.25391
53.3015383333333	1501457795.43359
53.331885	1186576391.05859
53.3636816666667	1360975341.71094
53.3951816666667	1374818748.78906
53.4265566666667	1283440377.87109
53.4582483333333	1327454399.44531
53.4888716666667	1190382596.14258
53.5199333333333	1377261319.75391
53.54986	1086716788.11133
53.5815633333333	1214653180.3125
53.6125716666667	1219526477.21484
53.6431133333333	1094355162.95313
53.6750716666667	1040638005.27734
53.7067166666667	1267248743.41797
53.73797	987744809.359375
53.7691516666667	961951261.089844
53.8007566666667	1174002748.67188
53.831945	1047396014.12109
53.86355	932107246.705078
53.8949916666667	1232261644.56641
53.92609	1017819157.67578
53.9580116666667	1008095989.83984
53.9897733333333	1016477291.1582
54.0199616666667	1223082137.51953
54.0527983333333	947180973.095703
54.0844916666667	1063581749
54.11635	944526865.611328
54.1475233333333	1099943646.32617
54.179055	1231674714.85156
54.209635	1210267485.28125
54.2405316666667	1192385439.54297
54.2721783333333	1295175025.39453
54.3038333333333	1128188199.51172
54.3350133333333	1332663493.39844
54.3666266666667	972949316.707031
54.397525	1144060848.86719
54.429045	1315326159.5625
54.4586233333333	1293330818.15234
54.4891433333333	1056364135.40234
54.5208883333333	1321205216.52344
54.5525216666667	1153320821.84766
54.5832816666667	1068966709.25391
54.6140616666667	1342510750.76172
54.6462	1375684287.96875
54.6786816666667	1350144983.94141
54.7106816666667	1471881681.84766
54.742615	1288902589.71875
54.775115	1240130947.09766
54.8074316666667	1160237140.19531
54.8393383333333	1192616094.48828
54.87259	1226859353.96875
54.9044366666667	1234690149.14063
54.9373466666667	1059702696.06641
54.9688966666667	1064416763.26953
54.9995666666667	990636846.089844
55.03164	975331696.597656
55.063665	880569376.798828
55.0948783333333	982532495.992188
55.12652	1049463359.37109
55.15732	1021939366.91797
55.187675	1116279149.51172
55.2182616666667	1005539218.52734
55.249715	1042114604.54297
55.280945	1154330827.77344
55.3129533333333	1039934970.67188
55.3450583333333	1112910728.24609
55.3760216666667	1020219446.29297
55.406795	1193326195.82031
55.437695	1134677769.05859
55.4699766666667	1169420105.92578
55.5011066666667	1110650486.53906
55.5327316666667	1193600095.01172
55.5644366666667	1315326169.49219
55.5942016666667	1146275489.32031
55.624885	1191772835.64063
55.6553066666667	1250289051.09766
55.686935	1276717199.09375
55.71904	1361927060.32031
55.7507233333333	1206301142.00781
55.7829983333333	1228356827.53906
55.8152216666667	1272879519.16016
55.84681	1270214866.94922
55.8782916666667	1221329284.89063
55.91005	1203840910.37891
55.9407366666667	1190157013.78125
55.9727366666667	1056095212.50781
56.002975	1005557379.98633
56.0354716666667	1215837149.76172
56.0665583333333	1265523350.29688
56.0976366666667	1277334136.55078
56.1282266666667	1206435699.63672
56.1594	1356480142.02344
56.18961	1397184068.84375
56.2209366666667	1247353603.625
56.2525916666667	1245182700.48438
56.28453	1419350257.32422
56.3160583333333	1228620232.74609
56.347865	1231393505.10938
56.3796016666667	1267164873.52734
56.410545	1122775791.47266
56.441295	1009737999.78516
56.473065	1011329843.38477
56.5044633333333	1031486373.52344
56.5348683333333	848462493.904297
56.5677116666667	984735816.779297
56.5991116666667	923409851.132813
56.631305	1040535271.78906
56.66342	811303984.376953
56.6956933333333	1091900446.20703
56.7269683333333	1064514247.27734
56.7569866666667	1117941081.45508
56.7886433333333	1056599824.70313
56.820415	1151297631.75781
56.8511666666667	1125432135.625
56.8818766666667	1523197423.6875
56.912755	1596982070.77344
56.9452666666667	1453921568.14844
56.9768383333333	1569507397.57422
57.0089766666667	1523656531.49609
57.0405816666667	1350466207.75
57.07286	1493164730.63281
57.1053816666667	1567777848.58984
57.1362066666667	1431776344.27734
57.1683783333333	1528731603.01172
57.19965	1298765048.01563
57.2316233333333	1512479973.65234
57.2641633333333	1222388053.18359
57.2960433333333	1027515950.45508
57.3279366666667	1002641098.75977
57.3601833333333	965477845.205078
57.3918533333333	1277252482.27344
57.4231766666667	1043977538.03516
57.4543	980270638.292969
57.4852616666667	977801604.009766
57.5161716666667	987763787.302734
57.5475	859310962.087891
57.5788766666667	964673858.003906
57.6099866666667	1148478270.03516
57.640585	1172186305.94922
57.6710666666667	1013329036.28516
57.7023633333333	1050787226.20313
57.7349883333333	1103342605.62109
57.764855	1144518446.05078
57.79638	1180394502.18359
57.8271216666667	1225958279.61719
57.8581566666667	1122714963.04297
57.8892016666667	1121918382.10352
57.9210966666667	875615013.832031
57.95166	1242046518
57.983225	1114186621.57813
58.014475	1116164714.67188
58.045925	1439240381.34375
58.0768866666667	1117401497.2793
58.1077033333333	1084910147.19922
58.1397566666667	1087829146.5625
58.1710633333333	1047279061.01563
58.2021516666667	1171023935.97656
58.2334133333333	1179945376.79688
58.2643116666667	1196019206.15234
58.29581	1295050124.95703
58.3286483333333	1225277355.44922
58.360965	1240956730.28125
58.3928233333333	1524489115.46484
58.4242833333333	1258593343.64453
58.455555	1189285517.26172
58.487725	1322751474.09375
58.51892	1301354494.63281
58.54996	1324364860.07031
58.5815933333333	1345880934.53906
58.6119933333333	1530545429.58203
58.6436066666667	1417418769.18359
58.674335	1338886808.01563
58.7047083333333	1365339071.57422
58.7357083333333	1329424607.48438
58.7675966666667	1508475892.55078
58.7986866666667	1449346093.80859
58.830285	1465661934.79688
58.8610966666667	1338242828.32813
58.892655	1417516772.23828
58.9244916666667	1290617930.59961
58.9561716666667	1156081945.72266
58.98867	1416140338.51953
59.01937	1336132461.42578
59.05088	1133328742.33984
59.0833783333333	1060708416.95313
59.1154083333333	1158974681.76953
59.146845	1178669976.69922
59.1796233333333	1082147608.35938
59.2111766666667	1146565784.92969
59.2422583333333	1074154159.39453
59.274305	1168264478.35156
59.3054266666667	1220345489.74609
59.3369583333333	1122068393.4707
59.3682833333333	1031203107.92188
59.399675	1113845003.07813
59.4310433333333	1250929246.94922
59.4616583333333	1120164861.68359
59.4925066666667	1151752933.91016
59.5240883333333	1135217148.14844
59.55538	1114711269.97266
59.5870333333333	1289615275.08984
59.617975	1174722134.54297
59.6486533333333	1208201673.64063
59.68003	1350204684.19141
59.7121583333333	1247025322.15234
59.74359	1430053021.84375
59.7759116666667	1371733477.15625
59.8075066666667	1161371091.37891
59.8385683333333	1055852620.76367
59.8699766666667	1122743401.78516
59.9015333333333	1097707913.82227
59.932885	1284324287.00781
59.96357	1019875059.69141
59.9959283333333	1104681595.75781
60.0286933333333	1082684000.96094
60.0596633333333	1129049694.61719
60.0904933333333	1307896882.56641
60.1221166666667	1152160885.22656
60.1534733333333	1241928606.95313
60.1845266666667	1207697161.375
60.2171366666667	1096721975.41016
60.2494666666667	1309492323.72266
60.2828016666667	1289312937.66797
60.31426	1118815169.32813
60.3453266666667	1283785560.55859
60.3768433333333	1132938948.65039
60.4110266666667	1042306091.03516
60.4432133333333	1040980252.22266
60.4755216666667	950958478.169922
60.507105	870752944.859375
60.538295	951919467.802734
60.5692216666667	1165240702.38672
60.6011816666667	1112878523.13086
60.6318333333333	848706658.589844
60.6634383333333	927624751.041016
60.6952033333333	973555453.181641
60.7268866666667	1069162366.28711
60.758335	1127011573.67578
60.7901283333333	1087609299.9375
60.820355	908300318.142578
60.8516366666667	1127982985.35156
60.8826616666667	940675985.720703
60.9140383333333	1011681673.69531
60.94519	1084745552.58594
60.9776483333333	1156821424.78516
61.0092883333333	946279118.5625
61.0418216666667	1203994366.74609
61.0734133333333	999750590.957031
61.1053583333333	1003350538.33203
61.136225	1091434050.40625
61.1676133333333	1151342298.25781
61.1987033333333	1224944662.37891
61.2300933333333	1015126455.69922
61.2603316666667	993346178.335938
61.291805	1285009298.79297
61.3222733333333	1140220152.36719
61.354325	1036357286.38086
61.3865533333333	1115419445.66016
61.418625	1259177592.23828
61.4508566666667	1087211497.17188
61.4815383333333	1134795282.45898
61.5127583333333	1032663529.69531
61.543895	1095376820.30078
61.5749033333333	1009576701.28906
61.6051266666667	1127799749.84766
61.635825	1046937527.28906
61.6665716666667	1117793974.92578
61.69772	1071904077.28125
61.7290716666667	1073730245.30859
61.7607016666667	1081104303.56445
61.7915266666667	1173783557.61719
61.82324	1086275504.31641
61.8557633333333	944548424.910156
61.88781	1145448397.70313
61.919775	1071028061.51563
61.9504533333333	958094328.398438
61.9812916666667	1040631756.93359
62.012045	996314248.664063
62.0444783333333	1029732892.83008
62.0755966666667	1111969843.28125
62.10692	1452924805.08984
62.13797	1080405129.12891
62.169195	1080800376.37695
62.20023	1324412758.17188
62.2321	1071666314.60156
62.263225	1433153032.23828
62.2948216666667	1232973471.77344
62.3275966666667	967385301.613281
62.3605533333333	1088576442.54102
62.3917916666667	1078178581.52344
62.4241833333333	1000576249.44141
62.4571166666667	1148578990.125
62.4885433333333	1060829970.81641
62.5186933333333	1044251202.49414
62.5498216666667	1041274414.80664
62.5808366666667	1092898689.88477
62.611565	1362424388.67188
62.6425116666667	1060523759.50195
62.67387	1193678423.5332
62.7043683333333	1390991604.00781
62.73546	1186606938.08984
62.7670016666667	1355819222.85938
62.7980883333333	1533968909.05078
62.82905	1312614432.41016
62.8608016666667	1314028597.16406
62.8928533333333	1206391978.42773
62.92434	1262708616.16406
62.9567283333333	1105987310.48047
62.98986	1163297044.16406
63.0205933333333	1099667535.28125
63.0524516666667	1305908844.64844
63.0842016666667	1149515853.57422
63.1153766666667	1143279065.24219
63.1464816666667	1280187154.38672
63.1774983333333	1337339073.95703
63.2099666666667	1205667019.14453
63.2413583333333	1117290574.46484
63.272625	1284025358.47266
63.3038466666667	1238725331.22461
63.334955	1457881035.67188
63.3670083333333	1122650595.49219
63.397955	1107351600.83398
63.4303116666667	1116138170.97656
63.4621666666667	1135517096.10156
63.4945116666667	1020832885.16602
63.5263066666667	866689630.277344
63.5570783333333	1084174241.8125
63.5879866666667	1281608155.17969
63.6182883333333	1056430536.18164
63.650585	978870955.25
63.6822433333333	889504209.759766
63.71204	963789190.115234
63.7444383333333	919198647.826172
63.7762983333333	897528293.173828
63.8078416666667	946081561.966797
63.83869	969500938.53125
63.8699216666667	996007282.785156
63.9011616666667	887079753.054688
63.9326666666667	879998511.683594
63.9639483333333	1001240848.3418
63.9962033333333	953394381.505859
64.0266183333333	1006737697.32227
64.05709	1069000980.58203
64.0878033333333	1326672558.4375
64.11815	1251754253.62109
64.149895	1227566432.44727
64.181095	1115754151.91016
64.2121933333333	1142404672.66211
64.243465	1197856335.63281
64.2747216666667	1112799542.34766
64.3066566666667	1140864499.53906
64.3387183333333	1070073104.78516
64.370395	986910896.654297
64.4023216666667	1031925977.07813
64.4330116666667	857186041.734375
64.4641883333333	895188732.603516
64.495525	959670496.035156
64.5261783333333	936779121.140625
64.5571916666667	1030263312.44531
64.5882916666667	876228240.996094
64.6196133333333	1071133655.58398
64.6507033333333	1006080560.27734
64.68255	1068666351.26953
64.713915	1256957166.39453
64.7456483333333	1001571727.78125
64.77906	1049692900.12109
64.8118183333333	971237467.744141
64.8444916666667	1219605797.33398
64.8764683333333	1210224876.57422
64.9068183333333	1423158699.36328
64.9377733333333	1076258437.79297
64.9698166666667	1156089777.00391
65.0005266666667	1096344060.26172
65.0319333333333	1088026423.37891
65.0632616666667	1109155426.70117
65.09491	1106707515.9668
65.1263183333333	1046546865.33203
65.1578166666667	1202533385.19531
65.189615	1229927713.70313
65.2210533333333	1182966298.875
65.251855	1026261961.76563
65.284195	1012291920.04883
65.31622	1035131550.55273
65.3489	954683534.3125
65.3825616666667	1039982487.25586
65.4145016666667	966656931.880859
65.44784	1067746630.29297
65.4791766666667	965326537.910156
65.5119516666667	1070997443.98828
65.5433416666667	1027079383.91602
65.5752983333333	1137202745.3418
65.6061916666667	1108953093.13867
65.6367166666667	1205513203.15234
65.6681216666667	1099881058.42578
65.6998933333333	1065136269.56641
65.7306883333333	1016019124.31836
65.7611133333333	1154431125.2168
65.7916766666667	912947968.095703
65.8233016666667	897667155.794922
65.8545983333333	861302483.580078
65.8864833333333	1283507687.31641
65.918015	1192748256.72266
65.95021	1113352766.10156
65.9817666666667	1326456342.35547
66.0123116666667	1157723187.70898
66.0443783333333	1189482610.69336
66.07665	1125470822.98047
66.10918	1149492805
66.1427766666667	984964462.058594
66.1753083333333	1223407845.25
66.2064033333333	1141109973.94336
66.23843	1250290518.82422
66.2703733333333	1075411019.78516
66.3028216666667	988927498.289063
66.335605	981076038.169922
66.3676383333333	1023747062.89258
66.3990433333333	1045066969.23633
66.430945	934995258.912109
66.4626616666667	976114706.423828
66.4943933333333	1098546558.71484
66.52532	1120415166.77344
66.5564566666667	994739173.705078
66.587085	1139039413.45703
66.6178383333333	1045885088.26563
66.6482683333333	959324235.53125
66.67985	949657934.533203
66.7114433333333	966696323.6875
66.74228	1161894088.69531
66.7732433333333	1017413415.27734
66.8046533333333	1081158382.0332
66.8358083333333	1028778470.82227
66.866825	1140697779.68945
66.8975	1035369848.84766
66.9296283333333	972109701.34375
66.96153	1125326749.17773
66.99316	1051958021.23828
67.024965	1220613978.41016
67.05594	1364108120.47656
67.0867566666667	1179403677.81836
67.11814	939841849.599609
67.14966	1137246387.16992
67.1810066666667	1388993393.05859
67.2132	1437344127.55469
67.2438566666667	1278164732.59961
67.2747516666667	1171706389.97461
67.30592	1446072665.36719
67.3369416666667	1499313388.57422
67.3680066666667	1011989100.8418
67.399515	1183995588.56836
67.4315283333333	1219946620.75
67.4632883333333	1085083726.125
67.495675	1081250709.14648
67.52832	1032134640.85156
67.5598316666667	1094536334.20508
67.591735	1019678475.60742
67.6230766666667	936917181.109375
67.6553533333333	856838800.664063
67.68761	1033931548.43164
67.7190166666667	1065681571.6875
67.7497366666667	899149028.882813
67.7808183333333	1127168675.00195
67.8122066666667	988500986.28125
67.8437566666667	959712381.880859
67.8754866666667	1000015986.68555
67.9072433333333	927242272.097656
67.9389716666667	977418078.171875
67.97045	998775580.496094
68.0020333333333	873619451.722656
68.033595	843948362.537109
68.065085	915491413.892578
68.0968966666667	843005502.804688
68.1289883333333	837822365.623047
68.1592933333333	719151564.564453
68.1908866666667	842453483.050781
68.2222183333333	974787615.013672
68.2544483333333	902119666.951172
68.2848666666667	1127122005.6875
68.3158283333333	1051795153.32031
68.3476133333333	1034321629.84961
68.37883	985917386.408203
68.4107066666667	1057261707.63281
68.44177	989088284.589844
68.4724133333333	877383137.644531
68.503665	1199853260.25781
68.53497	1241645577.53125
68.5663283333333	1178801677.13867
68.5976916666667	1078166774.84766
68.6291483333333	1273983952.54297
68.660785	1122785693.19141
68.6929483333333	1155481905.41602
68.724265	991886979.535156
68.756415	837850999.541016
68.7864183333333	884168427.722656
68.8181466666667	917653786.804688
68.8487183333333	819756700.261719
68.8807066666667	1390871069.28516
68.9124866666667	1294394386.34375
68.94469	930861047.722656
68.9757366666667	922128393.376953
69.0088616666667	1136972330.58984
69.0400883333333	1067661864.87891
69.0708216666667	1271895768.11719
69.10222	1281676572.29883
69.134655	1187191914.21875
69.1666183333333	1143461176.23242
69.1975666666667	1240284077.6543
69.228575	1128379026.74414
69.259855	1159862710.18164
69.29225	1265606638.53906
69.3235516666667	1354174915.38477
69.3548133333333	1214811976.0332
69.387565	1094852551.18555
69.4187183333333	1543481621.69141
69.4504016666667	1159837537.47266
69.4810033333333	1075465320.16016
69.51283	1232550943.00977
69.54467	1262113931.45703
69.5762316666667	1091513921.16602
69.60733	1464199272.16406
69.6385666666667	1355085552.19141
69.6699433333333	1479762316.06641
69.7009083333333	1305102768.16016
69.7316683333333	1285041235.66992
69.7631133333333	1596209925.54492
69.79434	1284218044.80664
69.8253866666667	1104729669.43164
69.8579866666667	1050367081.76563
69.8904133333333	1166624465.41406
69.9219383333333	943729892.044922
69.9536933333333	1212968458.63867
69.98396	1013237981.48047
70.0154916666667	1070629746.18359
70.0479316666667	1054412037.31836
70.0786983333333	938955464.785156
70.110515	1173800033.96484
70.14188	1031925953.60156
70.1738233333333	1002151208.10156
70.2056166666667	1156432842.47266
70.2370433333333	748948914.900391
70.2689483333333	869330386.388672
70.3002116666667	835511415.736328
70.3312466666667	1124284057.34766
70.3619933333333	936519380.210938
70.3939366666667	969788366.066406
70.4255833333333	982265510.435547
70.457165	1052158667.25
70.4883466666667	878788538.964844
70.5195533333333	968433746.013672
70.5497383333333	914207544.660156
70.5814066666667	1248214511.2793
70.61325	905201622.603516
70.6463316666667	1143279949.47852
70.6791433333333	964320611.869141
70.7126566666667	911580053.326172
70.7453066666667	879514351.425781
70.778345	955520094.017578
70.8113366666667	772160562.238281
70.84472	824813135.660156
70.8786766666667	816065265.011719
70.91112	833208873.820313
70.9439133333333	806558517.941406
70.9760133333333	846348547.759766
71.0081466666667	737763809.525391
71.0405133333333	763596563.779297
71.0727283333333	861311177.068359
71.104205	886259950.041016
71.1346716666667	835609992.722656
71.1660533333333	808198885.744141
71.1989433333333	769873309.451172
71.229745	857871712.607422
71.260655	722750200.257813
71.2909683333333	817057572.306641
71.3204916666667	835317277.236328
71.350805	692908736.097656
71.38184	689051154.291016
71.41276	781012856.832031
71.44344	729884722.445313
71.4740583333333	782332339.052734
71.5056283333333	1026792517.25781
71.5371733333333	967627625.341797
71.5696016666667	981013852.621094
71.6012616666667	1037993323.95898
71.6327233333333	1108247427.72461
71.6632366666667	1031606199.82813
71.6938116666667	1041764733.81641
71.7251233333333	1002565217.91406
71.7572583333333	1254742976.06445
71.7893116666667	1336602495.85742
71.8208883333333	1274569618.06445
71.8529183333333	1426825353.35156
71.8853466666667	1382674132.46289
71.9175966666667	1408164655.81641
71.9488316666667	1628939911.88281
71.981055	1292825771.98047
72.01425	1251759308.92969
72.047745	1372390078.81641
72.078875	1358844642.01367
72.1125566666667	1413938936.19141
72.1438316666667	1132246855.73828
72.1753883333333	1217213146.82813
72.2070316666667	1094089458.58984
72.238255	1337632097.44531
72.2695933333333	1134078373.9082
72.3012116666667	1236168303.33008
72.3326083333333	1017052857.16602
72.3659716666667	1121858978.38281
72.3975933333333	866294358.001953
72.4285	791215678.03125
72.4603116666667	820629691.980469
72.49143	881122259.257813
72.5229133333333	781805610.689453
72.5537483333333	838787392.591797
72.58603	785125131.064453
72.6188366666667	790841051.443359
72.6506766666667	1002311727.25391
72.6826066666667	847810995.513672
72.715	943288725.208984
72.7468716666667	980825538.121094
72.7778033333333	1030712406.52148
72.8099883333333	1140028718.91797
72.8411233333333	1155926030.20117
72.87106	1127126673.87305
72.9024133333333	1369427372.51953
72.933955	1168754350.87891
72.9649166666667	1215200686.44922
72.9967216666667	1093788129.56836
73.0297833333333	1352568060.5
73.061455	1109112441.96289
73.0945633333333	1104829356.77734
73.1261733333333	995384686.630859
73.1583766666667	1018963824.92773
73.1900616666667	1161535897.66016
73.22225	1046341690.53711
73.25417	936230715.714844
73.286105	1018264726.20117
73.3185416666667	1136046369.43945
73.3496633333333	860272874.894531
73.38067	809800356.080078
73.4135233333333	860892260.707031
73.4450566666667	1140233112.66211
73.4762833333333	994161876.101563
73.5081966666667	1049649040.24805
73.5395866666667	840253417.507813
73.5708266666667	999669917.046875
73.6026016666667	951090510.318359
73.6336433333333	950520927.759766
73.664665	1153514992.09961
73.6957483333333	1017196731.0293
73.72637	973619735.652344
73.7582333333333	1182012738.32422
73.7891983333333	982975843.107422
73.8201983333333	1349369815.61523
73.8509433333333	1080982730.02344
73.88148	1286719086.97852
73.9121116666667	1332328154.88867
73.9437716666667	1533009340.05859
73.9742466666667	1789409457.35156
74.0048633333333	1307783987.96875
74.0358883333333	1726671352.91797
74.0675633333333	1207852205.49609
74.0988183333333	987287263.447266
74.1302633333333	1284949352.44141
74.1627783333333	1050287098.50977
74.1948083333333	1088800016.20117
74.226665	1149486475.19531
74.2593233333333	1038386260.81641
74.2914116666667	963622409.617188
74.323555	951062348.490234
74.3565866666667	891742223.650391
74.3900483333333	879400234.435547
74.423035	965333305.384766
74.4549583333333	1099334927.60156
74.4878566666667	783499496.861328
74.5201333333333	1004938219.09961
74.551395	864334903.214844
74.5832866666667	683897513.291016
74.6168816666667	843526837.357422
74.6488816666667	717482421.917969
74.68066	737752904.580078
74.71311	914648745.064453
74.745665	882595780.101563
74.7779233333333	643864441.068359
74.8114433333333	565918326.688477
74.843865	643512779.78125
74.8759366666667	735972607.460938
74.909455	593091877.689453
74.9420833333333	792390136.097656
74.97415	661424167.802734
75.007165	691470117.941406
75.03971	632970463.115234
75.07125	685802449.292969
75.1039216666667	685689636.964844
75.1366333333333	632639424.816406
75.1688083333333	627532619.078125
75.2019566666667	681343596.150391
75.2346383333333	695907892.414063
75.26594	624744276.224609
75.2984183333333	643171690.261719
75.3319766666667	657538361.919922
75.36317	646920013.386719
75.3951916666667	806733457.564453
75.4271433333333	787585002.923828
75.457945	681664162.695313
75.4904383333333	777388595.347656
75.5220316666667	727567349.207031
75.5534833333333	648933401.105469
75.5849833333333	603628011.449219
75.6176983333333	496284095.488281
75.6504366666667	626917785.835938
75.68271	654052104.466797
75.71457	502089643.113281
75.7470083333333	613860514.155273
75.779735	529846532.539063
75.8131883333333	564169189.540039
75.846005	587167920.582031
75.87848	616844717.891602
75.910095	669855445.226563
75.942635	691654018.8125
75.97462	592877375.541016
76.0059566666667	603245072.268555
76.0365066666667	603378530.029297
76.0674166666667	623141896.96875
76.0993816666667	730079213.730469
76.1306166666667	610673857.546875
76.1625933333333	620655635.119141
76.1939966666667	768811170.830078
76.2264783333333	721968183.107422
76.258525	705387186.033203
76.2915266666667	745034755.492188
76.323105	799799369.697266
76.35621	761472436.769531
76.3882716666667	738663227.636719
76.4201566666667	795120875.851563
76.4518333333333	775240864.310547
76.4836366666667	751533386.650391
76.51522	1065737043.12891
76.5465033333333	962469636.160156
76.5785333333333	868228586.830078
76.6112	855394708.636719
76.6439266666667	947504326.173828
76.6770583333333	804395897.261719
76.708415	766318913.212891
76.74187	913273354.820313
76.7744	810448741.392578
76.8075266666667	835465662.625
76.8392283333333	845060747.947266
76.87209	763275996.451172
76.9055166666667	622420834.919922
76.9385866666667	682758034.542969
76.9726483333333	622940419.167969
77.0042883333333	583902922.097656
77.0367733333333	628038375.591797
77.0683966666667	599232074.988281
77.1021883333333	569416932.763672
77.1366616666667	507641911.762695
77.1703166666667	478372866.783203
77.2028333333333	532348283.685547
77.2344933333333	448517463.641602
77.266705	556790846.234375
77.299175	484027166.191406
77.3323466666667	420088956.273438
77.3658266666667	381271245.789063
77.3990616666667	407439293.588867
77.4309316666667	423835522.009766
77.464245	408236089.981445
77.49743	401225139.723633
77.5317033333333	482311533.087891
77.5651583333333	492489043.094727
77.599475	443654636.401367
77.63426	475334293.462891
77.6685733333333	412196114.098633
77.702985	420978100.036133
77.736475	435590736.736328
77.7694283333333	393396351.87793
77.8024133333333	430763473.661133
77.83491	447254893.483398
77.86736	440361034.331055
77.9003816666667	422547441.974609
77.9327766666667	416160206.948242
77.9657883333333	495499567.000977
77.9988316666667	491232994.770508
78.031745	414483914.519531
78.0646183333333	426050513.397461
78.09731	471214978.482422
78.1301416666667	435086426.175781
78.162485	444830907.852539
78.1959233333333	401463431.083008
78.2285916666667	390831965.430664
78.2633183333333	379814888.482422
78.2980716666667	350405682.90918
78.3323283333333	434502480.594727
78.3664566666667	358815692.347656
78.4012033333333	378108943.724609
78.4356483333333	325042613.24707
78.47101	333732548.237305
78.5044016666667	304894663.138672
78.537455	319339705.006836
78.570495	349841779.22168
78.60462	349643783.500977
78.6389983333333	371434204.915039
78.6747316666667	371482002.058594
78.7090783333333	423615314.772461
78.744385	414001501.482422
78.7777383333333	493819951.005859
78.811555	465751734.669922
78.8454433333333	530271782.959961
78.8787833333333	455907451.099609
78.9127233333333	466214927.820313
78.9480116666667	537039106.28418
78.9806683333333	414861534.700195
79.015695	397104932.258789
79.0475116666667	370115204.867188
79.0812416666667	350101870.199219
79.1151466666667	456202090.56543
79.1474733333333	436664617.612305
79.1796716666667	396142292.99707
79.211635	350159634.163086
79.244755	377762264.916992
79.2770516666667	369194690.246094
79.3104733333333	385122678.25293
79.3443783333333	452805268.213867
79.3783516666667	407829179.484375
79.4110166666667	404963969.482422
79.44483	401440085.675781
79.4777983333333	373039413.850586
79.51192	416509376.938477
79.5448066666667	408657890.59082
79.579325	404839400.540039
79.6140816666667	362793427.833008
79.6474366666667	358503914.735352
79.68102	363020150.571289
79.713415	391242935.294922
79.7461383333333	402405023.491211
79.779365	448030200.458984
79.8135666666667	447131645.929688
79.84593	435487038.056641
79.878565	395547485.223633
79.9124866666667	452903774.4375
79.9449966666667	343123090.360352
79.97828	482629816.576172
80.0114033333333	505425622.256836
80.0436733333333	412505567.124023
80.07645	449578418.160156
80.1096183333333	434391996.901367
80.14164	432504552.677734
80.17587	393740930.586914
80.2083516666667	375444728.825195
80.2422533333333	375593501.675781
80.2752166666667	379415228.046875
80.3081433333333	370852848.299805
80.3412683333333	368008504.916992
80.3751433333333	331003935.186523
80.4083516666667	383508626.8125
80.441005	379185863.709961
80.472535	410566611.400391
80.505705	398190126.766602
80.5376616666667	379574533.648438
80.5705966666667	394850487.34375
80.6034916666667	362904919.517578
80.6379316666667	360022483.491211
80.671675	354801384.595703
80.70315	326569691.124023
80.7367983333333	372302719.134766
80.770795	341038085.710938
80.80452	366660224.053711
80.8386383333333	422111145.954102
80.8725	434426986.817383
80.9054616666667	442419483.484375
80.9395366666667	409987022.818359
80.9726	419487640.867188
81.0066233333333	520175659.250977
81.0402183333333	431211219.361328
81.0736566666667	476697943.460938
81.106175	446115485.068359
81.139495	449914551.84082
81.17245	410117817
81.205245	477145980.230469
81.2393966666667	408026075.599609
81.2721266666667	510807002.348633
81.3051533333333	491266941.478516
81.337525	463043814.535156
81.3697016666667	448311152.603516
81.4024666666667	476181206.179688
81.4354066666667	472493627.888672
81.466915	457941239.46582
81.49993	472039237.107422
81.5331733333333	465877940.882813
81.5655033333333	484202843.963867
81.59857	519533364.864258
81.6309183333333	483140239.681641
81.6649333333333	572014760.494141
81.696545	492090605.710938
81.7279616666667	630241196.660156
81.7601716666667	603357026.017578
81.7914933333333	542999060.666016
81.8218883333333	483378581.867188
81.8538116666667	518647386.235352
81.8858933333333	608515293.228516
81.9169416666667	700383461.458984
81.9481516666667	710007034.003906
81.9800833333333	868582399.714844
82.0120133333333	826762179.84375
82.0448183333333	737893790.394531
82.0776233333333	665689018.101563
82.11077	671517325.013672
82.143055	734635154.080078
82.17544	637082284.46875
82.2076	821071995.34375
82.23864	905421677.021484
82.2700716666667	759223291.078125
82.3014866666667	799536726.898438
82.3353666666667	772752489.503906
82.3682616666667	861778524.154297
82.400635	866049464.326172
82.4335466666667	710367447.820313
82.4666166666667	683335936.869141
82.5008516666667	801414416.378906
82.5344016666667	665307709.924805
82.5666233333333	700773681.589844
82.59937	613493990.966797
82.6316266666667	587140885.904297
82.6631516666667	534655722.193359
82.6964666666667	481827939.975586
82.7298966666667	563216162.046875
82.762435	439890184.989258
82.7955966666667	435693994.722656
82.8280666666667	390586469.693359
82.861135	337620075.9375
82.8953683333333	372107630.216797
82.9282883333333	392905836.888672
82.9611233333333	403454394.498047
82.9934583333333	390990775.839844
83.0268016666667	361791456.990234
83.0595	325168376.866211
83.0937766666667	313160826.839844
83.1261733333333	280704776.051758
83.1591516666667	320924989.674805
83.192905	311218909.779297
83.2257966666667	314220054.273438
83.258645	361681606.956055
83.29366	367514458.150391
83.32767	339558945.874023
83.3614666666667	305772006.282227
83.3947666666667	321547728.577148
83.4279833333333	354924305.977539
83.4619266666667	344066395.818359
83.4942283333333	330006379.992188
83.5267183333333	343019409.564453
83.55844	334207510.316406
83.591655	319181449.076172
83.62544	353770509.646484
83.6591066666667	306069465.486328
83.6941	265480962.871094
83.72696	241261245.394531
83.76104	226162081.594238
83.7958883333333	260058702.444336
83.8287216666667	243277368.000488
83.861405	260405315.07373
83.894425	235071553.832031
83.9284933333333	225160262.674805
83.9632033333333	243939220.535645
83.9951866666667	249279020.819824
84.0279033333333	308229183.084961
84.0617766666667	338063349.057617
84.0938766666667	369305440.344727
84.125305	342565175.355469
84.1581783333333	344634362.97168
84.1908866666667	312645103.730469
84.2271616666667	330064959.329102
84.2599383333333	350997734.705566
84.2928733333333	356765898.786133
84.3251383333333	355228709.709961
84.3564133333333	275682522.076172
84.3903083333333	323547919.718262
84.423095	303611077.379395
84.45776	301867392.368164
84.4915466666667	278555389.412109
84.5254433333333	300179183.876465
84.5578216666667	285062248.766113
84.590305	341897616.506836
84.6216466666667	283100350.937988
84.6540766666667	291239001.672852
84.6854533333333	319032669.885254
84.716955	340197205.743164
84.75035	401812117.014648
84.7822416666667	360538740.410156
84.814095	383458058.303711
84.847465	368940294.635742
84.88207	398783118.677734
84.9151033333333	403388803.5
84.948365	340948329.814453
84.9811716666667	349687492.182617
85.0146816666667	344639898.297852
85.0459516666667	300341239.950195
85.08017	290266651.183594
85.1136533333333	247120648.483398
85.1501133333333	220820946.495605
85.1844233333333	216929251.088379
85.2188083333333	184824550.208984
85.2531583333333	172943841.193848
85.2865633333333	154838909.708252
85.32175	139017637.894531
85.3591633333333	123593747.350098
85.3959416666667	138084013.366211
85.4312283333333	131430704.895752
85.4664566666667	126137473.929932
85.5025666666667	121608111.281982
85.5395883333333	118385666.54834
85.57587	105813462.956299
85.6133866666667	110310093.581055
85.653825	111746162.243408
85.689155	106201853.212158
85.7263433333333	120874692.138916
85.7605083333333	161318603.234375
85.7952283333333	130996671.609375
85.829045	158205657.473389
85.86546	166230064.947754
85.8993433333333	161530513.748047
85.9349466666667	184049415.954102
85.969595	127793870.136475
86.00746	132897951.147217
86.0463416666667	128306381.944336
86.08325	116348129.626709
86.12174	118870095.094482
86.157385	121553510.249268
86.1950283333333	121252931.975586
86.2310516666667	107976456.892578
86.2695166666667	104957921.835938
86.3085883333333	119003061.581299
86.3443983333333	106857949.42334
86.3801833333333	121130751.947021
86.41847	149628222.803223
86.45692	110953556.8125
86.4967116666667	117376390.161865
86.53359	99446598.1594238
86.5740466666667	84646163.5754395
86.6161566666667	70299103.513916
86.6575283333333	91961756.1115723
86.694915	58418654.4256592
86.739945	67059352.4304199
86.7800233333333	68953503.291748
86.8221416666667	74074892.1750488
86.86184	55007375.3480225
86.9059883333333	55871168.0943604
86.95101	52449909.8546143
86.9910483333333	74373971.1794434
87.0312566666667	68952167.1787109
87.0746116666667	51495850.9233398
87.1177066666667	58087300.0919189
87.1583483333333	64459589.8496094
87.20225	72735302.0212402
87.242565	74799013.3427734
87.2836083333333	91883862.9978027
87.3213583333333	79873345.3908691
87.3590383333333	72219486.984375
87.3996966666667	67782124.6572266
87.442955	59084174.1473389
87.4865983333333	51223369.0250244
87.5297916666667	54794303.2924805
87.5699	56608790.9090576
87.6121866666667	62488806.3133545
87.652025	68480026.9451904
87.691545	70338233.0495605
87.7348116666667	82365940.9499512
87.7747983333333	105817873.388672
87.8160133333333	98747702.1208496
87.857855	92996422.5358887
87.9005566666667	85374680.1538086
87.9401383333333	76270264.7519531
87.9787883333333	72313815.3186035
88.01949	58631903.6169434
88.0623466666667	61547938.4238281
88.1031983333333	59365857.6829834
88.1474216666667	56392179.9969482
88.1924	52947631.7879639
88.237325	50086163.0865479
88.2772233333333	56517111.8221436
88.3211516666667	40268099.2770996
88.3652233333333	39624243.0419922
88.4085666666667	41416706.550415
88.4518266666667	40328645.9025879
88.494495	45524595.3565674
88.5381133333333	46301789.5606689
88.5807933333333	44683231.0012207
88.6246233333333	48829669.7773438
88.6681466666667	47086627.5769043
88.7074316666667	48999148.4194336
88.7503516666667	52448281.4442139
88.7915283333333	53933696.8934326
88.8346583333333	45993497.2857666
88.879415	46538806.5799561
88.9255716666667	40360763.1273193
88.9709083333333	39296055.7000732
89.0152533333333	36273683.8623047
89.0601266666667	39316314.4161377
89.1047666666667	33501356.1816406
89.1489483333333	37281078.821167
89.1948233333333	36369460.3430176
89.24033	35998113.1278076
89.2867233333333	35139820.0006104
89.3308683333333	32465324.0587158
89.37637	37160902.0637207
89.418335	33143634.2674561
89.4611866666667	33812000.8897705
89.506665	35622569.9885254
89.5513983333333	36215600.772583
89.5951533333333	33951709.4553223
89.6397666666667	27646716.2637329
89.6857033333333	28411631.2195435
89.7292416666667	26752435.5679932
89.775355	31285636.7197266
89.819545	32739572.7527466
89.8649033333333	33569329.4588623
89.9100466666667	39452594.6322021
89.956855	34712707.1420898
90.0033766666667	31483661.7895508
90.0484716666667	35127434.8811035
90.09375	31849235.6999512
90.1392866666667	29433450.1759033
90.1836616666667	30270073.692749
90.2288533333333	32941725.8552246
90.2757216666667	38973012.5325928
90.3211916666667	42355792.0148926
90.3666533333333	45874518.3963623
90.4122483333333	40197703.8408203
90.4543233333333	37163730.6009521
90.4988133333333	29151148.0516357
90.5442983333333	27536703.8826904
90.5897966666667	29140039.3977661
90.63437	33145493.1796875
90.6806333333333	32057171.4814453
90.727315	30828869.3892212
90.770265	30089184.9436035
90.81662	29116427.8435059
90.8615783333333	26979125.7243042
90.9073316666667	21292377.9373169
90.95189	22443445.7492676
90.9981083333333	21943042.8155518
91.0442316666667	21963615.5879517
91.08896	23526477.513916
91.1352616666667	26623496.6016846
91.17654	23208363.637207
91.2221466666667	23742248.843811
91.2656983333333	17428937.7583618
91.3125933333333	18454599.1444702
91.3597133333333	18954463.0037231
91.4061016666667	20888953.1671753
91.4522216666667	22847572.9169312
91.4973766666667	24975238.2845459
91.5417866666667	23275826.9718628
91.5882466666667	23356904.8849487
91.632805	28576888.411438
91.6776416666667	26383143.4781494
91.7238033333333	23923349.8252563
91.7704283333333	24768947.2976685
91.8126916666667	24088393.2295532
91.858155	21077297.878418
91.9028133333333	22039482.4871216
91.9475766666667	25407226.4844971
91.993135	20591081.2827148
92.0375166666667	20251420.9523315
92.0829116666667	21116600.7197876
92.1283783333333	25935406.6636353
92.1745633333333	19235751.1954956
92.2196466666667	21868875.3832397
92.2649033333333	17374744.8283081
92.3082033333333	21820274.5158691
92.35478	16292769.2759399
92.39933	16530326.9205322
92.4452966666667	17132233.8474731
92.49194	20624275.5441895
92.537625	23931470.9382324
92.582035	21019648.8094482
92.62833	19056813.144043
92.6742433333333	18043599.3339844
92.7198033333333	19991302.5979614
92.7659166666667	19414675.8345337
92.812795	18791982.4911499
92.8569133333333	19411387.201416
92.9022416666667	19967690.7318726
92.9481066666667	21539238.2958374
92.994425	21862464.7625122
93.0398383333333	28820552.6079712
93.0841883333333	24696356.5787354
93.1301983333333	25691995.9677124
93.1762166666667	25916588.4003296
93.22277	25761911.7098389
93.267655	20944863.2072754
93.3134233333333	19714527.7833862
93.3584	19641340.7419434
93.4037033333333	23571748.5864258
93.4454116666667	16736975.4136353
93.4921583333333	14827793.7040405
93.5397516666667	15851797.1390381
93.585665	16448426.8937988
93.6304233333333	19502738.0459595
93.6759666666667	15819803.3833008
93.7208616666667	17517249.2874756
93.7673266666667	15829394.7808838
93.8143633333333	16728085.357666
93.8609433333333	17222179.15271
93.90493	14756548.1052246
93.9498433333333	17195235.3066406
93.9956933333333	17067612.4120483
94.0419666666667	15047632.3079834
94.087585	15593645.288269
94.1313333333333	15734825.5439453
94.1770583333333	16561942.340332
94.2231066666667	16480288.6777344
94.2694583333333	17017318.3111572
94.3146916666667	18214792.2780762
94.3611216666667	18636782.0797729
94.40616	23847767.9818726
94.4510533333333	24155141.8068848
94.4934883333333	17935792.2213745
94.54007	17370322.5772095
94.5864866666667	17537496.1449585
94.6323933333333	19073454.3181763
94.6777333333333	16704358.4286499
94.7239	16679455.5333252
94.7679	18876403.7750854
94.8145366666667	17110479.3707275
94.86112	16246683.5772095
94.9076616666667	13865562.9424438
94.95213	15413412.5084839
94.99787	15380028.00354
95.0441383333333	14245431.2566528
95.0885766666667	13360215.467865
95.13345	16162314.3024292
95.1767266666667	11766420.127594
95.2220966666667	14823812.942688
95.2690766666667	14212534.6890869
95.3153416666667	16243041.3635254
95.360325	15020347.7935181
95.4062716666667	16976098.5389404
95.4512266666667	15840874.8989868
95.4976383333333	16046891.937439
95.54086	16080177.3598022
95.58566	15991589.9706421
95.6313633333333	16443329.937561
95.6780933333333	19287941.8996582
95.7229883333333	16968404.1618652
95.7684733333333	16970034.9835815
95.812855	15700077.3493652
95.8600933333333	16599300.1640625
95.90694	17912029.3434448
95.95184	15690938.6663208
95.99554	13519645.3301697
96.0414916666667	12663040.1548462
96.088145	15423285.2602539
96.1338833333333	13406973.510498
96.1793283333333	15080570.6801147
96.2240233333333	11648588.1356201
96.269655	11217802.1059875
96.3150966666667	11970477.142395
96.3621183333333	14297831.6375122
96.40733	13147281.9665222
96.4534816666667	13824102.3001099
96.4984283333333	12040733.4898987
96.543885	13715743.9121704
96.5865333333333	14473772.3392334
96.6313383333333	12574383.8061829
96.6779916666667	14357906.2370605
96.7246783333333	13500364.6391296
96.7704866666667	13444106.5826111
96.81581	14297638.7038574
96.8607466666667	15615781.2409668
96.90694	11973915.494751
96.9527666666667	13475843.0864258
96.9975933333333	12269598.2512512
97.0422933333333	14507283.9399414
97.0888466666667	13360046.026886
97.1356383333333	14304638.5795898
97.1815166666667	12535752.7538757
97.2264816666667	14445349.5942993
97.2719383333333	15018027.18927
97.3169233333333	15378257.2890625
97.363415	15637870.8647461
97.4097266666667	14883390.1865845
97.4553233333333	13860544.9260559
97.501485	13797535.6230469
97.5473916666667	15352831.8486328
97.594535	13176215.7280579
97.6356466666667	12553774.1101685
97.681985	11531129.3245544
97.7274983333333	11009762.8716125
97.7740716666667	10990105.5332336
97.8190283333333	10969410.0704956
97.8659516666667	10816031.3678284
97.9117733333333	12458123.2594604
97.9585466666667	13220903.0211182
98.00364	10162593.7792358
98.04854	12606107.4757996
98.0925016666667	11821410.2089233
98.1379916666667	12776795.3214111
98.1846383333333	12686882.019104
98.2295933333333	12507907.1697388
98.2730783333333	12190892.117218
98.3168316666667	12312465.8409424
98.362055	13225121.7445679
98.4079016666667	14211546.8508911
98.4542916666667	12481659.6261597
98.5006566666667	11477410.3769226
98.54718	13268288.0788574
98.5929466666667	16611165.2247314
98.6384983333333	12998447.2431641
98.6809166666667	12174752.9360352
98.7279883333333	10320251.0909729
98.7743333333333	10706094.7733154
98.8194766666667	10957638.8801575
98.8642916666667	12854693.1350098
98.910835	12155467.5492554
98.95639	10082722.5405884
