RetentionTime	Intensity
0.0183866666666667	772474.253295898
0.12727	726542.189086914
0.250748333333333	2420022.44726563
0.382275	5231553.86538696
0.508171666666667	3154455.76351929
0.641648333333333	3179793.99484253
0.770505	2964559.76339722
0.899521666666667	3519893.84991455
1.030725	4878324.19354248
1.14546833333333	5941795.30584717
1.267735	7372172.28198242
1.38305	9725911.37573242
1.50741666666667	11285393.473999
1.612435	11314999.3928223
1.73228666666667	9374909.85870361
1.84952166666667	9472150.13757324
1.97647833333333	15913142.2567749
2.083855	24152290.8895264
2.18099166666667	30089711.2801514
2.28691333333333	25190612.6176758
2.38478166666667	16951849.5838623
2.49612333333333	14936147.2746582
2.60206	15154277.09729
2.68915666666667	19835506.3259277
2.78868166666667	30895253.2294922
2.87646333333333	36108142.4338379
2.95941166666667	37831400.8361816
3.04696166666667	36582111.2731934
3.131875	49073709.1303711
3.21554333333333	62791205.3364258
3.28407333333333	97300072.9555664
3.35813166666667	131053380.640137
3.42290833333333	122527998.019531
3.49708333333333	99939919.7646484
3.57063833333333	113083278.527344
3.638285	160710055.316406
3.70998333333333	213277752.404297
3.78392166666667	230636078.750977
3.85586333333333	265463935.24707
3.92455	355758822.962891
3.98936666666667	443870257.550781
4.055135	482727901.859375
4.12177	478584691.648438
4.18401833333333	554251587.097656
4.24888	477092325.191406
4.31448333333333	502118439.449219
4.37266833333333	538796265.474609
4.43756666666667	642982166.941406
4.499085	907276477.257813
4.56570833333333	1024913261.87109
4.62914666666667	1016601343.46484
4.69613333333333	810753576.109375
4.757735	743966720.894531
4.82099333333333	723969040.589844
4.88331166666667	793842905.136719
4.945745	863463650.988281
5.00578833333333	975723577.429688
5.067475	1090398859.83594
5.12658833333333	1535529156.10156
5.19088166666667	1983451225.82813
5.25479166666667	2171125469.67969
5.32056	2193847343.78125
5.37879166666667	2052873168.95313
5.44222333333333	1656293924.45313
5.50659333333333	1665885826.875
5.57648166666667	1778377817.82031
5.64209333333333	1769930898.53125
5.70411166666667	1616538563.74219
5.76207833333333	1454826373.55469
5.82388166666667	1496469058.75
5.89075333333333	1722779467.05469
5.95259166666667	1821508669.78125
6.012975	1796095739.35156
6.07745	1610390669.85938
6.13944833333333	1579096680.40625
6.19565333333333	1655895412.94531
6.25626666666667	1792179407.78906
6.31748833333333	2012797873.5625
6.37933333333333	2234221156.77344
6.43991666666667	2427820846.45313
6.499895	2383453548.45313
6.55547166666667	2230242740.53906
6.61121	1825230738.21875
6.67566666666667	1848649420.70313
6.73594333333333	1673251236.25781
6.799505	1768796917.14844
6.86139	1785670321.78125
6.92647166666667	1743200824.74219
6.985925	1660159365.71094
7.04827333333333	1716410653.63281
7.10520333333333	1776469740.98438
7.16143166666667	1787694759.99219
7.22318166666667	1594133168.33594
7.286725	1733759208.85156
7.345405	1824830858.48438
7.40709666666667	1835138544.75781
7.46972333333333	1948026032.34375
7.53243333333333	2286700872.36719
7.59650666666667	2443355546.5
7.65834833333333	2433900798.42969
7.71908166666667	2306155620.78906
7.77945166666667	2081564493.875
7.84082666666667	1822834921.61719
7.90547	1702377270.07813
7.97028	1892387673.85938
8.02921166666667	1654512312.03906
8.08990833333333	1840495836.73438
8.15328	2040912203.65625
8.213445	1934852669.72656
8.27395333333333	1992148325.22656
8.33773	2119096835.5625
8.39300333333333	2078910453.90625
8.45454833333333	2018522994.25
8.51318166666667	2112002892.11719
8.57484833333333	2052029201.42969
8.63771833333333	2262319021.44531
8.69837666666667	2294612746.72656
8.760635	2506679547.78906
8.825255	2739564337.28906
8.88697	2573362850.10938
8.94305	2500030417.72656
8.99926333333333	2637996318.42969
9.06326	2574517357.32813
9.12421833333333	2591473867.66406
9.18253833333333	2492920917.63281
9.25614166666667	2458779894.86719
9.32558333333333	2153050317.03906
9.38980833333333	2227103952.28906
9.4497	2151558946.97656
9.50759	2095319770.53125
9.57094666666667	2033568587.95313
9.63546666666667	1923296784.58594
9.70012	1831782026.04688
9.76142	1760765977.66406
9.820665	1747098558.10938
9.87688833333333	1922210957.94531
9.94254833333333	1965036297.10156
10.0078333333333	2160856896.76563
10.0690383333333	2141607644.74219
10.12938	2217894085.36719
10.1963983333333	1956956723
10.2608933333333	2183601370.41406
10.3224366666667	2136300591.08594
10.3793316666667	2042576287.72656
10.4429766666667	2058689584.25
10.50976	1896981366.59375
10.5715616666667	1785194213.55469
10.6305533333333	1715412540.82813
10.6838216666667	1980422964.5
10.7432033333333	1837779641.04688
10.8028316666667	2037449488.38281
10.86287	2010134287.90625
10.9266516666667	2068137428.19531
10.9925083333333	2055069336.8125
11.051815	2205533276.88281
11.11188	2245827726.78906
11.1745983333333	2394599261.88281
11.2329766666667	2417023030.89844
11.29126	2280671636.00781
11.3541266666667	2255569349.88281
11.4224483333333	2184944172.99219
11.4819633333333	2074079988.59375
11.5387166666667	2119624121.92969
11.6052333333333	2051639631.98438
11.668475	2060170742.78906
11.7279183333333	1917590361.01563
11.78991	2005456205.125
11.85274	2020618349.96094
11.9133966666667	2170586464.46875
11.9768533333333	2273493225.39844
12.0408933333333	2259560734.14844
12.09997	2224905215.66406
12.1618883333333	2192732402.82031
12.2228666666667	2037214353.85938
12.2870983333333	1971619336.80469
12.3535716666667	1875816668.15625
12.4146733333333	1936556818.5
12.4733566666667	1990845622.48438
12.5364733333333	2278572214.89844
12.6051983333333	2545739352.8125
12.665255	2704889420.04688
12.72161	2819389923.14844
12.7816233333333	2731563268.01563
12.84078	2613372029.60938
12.8989083333333	2512975891.21875
12.9624766666667	2331326978.28125
13.0224683333333	2483993672.35938
13.084625	2433361722.21094
13.1465	2461083473.08594
13.202485	2543765297.1875
13.26745	2206946547.88281
13.3370866666667	2018362177.66406
13.398655	2035526769.97656
13.4617366666667	1995184714.89844
13.5179966666667	2017673555.22656
13.5793233333333	2058494149.375
13.6382866666667	2083560447.48438
13.7016983333333	1939657528.21094
13.7689233333333	1787173253.20313
13.8239766666667	1821904884.76563
13.8912683333333	1870685097.28125
13.95402	1903360675.07031
14.0160933333333	1868649040.47656
14.0787833333333	1875606636.46094
14.1446133333333	1992743704.1875
14.2019633333333	1905261250.14844
14.263315	2109447890.23438
14.3228966666667	2235030844.88281
14.3830766666667	2135608403.625
14.4530483333333	2026313866.25781
14.5149183333333	2208588400.73438
14.5763383333333	2215119160.03906
14.6428233333333	2192798663.74219
14.7052316666667	2078598635.35938
14.7680283333333	2171211497.94531
14.8299216666667	2374784330.11719
14.8919983333333	2211912937.14844
14.9537916666667	2272987502.375
15.0147683333333	2169262468.6875
15.0807383333333	2195297830.5625
15.1440733333333	2134991148.44531
15.20557	1972309199.46094
15.2748833333333	2013063785.48438
15.3353683333333	1902007135.0625
15.394235	1822732146.57031
15.457055	1844766557.75781
15.512535	1772561392.23438
15.5824933333333	1702052219.625
15.6489	1914918969.36719
15.7070816666667	1916967786.67969
15.7717833333333	2149060157.75781
15.8313633333333	2220342146.14063
15.8991116666667	2404822169.89844
15.9635283333333	2654905417.73438
16.03459	2354006253.46094
16.1022433333333	2298653241.14063
16.1600483333333	2237986475.48438
16.22224	2098564809.89844
16.28675	2101244152.36719
16.3538116666667	1897461177.34375
16.42036	1937553425.5
16.4843933333333	1820107730.94531
16.54923	1823121245.54688
16.6127033333333	1946373557.92969
16.67673	1984707326.50781
16.73605	2142880352.47656
16.804075	2150486476.20313
16.864245	2229827402.45313
16.9263566666667	2433755693.78906
16.9864583333333	2406423573.3125
17.0449183333333	2293318113.36719
17.1134483333333	2240084723.39844
17.1727033333333	2251638116.41406
17.2314	2111634905.05469
17.29761	2174090553.54688
17.3586466666667	2119484926.28906
17.42129	2095508878.89063
17.48666	2057106451.99219
17.5537483333333	1963099117.24219
17.6256283333333	2109175021.375
17.6943416666667	2104812933.66406
17.7547816666667	2144602797.61719
17.815585	2143567114.74219
17.877685	2055457514.55469
17.94159	2243088201.58594
18.0080816666667	2132015142.25781
18.0723383333333	2288120819.28125
18.1300566666667	2345757369.38281
18.2028916666667	2537795460.30469
18.2661883333333	2656123918.66406
18.3333516666667	2745261386.08594
18.39866	2853496424.40625
18.4658183333333	2722890318.125
18.53346	2730047316.67969
18.5993983333333	2611539706.28906
18.6669433333333	2519771458.59375
18.726785	2649192216.03125
18.7966533333333	2108082875.0625
18.862335	2041888429.04688
18.92899	1956447994.17969
18.99394	2013907339.57813
19.063695	1899325552.92969
19.1250633333333	2020631873.64844
19.1861366666667	2021942479.64063
19.250175	2111526626.4375
19.3161883333333	1994356383.40625
19.3799566666667	2204112711.42969
19.444255	2325279672.875
19.5085583333333	2407497403.60938
19.5700283333333	2309855156.10156
19.6359783333333	2288841578.96094
19.6957916666667	2287344388.67969
19.7591966666667	2295249590.64844
19.8262233333333	2108867284.05469
19.8953216666667	1958625245.04688
19.9569733333333	2011366182.25
20.02259	2064691435.07813
20.0852633333333	1756754458.83594
20.147945	1814178443.42969
20.2083016666667	1783048329.875
20.2716383333333	1912526608.23438
20.3404133333333	2177023263.65625
20.40245	2079923535.77344
20.4707583333333	2285412412.58594
20.5292766666667	2168927934.58594
20.5945316666667	1921461242.3125
20.6614233333333	1933665764.39844
20.72356	1928813272.48438
20.7896916666667	1974154912.61719
20.8558333333333	1990734483.46875
20.92398	2023822783.35156
20.9853966666667	2073080889.44531
21.04685	2164830425.83594
21.10786	2059065735.07031
21.1676266666667	2013051635.96094
21.2292366666667	2070668169.40625
21.2954283333333	2164119034.28125
21.3575766666667	2094835312.71094
21.42461	2124819838.57813
21.49521	2005269280.6875
21.5589433333333	2268735367.92969
21.6182416666667	2190308374.20313
21.679435	2162863457.07031
21.74411	2151130782.03906
21.80664	2181366395.19531
21.8739283333333	2193961770.89063
21.9350366666667	2009723650.82031
21.9994766666667	1901860367.14844
22.0670933333333	1885155666.91406
22.1405483333333	2021571305.35156
22.2068533333333	1933401264.42188
22.273235	1741588828.07813
22.3397533333333	1877066481
22.4058183333333	2100163806.13281
22.4711783333333	1891850391.04688
22.5370016666667	1822608286.67969
22.6059983333333	1820551392.9375
22.670025	1714904949.90625
22.741005	1769617597.21875
22.8107166666667	1703445062.28125
22.8753566666667	1786809187.24219
22.9425416666667	1754676259.63281
23.0122416666667	1820741842.44531
23.076905	1799905703.73438
23.138715	1910775448.63281
23.2059783333333	1949205221.28125
23.2689383333333	1864828959.84375
23.3378016666667	1806355602.33594
23.4006866666667	1662409536.07031
23.4661066666667	1741401227.32813
23.5278483333333	1773518792.89063
23.5940016666667	1853416066.24219
23.65671	1891865552.92188
23.7243916666667	1791610198.28125
23.786345	1702675701.64063
23.8553333333333	1865509551.64063
23.920095	1931465245.73438
23.98446	1850735176.40625
24.049505	1822478011.58594
24.1175216666667	2188104374.26563
24.1835383333333	2069427600.60156
24.2446433333333	2159208551.89844
24.3039416666667	2045802755.71094
24.3720633333333	2148567392.60156
24.4387233333333	2175375872.125
24.5013433333333	1938387718.49219
24.5685883333333	2058631887.13281
24.6324216666667	1798551043.96875
24.6936633333333	1739689841.82813
24.7597933333333	1625442777.53125
24.8295966666667	1676777473.79688
24.8980633333333	1658994117.64063
24.9643266666667	1661099301.44531
25.0278933333333	1775546760.14844
25.094595	1882347741.83594
25.1594066666667	1687383391.375
25.2248666666667	1888908716.57813
25.2898433333333	1889654732.07031
25.3524566666667	1966307002.17969
25.41721	1765624367.59375
25.4788116666667	1823667521.16406
25.5415533333333	1907867020.5625
25.6074533333333	1894275793.03125
25.6709316666667	1936210615.44531
25.7411333333333	1971630509.90625
25.8115583333333	2189135264.3125
25.87569	2042388058.8125
25.944755	2133460565.73438
26.0096266666667	2320917451.34375
26.0744466666667	2165958140.96094
26.140965	1971220583.21875
26.2152216666667	2124813716.34375
26.27739	1882971613.59375
26.3456283333333	1819039019.76563
26.4044	1708138326.79688
26.46724	1724640423.49219
26.533575	1684456567.17188
26.6049016666667	1771233583.11719
26.67098	1796743666.47656
26.7417033333333	1802236447.375
26.810635	1730314795.21875
26.876	1754453840.28906
26.9368783333333	1831628622.53125
27.0048466666667	1895401083.25781
27.0667516666667	2070708525.14844
27.1349166666667	2285357216.96875
27.1989383333333	2444785218.0625
27.2598383333333	2467939142.33594
27.318505	2728499728.13281
27.3806	2564710360.08594
27.4453783333333	2548691221.49219
27.5060683333333	2315499209.6875
27.5685583333333	2502566436.74219
27.6370466666667	2322351586.44531
27.7014133333333	2309990477.27344
27.7723233333333	2060260793.63281
27.845565	2142684534.83594
27.9127916666667	1840538092.88281
27.97532	1813560264.23438
28.044295	1754043457.78906
28.1118216666667	1685538366.42969
28.1774866666667	1639695435.75
28.2468916666667	1758513516.17188
28.3105733333333	1628452250.10938
28.3782883333333	1548388940.90625
28.4525216666667	1497637811.75
28.52405	1614852651.86719
28.59343	1785552782.73438
28.6639766666667	1791533488.28906
28.7232833333333	1776072369.53906
28.7889633333333	1740444412.78906
28.8508766666667	1738154137.39844
28.9152933333333	1828005679.53906
28.9774366666667	1754734148.4375
29.0452633333333	1709385272.69531
29.1079633333333	1770102057.63281
29.17676	1781244076.94531
29.2457116666667	1753889608.29688
29.3130116666667	1738405739.35156
29.380545	1705376139.03125
29.4466583333333	1834624209.28125
29.5144533333333	1714240526.9375
29.5774516666667	1851320849.47656
29.6366566666667	1767107617.38281
29.6991416666667	1856268293.73438
29.7698883333333	1778777248.5
29.8383333333333	1665732638.30469
29.90499	1792050602.89063
29.96799	1718865847.72656
30.0343583333333	1632193569.27344
30.0986183333333	1793789537.63281
30.16549	1786247777.72656
30.2286216666667	1733221953.96875
30.2981583333333	1797119795.60938
30.3679783333333	1741211057.04688
30.4389016666667	1785365133.73438
30.50405	1728080906.82813
30.5691783333333	1694517598.67969
30.6341583333333	1697043593.4375
30.6947866666667	1681701126.67188
30.7624033333333	1660388937.98438
30.825885	1728676474.35156
30.89164	1603003948.14844
30.958755	1591040966.79688
31.02356	1706554050.89063
31.0896183333333	1717819454.78125
31.1526616666667	1709670113.28906
31.220335	1753931691.47656
31.280925	1622557467.89063
31.340025	1754833622.10156
31.4035333333333	1820074186.92969
31.4676733333333	1863175492.36719
31.53496	1943891490.66406
31.5998416666667	1868516841.15625
31.6700283333333	1813870661
31.73849	1874811796.78125
31.8064933333333	1859157517.10938
31.8770083333333	1864698697.25781
31.9407166666667	1834083569.05469
32.0055016666667	1823938156.35156
32.0702216666667	1839264549.07813
32.13685	1845468855.17969
32.2019116666667	1881230158.78125
32.26738	1793489579.71875
32.32909	1653482156.60938
32.3992466666667	1625655341.52344
32.4654966666667	1586078024.17188
32.5308916666667	1645683442.75781
32.6001566666667	1547455690.625
32.6637433333333	1533521225.82031
32.728585	1612615802.4375
32.7911166666667	1554477386.57813
32.8585266666667	1573706844.25781
32.9234683333333	1552763111.5625
32.99122	1627488542.32813
33.0605	1721102270.23438
33.1270983333333	1642713290.07031
33.193825	1625852147.73438
33.25771	1725594045.65625
33.3233333333333	1511586472.04688
33.38659	1649908439.04688
33.45189	1568331074.4375
33.5148716666667	1635353457.41406
33.58162	1705455754.71094
33.6512883333333	1715103183.30469
33.7171683333333	1652777124.51563
33.778765	1674251656.94531
33.8441066666667	1652127287.08594
33.910345	1689260581.1875
33.970965	1774055535.38281
34.0335683333333	1720700008.3125
34.09782	1791070246.30469
34.1648933333333	1809190318.50781
34.2253316666667	1886457088.8125
34.2936966666667	1872128004.72656
34.3543833333333	1817857804.45313
34.419015	1745297865.65625
34.4888116666667	1727165778.57813
34.5568383333333	1554516299.28906
34.620645	1682881656.10938
34.6910533333333	1649673923.98438
34.7563366666667	1687813524.51563
34.821275	1588818562.08594
34.8921833333333	1771972916.59375
34.9567166666667	1968332404.27344
35.022295	1936463030.00781
35.09209	1950327452.39844
35.1600466666667	1986172261.30469
35.22613	1949561689.39063
35.29668	1907635935.07031
35.3603683333333	1829302661.54688
35.4275883333333	1971452772.10156
35.49513	1856793710.71875
35.5572583333333	2010561262.42188
35.619655	1974325174.73438
35.688295	2057032559.28906
35.750175	2015455747.96875
35.8172633333333	1977655465.46094
35.8867283333333	1850798735.21094
35.9559816666667	1958145222.14063
36.0199383333333	1796783196.14844
36.0906383333333	1799045376.46094
36.1599666666667	1715257455.27344
36.2296183333333	1774704653.32031
36.3003583333333	1852228831.63281
36.3679783333333	1718928249.17969
36.4339683333333	1630092616.61719
36.5011133333333	1697972313.74219
36.56358	1605534437.82813
36.6281066666667	1611592162.77344
36.691935	1504568773.8125
36.75688	1557273550.89844
36.8210483333333	1524980521.79688
36.88898	1589930301.19531
36.9556866666667	1642626551.5
37.0230566666667	1678494759.89844
37.0902316666667	1618734675.75781
37.1569366666667	1704481708.85156
37.2234166666667	1742365750.54688
37.2923733333333	1869312957.11719
37.364125	1851071899.39063
37.433465	1666682532.125
37.5006683333333	1655410054.46875
37.5717816666667	1644553678.24219
37.6395066666667	1684072719.5
37.706605	1664612177.14063
37.7714766666667	1535552279.52344
37.8366016666667	1528587598.89844
37.9015433333333	1600489081.71094
37.9694833333333	1561697811.82031
38.035805	1577589012.53906
38.1058966666667	1560419669.57031
38.1691816666667	1578879382.57031
38.239115	1621255645.10156
38.3013016666667	1610859332.11719
38.3589683333333	1600074911.38281
38.4257466666667	1521571638.96094
38.491355	1473283285.33594
38.5604216666667	1368642572.94531
38.6247633333333	1310763392.25
38.6960483333333	1248221648.37891
38.7588783333333	1363404218.00781
38.8290633333333	1365385492.04688
38.9003283333333	1309344526.98438
38.9661683333333	1427344913.23438
39.0355816666667	1457766245.125
39.1090666666667	1352174813.75
39.1764583333333	1483626612.76563
39.2429333333333	1538194808.21875
39.3118866666667	1462369369.375
39.3771866666667	1515180412.46875
39.4495966666667	1650127707.36719
39.5209033333333	1556787040.5625
39.590335	1597829981.61719
39.6545033333333	1821820576.03906
39.7193966666667	1676021901.05469
39.78615	1729522455.04688
39.8509583333333	1581159223.5625
39.9203483333333	1634269161.5
39.988865	1652824395.63281
40.0576933333333	1603552844.375
40.1240483333333	1781616585.14844
40.1893716666667	1801244302.51563
40.2564133333333	1776771987.48438
40.3230583333333	1827677703.99219
40.390715	1943827601.04688
40.4598183333333	1834253212.57813
40.523155	1849277764.73438
40.5895416666667	1825426070.26563
40.6599133333333	1870476158.66406
40.7254516666667	1801441333.75781
40.7926266666667	1778096955.3125
40.85817	1791143852.52344
40.9229266666667	1582024811.15625
40.994885	1721986024.13281
41.064675	1675901532.07813
41.1367733333333	1681452229.4375
41.2054783333333	1542842337.07813
41.27224	1667287159.04688
41.3392383333333	1672128641.53906
41.405645	1602599371.94531
41.471195	1525965982.9375
41.5346566666667	1516656320.36719
41.6023566666667	1651321124.71094
41.6666283333333	1659144860.36719
41.7381683333333	1577012420.28906
41.8048233333333	1597662424.74219
41.8749366666667	1702407740.35156
41.9383566666667	1646201158.03906
42.0040016666667	1618111742.03906
42.0717283333333	1732361770.51563
42.1403233333333	1685881110.85938
42.2081916666667	1773076888.67969
42.275765	1712883765.39844
42.3451	1617221472.57031
42.403915	1620085826.86719
42.4656383333333	1625998308.51563
42.5317683333333	1670948475.8125
42.5986033333333	1774433987.55469
42.6635833333333	1836698971.91406
42.7316283333333	1830945079.26563
42.7972066666667	1814469840.46875
42.862145	1813422034.61719
42.9277483333333	1826313878.21094
42.9953233333333	1706756586.60938
43.0637183333333	1739383686.00781
43.13511	1822541523.79688
43.20141	1595805518.46875
43.2733533333333	1679419720.20313
43.3357166666667	1686869590.16406
43.4082966666667	1768277282.11719
43.473585	1727079163.79688
43.5416	1711957545.17969
43.610515	1690101858.23438
43.6800483333333	1688605755.36719
43.747155	1550670710.82031
43.8202083333333	1615236313.28125
43.8875666666667	1450911317.23438
43.95748	1418133766.5625
44.0235966666667	1446585297.99219
44.0924083333333	1523983135.79688
44.165195	1520890484.30469
44.2336033333333	1616572482.52344
44.3035483333333	1520336952.61719
44.374375	1604629855.46875
44.4439983333333	1745910241.51563
44.5121966666667	1756270091.9375
44.578865	1750593285.49219
44.6476333333333	1832553540.60156
44.713855	1706908586.95313
44.785685	1716159227.83594
44.8497266666667	1695048489.55469
44.9203533333333	1565663858.39063
44.9930166666667	1648346775.60156
45.0645466666667	1615221457.42969
45.128565	1799094552.92969
45.1912633333333	1838873538.67188
45.258965	1835387907.28906
45.3253066666667	1896022855.65625
45.3885866666667	1640255285.86719
45.4589433333333	1663198021.04688
45.5257516666667	1742897254.39844
45.58629	1739946520.42969
45.649645	1835673692.29688
45.71847	1779955159.33594
45.7861883333333	1781501934.55469
45.85362	1708718261.78906
45.92162	1706863285.48438
45.9902233333333	1742951710.07813
46.056205	1613431829.08594
46.1288183333333	1558557983.28906
46.195145	1517593237.46875
46.255055	1552248943.49219
46.3225683333333	1514626427.46875
46.3912633333333	1598599315.51563
46.4618916666667	1610524660.25
46.5305966666667	1523843789.35938
46.5981616666667	1664867752.71875
46.66754	1673022550.28125
46.7347466666667	1572847449.63281
46.8087033333333	1595089861.73438
46.87686	1527426369.67188
46.9509216666667	1485666935.67188
47.0160816666667	1530182837.29688
47.083775	1463308285.88281
47.156175	1532806736.875
47.220425	1591134372.50781
47.2844216666667	1631128183.46094
47.35717	1650896301.69531
47.4210283333333	1609798058.14063
47.4906	1527600709.92969
47.5630066666667	1703932487.25781
47.6341183333333	1597528068.6875
47.6981966666667	1583204863.86719
47.7669566666667	1622982499.42969
47.8374933333333	1783588504.28906
47.9057933333333	1846461916.1875
47.9664466666667	1895337833.89063
48.03554	1853493478.53906
48.10272	1865929765.9375
48.1662533333333	1825943325.30469
48.2299366666667	1828625398.49219
48.2942733333333	1606834109.80469
48.358135	1641816465.63281
48.421985	1566290588.17969
48.4921266666667	1478124619.95313
48.5611366666667	1536191326.66406
48.630625	1548821072.71094
48.697875	1377717871.48438
48.76763	1318347009.04688
48.8408483333333	1275392223.45313
48.9091566666667	1510339805.73438
48.9774266666667	1680120401.39063
49.0461566666667	1670625295.21094
49.1158966666667	1775069039.50781
49.1843783333333	1975564492.96875
49.2506883333333	2054312620.35156
49.3161	2115204780.74219
49.3819883333333	2259327773.75781
49.450575	1849813906.21875
49.5193266666667	1898176531.46875
49.5861933333333	1900369237.82031
49.6580216666667	1655346918.9375
49.723955	1565046298.52344
49.7869783333333	1562433158.53125
49.8539966666667	1714250373.4375
49.920495	1563709615.28906
49.9916966666667	1584799701.95313
50.0606016666667	1520237736.8125
50.1273633333333	1618644898.60156
50.192065	1627935162.92188
50.2641116666667	1730342112.21094
50.3358516666667	1624660270.67969
50.4063383333333	1883421392.375
50.4756333333333	2206376185.86719
50.5451483333333	2090929457.38281
50.6124633333333	2200992617.30469
50.678355	2228070376.03906
50.7501316666667	2009947348.17969
50.8203266666667	1818645491.86719
50.8916633333333	1864303217.47656
50.9579483333333	1736593537.86719
51.0258683333333	1760955332.33594
51.09894	1861320069.10156
51.1661616666667	1868193975.49219
51.2334016666667	1801049000.85938
51.2994366666667	1875708177.42188
51.3658216666667	1743587869.25781
51.434195	1790111405.5
51.5078716666667	1810542396.41406
51.5743866666667	1876470164.42188
51.645685	1813337107.66406
51.7124533333333	1857698943.70313
51.7829116666667	1742720557.92188
51.85205	1957001816.3125
51.9151	1778239071.50781
51.98414	1753808942.50781
52.04645	1552914017.875
52.1151316666667	1641454224.09375
52.18394	1671287462.80469
52.252905	1623486629.53906
52.3199816666667	1579118460.42188
52.39172	1747623863.47656
52.4619216666667	1592424368.54688
52.52704	1649906860.07031
52.5931783333333	1601272061.61719
52.6668966666667	1475857984.9375
52.7338233333333	1761736546.53906
52.8042933333333	1601611087.78125
52.8749483333333	1618047794.15625
52.947485	1520854831.21094
53.0188683333333	1484081675.03125
53.08686	1473124148.10938
53.1568333333333	1561487516.99219
53.2248233333333	1779504645.46094
53.29103	1712950988.03125
53.3634433333333	1690626416.0625
53.4294833333333	1792270699.92188
53.498725	1642957500.1875
53.569555	1590949328.625
53.63983	1732771959.22656
53.7138933333333	1616171472.9375
53.7806933333333	1636648906.03125
53.8460166666667	1636736314.67188
53.9203616666667	1402961021.21875
53.9936066666667	1505470953.04688
54.0631983333333	1386542056.71875
54.1362866666667	1468750161.86719
54.2026816666667	1680149573.35156
54.2718083333333	1607446324.35156
54.3411366666667	1704584271.67188
54.4127516666667	1650940405.88281
54.4758666666667	1505193449.50781
54.5449266666667	1591560964.6875
54.619715	1480018616.94531
54.6909316666667	1490566351.71875
54.7617133333333	1313979232.69531
54.83446	1426267785.03125
54.90355	1383245339.19531
54.9706533333333	1524916754.85938
55.0416833333333	1527590339.0625
55.1099083333333	1622687533
55.1754783333333	1539961747.32031
55.24844	1734122212.51563
55.3223516666667	1906280263.53125
55.3922633333333	1855389110.64844
55.4637133333333	2076866572.21875
55.5325733333333	2055414391.71875
55.6024366666667	2081620713.44531
55.66782	2215165650.10156
55.7409116666667	2386236796.10938
55.8049883333333	1995354104.61719
55.8709716666667	1909502631.21094
55.9443766666667	1934833875.32813
56.0110883333333	1606132487.72656
56.07914	1480279729.86719
56.1479216666667	1551097666.72656
56.21824	1440377524.84375
56.283405	1458439982.96094
56.35592	1513147090.00781
56.4307233333333	1565108198.82031
56.4963233333333	1610570000.74219
56.56532	1610004693.61719
56.63307	1609123423.25
56.7007116666667	1740053008.05469
56.7690716666667	1788006084.08594
56.83365	1881955951.63281
56.8982116666667	1722308754.25781
56.9688566666667	1833830226.86719
57.033565	2008992861.6875
57.095955	2203108728.74219
57.1619383333333	2270134915.05469
57.2300333333333	1968715082.79688
57.29669	2115765105.58594
57.36573	2122374811.3125
57.4409466666667	2032961230.55469
57.510485	1886490741.94531
57.5794716666667	1635914369.07031
57.64926	1682218692.99219
57.7131933333333	1605524873.9375
57.77993	1669197016.03125
57.8488233333333	1578955092.9375
57.921985	1664403839.01563
57.9913616666667	1488236760.17969
58.066325	1478583081.48438
58.13414	1488974325.5625
58.2059533333333	1497359719.35938
58.2785683333333	1413029580.01172
58.350495	1355800809.125
58.4224966666667	1529445865.25781
58.496545	1576757485.67188
58.566605	1663622719.60156
58.6403183333333	1551998847.66406
58.7120233333333	1574050024.08594
58.7826216666667	1554516404.36719
58.855445	1638594329.85938
58.9205683333333	1711535322.34375
58.9924266666667	1583909466.53906
59.0627916666667	1721305371.77344
59.1324283333333	1557020658.32031
59.2052466666667	1472935033.42188
59.2714416666667	1514559140.375
59.3369866666667	1542884039.58594
59.41011	1462932173.96875
59.4793133333333	1557716628.39063
59.54671	1647932093.125
59.6156666666667	1691552027.00781
59.68414	1676894927.90625
59.7534316666667	1724835051.82031
59.8222316666667	1691509511.39844
59.8958966666667	1687892872.0625
59.96748	1558496179.64844
60.03182	1494802347.84375
60.09977	1530010684.36719
60.1689233333333	1518186531.82813
60.24136	1221712821.14844
60.31042	1287235746.71094
60.3802483333333	1222680202.66406
60.453605	1239470851.42188
60.5289433333333	1301631556.78125
60.6016516666667	1227717013.95313
60.6733833333333	1286626320.35156
60.74033	1418414520.74219
60.8087883333333	1538977147.92188
60.8809333333333	1281562980.72656
60.9558316666667	1269454024.10547
61.0269733333333	1269516819.10547
61.097325	1433463726.88281
61.1646016666667	1377830608.82031
61.2314366666667	1322337893.63281
61.297455	1213949839.26563
61.3701216666667	1280271399.08594
61.438445	1198196835.125
61.5128233333333	1313616900.34375
61.5810283333333	1372744955.95313
61.6525916666667	1585777003
61.7207416666667	1704787613.97656
61.7862833333333	1780211255.96875
61.85512	2139656849.84375
61.9204733333333	1994119114.46094
61.9857933333333	2034268392.6875
62.05573	1926108949.82813
62.1260933333333	1656136507.73438
62.1935116666667	1778157170.39063
62.2631416666667	1652257345.14063
62.33407	1537850170.11719
62.402195	1524939885.65625
62.4753416666667	1948375707.57813
62.543965	1599217542.5
62.6128033333333	1549655812.30078
62.68363	1625306893.9375
62.7559816666667	1528823077.81641
62.8282666666667	1547330324.42969
62.8982716666667	1542695430.51172
62.9711183333333	1529504503.97656
63.0425466666667	1534516372.33594
63.1161933333333	1334619022.07031
63.1888883333333	1394472765.88672
63.2628483333333	1288282547.70703
63.3325933333333	1212183584.42188
63.4018533333333	1347137238.60156
63.47238	1235114167.16406
63.5382083333333	1363939095.375
63.6104716666667	1329027764.78125
63.6807683333333	1341397274.54297
63.7520083333333	1131137508.125
63.82794	1186339419.23438
63.901265	1244801954.28906
63.9771116666667	1262208982.01563
64.0451683333333	1409838552.34766
64.117475	1411833289.92188
64.1914083333333	1245979543.75781
64.2621466666667	1411943254.45313
64.3339066666667	1364395391.10938
64.4052366666667	1291049522.50781
64.4804583333333	1241469126.10938
64.55203	1148089848.91016
64.6230966666667	1227913939.46094
64.69242	1255190057.07813
64.7643816666667	1323075105.91406
64.83513	1294832316.80078
64.906925	1275339681.22656
64.9788616666667	1393711173.90234
65.0484183333333	1295366634.60938
65.1239483333333	1206104088.57813
65.198645	1162147199.16797
65.2707716666667	1204206020.13281
65.3438966666667	1374362277.66016
65.41757	1424079640.38281
65.4857516666667	1589199165.08594
65.55793	1385148589.0625
65.6269283333333	1553581906.73438
65.6966783333333	1486643623.09375
65.76481	1474079134.45703
65.8363383333333	1546089023.50781
65.9092866666667	1577948484.35156
65.9853566666667	1471596104.18359
66.0525016666667	1471178490.20313
66.1229816666667	1402653072.73438
66.195565	1376583867.21875
66.2691533333333	1455225460.38281
66.3389766666667	1405568183.71094
66.4086633333333	1579309269.78906
66.4795916666667	1420256871.82813
66.54548	1525126952.05469
66.612655	1462053131.29297
66.6845983333333	1545238970.26563
66.75299	1296966944.55469
66.81887	1231307354.42188
66.8841483333333	1413999434.26953
66.9524183333333	1262071567.73438
67.0244016666667	1299845838.55469
67.0943433333333	1310120655.94141
67.16329	1273456821.69922
67.2363283333333	1306348917.375
67.3049266666667	1314231952.29688
67.3798783333333	1266702898.37891
67.4536433333333	1251933870.07813
67.5243816666667	1283283722.21484
67.5916316666667	1170627981.80078
67.662805	1344284043.38281
67.737275	1304645711.74219
67.8062233333333	1173908295.9375
67.8778183333333	1166635835.14844
67.9467416666667	1169818390.03125
68.0172583333333	1330911620.69141
68.0888783333333	1331066920.04688
68.1622716666667	1055490087.15625
68.2338233333333	1199846355.96875
68.3020566666667	1197125371.9375
68.3722316666667	1118229161.14453
68.4426666666667	1104273854.32813
68.51608	1119228205.60938
68.5932616666667	1286634984.78906
68.66462	1212133337.07422
68.7380316666667	1220289855.17969
68.8055216666667	1125656822.875
68.881685	1159168350.08984
68.95786	1218606131.90234
69.0315416666667	1183472171.22656
69.0987766666667	1201317276.50781
69.1715633333333	1202678167.30859
69.24343	1171872683.05469
69.31496	1272270269.39844
69.3890416666667	1195854139.22656
69.4560016666667	1177863213.37109
69.52876	1321749237.44531
69.5982016666667	1182858304.63281
69.6690816666667	1155089685.54688
69.73928	1234534423.55078
69.8105133333333	1451297860.06641
69.8789466666667	1302306106.71094
69.9501683333333	1375057771.76172
70.01959	1788069016.6875
70.092565	1667048345.60938
70.1643133333333	1585609539.375
70.23559	1670294874.39063
70.31097	1493504583.52344
70.3872616666667	1401414326.87891
70.4600683333333	1518434073.04688
70.53593	1287269326.95313
70.6050433333333	1226637695.87109
70.6781216666667	1098438549.01563
70.7527583333333	1006753074.89063
70.8226616666667	999087413.691406
70.8933216666667	1018997861.62891
70.9640633333333	1148917787.10156
71.0363966666667	1152722893.04688
71.1119033333333	1266995978.69922
71.1868283333333	1326015455.64063
71.257115	1428673224.37109
71.328535	1332496287.76563
71.4020116666667	1519348179.90625
71.4728383333333	1336243468.61719
71.544085	1217533866.56641
71.6129566666667	1149731998.62891
71.6852166666667	1272860790.72656
71.756355	958764437.375
71.827145	1060662884.86719
71.89764	1112193669.58203
71.968985	1223249049.13672
72.0392766666667	1400770167.11719
72.1116166666667	1327553085.48828
72.1835766666667	1178635496.8125
72.2539416666667	1311173577.50781
72.3256633333333	1299544175.32031
72.39841	1238809623.57422
72.47408	1359625991.97656
72.5449266666667	1358740936.13281
72.6163466666667	1284915704.12109
72.6858433333333	1475365039.44141
72.75635	1492896898.1875
72.82389	1570883992.61719
72.8968866666667	1597594651.75781
72.9709416666667	1581935545.16406
73.043465	1387036826.83203
73.114545	1392875611.08984
73.1803716666667	1290639715.64063
73.2537716666667	1222330847.87109
73.3240033333333	1091668976.00781
73.3905116666667	1244730715.29688
73.46379	1173627377.03125
73.537725	1207940779.46484
73.61215	1220877230.25781
73.6867566666667	1231088297.53906
73.7617666666667	1154055552.625
73.83726	1173006785.125
73.9081683333333	1086942475.60547
73.979925	1185879706.69531
74.055425	1094824972.30859
74.1294866666667	1192940441.18359
74.202905	1265927970.25391
74.27656	1295742997.6875
74.3489866666667	1246952331.43359
74.4224166666667	1360990841.39844
74.4947883333333	1217032857.69141
74.56829	1258383829.36719
74.6400966666667	1158300389.08594
74.71504	1053879538.35938
74.789645	1052011022.68359
74.8636733333333	1094545417.72656
74.9386816666667	1225189811.82031
75.0141633333333	1072461077.18359
75.0865416666667	1086696638.64453
75.160725	1015122898.17578
75.2317466666667	946659291.46875
75.3064416666667	1108184776.67188
75.3768783333333	1111629410.73047
75.45237	1225994228.44531
75.5196816666667	1196819553.90234
75.5923016666667	1166266693.96484
75.6671016666667	1202662230.44922
75.742265	1297200846.375
75.8152116666667	1240060045.38672
75.8888933333333	1263265792.83203
75.9598483333333	1211828995.20703
76.0313266666667	1347073442.40625
76.104505	1188933381.05469
76.1774116666667	1208558116.50781
76.2514916666667	1035215397.70703
76.32606	1149254226.17578
76.4031616666667	1035180416.70703
76.4772833333333	1033834299.28906
76.55052	1179021713.58203
76.621625	1157476143.84375
76.690805	1053382956.44141
76.7641883333333	1064181912.44531
76.8376466666667	972071393.558594
76.9120666666667	1066185481.53125
76.9867166666667	1112474798.19141
77.057495	906961920.40625
77.1311733333333	919398581.707031
77.2027083333333	913557006.121094
77.27547	1027215223.52734
77.3431266666667	1008321200.57031
77.413255	1055691944.85938
77.4874166666667	1078208182.49609
77.5632916666667	1115133172.60156
77.6358883333333	1135380687.80859
77.7041133333333	1216565949.32422
77.777925	1127047089.4375
77.8479633333333	1085560279.05859
77.922965	1023579179.09766
77.9976033333333	970042339.726563
78.0709766666667	883799269.472656
78.1443	944117616.445313
78.2181516666667	1057094045.91016
78.28932	1116699113.38672
78.3640783333333	1264051484.89844
78.4387166666667	1334326549.89063
78.5083766666667	1498548576.45703
78.5760516666667	1450177485.82422
78.6458333333333	1453731361.49219
78.7171266666667	1398636132.12109
78.788835	1327751142.28906
78.8596583333333	1362536163.09766
78.934605	1189695547.08984
79.0093483333333	1105412087.31641
79.0835316666667	1182335976.40234
79.158965	1024149063.92188
79.2331116666667	979909794.976563
79.3041533333333	1160231347.46094
79.3722216666667	1237658864.97656
79.4471583333333	1087947748.88281
79.5184416666667	1193844258.76953
79.5868683333333	1148229162.0625
79.65717	997876650.28125
79.7294166666667	1012386525.48438
79.7991	887541263.148438
79.87506	914796840.179688
79.9485633333333	897044780.550781
80.0241516666667	858591156.125
80.0973566666667	926939068.773438
80.1686233333333	983859163.457031
80.2425533333333	1010042880.41016
80.3194566666667	1103540407.39844
80.3947733333333	995134847.472656
80.4698866666667	997909276.21875
80.5408583333333	943757130.730469
80.6143416666667	938291204.585938
80.68726	1061568507.66016
80.7641766666667	1023100152.32813
80.8390183333333	1053283789.16016
80.9135766666667	1094352047.57422
80.9849916666667	955116223.648438
81.0588266666667	957683168.4375
81.13632	988733804.921875
81.2066683333333	949595683.105469
81.2806666666667	839189636.183594
81.3506333333333	905440512.503906
81.4232916666667	953262248.046875
81.4949	988169496.148438
81.5684233333333	1015689260.77344
81.6351133333333	1115393004.48438
81.705865	1187586372.67578
81.7805933333333	1284887414.65625
81.8531133333333	1035178665.75781
81.9243933333333	966878450.761719
81.9956233333333	952110192.152344
82.0701233333333	833056008.808594
82.1438583333333	931687450.019531
82.2140883333333	960945233.148438
82.291255	910437630.414063
82.3607883333333	995391009.632813
82.4307316666667	967194484.675781
82.5049516666667	1033970152.70703
82.5759233333333	1102807349.92578
82.648885	1122728129.55469
82.72492	900662636.613281
82.8001383333333	991973875.316406
82.87161	1085798340.58984
82.945815	1206862583.02344
83.017485	1004561619.43359
83.095945	1115290416.63672
83.163725	905898060.585938
83.2344783333333	1037861911.14844
83.3059583333333	1068882717.48047
83.38111	896036906.070313
83.4517816666667	974787143.402344
83.52668	1055961533.39063
83.6019783333333	1052834834.96484
83.672	1001458563.55469
83.7434	949538115.679688
83.8179066666667	822170944.8125
83.8947816666667	801765770.183594
83.9722283333333	830105085.097656
84.0474666666667	770784827.789063
84.1238833333333	755128164.425781
84.2010466666667	784660240.359375
84.2715266666667	790843290.960938
84.3424666666667	798516628.34375
84.410115	814358482.242188
84.4865866666667	884831323.226563
84.5570866666667	871091055.640625
84.62813	1033439002.78125
84.703885	821518431.871094
84.778355	1019781189.43359
84.8555566666667	816152412.996094
84.9266333333333	826548538.046875
84.9988216666667	781128303.128906
85.0715116666667	747079400.339844
85.1469833333333	932691169.757813
85.217265	793573322.875
85.2904766666667	813098279.289063
85.3649483333333	787263176.257813
85.4405033333333	857335358.257813
85.5142416666667	940205838.078125
85.59074	814320229.003906
85.6674883333333	1021891097.79297
85.73824	917644986.542969
85.8132133333333	800083628.28125
85.8888483333333	926276011.367188
85.9650166666667	940376248.730469
86.0386516666667	1014550821.30078
86.1113683333333	1010832248
86.1850066666667	972247696.402344
86.25444	1053394095.33203
86.3262983333333	1216200307.02734
86.39762	1236396715.48047
86.4707216666667	1224947886.16016
86.5439883333333	1203318617.32031
86.6178133333333	1239766003.09375
86.6907733333333	1276897218.88672
86.7627816666667	1324443633.48828
86.83582	1227934374.73047
86.91233	1083986077.11328
86.98692	1070389424.16797
87.0632733333333	1087310286.58984
87.1356733333333	901623302
87.2113833333333	953363450.109375
87.285495	895575979.492188
87.360645	846318048.21875
87.4367366666667	856873900.828125
87.5078183333333	875876639.503906
87.582155	898502437.507813
87.6576033333333	1151112268.81641
87.7293933333333	1011340606.34375
87.8025683333333	1272767609.76953
87.8777666666667	1170450045.75
87.9519716666667	1543676557.21484
88.01706	1501470256.625
88.0821616666667	1527932761.22656
88.15274	1537096557.5625
88.2257	1489618127.52344
88.297865	1448550301.32031
88.3723533333333	1577072793.58594
88.443785	1585289916.57031
88.52007	1560835818.84375
88.5895316666667	1605896662.82031
88.665565	1649869910.47656
88.7403733333333	1630656226.79688
88.8141483333333	1502836390.28906
88.886965	1854932599.27344
88.9605166666667	2265748904.75
89.0351916666667	2447545754.79688
89.1074883333333	2462534446.67969
89.1818	2434151917.9375
89.255545	2456010209.9375
89.3275666666667	2751152844.75
89.4017566666667	2356294276.82031
89.4761866666667	2476309187.28906
89.547195	2790267554.98438
89.615085	2989907665.5
89.685945	2975076734.53906
89.7571566666667	2810311078.29688
89.8306316666667	2871893300.74219
89.8988483333333	2904886581.45313
89.96885	2765365719.71094
90.04005	2725158184.29688
90.1134433333333	2746125380.29688
90.1826583333333	4290317877.625
90.249775	3305066353.05469
90.323925	3074962679.05469
90.3925316666667	3047361705.59375
90.466645	2314630625.21875
90.539105	2290088119.67188
90.6129716666667	2513993839.40625
90.6843333333333	2498363138.02344
90.757745	2615332729.07031
90.8274683333333	2782286903.92188
90.9015866666667	2903201879.32813
90.971835	3124093324.57813
91.0429266666667	2340893373.875
91.1139716666667	2173158032.09375
91.1869966666667	2147249358.51563
91.2589016666667	2122443847.20313
91.3295133333333	2518471223.82813
91.3945433333333	2007009699.03906
91.4626083333333	1683337593.86719
91.5332866666667	1625535786.5625
91.602285	1707325467.30469
91.6664133333333	1558035123.25
91.72891	1097012177.11719
91.7985816666667	972477898.917969
91.8700116666667	839927917.0625
91.9389216666667	693026872.195313
92.0086733333333	704085533.960938
92.0783883333333	721375122.054688
92.14792	571341302.382813
92.2180783333333	549225114.964844
92.29032	483586757.296875
92.3642583333333	602632451.199219
92.4248533333333	629084266.328125
92.5013383333333	450450945.140625
92.5773366666667	416720191.632813
92.653725	350493217.367188
92.72578	339905615.056641
92.800245	328968674.019531
92.8734516666667	297801144.232422
92.9501583333333	248947655.414063
93.0209083333333	253409533.09375
93.0918516666667	222444606.644531
93.162765	247746178.416016
93.2377466666667	205986730.644531
93.3213666666667	179176991.53125
93.3973933333333	176949858.294922
93.4749966666667	174092087.6875
93.55619	180794892.830078
93.63649	184544105.683594
93.71341	182643341.035156
93.7880816666667	169840360.935547
93.8686383333333	174978434.957031
93.9463616666667	150557890.082031
94.0306233333333	151788868.763672
94.0969383333333	145777725.767578
94.18067	127875707.035156
94.2636366666667	138701409.945313
94.3313183333333	135700296.200195
94.4156966666667	154620620.363281
94.48707	130871207.5
94.57412	126923771.324219
94.657735	137268298.957031
94.7406733333333	139202782.941406
94.82038	131222199.867188
94.9035766666667	109616179.290039
94.9962933333333	144347296.300781
95.0652416666667	126429558.048828
95.1440816666667	130163300.462891
95.2330516666667	126420856.705078
95.30931	129505825.5
95.4010966666667	132254468.474609
95.4714333333333	132710826.886719
95.54472	129230362.412109
95.634625	163474856.136719
95.7073833333333	120491677.369141
95.7983916666667	148383207.423828
95.8829316666667	119386075.046875
95.9727383333333	126631809.429688
96.052565	138683569.822266
96.1205933333333	128582452.21875
96.1997816666667	131709824.826172
96.2878116666667	132654188.886719
96.3703816666667	137921002.199219
96.4671383333333	137936964.183594
96.540765	133268620.712891
96.6219866666667	114190998.199219
96.7150083333333	121414504.316406
96.8012216666667	124913270.376953
96.8996616666667	136523586.123047
96.9680233333333	145199632.373047
97.0655483333333	162971837.199219
97.1424783333333	152792087.923828
97.215215	136550757.65625
97.297175	122182912.724609
97.375395	175155395.035156
97.46189	177291523.810547
97.5479883333333	180150873.175781
97.6123016666667	138315243.919922
97.69583	142138962.527344
97.78724	118305322.806641
97.8658033333333	127475863.759766
97.9589583333333	109093599.509766
98.035005	120644531.353516
98.12018	131223887.908203
98.1997033333333	136684694.06543
98.2789183333333	123375816.052734
98.3659883333333	119436244.478516
98.4537916666667	145611990.226563
98.5441533333333	152816389.480469
98.637955	140292425.459961
98.707555	124319132.908203
98.80039	137038181.579102
98.892675	154943549.638672
98.9794466666667	137491806.287109
