RetentionTime	Intensity
0.00765666666666667	44869.5203227997
0.021495	46901.0187206268
0.0436916666666667	67773.7862873077
0.0658116666666667	53791.1894454956
0.088005	69515.9115848541
0.110106666666667	84148.2100391388
0.13232	68610.3539104462
0.154428333333333	60771.9055423737
0.176711666666667	100056.83599472
0.198736666666667	76259.7986316681
0.220918333333333	80554.2449970245
0.243018333333333	91340.0358219147
0.265233333333333	84323.9289245605
0.287335	78452.8579730988
0.309528333333333	58678.1494808197
0.331635	64865.5855922699
0.357083333333333	84039.000333786
0.37594	68587.8914413452
0.398141666666667	70822.9812297821
0.420251666666667	86635.0154724121
0.44245	73152.3694648743
0.464675	63314.832818985
0.486755	67665.621257782
0.508863333333333	59755.2487030029
0.53138	81255.6202087402
0.553155	85618.8064575195
0.575361666666667	91865.1381282806
0.597826666666667	71533.3256759644
0.619661666666667	68766.5504131317
0.641763333333333	93176.8562431335
0.663971666666667	91917.6429786682
0.686076666666667	103797.241941452
0.708386666666667	74610.3142127991
0.73067	101239.498672485
0.752581666666667	82759.6108970642
0.774683333333333	87006.8028812408
0.796885	86023.1320953369
0.818986666666667	83838.0221309662
0.841183333333333	71938.5479240417
0.863646666666667	90039.3442363739
0.885591666666667	100372.632101059
0.907593333333333	82020.5658893585
0.929803333333333	89720.2555065155
0.951901666666667	74910.4072132111
0.974105	67912.5611419678
0.996351666666667	87577.7280387878
1.01842	74570.3623180389
1.04051333333333	75675.0967235565
1.061705	90374.8999786377
1.08371166666667	70053.2470283508
1.10591	88397.9495067596
1.12803	99236.3215866089
1.15021666666667	67482.9931468964
1.17234	71708.169084549
1.19453	66880.5944461823
1.21662	93034.4670772552
1.23892666666667	79232.6695289612
1.26094	100499.151586533
1.28201833333333	76698.1297073364
1.30411333333333	79988.0077724457
1.32633333333333	91959.1988105774
1.34842666666667	87121.0156497955
1.37062166666667	103607.639791489
1.39273	107926.763151169
1.41502666666667	95444.0884971619
1.43702666666667	87185.7280960083
1.459235	92521.1600112915
1.48133666666667	97010.8765010834
1.50353166666667	112629.460861206
1.52566333333333	73339.6323509216
1.54784666666667	98171.2587757111
1.56994666666667	95394.8202934265
1.59225333333333	89652.5331554413
1.61425666666667	107235.347776413
1.63645666666667	89784.9018859863
1.65856166666667	74887.1548938751
1.68075	82527.4673786163
1.70600333333333	93720.142572403
1.72506	76815.0131435394
1.74716	69642.762840271
1.76946166666667	110234.236909866
1.79147666666667	100567.134626389
1.813685	84811.9600849152
1.83578166666667	99649.7528419495
1.85798166666667	82625.5648822784
1.88008666666667	79547.5517215729
1.90227666666667	85801.6804599762
1.924385	96679.1208953857
1.94669166666667	81605.67852211
1.96841	79927.1961956024
1.99060666666667	92127.5313892365
2.012705	85103.7283477783
2.03492333333333	96348.9824829102
2.05701833333333	96699.6140098572
2.07746333333333	83976.9380054474
2.09957666666667	93006.1620197296
2.121875	99105.7246265411
2.143875	109358.069797516
2.16608	69464.423532486
2.18818	82304.2180366516
2.21037333333333	77165.2606983185
2.23129333333333	93659.266828537
2.253515	73264.9020957947
2.27560666666667	75032.619184494
2.29789833333333	67410.5857658386
2.31991	74796.0835552216
2.3421	89597.5457782745
2.36421666666667	79784.0510673523
2.386415	81612.1750354767
2.408515	80169.2277259827
2.43071666666667	66187.029460907
2.45282833333333	69554.6928405762
2.47512666666667	71442.8896713257
2.49747166666667	75025.9680690765
2.51933166666667	88838.8991298676
2.54145333333333	65868.4447898865
2.56363	72690.991355896
2.58573833333333	87997.3999195099
2.60793666666667	100765.873989105
2.63039333333333	90254.9843502045
2.65234333333333	72178.1566181183
2.674345	75761.8284301758
2.69654	96864.9889507294
2.71867	106139.486906052
2.74085666666667	91577.5053901672
2.76297	87998.1605682373
2.78516333333333	101456.903226852
2.80727166666667	86785.2185878754
2.82991	83839.6715927124
2.85156666666667	94384.4353656769
2.87376666666667	80559.1018199921
2.89587	79914.3308048248
2.91807166666667	62049.8018932343
2.94016833333333	88484.1381435394
2.96237666666667	85180.6972942352
2.984485	86208.7246780396
3.00677666666667	103092.979881287
3.02878833333333	97346.8114261627
3.05100166666667	100978.246160507
3.07308833333333	99372.5554008484
3.09530166666667	96658.1271305084
3.11739833333333	95228.0974636078
3.13959	92470.5580482483
3.16169833333333	76411.9310112
3.184	88242.7014045715
3.20599833333333	71965.7229614258
3.228195	82004.312505722
3.25033333333333	72790.4409275055
3.27250166666667	84561.1236858368
3.29461666666667	70827.3531742096
3.31681833333333	75612.1473503113
3.33891333333333	97472.1919403076
3.36121666666667	66798.0439796448
3.38324166666667	78789.4030914307
3.40542166666667	90067.3948230743
3.42752333333333	88589.2789936066
3.44972833333333	75329.5820102692
3.471825	80352.3965969086
3.49402666666667	78585.9714374542
3.516145	78016.8226318359
3.53843833333333	78844.9460315704
3.56045166666667	62564.1426410675
3.58264333333333	71601.2685852051
3.604745	75527.5815353394
3.62694166666667	61802.5697803497
3.649055	87899.5113544464
3.67125333333333	78705.1183719635
3.69335333333333	99236.4915370941
3.71566333333333	80541.4401321411
3.73765166666667	90228.2475318909
3.75986	81340.3466949463
3.781985	88135.6631755829
3.80416666666667	100252.877410889
3.82618	94570.2349853516
3.84838	98585.9940700531
3.87048333333333	94739.2702121735
3.89278	114328.970743179
3.91446333333333	87752.9046268463
3.93666	96052.192653656
3.95877833333333	114128.144268036
3.98097	87064.7665920258
4.00307666666667	88672.545589447
4.02527	94352.4002532959
4.04738166666667	100588.994441986
4.06969166666667	74597.9829425812
4.09167333333333	84981.6269111633
4.11387666666667	89810.5243473053
4.13598833333333	82974.3116664886
4.158185	64205.6425323486
4.18030166666667	100009.9721241
4.20248333333333	98766.8281097412
4.224595	71365.3047523499
4.24690833333333	80905.9639225006
4.268895	72373.0444908142
4.29110333333333	75975.6586608887
4.31319833333333	74801.5210952759
4.3354	84651.0421009064
4.35750666666667	67796.1012859344
4.37970833333333	84979.6498012543
4.40181333333333	86791.0567417145
4.42412166666667	73535.6741580963
4.44613166666667	86718.8987674713
4.46830833333333	123687.720521927
4.49042333333333	83478.100944519
4.51263166666667	85757.1085033417
4.53472	92999.3355617523
4.55692833333333	87446.7569580078
4.579065	80409.3167629242
4.60132	62386.2587108612
4.62332666666667	82847.6465034485
4.64553666666667	85609.8944854736
4.66764166666667	71718.2881031036
4.68983666666667	78416.8839950562
4.71194333333333	71716.4379863739
4.73413666666667	66691.3739185333
4.756245	74416.2124023438
4.77855333333333	72144.7238616943
4.80056166666667	64609.6375827789
4.822745	90222.7668895721
4.84486833333333	80753.1566009521
4.86706	92375.1430187225
4.88916333333333	90861.4833316803
4.91136833333333	97366.2875995636
4.93347	119378.064914703
4.95302666666667	102277.583965302
4.97504	102685.17105484
4.99723833333333	75589.0265007019
5.01934166666667	66901.5483074188
5.04154	72189.3317222595
5.063645	87151.0689048767
5.08586	77339.0873031616
5.10795333333333	71812.1009483337
5.13060666666667	80023.5748672485
5.15226666666667	91358.182466507
5.17446	73653.3829269409
5.19691333333333	102995.334033966
5.21875833333333	104909.656064987
5.24087166666667	105758.021034241
5.26338333333333	101081.415365219
5.28518666666667	91924.2305259705
5.30747166666667	77849.8476963043
5.329475	72680.3807983398
5.351675	90427.7974414825
5.37378333333333	92830.9618873596
5.39597833333333	72495.7650146484
5.418085	72151.2251586914
5.44028666666667	75006.1820869446
5.46273333333333	92554.8944454193
5.48469833333333	78276.8402023315
5.50669333333333	95856.3512821198
5.52889166666667	90080.1759185791
5.55100166666667	77168.1018829346
5.57320333333333	80663.7898406982
5.59531666666667	62727.9056167603
5.61750166666667	82095.6833133698
5.63961166666667	80017.896112442
5.661905	85659.5462207794
5.68391	84160.1416301727
5.70612333333333	82968.1227817535
5.72821666666667	94447.6409988403
5.75042	98136.0398750305
5.772535	100370.399366379
5.794725	106377.231554031
5.81684333333333	60214.7773456573
5.83913166666667	92333.3073730469
5.86113666666667	68981.9400081635
5.88333166666667	75916.9910545349
5.90543833333333	87916.090051651
5.92762833333333	78554.2890892029
5.94974333333333	67949.0817985535
5.97194166666667	89188.2884750366
5.99405166666667	97637.4310398102
6.01634166666667	84499.4811706543
6.03835833333333	79402.1762866974
6.06055	93407.0787353516
6.08266166666667	76092.4059619904
6.10487666666667	87062.1827430725
6.126965	95063.5907077789
6.14915833333333	75709.7797851563
6.17126333333333	67431.573595047
6.19355833333333	60779.7718715668
6.21557	53948.552947998
6.23776833333333	50736.0209903717
6.25986833333333	74312.2928466797
6.28207	97688.8335056305
6.30418166666667	84923.6836147308
6.326385	75961.5058345795
6.34849833333333	68107.296453476
6.37393	78692.4986686707
6.392795	82415.2895755768
6.41499	72364.9380111694
6.43709333333333	83495.6420402527
6.45928833333333	79619.021780014
6.48140333333333	60642.1137771606
6.50360166666667	61122.9722747803
6.52569666666667	113889.806022644
6.54801666666667	106792.84986496
6.570015	135567.192054749
6.59221666666667	125798.530384064
6.614345	116249.534849167
6.63652	92439.1559848785
6.65861833333333	97787.2384300232
6.680835	117128.496107101
6.70294	136946.740055084
6.72522833333333	146211.745800018
6.74722833333333	157445.822021484
6.76927166666667	182428.385047913
6.791375	200704.198598862
6.81298333333333	236115.156265259
6.83299333333333	197071.727560043
6.85470333333333	198052.121982574
6.87681333333333	213874.442401886
6.89862166666667	203770.616546631
6.92061166666667	204242.93727684
6.94135	189212.177257538
6.96348166666667	184034.240715027
6.98565333333333	185078.029506683
7.00772833333333	179270.043167114
7.03028	183608.614107132
7.051825	198246.173458099
7.07260666666667	180343.637514114
7.09329166666667	186250.139848709
7.11550166666667	185885.361942291
7.137585	158217.670721054
7.15978666666667	151182.699302673
7.18188166666667	137029.452209473
7.20407666666667	120821.084222794
7.22618333333333	117561.377450943
7.24848166666667	79628.0129737854
7.26972833333333	98148.9808044434
7.29193333333333	141675.978412628
7.31403666666667	170619.419992447
7.33624666666667	134543.097743988
7.35834833333333	147924.520103455
7.37970666666667	170745.418039322
7.40153166666667	163766.821052551
7.42303333333333	110803.610023499
7.44367166666667	109247.176183701
7.465875	142962.42691803
7.48798833333333	108449.385469437
7.50906666666667	99452.6156539917
7.53118	81779.7009792328
7.55337833333333	157958.516593933
7.57548833333333	145567.423606873
7.59779	108485.889795303
7.61971333333333	73578.4929027557
7.64188	111799.656015396
7.66230833333333	69529.0725688934
7.68451166666667	54234.1574897766
7.70660166666667	79779.8026332855
7.72881666666667	159706.347063065
7.75093166666667	90925.4814319611
7.77320833333333	124652.726848602
7.79522	210246.058448792
7.81744	235116.298658371
7.839545	272240.87106514
7.861105	294481.88700676
7.88322833333333	412890.631004333
7.910225	349705.242807388
7.92876333333333	371465.028928757
7.94691166666667	430910.901584625
7.970875	711524.205600739
8.02053333333333	451868.2146492
8.04003166666667	525754.352291107
8.06332	656201.632785797
8.11044333333333	728228.776660919
8.15668833333333	732280.415828705
8.20345166666667	829961.805171967
8.248655	787255.622585297
8.295785	668765.90422821
8.34277333333333	672923.685180664
8.38935166666667	745613.484592438
8.43650833333333	1012166.33390045
8.481415	537915.956096649
8.51202833333333	455498.79875946
8.53286666666667	636616.428543091
8.58019666666667	692618.655860901
8.62418666666667	881115.611286163
8.66880166666667	1125791.0737381
8.71243333333333	750064.636417389
8.75764166666667	828687.688591003
8.80324833333333	593639.170448303
8.85113666666667	747185.453826904
8.89634666666667	971005.472229004
8.94060666666667	910574.541191101
8.98689166666667	779933.947055817
9.03481166666667	1582491.05723572
9.07900833333333	2095175.11758423
9.12288666666667	1861425.58963013
9.16895	1544823.90083313
9.21328	999547.412353516
9.25913	761725.024932861
9.30496166666667	1243132.3272171
9.34964833333333	1031950.3764267
9.39385333333333	664854.886737823
9.440425	1993032.78048706
9.48462	1334617.07062531
9.530105	1553676.49633789
9.57366666666667	1397145.95280457
9.61696833333333	1401716.70633698
9.66074	1303145.63787079
9.70549166666667	1376365.16278076
9.75108333333333	1114061.84333801
9.796205	1077152.42041779
9.83986	1143433.0117569
9.884675	1191751.91012573
9.928895	954465.887176514
9.97452	1035649.22645569
10.02018	1131667.07558441
10.06519	1189019.55667877
10.1094783333333	1347097.79678345
10.15443	1687948.52677155
10.1992266666667	1926698.91194916
10.24351	2203726.58438873
10.28769	2451946.4339447
10.3305566666667	2604032.94746399
10.37434	2295966.24804688
10.417755	2040161.3799057
10.4618516666667	2060721.06259918
10.506445	1942420.83383179
10.5505033333333	2165103.32240295
10.59414	2168634.32463074
10.6369616666667	3563328.51469421
10.68048	3587585.89918518
10.7219833333333	3876581.33685303
10.765265	2901316.97889709
10.80608	2887748.91023254
10.849575	4228068.53790283
10.8920383333333	2913124.48051453
10.9363333333333	5296254.85354614
10.9786933333333	4741777.12744141
11.022305	5133414.61193848
11.066005	3777121.08140564
11.1072466666667	3376057.64916992
11.152195	4813656.52835083
11.19406	4700069.40344238
11.2375966666667	6295529.26786804
11.2787283333333	5407854.48416138
11.3218566666667	6030012.18444824
11.3640866666667	6677871.69006348
11.4066	7339120.54571533
11.4502866666667	4388779.89025879
11.494435	5775638.67654419
11.5378883333333	6874158.26449585
11.5795233333333	5137857.19833374
11.620565	6327116.15048218
11.6645216666667	7416354.37072754
11.7070266666667	7566206.80038452
11.750065	5568592.53712463
11.7928583333333	6415277.98646545
11.8344916666667	9550471.39474487
11.8751583333333	11462454.6505737
11.9177233333333	9308290.96437073
11.96089	11859902.184082
12.00358	11448334.6360474
12.0455916666667	10884059.9364319
12.0884933333333	7156609.671875
12.13147	6672044.06283569
12.17387	5331957.18821716
12.2177783333333	4685499.25027466
12.2607983333333	6417204.16061401
12.3029416666667	5150925.55230713
12.34616	5328010.60185242
12.38845	7636882.63909912
12.4319666666667	7639623.94876099
12.4742383333333	6984988.20791626
12.51527	4995475.50790405
12.5575283333333	4502731.7543335
12.60069	4936868.99024963
12.6432766666667	5807585.62265015
12.6857633333333	5916623.54467773
12.7283033333333	3625537.91389465
12.7730266666667	5351873.72119141
12.817715	6463026.77947998
12.8616166666667	9567574.94274902
12.9034383333333	6375063.00874329
12.94717	5494082.85395813
12.9907266666667	7217183.51123047
13.0322833333333	8637293.57394409
13.073365	4473808.48088074
13.11814	7229263.92108154
13.1601783333333	5554616.34706116
13.2030916666667	7623614.33398438
13.2454066666667	5720434.45599365
13.2871333333333	7857080.13395691
13.3320333333333	3782722.97454834
13.3768583333333	6186170.06468201
13.4211183333333	4685380.2990036
13.464855	8401563.09466553
13.5076183333333	8188031.31178284
13.5519616666667	5261707.01057434
13.5960516666667	9511144.21264648
13.6385683333333	5646751.03561401
13.68151	5949076.83596802
13.72424	7192231.63548279
13.7655033333333	7701228.06564331
13.8090366666667	7233223.26916504
13.852995	11221514.7343445
13.89482	6573576.4966507
13.9398016666667	10261544.3301086
13.9825866666667	10582963.9133453
14.02615	7308546.89512634
14.0697833333333	13480708.6656494
14.1121383333333	10319105.7748413
14.1560933333333	9560530.73501587
14.2009533333333	7342169.6875
14.2453983333333	10768670.1173096
14.2898216666667	6902347.41064453
14.333495	10521911.4342651
14.3740866666667	8840176.27313232
14.41757	9918278.30467224
14.4594516666667	8267007.30789185
14.5024583333333	9335335.19766235
14.546565	8035599.3112793
14.58956	8212354.50376892
14.6337966666667	10755783.773056
14.6778933333333	11895587.3830566
14.7200966666667	7261837.20541382
14.762105	7623949.16436768
14.8073816666667	8224853.34133911
14.84879	8821081.72546387
14.8907066666667	11135255.1274719
14.93591	11751784.6968994
14.98087	13005171.7737427
15.02352	9765693.21185303
15.0666116666667	11534940.539032
15.1095366666667	8410796.89770508
15.1528616666667	13014485.4634705
15.1952483333333	6926961.75572205
15.2387883333333	5863475.5440979
15.281675	4577605.057724
15.3256283333333	5392786.41235352
15.369195	4815012.8821106
15.41195	10307525.3932495
15.4559616666667	12221653.0266724
15.49802	13477639.7416687
15.54038	14300129.2268372
15.583585	13675792.903656
15.62504	11824376.7163086
15.6676283333333	15089780.5718994
15.709	13282680.6128845
15.7525966666667	8037838.43507385
15.7973766666667	10594980.5636444
15.8402266666667	17211775.0059204
15.88407	15629637.5093384
15.92507	10497207.1440125
15.96536	17511358.2896423
16.0061783333333	15678707.6870117
16.0510183333333	17558974.7450256
16.093155	15832812.4116516
16.136195	22397096.8635864
16.1800233333333	30449825.3707886
16.2229866666667	23476482.2485352
16.26805	14183735.537323
16.3098383333333	10916791.3111115
16.3550383333333	11607424.947464
16.398325	9126246.56100464
16.441165	14148773.2764282
16.4823883333333	7891709.25323486
16.52623	7137241.19039917
16.5696816666667	11782354.3734741
16.612015	8160237.52026367
16.6567783333333	7039361.81578064
16.7008616666667	17784461.2730713
16.7428583333333	10286564.2133789
16.7845233333333	10797230.3819275
16.82588	12728298.5347595
16.8689	8084423.82180786
16.9140316666667	8141677.96488953
16.959015	10840946.9135742
17.0035483333333	8026609.63894653
17.048055	10607826.4674683
17.09214	8984928.84538269
17.135155	10618273.2175598
17.1752416666667	7910702.49449158
17.2198733333333	7530859.31666565
17.2644466666667	5709085.71647644
17.3083933333333	8178271.932724
17.3527116666667	16592497.3343811
17.3963616666667	8938389.27565002
17.4384183333333	11178258.942215
17.4800033333333	11644017.0787811
17.52371	8779922.11633301
17.56819	9698422.48834229
17.6123	8389412.18313599
17.6558066666667	15757406.0650024
17.6993383333333	10224856.7174988
17.7405083333333	19551938.9238892
17.7810116666667	16832432.6633606
17.823685	32265414.2675171
17.8640816666667	30012739.6995239
17.9068616666667	30467032.3463745
17.9505	36383543.3848267
17.98988	31801398.2221069
18.03372	36023999.1065063
18.0746333333333	22063743.8233337
18.11499	19981806.5101624
18.15643	18033162.7738647
18.20115	20132041.2703857
18.2441866666667	14055580.4477539
18.2861616666667	7513693.18013
18.3300916666667	13934067.5857239
18.3715816666667	16987736.0696716
18.4133133333333	12541889.3460083
18.4578683333333	13968990.3815918
18.5025633333333	12199276.5635071
18.5461783333333	9662447.76332092
18.58769	9633579.76782227
18.6314166666667	9608361.4790802
18.67525	9578229.55090332
18.7192666666667	7121794.04714966
18.7621883333333	12345358.224762
18.80576	14138414.8364563
18.847755	12595725.8385925
18.8899833333333	10586400.3717041
18.9300283333333	12413799.0671082
18.9726066666667	15211747.8990173
19.0163133333333	11178570.0914917
19.0555883333333	12177925.6659546
19.098185	9015731.82684326
19.1423883333333	12456796.7457275
19.187595	10283462.1217651
19.230485	18985573.4501343
19.2727383333333	13281799.0282288
19.3161816666667	13721520.9042358
19.357855	17593079.427124
19.39994	13039558.5292053
19.44165	16653184.8958435
19.48477	14006340.0808716
19.5254283333333	19477988.9892273
19.56795	18030411.0660706
19.61122	12109527.300293
19.655665	14246148.7216797
19.6989983333333	9651473.34350586
19.7420066666667	10773589.9140778
19.782495	15111919.8135071
19.8241566666667	18540558.1864319
19.8639983333333	17251671.2613831
19.90606	23355848.5654297
19.9507166666667	21173060.2136841
19.992575	27690893.8919678
20.03635	26831662.3206787
20.0786916666667	20440611.4373169
20.1233383333333	10469757.5201416
20.1678683333333	15839487.3663025
20.2117833333333	8884807.6469574
20.257235	12240980.408905
20.30125	7836719.98518372
20.3453866666667	17668534.3632202
20.3893766666667	12639326.3522949
20.43376	15517210.4603882
20.47614	12127028.5545044
20.5192266666667	13366267.7646179
20.5618833333333	17460724.4104309
20.6031583333333	11687855.2571411
20.6458066666667	13102328.6842346
20.6876683333333	13177918.9665222
20.73169	19407481.969696
20.7750783333333	18497177.4176331
20.8188066666667	22609416.5485229
20.8603916666667	20147216.435791
20.9006516666667	14381751.5256958
20.9440866666667	13081913.6409607
20.9864633333333	10641671.2322388
21.0299833333333	11844142.2952576
21.0736716666667	15911284.3862305
21.1172033333333	18965430.2650757
21.159875	16315350.3845825
21.2016383333333	15449115.8434143
21.244115	15033179.2722473
21.2860833333333	10413353.5956726
21.33057	12486377.8819885
21.374195	10916071.9356689
21.419185	18494182.2550049
21.4615833333333	9274212.00546265
21.5039566666667	12190885.4902649
21.5468616666667	9918239.50323486
21.5893266666667	8499137.53085327
21.6324683333333	13728111.0073853
21.6778633333333	9733003.60580444
21.7211316666667	12234724.5926514
21.7631566666667	22723320.9661255
21.8035816666667	11225883.3262634
21.8470016666667	12817946.8482971
21.8912733333333	14729799.3143921
21.9336383333333	17923034.0860596
21.9758766666667	23947758.9332886
22.0199016666667	20751689.9203491
22.0638783333333	16236331.5646362
22.1065833333333	14411649.1831055
22.1497166666667	22492014.3773804
22.1926683333333	28055821.1045532
22.23392	14223539.5119629
22.2757416666667	15398088.223938
22.31658	16431143.1512756
22.359795	19552602.1734009
22.4013883333333	14753280.5271606
22.4434483333333	10496651.2718811
22.4871483333333	14359889.2007446
22.5302483333333	15494318.5671387
22.57342	14148697.7383423
22.6171633333333	10831665.771637
22.6597183333333	15556911.8487244
22.7044533333333	16854184.5665283
22.74684	16958864.2098389
22.7910866666667	15468138.9692383
22.8315416666667	8903455.57046509
22.87527	13182813.9204407
22.9168216666667	13589622.3209229
22.9613966666667	9511806.36914063
23.0059316666667	13015749.4858704
23.0502666666667	9675643.578125
23.0942333333333	11796946.1277771
23.139655	14957085.5513611
23.1820183333333	14887930.9005127
23.2266383333333	15232239.2720032
23.2687366666667	11857862.7150879
23.3125683333333	15246132.135498
23.3559333333333	11215352.5969238
23.39796	13441434.9515076
23.4385966666667	10147530.0770569
23.4796333333333	11150309.7672424
23.521795	10076553.7277832
23.56255	10976714.6283875
23.6060666666667	13300309.3215637
23.6481616666667	12526334.2565002
23.691515	13642169.3444824
23.731855	10354938.7481995
23.776005	11610146.8288574
23.817565	9284954.46722412
23.86119	11988801.447937
23.9032616666667	11637108.4786682
23.9458366666667	8071056.6374054
23.9899533333333	13239738.597229
24.0329866666667	11259705.7748413
24.075425	10709997.2633972
24.11618	14210212.185791
24.1591883333333	18070965.8137207
24.202135	22041059.461792
24.2431033333333	19911314.7246094
24.28608	15674387.3827209
24.32689	22790427.8232422
24.36533	16832839.4779053
24.40646	13812426.3210754
24.45041	15213806.2563171
24.491395	10507424.9493103
24.53367	12796370.3337402
24.5736783333333	9597268.10150146
24.6158766666667	15277602.5636597
24.65755	19793605.7071533
24.7011816666667	20682412.8607788
24.743845	13540647.0644836
24.7853816666667	24922675.1947021
24.827445	17148977.9573975
24.871765	20414726.6400452
24.916545	15676009.5625305
24.9599133333333	11515270.4001007
25.003785	13836591.3844299
25.0478433333333	11570709.5818481
25.0931266666667	11189771.7409668
25.1365416666667	17754368.8205261
25.1804083333333	13739227.4730835
25.22231	14785798.1422729
25.2665333333333	11188186.1685486
25.3078433333333	15842333.0638733
25.3504666666667	10683392.3703308
25.39401	11595073.2147522
25.4358016666667	10172095.4869995
25.47823	8067388.19532776
25.5216666666667	13589826.4595642
25.5651933333333	14443711.6061096
25.604705	21131906.7611694
25.643735	17577331.3509827
25.6851716666667	13070355.5799561
25.725955	22830863.9509888
25.770605	17933801.6408386
25.813915	19022058.8636475
25.85649	17499542.910675
25.899375	15975144.0909729
25.9428166666667	14593191.7349243
25.9889666666667	19899453.7820435
26.03277	18357202.0505981
26.0766083333333	17453394.2501526
26.1206633333333	17478430.6003418
26.1633366666667	21106572.8267517
26.20236	19157987.9827881
26.24452	19773144.5298462
26.2868833333333	20637678.8622437
26.3284716666667	22106379.0117798
26.3728833333333	21490460.2609253
26.4164966666667	17286615.8425903
26.46055	15605032.3416748
26.5026016666667	15413783.7998047
26.5469583333333	18818713.4764404
26.5897683333333	22611251.5032349
26.6308783333333	9882629.86827087
26.6753316666667	18419672.111145
26.717905	15270930.3113403
26.7601966666667	17164933.1774902
26.8049366666667	15024999.8498535
26.8482783333333	14778775.78479
26.8925383333333	15191954.3801575
26.9363416666667	18693229.8102112
26.9787566666667	23338470.918457
27.019665	17059956.2790527
27.063895	17765628.1963806
27.1091583333333	17727969.2350464
27.1504933333333	19160983.0681152
27.1921816666667	13317871.5926514
27.23544	13841905.2966309
27.27943	11156428.4586182
27.322995	13217098.4704285
27.3671766666667	13247283.3313293
27.407915	15462929.637085
27.450475	16892865.7540283
27.4927283333333	17657964.8904724
27.5363683333333	32999643.9522705
27.5776333333333	25126541.9795532
27.616185	31902991.1785889
27.6548633333333	33289979.5027466
27.6966016666667	23120585.8756714
27.739145	31812866.3276367
27.7820383333333	31668953.4674683
27.82379	39176556.1657715
27.8646483333333	35666457.0161743
27.9056166666667	46189069.3837891
27.9430666666667	27476463.6196289
27.9828516666667	37863334.3677979
28.0227733333333	35376517.7824707
28.06348	27969493.0373535
28.10426	24474158.2902222
28.1487233333333	18554589.3565063
28.190325	23818865.4742432
28.2313083333333	21412612.6859741
28.27331	16061987.6724854
28.3141566666667	25352754.1328735
28.3545566666667	14620399.4107361
28.3983366666667	20057535.9298706
28.4424366666667	14070630.8808899
28.4844433333333	24661582.1862793
28.5233983333333	28561224.6123047
28.5611166666667	28846028.7269287
28.5995433333333	21937546.6651001
28.6413983333333	27133638.7582397
28.67944	22389306.0686646
28.7220766666667	29949338.1415405
28.7641716666667	30482238.3093262
28.8067066666667	36261371.2982178
28.8462866666667	26071262.0033569
28.889215	48131544.2006836
28.92896	58218269.4460449
28.9714616666667	53079625.5374756
29.0110216666667	51799695.2628174
29.0527483333333	36581611.2918091
29.0954833333333	33522062.6240845
29.137695	43983042.5310059
29.1803683333333	48244785.5357666
29.22235	47711375.1346436
29.2649116666667	42172410.3051758
29.30812	31115511.6397095
29.3496416666667	35227201.7619629
29.3924883333333	31151917.5232544
29.4343916666667	39714711.4013062
29.4758116666667	33413920.9328613
29.5183316666667	30223262.0770874
29.5600783333333	17293128.2008667
29.604425	22457515.7609863
29.6455666666667	34564863.2410889
29.684915	24409715.2216187
29.727285	26538425.2406616
29.768375	23985716.6855469
29.8107533333333	23450028.031189
29.8528016666667	32421761.4171753
29.8919983333333	24470451.9909668
29.9348683333333	29882919.032959
29.9759166666667	34619308.2528076
30.0188283333333	35627200.6280518
30.0591916666667	22725386.0205078
30.1023233333333	21087036.8827515
30.145185	23675557.0561523
30.1884566666667	26204271.6943359
30.2307166666667	30104659.5335693
30.270205	28426200.7514648
30.313455	22728120.4057007
30.354335	48959175.536377
30.3932516666667	35713060.4438477
30.4358133333333	37084732.387085
30.4733616666667	39804324.788208
30.5115	40161546.0360107
30.5470083333333	45438452.8929443
30.5823316666667	64090428.8457031
30.6182583333333	57007979.017334
30.6560716666667	57570174.0355225
30.6969766666667	55636060.5827637
30.736325	61059560.538208
30.77189	61178288.8415527
30.8115583333333	49603628.902832
30.8512316666667	45817761.0758057
30.891455	56923029.041748
30.927925	50359903.7801514
30.9676866666667	52482646.1782227
31.006755	54396139.9316406
31.0440766666667	59112140.2276611
31.0847133333333	48361668.4830322
31.1232566666667	46154025.4614258
31.16551	45222524.7592773
31.2058633333333	28937115.6383667
31.2494433333333	45331749.7855225
31.28949	45461445.9517822
31.3333533333333	30375460.2103882
31.3772266666667	41191194.8728027
31.419145	51547886.1102295
31.4600733333333	57328347.0579834
31.4988366666667	65051915.673584
31.53871	49421013.8901367
31.5780333333333	52752075.2835693
31.6176083333333	53433639.5198975
31.65913	51485487.5523682
31.7006466666667	46848468.2587891
31.741395	38529569.9545898
31.780675	37018126.6741943
31.8234866666667	34775650.3482666
31.8640366666667	42278371.1928711
31.9019083333333	46861141.4145508
31.9440966666667	50164388.1323242
31.9862716666667	52583862.769043
32.0256933333333	36185652.368103
32.0652133333333	52853666.859375
32.1033433333333	48843227.489502
32.1402833333333	54039613.3452148
32.1743916666667	90227434.1953125
32.211525	62550038.6003418
32.2493733333333	84813264.1416016
32.28779	71579159.3769531
32.3264033333333	74899335.4804688
32.3641483333333	76819150.543457
32.4036	49081381.0708008
32.4458033333333	47825142.8829346
32.487135	49667102.3327637
32.5292916666667	49763149.6320801
32.5677966666667	59474706.5942383
32.6041383333333	56194773.7619629
32.6450366666667	37372949.1514282
32.6857433333333	46817150.0009766
32.7275516666667	41333691.8182373
32.7684266666667	38016871.62854
32.8108966666667	41726480.4174805
32.85162	36968655.4331055
32.8907633333333	49751433.8394775
32.932195	50190719.918335
32.972945	46785529.1313477
33.0144316666667	48137273.3261719
33.0554166666667	69978712.567627
33.0903033333333	44346054.967041
33.1281966666667	46386737.2246094
33.1653616666667	44261115.3669434
33.1999333333333	33697051.6790771
33.2408366666667	38053787.8582764
33.2769733333333	40843725.3587646
33.31573	39439154.7966309
33.35535	32976031.6437988
33.3968316666667	37192434.2532959
33.437475	41535755.1984863
33.4768433333333	52875444.6862793
33.5163883333333	49996242.6140137
33.558875	57840496.9748535
33.594415	58840298.5550537
33.6330066666667	62544563.4389648
33.6762616666667	72213619.9382324
33.716195	60012149.4643555
33.7555933333333	51565077.7226563
33.798105	42949823.3880615
33.8384616666667	42902690.4384766
33.8777766666667	33126526.2039795
33.9209733333333	32906558.6566162
33.9624316666667	54900943.7310791
33.9995883333333	45210662.3536377
34.0404016666667	52433361.0744629
34.080205	53070015.7110596
34.12089	40299160.4029541
34.16136	54531082.9125977
34.2012866666667	59879444.6003418
34.2376616666667	43063017.8649902
34.2741	37688648.7630615
34.314195	40329464.7110596
34.3556383333333	32291921.4851074
34.3979516666667	26788818.696167
34.4368366666667	23516921.4914551
34.4791816666667	32478757.8365479
34.519315	33058617.9831543
34.5592833333333	30197701.3726807
34.601185	47830077.3234863
34.635655	46184955.5540771
34.6776666666667	44402082.0437012
34.718865	51093450.4389648
34.7603433333333	37390604.987793
34.7999883333333	34375672.7750854
34.8404833333333	36332049.2143555
34.8832633333333	32047382.5028076
34.9211816666667	50180384.0703125
34.962975	27799130.4508057
35.00393	40238226.5046387
35.0428966666667	36186663.0512695
35.0820466666667	40123509.1751709
35.1242466666667	42766584.9327393
35.164595	47332448.0672607
35.1992266666667	45571213.7911377
35.238095	45744811.3287354
35.2792416666667	44732155.8126221
35.3164816666667	49965412.0950928
35.3545783333333	51873382.2568359
35.3970316666667	39035767.7789307
35.437425	44543042.192627
35.4760933333333	49419784.5727539
35.5166783333333	48138431.5249023
35.5544433333333	53453204.3417969
35.5957783333333	39297631.9447021
35.6389983333333	55475856.0429688
35.6760833333333	39021756.024292
35.7178183333333	45422275.7885742
35.7582216666667	34622356.2219849
35.8016566666667	42644372.7000732
35.8397816666667	46504699.7208252
35.8803666666667	45655986.1755371
35.92073	40578804.5922852
35.9610683333333	35567862.0773926
36.0046533333333	33931713.8216553
36.0482133333333	35298036.1446533
36.089805	39505348.3811035
36.1262116666667	45581840.0792236
36.1635883333333	40675817.1563721
36.2018766666667	54821781.0334473
36.2361866666667	51799790.098877
36.2721016666667	53837493.890625
36.3137366666667	56631167.4034424
36.3539283333333	42096584.3232422
36.3967016666667	48981942.9656982
36.4356066666667	43912615.0170898
36.4774183333333	43224603.927002
36.5160483333333	66105751.9863281
36.5540766666667	72521289.746582
36.5917233333333	68053452.9477539
36.6313316666667	66631059.8630371
36.6718166666667	64350624.3273926
36.7113833333333	50478402.4560547
36.75272	36697064.2923584
36.79416	36413979.180542
36.8362533333333	40474057.9260254
36.8728666666667	28077086.3164673
36.9153366666667	23513239.8234253
36.9575833333333	31481576.9881592
36.99808	35360651.1899414
37.03762	42796249.4300537
37.0779816666667	36611018.8759766
37.11685	29045194.2349243
37.1589883333333	53027619.482666
37.1953916666667	51974732.1641846
37.231015	50103843.3427734
37.270395	64232293.458252
37.3088633333333	49343124.0983887
37.35032	52258463.659668
37.3892916666667	49275038.5234375
37.4309083333333	40719797.3001709
37.4744933333333	82565397.6450195
37.5122833333333	93266870.6748047
37.5498733333333	55723143.230835
37.5902733333333	57361058.6628418
37.6292116666667	61365868.467041
37.6684816666667	48922882.3830566
37.7090816666667	41994372.7536621
37.75177	26766244.1357422
37.7904716666667	36240040.0019531
37.8307016666667	47019639.3774414
37.8679716666667	35913833.5706787
37.9101766666667	41039379.2811279
37.950595	45349831.8310547
37.9895883333333	44889692.350708
38.0318316666667	38370149.9815674
38.0754683333333	30264548.0378418
38.1190116666667	47363656.7149658
38.1585983333333	51469564.5272217
38.2003866666667	35423341.9018555
38.2417633333333	34460407.6451416
38.2809233333333	22744716.6401367
38.324145	25227356.7709961
38.3667416666667	31515352.524292
38.4086	36716379.3631592
38.4494883333333	34016784.2025146
38.490875	43612871.7750244
38.528455	33495730.6315918
38.5699016666667	39510777.6520996
38.60895	47457134.1199951
38.6458416666667	42128223.807373
38.68356	66185908.6342773
38.723325	37840655.1384277
38.76693	49937820.5438232
38.8069033333333	36671974.8890381
38.846035	44611095.8050537
38.88534	40495542.7946777
38.9275783333333	44108368.5566406
38.9663916666667	37725088.3798828
39.007235	49577584.2227783
39.045475	48421936.6982422
39.086225	41053040.3394775
39.1265933333333	56756734.107666
39.1617033333333	45971204.3231201
39.20055	38992444.2581787
39.2403283333333	28251913.9002075
39.2821333333333	32850643.4295654
39.3223133333333	43681956.9371338
39.3640983333333	37434460.871582
39.4036533333333	37783847.0552979
39.4428466666667	44695849.0891113
39.4806366666667	55341141.4512939
39.5206366666667	46029544.3807373
39.5602333333333	40975163.2805176
39.602535	37818373.9156494
39.6426033333333	33212452.2930908
39.6850433333333	27066700.2250977
39.728115	43596469.1333008
39.7708566666667	29771347.7506104
39.8133216666667	38197093.1719971
39.8535633333333	22643497.5819092
39.8964266666667	32101951.2752686
39.9393866666667	51191832.9023438
39.97864	64825746.9226074
40.0140066666667	50731824.9724121
40.05328	38790361.9723511
40.09415	44734341.0161133
40.1326083333333	36822801.4616699
40.1698433333333	35902282.2626953
40.20943	27979784.425293
40.2510066666667	39929422.3164063
40.2885933333333	28298226.3713379
40.3302333333333	35020409.8608398
40.370045	45938172.6013184
40.409475	50805253.1566162
40.45074	54648850.2050781
40.4871166666667	73919108.4379883
40.52322	73420210.623291
40.565015	51553711.2697754
40.6041683333333	66273169.6672363
40.6440133333333	48777628.3939209
40.684975	45647287.2741699
40.72558	43249429.991333
40.76646	34630005.8179932
40.8099166666667	40832519.4202881
40.8475933333333	52766050.7027588
40.8835816666667	41669359.4350586
40.9256	53976766.9820557
40.9685733333333	68637693.6606445
41.006605	64540308.1450195
41.0490866666667	64055156.286377
41.0881966666667	65039557.189209
41.125225	35247337.6815186
41.1658883333333	35815840.9812012
41.204495	34006994.756958
41.2471433333333	33805089.90625
41.2907516666667	35591295.944458
41.3334666666667	39445051.0985107
41.3740416666667	48692887.8815918
41.418235	27586771.3977051
41.4603033333333	58660525.5588379
41.49537	35940263.3690186
41.534205	62079292.8122559
41.5709283333333	37304684.7990723
41.6119333333333	36515142.6365967
41.6516666666667	47943578.9055176
41.6881783333333	48443530.7523193
41.7260866666667	45200504.3946533
41.7642916666667	47726533.0231934
41.79951	29894864.3397217
41.8399916666667	46492473.4355469
41.8778983333333	23828672.9568481
41.918985	34764240.300415
41.9577216666667	34565624.0158691
41.9975833333333	31355138.9848633
42.03926	45949409.4329834
42.07694	46022020.5629883
42.11821	31808603.8669434
42.1569766666667	37128434.4904785
42.1988883333333	41927218.6494141
42.2378016666667	34034658.2332764
42.2796816666667	34660343.9509277
42.3217433333333	29556703.0943604
42.364835	31917878.4952393
42.4053916666667	36921636.043457
42.4487883333333	35593399.4381104
42.49041	57493652.9161377
42.529735	50102733.3632813
42.5685483333333	57725378.4931641
42.6054483333333	54770373.2011719
42.642765	53957999.546875
42.68043	48150611.362915
42.7194983333333	37242699.50354
42.761765	48248276.9844971
42.8021566666667	42286132.8907471
42.8417916666667	37895780.4018555
42.8820666666667	51208464.1912842
42.920625	58123303.8178711
42.9590083333333	53905621.8837891
42.9976783333333	48223348.0209961
43.0377816666667	55382459.6789551
43.0748766666667	57621146.052002
43.1148833333333	48529369.6300049
43.1547633333333	44486178.0744629
43.1910666666667	47248870.0456543
43.2322766666667	53424400.7735596
43.267875	39262788.2938232
43.3082233333333	57260594.1079102
43.3454216666667	40228703.6845703
43.3852066666667	55513450.7038574
43.4206666666667	65208716.8215332
43.458795	69236810.2712402
43.4944633333333	76391214.5969238
43.5334516666667	72340507.0183105
43.5709583333333	82494373.8339844
43.608855	68382744.3066406
43.6428466666667	43426368.5534668
43.683885	40791589.9238281
43.7284983333333	40940747.2219238
43.7679	25790340.447876
43.8113933333333	35440996.9399414
43.84856	44408978.4572754
43.8869316666667	33410733.6188965
43.93106	47036837.6501465
43.9724833333333	70807100.7487793
44.00874	71002032.5134277
44.0480266666667	64246752.7651367
44.0880783333333	65265507.7565918
44.128815	67820257.2758789
44.16643	48075689.1824951
44.20786	41969848.2805176
44.2479416666667	48563931.0255127
44.286485	43271540.2966309
44.3261216666667	42256190.0820313
44.3681	54346410.7125244
44.407975	63550516.0128174
44.4481633333333	55209585.2856445
44.4909516666667	34589482.3262939
44.53245	57070562.1188965
44.5729516666667	43611530.3337402
44.6132633333333	51586182.0384521
44.6512	74978252.1240234
44.6833316666667	51508882.0759277
44.72178	48931204.7729492
44.7641416666667	55058360.7515869
44.79744	47610313.1317139
44.8354166666667	52646466.8374023
44.873505	82713221.6149902
44.9079366666667	85172034.8266602
44.94317	89197325.9731445
44.9807983333333	115514773.943115
45.01825	86760165.3249512
45.0571883333333	100025809.01001
45.09549	100394079.808594
45.13474	66084417.7349854
45.1758183333333	77982761.5688477
45.21454	105003275.687988
45.251115	86051602.8891602
45.2873016666667	43498595.6228027
45.3305683333333	50067515.369873
45.370825	47972266.4952393
45.41462	59962483.8538818
45.450725	65761783.0407715
45.4889983333333	44192133.6938477
45.529785	71555901.1777344
45.5674083333333	51220926.9987793
45.608015	67489310.0119629
45.6450983333333	48711341.074585
45.686235	47269418.19104
45.7260683333333	44485775.0793457
45.76644	46485932.3311768
45.8094083333333	60549324.1251221
45.84505	52495493.6768799
45.8847233333333	57191015.0119629
45.918825	61312802.9196777
45.9554583333333	58431212.9875488
45.99182	46299350.8751221
46.032395	63397735.4331055
46.068655	74792780.7563477
46.1039683333333	66927297.6850586
46.1396283333333	53863909.3565674
46.18137	78636327.1569824
46.2187583333333	70355166.5698242
46.2557683333333	56206960.1940918
46.2954733333333	65140560.2270508
46.3326683333333	83087288.6828613
46.3709916666667	48198522.0709229
46.4124433333333	53576948.9816895
46.4502183333333	62510480.779541
46.4889466666667	87816313.6499023
46.5249533333333	65045734.8427734
46.56477	63752341.8962402
46.6037983333333	57374165.3171387
46.6431066666667	62111545.7619629
46.683915	45440105.9610596
46.7240416666667	43652464.5493164
46.764615	49181214.5441895
46.80458	52727595.1621094
46.8462216666667	35735198.5085449
46.8878233333333	33117863.3808594
46.930135	38466986.4460449
46.966725	51610085.6761475
47.0021933333333	41534536.5900879
47.0416433333333	54769857.3637695
47.0781816666667	68121907.7568359
47.11278	65516365.0571289
47.1527366666667	59360414.763916
47.1946166666667	54689584.1864014
47.23734	68224469.8115234
47.2756716666667	48816819.1209717
47.3161433333333	45214677.9320068
47.3584183333333	62735898.6816406
47.3994533333333	51281491.8685303
47.4429983333333	71739702.9960938
47.4825266666667	95544791.4743652
47.51659	74397899.7451172
47.5557866666667	50893102.6184082
47.59616	45812595.2993164
47.6380766666667	71100876.739502
47.6760116666667	57511781.1560059
47.716515	55526015.663208
47.7545066666667	35277182.732666
47.79607	30794031.1373901
47.837055	31244548.6085205
47.879925	35263917.4412842
47.9209066666667	38293037.7557373
47.9620683333333	48956065.7888184
48.00174	46224653.6379395
48.0409316666667	47246886.0092773
48.0810366666667	43577147.6661377
48.120975	45693763.5136719
48.1596366666667	53154164.3840332
48.1986833333333	44372313.5322266
48.239565	31798429.4437256
48.282865	44192160.0125732
48.3227133333333	42181418.6379395
48.3629216666667	33648582.8582153
48.4070933333333	35232242.4688721
48.449805	32260755.0993652
48.49222	40247613.0836182
48.5332983333333	33033562.0169678
48.5737683333333	38934889.6774902
48.6122916666667	44280835.6922607
48.650455	44572429.1414795
48.6888083333333	41750318.6706543
48.72966	25545104.4486694
48.7721466666667	41917462.1925049
48.8114533333333	37459101.291626
48.8521733333333	57531016.1010742
48.892175	41194550.9870605
48.9331166666667	61243587.1219482
48.97153	53669617.9766846
49.009905	54632466.4429932
49.05195	65960678.3269043
49.09279	69181566.5646973
49.13205	82873287.7280273
49.1690266666667	86627268.7558594
49.2082616666667	71958763.0534668
49.2510883333333	72933583.9333496
49.289835	76540209.4628906
49.325065	80971329.605957
49.3614133333333	68591758.703125
49.4023183333333	95295206.2763672
49.4395816666667	87274217.8349609
49.4777166666667	80208679.3708496
49.51629	54613345.0639648
49.5599	65500174.5157471
49.603995	66351525.920166
49.6448733333333	60345195.9199219
49.688625	51631588.6069336
49.73179	75214338.8474121
49.7756316666667	53281532.3681641
49.8178533333333	76187973.0837402
49.8554316666667	55428158.5178223
49.8958483333333	47602735.0784912
49.9403066666667	55298281.2017822
49.9779916666667	64705905.5222168
50.0142033333333	53702936.6937256
50.0541066666667	59328856.9373779
50.090035	61362393.5183105
50.1269566666667	55735405.7596436
50.16643	70425267.2883301
50.2018666666667	47556090.8406982
50.2427333333333	74488121.7722168
50.2815633333333	63063533.0709229
50.3187766666667	42662104.0784912
50.360875	61768186.7595215
50.3994383333333	47842843.5476074
50.4406033333333	47747200.4647217
50.4822016666667	45731031.008667
50.52301	47258545.0783691
50.5640016666667	36400287.3041992
50.604085	32393694.9916382
50.6462783333333	36938589.9226074
50.6857733333333	36178639.3199463
50.7282233333333	31296158.7600708
50.7729466666667	31985329.1102905
50.8174833333333	51389645.6225586
50.8585216666667	36391813.0411377
50.9039683333333	49505781.3455811
50.943865	42963296.6196289
50.9868966666667	33952354.1872559
51.027115	46490467.3665771
51.0687483333333	37245444.1003418
51.111375	32585575.4338379
51.1541183333333	56917582.6563721
51.1948983333333	54417062.7105713
51.2332683333333	47934025.3363037
51.2724716666667	24298333.0079956
51.3175333333333	44130024.0673828
51.3598366666667	49160061.1708984
51.3998033333333	50295500.6868896
51.436685	53360786.866333
51.47705	57431704.2084961
51.5174183333333	52500354.7058105
51.5548066666667	54289594.4238281
51.5949516666667	71971165.1506348
51.6313766666667	69593578.5673828
51.6716033333333	55217121.2810059
51.7080316666667	47569397.9248047
51.7485533333333	63672474.3023682
51.7881533333333	51994956.784668
51.8280283333333	56672937.0759277
51.8704533333333	36396921.7105713
51.9147166666667	45070758.052124
51.9558516666667	29811294.1697998
51.9994416666667	29494376.1132813
52.0424266666667	28710173.1744385
52.0868216666667	31504068.9040527
52.130035	41149083.7941895
52.1690066666667	38801925.7246094
52.2102283333333	45974552.3660889
52.24681	44931581.9810791
52.2871883333333	59811420.9803467
52.326905	53878485.2618408
52.3693283333333	52121175.4672852
52.4090533333333	66240057.0860596
52.447505	52282571.6362305
52.4882516666667	66370295.0218506
52.5246316666667	54044538.925293
52.5648233333333	52680849.7537842
52.6046383333333	61348019.6942139
52.6418066666667	59692396.9759521
52.680515	75843188.2271729
52.7184366666667	48492699.9654541
52.7608133333333	54151509.8499756
52.8014883333333	64026053.0490723
52.8401783333333	46739150.4111328
52.8810816666667	47499899.0784912
52.92323	41011428.0866699
52.9645183333333	35985156.9659424
53.0059266666667	35187330.2443848
53.048705	43533774.1785889
53.092445	32616028.9645996
53.1343866666667	56345178.7524414
53.1739083333333	35439215.4338379
53.217315	35819620.7873535
53.260895	50019168.3815918
53.3015316666667	49052411.3387451
53.3428666666667	41814581.4185791
53.3857883333333	53532440.243042
53.425655	36866740.3660889
53.4682166666667	38384651.59021
53.51094	38361842.9017334
53.5542766666667	33970551.7213135
53.5933883333333	51815936.8181152
53.62767	39978111.8096924
53.6686216666667	51121142.3793945
53.7072283333333	66882969.9904785
53.7474583333333	58581096.6118164
53.7885183333333	92694800.8684082
53.826335	73841922.5881348
53.8653166666667	82651843.4841309
53.904905	75462773.0114746
53.9438533333333	72461631.0400391
53.9837516666667	55326765.7030029
54.0253816666667	39216731.6081543
54.0679383333333	42042575.730957
54.1094016666667	53610708.8117676
54.15114	42389712.2460938
54.1912116666667	43857438.322876
54.230965	62637783.2209473
54.26972	49201563.302002
54.3121433333333	50027319.2762451
54.3504416666667	58325483.8968506
54.3868666666667	37868811.291626
54.429405	51310197.0831299
54.4659316666667	34226827.65979
54.5063	62908579.1403809
54.542065	60699770.0736084
54.58078	51944287.7233887
54.6209866666667	57857549.5566406
54.6637666666667	71513284.7512207
54.7023283333333	74490886.7163086
54.74352	66271740.2382813
54.782945	57951068.355957
54.8226366666667	63919091.2832031
54.8617816666667	74105464.0544434
54.8982916666667	78219825.8325195
54.9354133333333	74900100.3549805
54.9736166666667	76832136.6608887
55.0082916666667	80152451.3903809
55.0465616666667	54971893.8200684
55.0897216666667	67274345.7805176
55.1284866666667	68621777.626709
55.1675133333333	59138794.4544678
55.208875	56252272.791748
55.2492583333333	43530128.2185059
55.2904716666667	48818978.1654053
55.3297233333333	36195211.8040771
55.3705116666667	48992108.4068604
55.4103833333333	50500232.7498779
55.4488166666667	38422430.729126
55.4921083333333	37219545.9024658
55.5346816666667	49325142.0274658
55.5737466666667	43569404.7176514
55.6157983333333	52536252.8232422
55.65728	41503601.9650879
55.7002016666667	39833037.2382813
55.7409983333333	39192109.3668213
55.78047	52906847.3959961
55.8223133333333	45096075.3344727
55.8641766666667	43019292.2198486
55.9058416666667	51657835.0899658
55.9464466666667	47215793.6599121
55.988015	43385577.1893311
56.0299616666667	51100957.8066406
56.0699916666667	48494474.460083
56.1105883333333	42761690.2944336
56.1511916666667	88278840.2851563
56.1876466666667	68771443.3166504
56.22823	63674338.1798096
56.266445	113755740.141846
56.3029766666667	72741713.5195313
56.34172	56726629.6434326
56.3834733333333	87747714.3310547
56.4208416666667	72410499.394043
56.463515	45535987.8448486
56.50669	49901303.0480957
56.5467	46485219.3144531
56.58723	56238609.605957
56.6257416666667	37915195.7978516
56.6665866666667	49077776.6365967
56.704615	41338584.8598633
56.7463933333333	63798354.6494141
56.7822366666667	54753389.605957
56.82215	41140315.6853027
56.8661516666667	47637663.4145508
56.9046283333333	51717600.0263672
56.9436633333333	80895936.4260254
56.9787633333333	65341278.8685303
57.0169733333333	48253331.5598145
57.0550533333333	64061728.1547852
57.0930783333333	55752130.90625
57.1303733333333	43631463.5289307
57.1707366666667	45876507.2993164
57.2127783333333	62625735.0235596
57.2495983333333	44067034.954834
57.2932933333333	41697592.0947266
57.334135	34863788.9300537
57.3768133333333	39469182.9351807
57.41889	41155753.6765137
57.4601333333333	47758575.6359863
57.5008966666667	51437513.0539551
57.5414883333333	44788131.4753418
57.5814783333333	51633918.6870117
57.6190033333333	59862736.3300781
57.6597116666667	66515654.4730225
57.69781	43553842.7418213
57.7392066666667	42892836.3618164
57.78137	54052535.5112305
57.8228783333333	65332666.4189453
57.862765	82602929.7932129
57.8979433333333	111541956.28833
57.9336883333333	100998961.273193
57.9681783333333	115166916.484863
58.008465	114616857.442383
58.0461833333333	105213090.036621
58.0846483333333	99403568.8754883
58.1236466666667	66919871.1923828
58.1649116666667	35101901.6785278
58.20594	45726750.6169434
58.247645	33259826.8411255
58.2896716666667	54751539.4432373
58.33016	53591615.3564453
58.3709683333333	49898790.7893066
58.4102183333333	56855577.7674561
58.4483133333333	41269688.5792236
58.489525	65562209.7132568
58.5284766666667	67816260.2333984
58.5654883333333	48708403.0251465
58.6057866666667	51659352.8815918
58.6458466666667	55445934.2307129
58.6870016666667	51386538.3677979
58.7299733333333	57189559.9327393
58.7700133333333	45792849.4949951
58.8112916666667	47820496.2408447
58.8546683333333	57378656.1866455
58.891905	63870909.7589111
58.9318683333333	57362893.3656006
58.9729066666667	51974549.9981689
59.0143133333333	59596172.3190918
59.0544133333333	57672699.4385986
59.0962383333333	81772598.3325195
59.1307316666667	47509724.0339355
59.1738	68449332.7387695
59.2125516666667	69396068.5782471
59.2502833333333	98321240.4770508
59.2862766666667	72975872.5483398
59.32411	66590532.2958984
59.36587	75664985.5795898
59.4042116666667	56475881.1992188
59.4437916666667	46475403.4327393
59.4834716666667	61184474.7487793
59.523485	60791126.8349609
59.5638733333333	57957263.7460938
59.6045966666667	71431063.0622559
59.642065	53283521.3428955
59.682975	59181113.4003906
59.7217633333333	53607352.7242432
59.763325	57893347.1375732
59.80375	56314443.1547852
59.843445	61974497.4382324
59.88229	68560328.8476563
59.917515	70094201.9921875
59.953905	48326490.4890137
59.9916433333333	56164909.2313232
60.030905	63800304.9953613
60.068065	63384065.7346191
60.10626	63169220.5842285
60.1425283333333	56804026.7438965
60.182975	70399047.1477051
60.2196666666667	62515557.1176758
60.2590966666667	96171510.2426758
60.2938616666667	86646406.3076172
60.3294783333333	86534506.8269043
60.3670183333333	103742281.768066
60.4038133333333	90100247.1411133
60.4460633333333	72809745.8474121
60.4869866666667	92816730.614502
60.5254216666667	71888460.3278809
60.5675816666667	81899900.3835449
60.6055716666667	51661617.053833
60.647065	46290996.7851563
60.6895816666667	63136684.7138672
60.7242533333333	67584931.0623779
60.7636366666667	70853198.5305176
60.79864	55158086.744751
60.8397666666667	59462050.8046875
60.87937	84672967.6352539
60.9170216666667	52539694.0737305
60.957775	46980037.133667
61.00107	35802915.5585938
61.0441316666667	39675705.8885498
61.0851033333333	44574257.2436523
61.1292816666667	47553443.3977051
61.1708366666667	53289107.618042
61.2090083333333	60885824.8040771
61.2497	49218818.8566895
61.2927666666667	50922520.9471436
61.3344616666667	77750391.0102539
61.3715583333333	66079221.1289063
61.4146183333333	72840125.526123
61.448715	62392300.8203125
61.4893483333333	64942896.9571533
61.529745	67514626.0510254
61.571215	79868528.6286621
61.6118883333333	59941210.991333
61.6531133333333	60855756.8214111
61.6939516666667	69405120.8913574
61.7346866666667	94822440.7609863
61.7696183333333	105955639.06665
61.8063483333333	87414472.6474609
61.8426683333333	81177390.5491943
61.880395	61474663.381958
61.9226916666667	52060997.9888916
61.9675183333333	67941557.0518799
62.007185	68624215.5108643
62.0473166666667	72919267.1967773
62.0878383333333	83405793.8737793
62.1232616666667	56771095.2897949
62.1647983333333	81463957.4724121
62.2024583333333	68217625.4449463
62.243445	48778050.84021
62.285585	54305902.1419678
62.3264566666667	58612489.979248
62.3642583333333	84748829.880127
62.400215	72719412.8774414
62.4380233333333	57922914.3175049
62.478585	47768437.4656982
62.52047	47125463.3156738
62.5627566666667	54826589.5067139
62.60171	36674435.1258545
62.644675	39045241.6833496
62.6867016666667	36933606.1022949
62.728355	41920079.4093018
62.769345	50825704.2857666
62.81167	41160715.4191895
62.8531366666667	74375823.5419922
62.8864083333333	58113026.8917236
62.925255	44563260.1918945
62.9670033333333	43920687.5598145
63.0086483333333	56299259.5372314
63.0486233333333	69953409.8764648
63.0842483333333	99661849.920166
63.1187416666667	69338701.3905029
63.1549416666667	87487235.3112793
63.1917566666667	76256541.0917969
63.231155	112070241.960938
63.2671833333333	83906204.777832
63.3078933333333	81437042.7084961
63.346365	82409515.5878906
63.383305	72816423.715332
63.424765	77590287.6854248
63.4647783333333	47759752.022583
63.5078	71120115.2832031
63.5478783333333	68360612.7915039
63.5851083333333	61926508.3657227
63.6230416666667	47002888.444458
63.6636183333333	64553054.8675537
63.7000483333333	53559971.8116455
63.7403616666667	60809439.7757568
63.7802466666667	55347903.6318359
63.8231016666667	56704233.9287109
63.8657016666667	60423115.0817871
63.9064383333333	71728327.5389404
63.9468966666667	90601730.8129883
63.9854816666667	74316175.8022461
64.024655	57492040.0202637
64.0681516666667	106399253.77124
64.1045166666667	99699183.9782715
64.1417966666667	95520370.7172852
64.1806483333333	68757910.2536621
64.220815	55543736.0839844
64.2632216666667	51092345.5479736
64.3068983333333	44184106.7999268
64.3498366666667	40226783.3760986
64.3936333333333	49209889.6661377
64.4354083333333	53988240.4257813
64.4774233333333	55500683.8195801
64.5166583333333	47877388.1896973
64.5613166666667	57143187.8684082
64.6053433333333	51002389.5953369
64.643905	52839733.40625
64.684045	50883385.206665
64.725675	39315532.7299805
64.7653083333333	46868492.5321045
64.8064216666667	52208920.2130127
64.8456283333333	54343247.1494141
64.884735	55934482.9451904
64.92594	59412503.4086914
64.9662716666667	60251491.2727051
65.008855	87157720.9577637
65.0450833333333	83057851.1706543
65.0838883333333	49726266.0321045
65.1264916666667	76319909.876709
65.165675	73829041.0617676
65.2051266666667	62411953.375
65.2468133333333	43663937.6123047
65.29178	59215129.6123047
65.3321316666667	57425084.4342041
65.37249	53911359.743042
65.4165483333333	44810153.0578613
65.46018	47402260.6292725
65.5002083333333	38788989.1392212
65.5400333333333	46262830.6564941
65.5802116666667	47137661.7041016
65.6198666666667	59548882.0310059
65.65828	51787745.784668
65.69962	45660006.3605957
65.7402066666667	31316418.838562
65.78305	35440291.8571777
65.8254083333333	38280508.9780273
65.8647183333333	35073467.1793213
65.9077116666667	46460099.7249756
65.9491816666667	57095272.8676758
65.9881483333333	50853791.6268311
66.0273333333333	73742979.6094971
66.063605	60478823.9750977
66.0986166666667	54469332.8135986
66.1387016666667	74863849.644043
66.1762533333333	72133627.5997314
66.2171183333333	67011534.3616943
66.25568	55773239.6816406
66.295155	93948397.0222168
66.3340883333333	54899051.0391846
66.3786266666667	43577452.6445313
66.4210016666667	35833521.6051636
66.4629033333333	59342607.9797363
66.4977366666667	56703477.2596436
66.5374316666667	46782408.4880371
66.5783783333333	52457636.7537842
66.6146916666667	43244242.1591797
66.6521533333333	35552219.9259033
66.6964016666667	34794439.5153198
66.7413116666667	31369524.2976074
66.785655	47990636.6539307
66.82284	43986386.4885254
66.861035	47195586.4829102
66.90256	58687636.8891602
66.942725	46350926.0482178
66.98207	68187363.7614746
67.0189016666667	41429549.6075439
67.063545	42510660.6514893
67.1072966666667	45732662.0031738
67.1514616666667	44718345.6569824
67.1936983333333	49003385.0216064
67.2348216666667	54720165.7762451
67.2713983333333	60392680.3431396
67.309915	52883866.2513428
67.3523183333333	60795510.887085
67.3915616666667	48142882.3508301
67.43382	56020737.0523682
67.4731033333333	68721811.8973389
67.5089333333333	76606827.4465332
67.5472316666667	75682922.4064941
67.584265	63803628.2562256
67.62293	93292306.2106934
67.6580416666667	57478761.1466064
67.6996116666667	71813783.3439941
67.73818	53836639.3807373
67.7786783333333	52640368.161377
67.8228533333333	61503559.817627
67.8653033333333	89585077.5629883
67.8984633333333	63316115.1317139
67.9387216666667	70307104.0809326
67.97997	58790971.753418
68.02142	63442773.3050537
68.0618	63894016.6781006
68.1000816666667	67585545.9685059
68.140865	51760238.9050293
68.182645	46717449.022583
68.2250466666667	45350957.3790894
68.26608	79818176.6948242
68.30147	85261220.3308105
68.3390533333333	73703879.982666
68.3761533333333	65003283.3806152
68.4161516666667	105378333.594971
68.4542816666667	83272241.9080811
68.4937666666667	85913340.7817383
68.5276816666667	59811555.0831299
68.5701283333333	51728687.3623047
68.61161	41688390.0991211
68.6527116666667	53008238.4261475
68.6906433333333	50915560.2030029
68.72785	62877751.2076416
68.76643	74192082.8348389
68.801845	100471901.888062
68.838705	113390978.618408
68.8744716666667	93389450.4145508
68.9124316666667	129376389.244141
68.948485	105996729.861084
68.9829466666667	134918984.13916
69.0185033333333	82334538.1992188
69.0562283333333	109829341.811279
69.0896416666667	89927595.144043
69.1248283333333	85348189.7729492
69.1630333333333	57388557.776123
69.1992483333333	64399972.1679688
69.238285	79068950.2565918
69.276325	53963390.6967773
69.3184033333333	48874495.4158936
69.3577366666667	68094621.8260498
69.4006533333333	50791091.3397217
69.44135	73015445.4489746
69.4800416666667	73507658.9207764
69.5196516666667	55716242.6173096
69.5650633333333	92510231.2370605
69.603135	52390770.8521729
69.6439683333333	48898146.5817871
69.6831	47443008.4144287
69.7239166666667	49388829.9807129
69.766785	47394604.5130615
69.8100833333333	62687813.8873291
69.84901	59030603.2407227
69.8893866666667	60422109.6444092
69.9332083333333	58437486.6842041
69.97473	40878655.3563232
70.01801	63796173.0682373
70.05442	47711236.185791
70.0963466666667	38762978.3391113
70.1383783333333	64723026.7877197
70.178215	48706684.7019043
70.219075	55186891.9422607
70.2598616666667	54771293.6427002
70.2998416666667	59775033.4832764
70.3397966666667	61152770.3973389
70.3779733333333	59890115.9216309
70.4166933333333	74134931.9458008
70.4540483333333	56565184.3050537
70.4948583333333	53135538.7805176
70.5364466666667	58790714.6231689
70.5758616666667	64923285.1817627
70.61599	53720870.4467773
70.657025	70458119.0722656
70.7005333333333	56757709.9815674
70.7381733333333	82220284.3093262
70.7739183333333	74172196.5915527
70.8151983333333	92504278.5969238
70.8524683333333	112431976.732666
70.8901916666667	95683396.8724365
70.930025	99805026.1658936
70.9711333333333	123919433.526367
71.0069966666667	71290827.293457
71.049815	78392827.8156738
71.0870133333333	77326131.9377441
71.1275033333333	85570045.279541
71.1694633333333	109981977.140869
71.2084266666667	73029961.9788818
71.2499833333333	96676872.8395996
71.28749	76266207.9055176
71.3295966666667	50727883.7475586
71.3728433333333	69750840.1958008
71.4143933333333	37196322.7011108
71.4575666666667	40847474.7745361
71.4995883333333	53907462.1999512
71.5404516666667	41150740.0330811
71.5833616666667	45288300.7790527
71.62268	46679325.7736816
71.66547	66389224.7314453
71.7017633333333	44226642.2226563
71.7434216666667	44628654.6514893
71.7829233333333	68782857.1982422
71.8216083333333	85031137.6616211
71.85972	55511093.8510742
71.898855	69167287.4428711
71.9383433333333	72645754.9211426
71.978955	114847103.603271
72.0137466666667	141023344.092773
72.05181	159584736.347656
72.08967	110516344.694336
72.12939	108442480.088623
72.166925	102705986.654297
72.2034816666667	67644793.7927246
72.2443666666667	53510751.734375
72.2875033333333	73598875.5670166
72.3244583333333	50257187.6763916
72.3681633333333	61318659.2543945
72.4086083333333	42398825.8269043
72.449155	56735380.6347656
72.4892	57589671.6873779
72.5280933333333	116706192.879395
72.56572	69663875.9316406
72.607125	82929818.2976074
72.64521	68205883.0760498
72.6814366666667	52675330.345459
72.7233283333333	51537541.6783447
72.7611983333333	38663947.8036499
72.8000983333333	69213593.2017822
72.8361066666667	74159047.2200928
72.87305	65389915.8883057
72.9140916666667	89685080.5296631
72.9548483333333	78936394.4875488
72.9970266666667	84579687.5458984
73.038015	114114225.470459
73.07373	89713979.0212402
73.1150416666667	61927754.8435059
73.157975	58757676.2891846
73.2015766666667	46894318.4962158
73.2431433333333	81486887.7437744
73.282045	43211303.0169678
73.324045	39770584.3731079
73.3692066666667	28479284.8688354
73.4145433333333	38444581.2554321
73.4579633333333	70587980.9755859
73.50107	45283558.8179932
73.54545	42796130.6304932
73.5902783333333	35835126.5175781
73.6352583333333	39296324.0828247
73.6779483333333	51889073.1654053
73.7161533333333	32752601.6902466
73.76082	31390170.4100952
73.806065	44825226.4873047
73.8476666666667	31015483.3759155
73.89085	34129343.3082275
73.935575	28648187.9429932
73.98067	48860657.7028809
74.0208766666667	25579326.2719727
74.06633	32096879.373291
74.10928	27999515.2984009
74.15395	28646992.0823364
74.1998216666667	36396856.7269897
74.2437166666667	23966851.0432739
74.2892916666667	28742997.5681152
74.333905	27324779.168335
74.3792683333333	27935076.085083
74.42267	31416673.0452881
74.4641483333333	23476922.1890259
74.5083416666667	32301274.7160645
74.549055	47482828.2596436
74.59131	33231632.8145752
74.6333566666667	47171300.7674561
74.6738483333333	31460854.9761353
74.7172066666667	30497074.7409058
74.7595566666667	32574130.9182739
74.8044116666667	34996101.8230591
74.8483583333333	29105209.2805786
74.8914033333333	44808014.2858887
74.9343966666667	38910069.5501709
74.9777816666667	43307403.8414307
75.0221566666667	32243578.2937622
75.067965	30527777.3762207
75.1124966666667	34899966.5038452
75.1550033333333	19890935.1033325
75.2010383333333	25310426.0843506
75.245635	26068985.6759644
75.2916383333333	29468932.3079224
75.3345416666667	36619920.1412354
75.3790983333333	48502020.9051514
75.4220516666667	53463415.6772461
75.46616	39064147.1400757
75.511305	36578404.7313843
75.55424	39145934.5164795
75.5976383333333	40432694.7355347
75.63886	43570991.206665
75.6834083333333	54001682.3321533
75.7257966666667	42341246.7728271
75.7689466666667	37984976.9631958
75.8129516666667	37487197.2753906
75.8580983333333	27593222.4639282
75.903745	43792410.1674805
75.94618	37739482.5316162
75.99002	26983205.8899536
76.0358416666667	28391686.3700562
76.0774533333333	31914552.536499
76.1224016666667	42264016.3666992
76.1665783333333	22818082.0856628
76.2109533333333	21413351.5584412
76.2539	34925558.6082764
76.3000216666667	26487195.5949097
76.3443733333333	45947692.3701172
76.3876583333333	36525421.9598389
76.4309666666667	29041393.4190063
76.4738566666667	30346457.9686279
76.5176033333333	33631039.6385498
76.562535	30842590.3651733
76.6080133333333	30621033.9973755
76.6527233333333	37559685.1028442
76.698255	32783338.4176636
76.7442766666667	29328333.9102173
76.788235	28120156.3270264
76.8344183333333	26624449.9674072
76.8804133333333	27488611.7518921
76.92612	21719365.4609985
76.9711933333333	21188766.9074707
77.01534	19541670.8058167
77.0586866666667	19051105.0969238
77.1026433333333	20002933.7647705
77.1483283333333	16981205.2681885
77.1945916666667	19713736.8914185
77.23976	17897350.3266602
77.2842633333333	32768948.7994385
77.3294183333333	32161062.6610718
77.3745416666667	22093287.343689
77.4190016666667	21570367.2420044
77.4638033333333	20519377.7694702
77.5087033333333	29313180.3876343
77.5544916666667	35072719.0980225
77.599145	32628123.3998413
77.6430166666667	15440211.4301147
77.6894	20890497.1685791
77.7349883333333	30360135.0289917
77.7773966666667	22681603.9555054
77.8212	32096321.361084
77.862965	23224451.6098633
77.9069583333333	24311818.9390259
77.9501516666667	25111489.9351196
77.9960383333333	23193060.4915161
78.0400416666667	27081828.3027954
78.0854716666667	26146685.366333
78.126505	31398930.968811
78.16978	21165297.131012
78.2108983333333	23369402.9893494
78.2523566666667	22286615.4182129
78.2977616666667	30693986.0345459
78.33957	31006873.0115356
78.3837683333333	31323716.5445557
78.4288366666667	27636374.0170288
78.4708416666667	15888349.7071228
78.5167166666667	31420219.0737915
78.5620966666667	19427600.4211731
78.6069533333333	30335728.7801514
78.6473516666667	34775723.4248657
78.692405	38342019.8769531
78.7360983333333	28939536.5869751
78.7798716666667	33222135.500061
78.8214816666667	22806564.4946289
78.8672366666667	33891794.7428589
78.911415	17089867.5296326
78.9564516666667	32162533.9304199
79.0009683333333	39391968.2697144
79.04108	18697499.4194946
79.0860416666667	26391327.772522
79.131545	27370464.8196411
79.1768733333333	23837724.2056274
79.219965	47817862.4511719
79.2616516666667	27913778.0080566
79.306645	23330633.8602295
79.3515266666667	17854425.1897888
79.3970416666667	29803772.7759399
79.4397333333333	17255947.8240051
79.485635	23597955.4763794
79.529905	19389988.5602417
79.5746716666667	17312641.7584839
79.62051	18384641.7981262
79.6656083333333	14601577.0401001
79.710955	16884120.0348511
79.754495	13865971.6239014
79.8003833333333	25902826.3706665
79.8436916666667	25465006.4470215
79.889095	43327878.6308594
79.933935	32296430.875061
79.9794633333333	23011376.3462524
80.0241316666667	38388748.6665039
80.0638666666667	33954465.7802734
80.1092683333333	17446132.4899292
80.1541566666667	40145438.0440063
80.1972033333333	26338451.8540039
80.2416533333333	36844163.2315063
80.28282	29150249.4213257
80.32594	21050248.4708862
80.3718566666667	21659785.8999023
80.418135	21221887.5054932
80.4628766666667	27870185.8683472
80.50825	25677914.3425293
80.5539766666667	21827710.2357788
80.5980033333333	26308209.5281982
80.6402833333333	28968198.3536987
80.6844466666667	43529865.1740112
80.725105	41406697.2957153
80.7678083333333	48077145.3231201
80.810915	56948536.3676758
80.8492483333333	23007299.2457581
80.8943	31097100.1608276
80.937165	50860613.2634277
80.97677	37474912.4682007
81.0200083333333	27481723.2146606
81.06259	35137379.9364014
81.1041966666667	31541397.0830078
81.1432566666667	36785272.9250488
81.1853016666667	34718561.3980103
81.2279733333333	50110657.94104
81.2700933333333	41620707.2693481
81.3134483333333	60571067.5783691
81.3505733333333	57064798.9682617
81.3933233333333	63138893.2633057
81.4290533333333	69209950.1483154
81.4646783333333	78333494.2226563
81.50346	48195488.5081177
81.5474	37307801.7177124
81.5932883333333	53258433.2095947
81.6353833333333	46926951.9598389
81.6757216666667	49186338.7104492
81.716425	35541184.9945679
81.7608766666667	33918442.2970581
81.8049183333333	24880762.4667358
81.8506566666667	39298768.1954956
81.8934616666667	19914507.9045105
81.9391383333333	29392347.9660034
81.9841133333333	31316646.7854614
82.0224466666667	18123904.7189636
82.0683866666667	24698422.7201538
82.11333	16346740.7702026
82.1593716666667	20208906.6863098
82.204945	19641179.4791565
82.2498683333333	15135839.5175476
82.2953333333333	18348019.9584351
82.3404333333333	20595723.5280762
82.38424	14129784.7819214
82.4294583333333	30099893.5586548
82.473255	21815480.9302979
82.5175016666667	19140423.8833313
82.561615	20203186.3404236
82.6068183333333	21489392.193512
82.6515666666667	24885719.3828125
82.6953783333333	19223156.8078613
82.7406766666667	11889131.9628296
82.78673	23238534.4435425
82.830885	20221467.6156616
82.8756366666667	12466094.3264771
82.921545	13937134.405365
82.9660533333333	13544624.8709412
83.0111366666667	13829597.1404419
83.0562983333333	14997482.027771
83.1014033333333	18618895.7645569
83.145985	18198449.6169434
83.190895	24112077.4692993
83.233755	28597581.6928101
83.2714633333333	31186253.7446289
83.3121433333333	22725946.688385
83.35686	34837499.0216064
83.3992266666667	32106673.857666
83.442725	23120173.0898438
83.485835	21254523.3570557
83.5306116666667	19328346.5960693
83.5759466666667	17337046.0802307
83.62123	16086502.3772888
83.66625	23644849.2576904
83.7113216666667	20121736.2174683
83.7555033333333	18743996.2457581
83.8001933333333	19660999.0691223
83.8452816666667	20741754.3286133
83.8898483333333	20762762.1870728
83.934495	35794544.5471802
83.9742316666667	32173353.0204468
84.014345	25582198.3088074
84.0593183333333	33153358.0343628
84.10247	16887627.0905151
84.1482283333333	20079469.3705139
84.19405	19639311.9053345
84.2378966666667	22876362.2738647
84.28084	19687068.3770142
84.3257216666667	15622372.4096375
84.3705133333333	14632201.7990723
84.4158383333333	12477778.8603516
84.4614166666667	15548485.2886047
84.5076683333333	12405082.446167
84.5531783333333	13646993.951416
84.5965733333333	10041278.7536316
84.64226	9785689.09844971
84.6873416666667	9590594.16368103
84.7338433333333	18364016.9475708
84.7790733333333	9618565.54510498
84.8238283333333	12125529.4071655
84.8692266666667	11762551.1625671
84.9139233333333	11237216.9051514
84.959085	27153024.642395
85.004445	15972152.3992615
85.0496266666667	18603391.4578552
85.0944033333333	14979684.5097351
85.1391683333333	13903533.9667053
85.1837416666667	11786418.4558105
85.22889	12250263.0835266
85.2743166666667	9025963.98974609
85.3194933333333	9082354.99688721
85.36447	11718229.0122681
85.40796	11233710.5943909
85.4526666666667	9356830.40916443
85.49814	13285935.4095154
85.5419283333333	14505754.5049133
85.5869533333333	11343509.8559875
85.6322416666667	13926933.8528137
85.6770866666667	12531670.5237732
85.7223833333333	12972342.0192871
85.7670416666667	9134265.81814575
85.811395	6721519.60734558
85.8560683333333	6194250.73484802
85.9020233333333	17679525.8604126
85.9466833333333	11627635.0892944
85.99139	7275909.82528687
86.0360683333333	15427785.0909424
86.08007	9329623.36494446
86.124835	9305267.97970581
86.169475	10568197.382019
86.2144	11434697.6468201
86.2589016666667	9067148.61196899
86.3037466666667	10678142.5986633
86.3484833333333	8805452.68432617
86.3930766666667	15981592.5080872
86.4374333333333	6644064.57270813
86.482905	13136903.3833618
86.5265233333333	9853345.99890137
86.5716616666667	13994104.5753479
86.6156783333333	6847671.77200317
86.6607783333333	6043170.07131958
86.705865	7878549.35479736
86.7505066666667	4045348.99371338
86.7977133333333	5394046.08783722
86.8430583333333	8813690.7253418
86.88764	10099862.2906036
86.932525	11851543.3068542
86.976985	10853351.5866394
87.021325	9503566.88415527
87.0658883333333	9556203.71574402
87.11035	11109067.8881531
87.154515	11174230.20755
87.1993983333333	7257417.93035889
87.2450033333333	8203968.00495911
87.2907366666667	9217637.94210815
87.3360216666667	9506369.58410645
87.38021	8097360.50952148
87.4248066666667	8770214.35775757
87.4691066666667	7557112.59436035
87.513945	7904816.50254822
87.5585183333333	8568445.6794281
87.603135	8033833.70613098
87.6481616666667	9879862.09875488
87.6923466666667	8924260.92584229
87.73658	9605883.03839111
87.7818566666667	11339154.6431885
87.82616	9208864.72306824
87.870975	12911043.6972351
87.9151666666667	7088665.17088318
87.9603183333333	10873006.3065796
88.00457	9779991.40028381
88.0493583333333	11041120.5062561
88.0935233333333	6973514.36576843
88.138695	7103646.56051636
88.1828833333333	7665722.81433105
88.2274683333333	10112468.1059265
88.2719766666667	7882575.1108551
88.31551	9334004.63757324
88.3593183333333	5716049.15692139
88.4045366666667	7495013.11795044
88.448345	10252830.8913879
88.49233	10287189.6994629
88.5364583333333	6213338.61184692
88.5821766666667	8112758.06588745
88.6261566666667	6935386.19026184
88.6712666666667	9740960.47183228
88.71586	11828458.0683289
88.76003	10810237.5601501
88.8042416666667	10796833.3417358
88.848465	7023710.80354309
88.8928583333333	9937340.51846313
88.937025	2744454.81742096
88.9848283333333	9666770.57888794
89.0295816666667	8665764.99205017
89.0744033333333	7971234.08978271
89.1194716666667	7257051.93780518
89.1639916666667	10917731.3809204
89.20854	15271291.192749
89.2524466666667	12935131.5840454
89.2970116666667	6848817.65771484
89.3417333333333	8547295.13778687
89.386325	10156926.9421387
89.4309466666667	5377043.23670959
89.4756083333333	5119181.77600861
89.521275	6832335.76673889
89.5663116666667	5291246.60681152
89.6107	9732077.77215576
89.6552633333333	8936941.84526062
89.700065	6379648.62350464
89.7452033333333	7553288.97384644
89.7901133333333	6636999.42861938
89.8345166666667	6308565.25871277
89.87942	4960666.16261292
89.9235433333333	5063095.956604
89.9687833333333	6780539.97026062
90.0132566666667	6645128.50839233
90.058035	4974493.55131531
90.1030666666667	7951613.95959473
90.1478383333333	8540265.06771851
90.192345	5530891.84767151
90.2374683333333	5144217.76320648
90.2826316666667	4735433.78979492
90.3271616666667	5854479.5541687
90.3720516666667	3268537.89055634
90.4176916666667	4292492.75765991
90.463145	4112188.94605255
90.5083416666667	4301521.88717651
90.552775	3238989.2470932
90.59869	5163693.3653717
90.6439933333333	4787070.60932922
90.6886716666667	8053141.07421875
90.7335933333333	7197734.2389679
90.77781	3408439.40026093
90.82379	8074861.75616455
90.868645	4890308.44456482
90.91425	6962868.20896912
90.9589483333333	5246564.7011261
91.00364	6474061.22650146
91.0484416666667	5873596.56291199
91.0929466666667	4523246.04706573
91.138365	3398530.88092804
91.1848433333333	6186878.1399231
91.2289116666667	4895450.60575867
91.274695	4781099.96910095
91.3184866666667	8870331.56575012
91.36319	10757402.68573
91.4075	8543668.2164917
91.451405	2794058.65226746
91.4978016666667	6042177.62641907
91.5434483333333	4183100.7651825
91.5884183333333	6570963.63597107
91.6329483333333	4127502.10375214
91.67892	2827919.98297882
91.7248983333333	2679873.22094727
91.771825	4846880.42538452
91.8171316666667	7545381.934021
91.8618833333333	5520201.89588928
91.90655	5004377.75909424
91.95082	4885747.6104126
91.9958716666667	5890087.87033081
92.0405233333333	5971764.57449341
92.0864083333333	5477035.82997131
92.1310583333333	4977484.49554443
92.1764566666667	4225904.31286621
92.22202	8306322.21856689
92.2661366666667	3810365.12023163
92.311485	6260208.22355652
92.3560516666667	3755021.68647766
92.4025733333333	7532650.24960327
92.4465483333333	3980094.73271942
92.4913	5221443.69404602
92.53562	2933023.67840576
92.5825	4227288.63259125
92.62683	3556171.49512482
92.6728283333333	4439283.01708984
92.7170466666667	7843527.93330383
92.761675	4952783.67578125
92.8063666666667	4708952.20692444
92.851735	5650056.45115662
92.8963	6759930.9316864
92.9411466666667	3586778.50390625
92.987095	3077950.37733459
93.0333366666667	4374948.54624176
93.0784766666667	3475374.93809509
93.1235933333333	3715004.11090088
93.1679383333333	5341722.98223877
93.2122883333333	5252803.50531006
93.2564716666667	2946644.36468506
93.300995	4111082.53064728
93.3452866666667	3623791.12348938
93.38992	4067458.72271729
93.434775	4759389.49731445
93.47903	3754762.20388794
93.5242333333333	2241221.20196533
93.5716983333333	2498060.19567108
93.6181833333333	6516279.33708191
93.6622233333333	2802469.27101135
93.70845	3039332.30908966
93.754275	4419748.5337677
93.79938	4565220.55638123
93.84506	3878917.80532074
93.89016	2277617.87657166
93.9371416666667	4879846.50093079
93.98139	4040038.50765991
94.0260633333333	2609145.81582642
94.0727466666667	3522815.2861557
94.11851	7175984.17529297
94.1639783333333	2518988.19754028
94.2110216666667	4359713.19785309
94.2573	3533959.57383728
94.3031133333333	6101102.65979004
94.347755	3758131.22805023
94.3929766666667	3306574.48532104
94.4382566666667	3189363.99487305
94.4840966666667	4877164.1877594
94.52869	2149973.89812851
94.5762116666667	5829069.07002258
94.6206516666667	4460427.2828064
94.6653083333333	4041840.52591705
94.7107733333333	3863813.67016602
94.7566016666667	2556549.8812027
94.802835	3736449.40145874
94.8479366666667	3231016.3767395
94.8938116666667	3799784.51432037
94.9395783333333	4080284.92425537
94.9849983333333	3005979.84870911
95.031135	1669058.58982468
95.0801066666667	5650403.37800598
95.12468	3462940.89526367
95.1708933333333	3920912.64637756
95.216785	2658230.33171082
95.2629783333333	3528311.02246857
95.3082416666667	1597739.51040649
95.3564866666667	2955028.9289093
95.4016933333333	2331198.25875854
95.4477533333333	3976566.59075165
95.4923716666667	2618691.30049133
95.5391	2593582.35585022
95.5856783333333	2819281.53015137
95.6315633333333	3147475.69836426
95.6776	1695822.05412292
95.7262383333333	6574312.0453949
95.7700683333333	2106634.09241104
95.8172366666667	1926472.52641296
95.8650383333333	4237102.07621002
95.91036	3528649.57442474
95.9560316666667	3721443.11058044
96.00121	3464469.72163391
96.0469083333333	2278536.90684128
96.0947866666667	3943130.00350952
96.14006	2817169.58462524
96.1866266666667	3684017.9876709
96.2319866666667	3240346.75778961
96.2772183333333	2162754.37557602
96.324555	3328120.38452148
96.36939	2766559.70432281
96.41522	2364871.5510025
96.4610033333333	2775103.30440521
96.5065983333333	5568018.83416748
96.5509966666667	3832133.28414154
96.597085	3690101.80238342
96.6424066666667	3148794.88885498
96.688815	2634953.93807983
96.7352566666667	2910881.25494385
96.7822666666667	2765200.55942535
96.82813	4059622.22418213
96.8728116666667	2349050.85561371
96.9193366666667	3606025.0001297
96.9649333333333	5986273.70715332
97.0091883333333	2605925.00326538
97.0570016666667	2401898.17793274
97.1036783333333	2665256.90424347
97.1503416666667	2776914.807724
97.196755	3191993.73475647
97.2423516666667	2854177.14479065
97.2878183333333	1925825.9872551
97.3357066666667	2496879.70540619
97.3823483333333	3633047.80226135
97.4291366666667	3702776.53327942
97.47501	2298740.52774811
97.5221233333333	2725697.73874664
97.567995	2861674.775177
97.6146983333333	4767289.39620972
97.6593266666667	3062570.63396454
97.7053616666667	3446859.47868347
97.7500983333333	3639855.96311188
97.7965266666667	2527605.77179718
97.8420916666667	4484792.45645142
97.8866133333333	3129746.98865509
97.9319116666667	3667457.00649261
97.978275	4897548.9927063
98.023585	2854252.19600677
98.0693766666667	2301628.47180176
98.1153833333333	3768765.30744934
98.1606583333333	1444535.51983643
98.2100783333333	1791269.46693802
98.2578966666667	1434229.10549545
98.3069	1934140.56111145
98.3535866666667	1498234.56271362
98.4022866666667	2446165.86657715
98.4489333333333	2289806.04480743
98.4957183333333	2536628.75019836
98.5429333333333	3385368.14290619
98.5879633333333	3362664.84166718
98.634325	2157971.36883545
98.6802483333333	4025246.23173523
98.72601	2054818.08410645
98.7726483333333	3600281.21308136
98.8179716666667	1565474.45033646
98.8658733333333	2487360.44455719
98.9121266666667	2319939.89164734
98.9588983333333	2656518.32939911
