RetentionTime	Intensity
0.00543666666666667	549951.232223511
0.0462466666666667	484243.079803467
0.0882483333333333	596208.483444214
0.130626666666667	748847.917907715
0.17634	4834777.22027588
0.21898	3198607.3793335
0.26165	1865566.84588623
0.304658333333333	1221929.90014648
0.348071666666667	1079584.12696838
0.391505	774435.616271973
0.435946666666667	707118.555526733
0.469961666666667	618998.488632202
0.49677	602926.772659302
0.523828333333333	625715.88973999
0.555081666666667	589478.62928772
0.571386666666667	592374.643554688
0.595276666666667	586339.063934326
0.618555	673620.324615479
0.635246666666667	667931.520233154
0.651466666666667	667884.571182251
0.661321666666667	785953.875289917
0.695141666666667	679037.889648438
0.71136	644332.256912231
0.72819	605221.585021973
0.755393333333333	602625.08883667
0.764471666666667	700961.415359497
0.795596666666667	595713.180725098
0.815876666666667	769716.793380737
0.836193333333333	693752.969268799
0.849351666666667	715837.01902771
0.87689	652016.000518799
0.904465	595451.760375977
0.91358	691865.492736816
0.94094	597367.918579102
0.961046666666667	518762.554962158
0.984718333333333	646492.801467896
1.00115666666667	620847.815048218
1.01757166666667	549016.286605835
1.058315	565583.846481323
1.09750833333333	546968.550506592
1.141115	571067.284500122
1.17877666666667	562766.210403442
1.195735	595592.835449219
1.21487666666667	590885.16078186
1.25255833333333	591448.582000732
1.28649166666667	540735.438171387
1.31782	600365.776199341
1.34728	631341.468429565
1.37440666666667	641896.991653442
1.40771333333333	723191.469955444
1.43431833333333	551726.614822388
1.45785333333333	519801.886795044
1.47739	568741.188980103
1.50422666666667	544695.266860962
1.531	569524.534332275
1.547215	591451.41619873
1.55661166666667	653673.509078979
1.59747166666667	585246.7840271
1.62811	537998.09777832
1.655265	645804.849197388
1.67528	670507.923309326
1.71617166666667	631840.964599609
1.76134333333333	632313.232162476
1.78485166666667	680944.000671387
1.82937166666667	573027.795394897
1.84936	602266.136352539
1.865655	454220.241943359
1.87528333333333	518492.625366211
1.90601166666667	454679.065093994
1.91545666666667	571618.585968018
1.94547833333333	486437.619308472
1.95826333333333	513197.618896484
1.97159833333333	531327.575622559
1.998405	461105.288848877
2.00767666666667	542758.345947266
2.02791	531378.868774414
2.07307	449834.835372925
2.108585	513415.289962769
2.13526666666667	552163.933685303
2.14842833333333	535512.132415771
2.16888	474158.607543945
2.188865	503639.175582886
2.20177166666667	519354.831726074
2.22934333333333	449020.839767456
2.23863666666667	516381.666152954
2.26595833333333	499756.827285767
2.289455	530296.844818115
2.31000333333333	521967.650482178
2.33428166666667	551670.690872192
2.36078833333333	617692.580169678
2.387605	535085.631973267
2.40032	543901.395690918
2.427485	558772.021682739
2.44347	574792.527755737
2.46801166666667	525907.148529053
2.48108166666667	572046.538146973
2.51204666666667	463392.924560547
2.52144833333333	574839.687927246
2.55263166666667	472511.015625
2.56539666666667	522894.011291504
2.57861833333333	615429.496185303
2.598695	498072.486618042
2.61514333333333	454007.526062012
2.62849666666667	555704.740692139
2.65198333333333	461747.933670044
2.668765	450852.34552002
2.68921666666667	491424.790222168
2.7056	496605.37701416
2.71555833333333	801833.578811646
2.74978166666667	625299.706741333
2.76238	594734.721130371
2.77547	646403.28868103
2.79175333333333	626746.140823364
2.828745	481853.860046387
2.83785	608631.083831787
2.857905	595955.723297119
2.90302833333333	583009.545440674
2.94787833333333	559732.000320435
2.99254166666667	571363.060165405
3.02576	647861.216033936
3.04156666666667	612200.695419312
3.082745	672480.377990723
3.12610166666667	561967.816604614
3.16994833333333	565581.675582886
3.21437666666667	569611.383209229
3.23350166666667	574257.953659058
3.27415666666667	596566.715423584
3.30101666666667	547440.522949219
3.33228	628926.345230103
3.35941333333333	669611.801681519
3.39953	683455.201202393
3.42598333333333	628266.630584717
3.46681333333333	589820.101013184
3.511705	568694.346084595
3.534335	626986.179840088
3.57206666666667	620148.97265625
3.60901333333333	642448.150192261
3.64279166666667	634580.888259888
3.68790333333333	651283.052124023
3.73275666666667	629048.733062744
3.74842166666667	596953.171066284
3.76929833333333	626779.628067017
3.80341166666667	616982.876861572
3.82973833333333	619891.813415527
3.849615	668618.49168396
3.88719	641940.803192139
3.91434833333333	688582.197463989
3.9593	681923.34866333
3.981805	681442.353027344
4.01538666666667	591817.704025269
4.04520666666667	636960.940063477
4.08729666666667	620051.085525513
4.13002166666667	593578.306884766
4.17085666666667	618965.529922485
4.194285	624348.666778564
4.21744166666667	598629.274963379
4.25441	627613.93196106
4.29587333333333	629899.216156006
4.33017333333333	642550.697540283
4.367405	635389.905502319
4.41189833333333	619049.983276367
4.44860333333333	608551.017822266
4.48637333333333	652937.740814209
4.52786833333333	594691.633483887
4.56238333333333	639048.048309326
4.59542833333333	638879.96963501
4.61800333333333	628971.765167236
4.66290333333333	609693.90246582
4.708175	720966.958984375
4.74218	678173.42477417
4.77271666666667	604363.084533691
4.78876166666667	631084.0521698
4.83083833333333	623272.849960327
4.85697333333333	649026.619384766
4.88403666666667	678370.197509766
4.92195833333333	645733.645217896
4.95193333333333	685346.010894775
4.99530333333333	628971.708984375
5.02126	593315.98777771
5.06106666666667	655544.051940918
5.09376	715582.369415283
5.11941666666667	615518.710601807
5.16508666666667	625601.926452637
5.19186666666667	615814.945465088
5.237145	583298.934997559
5.27775333333333	637324.508666992
5.315715	600536.162765503
5.3567	590436.367202759
5.37941833333333	642668.798828125
5.41254333333333	662819.070571899
5.44245833333333	595680.687240601
5.4762	637819.640899658
5.51391666666667	632803.315948486
5.53714666666667	629453.663955688
5.556685	603530.934738159
5.58055333333333	653813.370239258
5.61453333333333	621749.704330444
5.637525	660823.52532959
5.657515	644458.781265259
5.68834166666667	623980.257324219
5.72618333333333	596836.653717041
5.749125	536692.726898193
5.768935	584928.617446899
5.79959666666667	658830.824447632
5.84353333333333	597699.850234985
5.86663666666667	676699.50894165
5.89763	649638.799606323
5.924605	541610.512634277
5.95881	682277.565429688
5.99513166666667	578764.423141479
6.01418	607790.010269165
6.02959666666667	609352.477081299
6.0662	556989.351028442
6.11061	593897.398361206
6.13651	589897.08656311
6.16314333333333	563011.813217163
6.19016666666667	603028.768295288
6.23126	666931.014160156
6.25794333333333	651077.054077148
6.291085	647867.893051147
6.33568166666667	627674.274978638
6.368625	648835.404144287
6.41345	664959.453201294
6.45359833333333	583261.891021729
6.487415	639057.309066772
6.53224166666667	645829.383010864
6.56268666666667	603984.163955688
6.59622	577977.381210327
6.618835	603560.167663574
6.64924	596168.285644531
6.66540666666667	578062.414978027
6.68509333333333	605332.494384766
6.72810666666667	554450.002655029
6.75480833333333	618208.870361328
6.79300833333333	599415.457061768
6.83744333333333	638896.723724365
6.87472833333333	585333.507965088
6.89867833333333	678985.583724976
6.93295666666667	615017.554855347
6.97105333333333	570985.854629517
6.98652666666667	607017.878097534
7.024655	536883.331451416
7.05707166666667	567633.950195313
7.09057166666667	579676.464950562
7.10963666666667	568944.7318573
7.13589	621133.768173218
7.16591666666667	624971.063156128
7.1819	628235.002868652
7.20216666666667	665164.789886475
7.24369333333333	672851.766326904
7.26684333333333	615442.981948853
7.30064833333333	599679.038574219
7.320205	678372.111328125
7.35077	621293.585464478
7.384285	678789.447021484
7.42092833333333	608089.433013916
7.46555666666667	562887.97354126
7.49476833333333	613248.200668335
7.53479166666667	680867.617401123
7.56191833333333	603465.799072266
7.59925166666667	635754.720626831
7.63688833333333	565879.43371582
7.68112666666667	585080.871917725
7.72566666666667	654656.437683105
7.76270166666667	599774.69921875
7.78960666666667	562283.554840088
7.81256833333333	566358.571853638
7.84344666666667	635761.078125
7.88419833333333	651533.449768066
7.90422833333333	654359.752685547
7.92013833333333	614679.461883545
7.94788666666667	531793.774108887
7.96685	579482.115112305
7.97940833333333	610186.368759155
8.010415	545515.738922119
8.04844333333333	605016.169311523
8.07669666666667	691214.156234741
8.12124833333333	693487.775894165
8.1655	697294.148803711
8.20967166666667	614304.010391235
8.22923833333333	585110.626617432
8.24923833333333	700664.572463989
8.29380166666667	542180.684310913
8.32348333333333	524621.036956787
8.34694833333333	571431.752456665
8.38054833333333	601651.116226196
8.41504	580795.651412964
8.44479833333333	601571.34197998
8.46482166666667	578270.178878784
8.48473833333333	533759.845550537
8.5084	497477.698074341
8.54203666666667	468749.193664551
8.55444166666667	572727.490509033
8.57443833333333	587612.786209106
8.60483166666667	625799.380950928
8.63104666666667	562821.224395752
8.65413166666667	604180.739425659
8.69884333333333	482219.048156738
8.72917	535926.702178955
8.74179333333333	585361.915878296
8.761685	520057.896072388
8.7856	533301.722854614
8.81286166666667	703531.943069458
8.83974333333333	619448.308044434
8.88106	588731.892471313
8.914905	659427.511001587
8.95915166666667	609607.521484375
8.98949833333333	614045.845108032
9.03056166666667	522150.890350342
9.05381333333333	599368.587738037
9.09694333333333	567442.622711182
9.123185	589478.297714233
9.15726333333333	572329.732696533
9.19033	591888.390487671
9.22025666666667	588418.448806763
9.23958333333333	537355.151992798
9.2523	528831.046157837
9.272555	481384.445022583
9.28563666666667	495687.128265381
9.308995	465288.484802246
9.32439833333333	507596.9402771
9.352245	484100.687286377
9.367665	491837.855941772
9.38503	480580.582000732
9.40507833333333	555709.402328491
9.42472166666667	567905.664520264
9.46225166666667	524451.193054199
9.48531833333333	511418.239837646
9.51587	596262.278198242
9.54239833333333	548063.053726196
9.55491833333333	605936.10345459
9.57849333333333	563159.228622437
9.60576333333333	557007.273651123
9.63240666666667	557545.285705566
9.66997833333333	552457.891662598
9.70691666666667	549775.113067627
9.73341166666667	591598.881332397
9.76042666666667	603204.026626587
9.79474833333333	534653.212615967
9.81097	541202.027511597
9.848525	542202.105834961
9.86396166666667	556740.274276733
9.88481833333333	551975.694320679
9.90448833333333	512575.81854248
9.94182166666667	505565.036941528
9.95453333333333	517578.611038208
9.97835166666667	481763.282897949
9.99055833333333	558534.833877563
10.0073416666667	589453.998428345
10.0450983333333	459819.750717163
10.0721366666667	495127.190505981
10.10799	480556.816116333
10.13059	529533.823745728
10.16114	518671.412353516
10.198235	453071.78578186
10.2140216666667	525119.45715332
10.2415616666667	632430.401000977
10.2746066666667	565520.251922607
10.2908233333333	570416.859176636
10.3218583333333	508410.098739624
10.362255	582421.603012085
10.3955766666667	516643.74697876
10.4186533333333	486772.136367798
10.4315116666667	592228.07673645
10.45451	488687.748535156
10.4674883333333	455895.004302979
10.4802033333333	574934.020889282
10.5073016666667	447583.533920288
10.523755	477686.940597534
10.55386	480666.378967285
10.577045	528790.502456665
10.5966216666667	543893.415252686
10.6165433333333	535589.684432983
10.63908	569443.91595459
10.6586716666667	517260.517578125
10.679115	480881.890167236
10.70189	529787.527587891
10.7180966666667	519968.833770752
10.741125	471824.693389893
10.7609583333333	552862.524810791
10.7952366666667	619749.883209229
10.8293166666667	540340.631729126
10.8528716666667	531184.029388428
10.8826416666667	542140.153686523
10.9028266666667	669539.916870117
10.9364816666667	601650.500106812
10.95567	801527.413604736
11.0000733333333	545676.257888794
11.0255866666667	530539.049240112
11.0490816666667	623729.201934814
11.0797316666667	543588.426147461
11.1188683333333	565066.015594482
11.1411066666667	601708.414459229
11.1638233333333	548263.937103271
11.1946416666667	652767.812362671
11.22132	638387.408950806
11.254385	567675.428634644
11.2808216666667	598517.401611328
11.3071416666667	654981.238891602
11.33007	596024.885879517
11.3734883333333	574996.369354248
11.410015	507914.08253479
11.436395	547492.528869629
11.4774583333333	545158.013839722
11.5115166666667	549664.139480591
11.5312333333333	589702.674865723
11.5683966666667	529891.921569824
11.5879433333333	477544.959503174
11.6045233333333	498080.23638916
11.6275433333333	478282.414199829
11.6543133333333	530383.9478302
11.68124	527241.667495728
11.7010733333333	549626.448257446
11.727455	527625.626358032
11.7507483333333	532800.333206177
11.77397	474916.599700928
11.7937966666667	497237.667221069
11.80655	503987.141494751
11.8262066666667	566635.844512939
11.8398733333333	683553.653366089
11.8706783333333	470855.552032471
11.897495	473567.917572021
11.9064883333333	572891.368972778
11.9509766666667	513579.954574585
11.9668183333333	580549.109939575
12.0015433333333	532099.065979004
12.036095	572417.339706421
12.079105	562695.845321655
12.0987166666667	599416.224899292
12.1408683333333	600464.671783447
12.1811	525938.0131073
12.2075066666667	872549.988220215
12.2509566666667	556735.912338257
12.2741633333333	521613.341262817
12.2935566666667	510991.059539795
12.3136066666667	522905.095046997
12.33299	508045.021621704
12.34949	519889.112869263
12.3759666666667	575091.514053345
12.39938	495927.75479126
12.42202	526022.246383667
12.4375666666667	555485.077423096
12.4510983333333	530236.085952759
12.4680283333333	549334.306594849
12.4882533333333	563251.935943604
12.5119333333333	581418.561859131
12.5425966666667	652526.599777222
12.5871733333333	538457.544708252
12.607545	565463.893463135
12.62357	570950.893371582
12.6615266666667	515476.444274902
12.6945883333333	497178.766479492
12.72158	518779.529830933
12.7661683333333	533728.29083252
12.7998466666667	467834.484069824
12.830245	480605.430679321
12.85689	503313.599838257
12.8764766666667	499743.020767212
12.9103966666667	713899.072845459
12.9363333333333	643169.516159058
12.9768166666667	626657.243423462
12.9994483333333	622157.266082764
13.02253	587338.890060425
13.0349683333333	747870.874328613
13.06597	691328.597366333
13.0918066666667	595001.636444092
13.1222983333333	644134.957748413
13.16463	702841.981323242
13.1884266666667	641678.396408081
13.2179166666667	590679.889831543
13.2407	513254.387954712
13.256965	560811.795288086
13.2727833333333	533046.932861328
13.28979	572454.666946411
13.3164933333333	528588.415618896
13.33653	522827.903320313
13.3631216666667	560245.148910522
13.3999833333333	513697.422302246
13.42669	512065.463546753
13.4521433333333	515899.635726929
13.4754083333333	516589.75920105
13.4988	625047.703308105
13.5220433333333	603977.024902344
13.552545	744232.352081299
13.5891016666667	696149.588378906
13.6124766666667	573774.758499146
13.6250716666667	603603.661193848
13.6414516666667	643121.28074646
13.6684033333333	500994.160064697
13.7080433333333	505964.400863647
13.7280366666667	479038.130828857
13.7475316666667	487205.945983887
13.7602566666667	524945.282043457
13.7841716666667	479803.647644043
13.80688	493914.34197998
13.8299833333333	573226.549880981
13.8463183333333	709960.143554688
13.8761933333333	616347.451690674
13.8997366666667	577529.415374756
13.9224266666667	539077.048294067
13.9313466666667	644560.096817017
13.972565	498739.873031616
13.9990416666667	539588.67010498
14.0284266666667	510659.33732605
14.0585533333333	512596.792694092
14.0777766666667	543087.427856445
14.0899283333333	584257.153457642
14.1143233333333	607932.27746582
14.1402616666667	523888.869476318
14.1823366666667	545995.235992432
14.205	576909.579116821
14.2246866666667	633982.340255737
14.2474883333333	474629.117752075
14.2671183333333	514952.693771362
14.2903383333333	496628.234268188
14.2993383333333	672300.708007813
14.34697	484816.831680298
14.376815	511081.461029053
14.389185	575424.504043579
14.413015	469394.205474854
14.4364566666667	493227.613235474
14.46909	497336.205810547
14.48514	601297.067672729
14.5298616666667	501162.105422974
14.56398	498166.561416626
14.6084266666667	514104.296401978
14.63147	606855.597686768
14.6545716666667	536102.525650024
14.6738533333333	555500.8878479
14.7102566666667	578556.019607544
14.7299866666667	571648.972213745
14.7572133333333	536371.833908081
14.77656	517474.82244873
14.7964483333333	517348.742080688
14.8263233333333	482399.640914917
14.8463216666667	480209.761688232
14.8664983333333	451545.892105103
14.8903466666667	536615.766052246
14.9062916666667	607268.836242676
14.9222683333333	542863.702636719
14.9466183333333	476075.754043579
14.9633166666667	505546.962463379
14.9828866666667	461564.7315979
14.9995066666667	512330.252716064
15.0194383333333	494709.331939697
15.0318683333333	517821.58543396
15.05899	469618.953140259
15.0783716666667	446926.420425415
15.0911483333333	574990.179748535
15.1216383333333	528822.888641357
15.1407883333333	556697.319885254
15.1574216666667	565789.193191528
15.196705	630472.960784912
15.2333683333333	515181.193740845
15.2564833333333	487919.663375854
15.2762216666667	545177.613861084
15.2884933333333	571549.18081665
15.3127016666667	463569.836868286
15.3493183333333	482197.941619873
15.3692816666667	492371.144638062
15.38841	500389.22026062
15.4182716666667	508894.844024658
15.4448166666667	509326.847900391
15.4823783333333	521524.755844116
15.5227016666667	462670.931472778
15.546115	502021.897232056
15.5766383333333	517129.989318848
15.6069116666667	535411.499984741
15.6231466666667	478959.952758789
15.650415	563218.936294556
15.6703166666667	502904.861709595
15.6930883333333	507463.885070801
15.712355	557731.769058228
15.7390433333333	501267.740753174
15.7519233333333	523349.684051514
15.7686116666667	541105.054382324
15.792215	542954.492675781
15.8086283333333	500524.850341797
15.8424766666667	539700.361694336
15.8550533333333	600199.333221436
15.87811	596776.706085205
15.8975766666667	577719.419952393
15.9206233333333	520189.641601563
15.9505016666667	482671.524337769
15.9632333333333	535141.54524231
15.9872466666667	492294.004272461
16.0105016666667	464154.023422241
16.0196183333333	684176.485351563
16.053215	539972.550094604
16.0762166666667	606577.476501465
16.1102516666667	578125.918121338
16.1331466666667	635353.912460327
16.1490466666667	649924.868087769
16.176165	651931.194335938
16.2179383333333	534170.261032104
16.2343383333333	554976.96244812
16.247495	574696.658309937
16.277835	533332.360214233
16.304755	515646.517852783
16.3307383333333	505812.889434814
16.3568816666667	536478.552871704
16.3907966666667	531553.671554565
16.4175433333333	571306.760559082
16.4301833333333	595383.618087769
16.4675333333333	496137.046127319
16.486375	487995.356033325
16.50927	491722.843826294
16.5253666666667	511861.584030151
16.5422416666667	507657.675888062
16.5619016666667	496121.348983765
16.5853616666667	522860.821685791
16.6155916666667	497583.160110474
16.6318166666667	480110.948379517
16.651705	517179.955551147
16.6782633333333	495967.974487305
16.7011333333333	453390.381668091
16.7278433333333	512288.063583374
16.7475816666667	499708.218780518
16.76354	488062.151245117
16.780505	517860.805709839
16.8042783333333	492956.418045044
16.820805	466586.257476807
16.836515	544773.012619019
16.8505216666667	608765.831085205
16.8711833333333	514389.632492065
16.89066	499256.943618774
16.903485	640611.387908936
16.9375716666667	502097.29385376
16.9638616666667	501820.330322266
16.9871533333333	557354.261627197
17.00325	539683.922576904
17.0230083333333	571309.619140625
17.0428416666667	509927.020599365
17.0590383333333	547171.941192627
17.0825116666667	522199.170806885
17.1018983333333	506836.15032959
17.1185816666667	504712.779663086
17.13498	536732.339233398
17.1448366666667	656263.850830078
17.1745983333333	478119.095489502
17.1904983333333	506093.841247559
17.2272566666667	517036.838607788
17.2398283333333	537982.057907104
17.2525816666667	591426.351455688
17.3046066666667	524518.592758179
17.3209516666667	435599.548873901
17.3342583333333	486056.938278198
17.3639133333333	527135.357467651
17.3835916666667	446702.433486938
17.3960766666667	518895.445404053
17.416215	472513.34324646
17.4299383333333	529012.550964355
17.4425166666667	665318.79788208
17.4751583333333	479505.529083252
17.497515	480810.172027588
17.5137083333333	495282.259796143
17.526865	499336.119766235
17.5468	519400.648269653
17.5775383333333	478292.593521118
17.58998	506735.948455811
17.6270516666667	471921.566421509
17.654255	493786.628829956
17.6771883333333	531543.281265259
17.7108683333333	493448.25970459
17.7510616666667	475438.510772705
17.7671683333333	498900.506622314
17.78689	483886.942214966
17.8134833333333	473680.2368927
17.8335216666667	563383.972167969
17.8627783333333	573447.011291504
17.89726	615912.885986328
17.9378483333333	567471.377685547
17.9601783333333	657867.923492432
17.99655	540217.941864014
18.01236	472095.509567261
18.0326416666667	430764.762268066
18.049305	602212.394012451
18.0657916666667	615890.951797485
18.0823566666667	534406.028305054
18.0990716666667	582421.704467773
18.1156683333333	572950.184890747
18.1246316666667	781995.66607666
18.1756066666667	567261.156951904
18.219135	462196.736206055
18.2549483333333	486521.013458252
18.26788	530214.707870483
18.2840433333333	666814.862945557
18.33378	524241.122528076
18.34974	551084.329620361
18.380115	561599.852996826
18.410485	573969.963973999
18.4369883333333	586805.407409668
18.46408	484124.465713501
18.4762966666667	500988.890289307
18.5066716666667	501283.090805054
18.5303116666667	478444.45526123
18.5462483333333	505951.714736938
18.5593583333333	589662.873138428
18.607245	529087.307540894
18.637325	499093.633422852
18.6464033333333	640026.497665405
18.68684	636069.044464111
18.73117	542904.462997437
18.7573483333333	537256.148910522
18.7809883333333	494330.78112793
18.8078483333333	501787.993179321
18.8204083333333	571685.119384766
18.8475033333333	458439.996002197
18.8742916666667	499967.320388794
18.911795	448812.667861938
18.9279116666667	491626.159988403
18.9407766666667	532295.759521484
18.96825	494394.630065918
19.00544	509447.402053833
19.0350033333333	558899.090362549
19.0509283333333	561872.255218506
19.074445	512878.74760437
19.0935983333333	536530.460006714
19.1236516666667	554236.514816284
19.1469566666667	537173.659698486
19.1733833333333	519094.082702637
19.2035466666667	571920.137985229
19.2444466666667	587363.962310791
19.2865533333333	570674.224197388
19.3136433333333	564598.020278931
19.3443333333333	591861.970581055
19.37453	570242.797027588
19.4045966666667	580989.364196777
19.4316783333333	517462.133377075
19.4586416666667	602501.824020386
19.4886766666667	610695.142822266
19.5315666666667	583203.036956787
19.55462	556389.583709717
19.5818016666667	544053.276748657
19.6150433333333	588701.083633423
19.6518083333333	593791.806030273
19.6858566666667	547387.994110107
19.71932	598008.924163818
19.7633833333333	485863.393569946
19.8035183333333	540739.828063965
19.8339966666667	516052.28112793
19.8501916666667	484335.490844727
19.8597783333333	621499.241256714
19.90048	538742.21913147
19.9199866666667	547555.516555786
19.9440633333333	620330.572372437
19.9634066666667	590879.978729248
19.9867533333333	578706.116668701
20.0130916666667	568385.463027954
20.0500666666667	501714.726501465
20.0803633333333	527710.811355591
20.1105683333333	535820.938964844
20.1443966666667	436918.628417969
20.1570883333333	528900.516525269
20.1909083333333	460077.694519043
20.2253283333333	464714.367858887
20.2591716666667	565996.76499939
20.30185	499926.148834229
20.3145166666667	551831.470367432
20.3347233333333	530581.499084473
20.3514566666667	528546.698150635
20.3642533333333	550033.251724243
20.39148	530871.219665527
20.421905	613576.205978394
20.4380883333333	531857.758026123
20.4472916666667	650696.343185425
20.47345	538697.751907349
20.4923683333333	515999.02885437
20.5284183333333	532923.768951416
20.5408533333333	580902.586135864
20.5714083333333	512653.817962646
20.5943	465539.316452026
20.6210433333333	521792.411102295
20.6581983333333	519118.799179077
20.6744316666667	548031.549758911
20.6906433333333	560196.67250061
20.7217916666667	481206.279846191
20.7381133333333	528412.981445313
20.7577216666667	541028.339996338
20.7802266666667	509367.648147583
20.8105833333333	482955.849899292
20.8300583333333	484316.451263428
20.8534633333333	457969.682846069
20.869275	456887.863647461
20.8864833333333	525269.198410034
20.913075	532687.893310547
20.9293116666667	522318.568908691
20.9458516666667	511245.001647949
20.9623016666667	491844.641525269
20.9855316666667	525855.160095215
21.0151666666667	511380.016265869
21.04526	534126.277709961
21.0819716666667	520515.394668579
21.0942366666667	550133.305862427
21.11771	502336.338653564
21.1620983333333	486739.553192139
21.17098	625108.550872803
21.2116766666667	475451.469909668
21.2245466666667	533959.677993774
21.248065	488573.1275177
21.2678033333333	508578.193405151
21.300125	528687.269287109
21.3162333333333	485729.057403564
21.3334833333333	538295.140930176
21.3565333333333	532261.089691162
21.3903083333333	497538.653930664
21.4139516666667	537465.363494873
21.447625	500529.498962402
21.46368	481610.623825073
21.4765183333333	587170.354766846
21.5033033333333	537921.656738281
21.539965	546361.291046143
21.5632366666667	525532.586883545
21.5967266666667	564075.595397949
21.6269116666667	517707.993118286
21.66339	532874.809066772
21.69336	587534.946487427
21.713225	550803.306747437
21.7289316666667	549606.735549927
21.742305	557101.538909912
21.773275	564373.105621338
21.78899	499640.909759521
21.8149666666667	543049.620697021
21.8452166666667	562870.757446289
21.87559	574105.365066528
21.8988266666667	598780.422988892
21.9290533333333	566673.074356079
21.9521616666667	569426.316726685
21.97189	553839.278823853
21.9946616666667	543728.634140015
22.0318733333333	539879.096725464
22.0721516666667	601708.613082886
22.1155166666667	491325.303100586
22.1420316666667	604288.235168457
22.1650933333333	547217.066009521
22.19978	557124.887664795
22.2297133333333	533763.608779907
22.2525983333333	501661.327728271
22.2791183333333	523375.223892212
22.3145416666667	485202.457168579
22.3340066666667	517589.444168091
22.36376	477959.217575073
22.3767466666667	516933.945877075
22.4037566666667	539155.115844727
22.433935	569813.241333008
22.4536983333333	479364.272994995
22.4770983333333	534954.742294312
22.4966266666667	490833.266677856
22.5295666666667	572272.20930481
22.5737216666667	507476.597183228
22.593475	510058.91494751
22.6061266666667	530988.69303894
22.6510033333333	513256.16998291
22.6808833333333	532329.813568115
22.7038066666667	589108.756500244
22.720025	506312.840637207
22.7357866666667	536470.430801392
22.7596733333333	547423.580307007
22.7789966666667	590192.145980835
22.81271	616507.608947754
22.845375	534084.374267578
22.8755283333333	569969.950012207
22.89822	584099.271484375
22.9178283333333	605425.218917847
22.9540466666667	582916.557540894
22.9810783333333	568307.751998901
23.011105	563927.802124023
23.0409216666667	544355.235366821
23.0780316666667	579612.118347168
23.1148333333333	608941.600189209
23.1413066666667	567600.618560791
23.1605566666667	564888.306976318
23.1870333333333	621619.895202637
23.2249683333333	558467.515060425
23.23764	587088.44758606
23.2505383333333	703276.329483032
23.2941266666667	554896.363983154
23.33721	576258.80871582
23.3743266666667	539546.707168579
23.39741	483463.437103271
23.4173416666667	538949.423629761
23.4471883333333	580123.89944458
23.4667833333333	547327.553817749
23.4864083333333	659756.15184021
23.5201016666667	549258.55090332
23.54984	700842.428115845
23.5934733333333	628566.48626709
23.63046	626518.275100708
23.6705916666667	629421.985107422
23.7004166666667	568355.647888184
23.7201166666667	551945.532775879
23.7329083333333	600741.614486694
23.7551683333333	540885.749267578
23.7785016666667	504018.682373047
23.7978666666667	507628.13444519
23.835395	572622.767425537
23.8612133333333	549517.847946167
23.8956383333333	626122.306549072
23.9223466666667	637469.422134399
23.955515	626479.390289307
23.9964983333333	657083.779708862
24.0362016666667	545733.505004883
24.0740883333333	629053.545349121
24.117915	617952.530334473
24.1440216666667	617254.10458374
24.183955	594005.377700806
24.2029833333333	667478.502990723
24.2473883333333	701465.748809814
24.2741566666667	578575.145401001
24.2930316666667	624234.760162354
24.323205	610725.705749512
24.36006	574419.901596069
24.38327	630696.356933594
24.395165	701794.611755371
24.42994	623909.407928467
24.4666066666667	686544.884216309
24.4897983333333	650095.395706177
24.5341933333333	622128.502853394
24.57093	685146.885848999
24.6140766666667	631514.890625
24.647485	648514.683624268
24.6916616666667	608468.047622681
24.7357316666667	671666.805099487
24.7724466666667	642880.040893555
24.8166183333333	599704.674346924
24.8576983333333	809666.016891479
24.89073	663829.303466797
24.934675	649584.5597229
24.9790933333333	648971.647857666
25.023385	635133.801223755
25.0671333333333	689237.069396973
25.111155	667010.406845093
25.1559116666667	683924.979370117
25.1994883333333	640888.52281189
25.2426233333333	613105.536972046
25.2800583333333	704524.442001343
25.3250483333333	660583.95916748
25.3477116666667	680349.763336182
25.3809583333333	722788.907897949
25.4253916666667	657905.676834106
25.469965	644094.454925537
25.5143716666667	654532.269592285
25.558255	528866.172210693
25.5983366666667	700137.758392334
25.6423966666667	630453.107009888
25.6863383333333	587654.709228516
25.7298066666667	539812.540176392
25.7739616666667	604311.2940979
25.8000766666667	569391.339920044
25.8228033333333	689058.945968628
25.8426016666667	724379.430511475
25.8757883333333	672798.67855835
25.919955	629606.435699463
25.9614216666667	596421.507888794
25.99861	573050.218902588
26.02548	573665.529327393
26.0450333333333	556711.146881104
26.0864016666667	622981.722351074
26.130715	641924.797714233
26.1741616666667	675172.853851318
26.2171733333333	679717.398193359
26.260925	667097.538192749
26.3048266666667	724258.183731079
26.3449916666667	684568.54069519
26.3892133333333	667347.021865845
26.4342333333333	716505.91229248
26.467905	681785.043273926
26.512	680801.664108276
26.5474583333333	638674.259262085
26.5914183333333	690738.814880371
26.6289166666667	720078.428268433
26.6729716666667	699989.307373047
26.71709	650332.589431763
26.75083	687623.694122314
26.7803783333333	720579.955337524
26.8244316666667	677299.507354736
26.8609266666667	679613.513656616
26.9050466666667	647678.637542725
26.949735	670780.67237854
26.9861	666681.59916687
27.015645	594835.351638794
27.052715	631541.862823486
27.086745	694563.948135376
27.1321733333333	624164.527511597
27.175915	671584.214279175
27.219605	659391.583450317
27.260345	735318.432922363
27.29021	702266.346282959
27.3347816666667	598764.657821655
27.3795983333333	630277.635986328
27.402545	750202.02545166
27.4248166666667	653666.765640259
27.4695916666667	661487.763046265
27.498815	652201.517410278
27.54359	678000.640548706
27.5871633333333	666532.733612061
27.6276466666667	858621.10295105
27.6678016666667	740886.464935303
27.7112083333333	674633.375900269
27.755575	709557.655380249
27.7996583333333	717036.242218018
27.8433083333333	758252.382263184
27.887075	664598.202529907
27.9319366666667	720458.165847778
27.976855	655993.325973511
28.0213533333333	612446.530487061
28.0447733333333	640590.016586304
28.08894	635383.349990845
28.13305	603478.330917358
28.1774216666667	620376.541488647
28.2178766666667	735187.17477417
28.2580416666667	643127.755477905
28.30199	651984.38520813
28.3389383333333	743189.808197021
28.3824	708272.255874634
28.426385	765687.537841797
28.4634666666667	706784.792144775
28.507685	763501.791213989
28.551135	769431.855270386
28.5948016666667	696459.185836792
28.6390516666667	683566.774612427
28.6824716666667	684963.171691895
28.7262	742894.613189697
28.7704666666667	678623.453216553
28.81459	784716.061767578
28.858975	767503.022216797
28.90334	736670.562133789
28.94778	659123.378677368
28.9775633333333	727427.106399536
28.9968733333333	692682.137207031
29.0413566666667	670610.64263916
29.0848733333333	695351.791412354
29.12231	776215.94821167
29.1661433333333	748337.568191528
29.2099516666667	744773.28263855
29.2538633333333	783713.458374023
29.2989333333333	782792.093658447
29.34266	725242.405838013
29.37968	688164.782943726
29.4236566666667	654007.538101196
29.46753	634539.036361694
29.5017133333333	723810.640762329
29.5461366666667	692997.667160034
29.57558	778392.773727417
29.6197716666667	694066.726409912
29.6601233333333	690299.540496826
29.7044883333333	712786.351394653
29.748185	711795.263702393
29.792525	692893.580764771
29.8374233333333	820898.253814697
29.8780733333333	770559.560165405
29.922575	685273.144866943
29.95959	678609.328262329
30.0038966666667	662564.556304932
30.0481283333333	696678.625656128
30.0913483333333	732195.865539551
30.1357533333333	733125.812255859
30.1803166666667	800193.903305054
30.2233366666667	700425.50541687
30.2592933333333	821330.231704712
30.30285	753588.155639648
30.3476766666667	792560.869384766
30.3923266666667	819808.762115479
30.4366383333333	796619.202667236
30.4801666666667	805726.157440186
30.5242466666667	822691.415054321
30.5688816666667	830715.045791626
30.6130333333333	860158.5052948
30.6503	896669.58366394
30.6945466666667	851914.489364624
30.7390183333333	924177.120666504
30.7831133333333	972475.402923584
30.82362	1098221.95401001
30.86785	1037713.58731079
30.9122133333333	1007632.56887817
30.9558966666667	937487.125717163
30.9990083333333	978344.75402832
31.0424133333333	930814.130126953
31.083085	882297.889205933
31.1267366666667	726325.529907227
31.17015	816930.406677246
31.21476	799635.861679077
31.2589816666667	831236.060638428
31.303105	940125.09274292
31.3330316666667	787821.117553711
31.3668266666667	854680.454742432
31.411345	790118.451919556
31.45627	750358.795700073
31.5003533333333	773852.963790894
31.545335	796096.980865479
31.5883983333333	761387.830169678
31.6325433333333	784528.302886963
31.6769133333333	806889.345733643
31.70651	709782.396774292
31.7507733333333	801370.319732666
31.7943466666667	778825.30770874
31.8314666666667	794820.274383545
31.87529	904233.367950439
31.919055	967467.716552734
31.9620783333333	800594.710891724
32.0062033333333	878711.188781738
32.050235	714405.830703735
32.0941566666667	673219.105865479
32.1341966666667	773187.224243164
32.1781066666667	746450.61239624
32.2226966666667	943915.605178833
32.26669	690410.179733276
32.310805	734918.532989502
32.34127	808246.227874756
32.3862483333333	828879.695236206
32.43047	801820.965209961
32.474175	775965.911834717
32.5176366666667	817933.19744873
32.5611983333333	941701.975189209
32.6047366666667	831145.193069458
32.64188	774516.561798096
32.685305	715399.048599243
32.7292	733766.834655762
32.77294	793275.568450928
32.8159016666667	796051.939331055
32.8593783333333	744627.289352417
32.903585	822103.584136963
32.9477066666667	763302.520828247
32.9911633333333	848436.405944824
33.0348383333333	730202.718231201
33.0792083333333	832371.962921143
33.1240716666667	734266.633407593
33.1684633333333	857797.480834961
33.2126566666667	744154.635177612
33.2570866666667	875725.897460938
33.3009566666667	824717.208908081
33.345	886926.103942871
33.3891166666667	772668.016448975
33.432705	934751.890808105
33.4772183333333	871601.514160156
33.5210616666667	1004975.45303345
33.5653683333333	1061409.15994263
33.6093033333333	862467.329345703
33.654245	895760.725219727
33.6980733333333	1053979.822052
33.7414833333333	974380.348114014
33.78455	935435.529724121
33.8285533333333	783158.624954224
33.8716083333333	871783.607940674
33.9152883333333	967710.464874268
33.95915	842272.063995361
34.002875	875234.066802979
34.04809	1009589.85308838
34.0919333333333	888018.585876465
34.1352883333333	883934.120117188
34.1801133333333	909039.368118286
34.225185	1006294.52053833
34.268725	941424.448730469
34.3123633333333	939926.808776855
34.3559416666667	1009195.17922974
34.4006283333333	856059.096374512
34.4456583333333	907794.833877563
34.490305	1005808.96841431
34.5337266666667	956741.763626099
34.5774533333333	924964.330718994
34.6210433333333	940729.295440674
34.6648666666667	1079458.08135986
34.7068633333333	1161386.22662354
34.7506283333333	1846719.67749023
34.7945616666667	2095625.96820068
34.8390216666667	2584476.63204956
34.883015	2319606.21176147
34.9260133333333	2164463.44500732
34.9709783333333	2115255.33874512
35.0147583333333	2022435.30361938
35.058	1766492.63946533
35.1024433333333	1350238.79290771
35.1469383333333	1247507.88037109
35.19108	1217939.26800537
35.2349816666667	1146915.75549316
35.2788433333333	1003140.01950073
35.3227783333333	1003026.15332031
35.3671566666667	1044821.79794312
35.4112483333333	1023961.47422791
35.4555033333333	1054782.00180054
35.4991866666667	938637.704345703
35.5431733333333	947783.253356934
35.58714	937252.018569946
35.63111	943145.390777588
35.674925	952467.18927002
35.7177266666667	955674.599914551
35.7621866666667	968629.189666748
35.806775	946119.403442383
35.850775	1051965.75701904
35.8946166666667	995326.37512207
35.9383666666667	955406.511962891
35.9827483333333	1004418.37789917
36.0268583333333	1118882.52542114
36.070685	954420.375976563
36.1151566666667	1045704.70193481
36.1586183333333	998812.947906494
36.2018783333333	926646.106079102
36.24588	907887.326431274
36.2907616666667	971796.75112915
36.334625	920837.302185059
36.3784466666667	913766.411865234
36.4231733333333	1056674.29101563
36.46717	926199.523956299
36.51069	869795.149368286
36.5542016666667	964912.753326416
36.59936	961428.798873901
36.6426633333333	960630.860656738
36.6863916666667	1157351.15167236
36.7305616666667	1061264.45547485
36.7746433333333	1110154.13705444
36.8191766666667	1002972.07693481
36.8629483333333	1188856.12045288
36.9060716666667	1052163.81338501
36.95049	973783.11076355
36.9872966666667	954729.23324585
37.03205	930334.859008789
37.0759183333333	946764.04888916
37.1199366666667	975757.318359375
37.16284	1003438.39205933
37.207425	1087832.40847778
37.2518833333333	1021838.42965698
37.295345	991143.578857422
37.340035	1045718.44818115
37.3834966666667	1029559.49664307
37.4275583333333	1026824.87127686
37.471515	1066001.27774048
37.51516	1006104.87948608
37.5589683333333	1090148.22860718
37.6033866666667	1010266.60003662
37.6474466666667	1156561.78128052
37.690595	960836.69732666
37.7347116666667	945043.017974854
37.7784483333333	1073260.44311523
37.8224483333333	1008797.63523865
37.8668233333333	1007389.90689087
37.909685	967631.351776123
37.9541366666667	1010482.93908691
37.99871	1085311.88244629
38.0430533333333	940187.549468994
38.087315	970100.670776367
38.13179	906977.261871338
38.17665	1024690.1194458
38.2201966666667	1148091.65142822
38.265405	988170.718597412
38.3101483333333	1082918.48858643
38.3531033333333	964589.531524658
38.39765	1003451.29641724
38.4415883333333	1031403.58096313
38.4854133333333	921559.418548584
38.5292183333333	891152.695632935
38.5731716666667	876093.705566406
38.6176683333333	941385.839630127
38.6585716666667	1093972.07897949
38.7025983333333	863809.034423828
38.74698	1096302.432724
38.79025	1052915.62338257
38.8333566666667	1080578.10894775
38.8776733333333	1062020.1088562
38.921515	927684.150695801
38.9650533333333	993904.203582764
39.0079333333333	1023786.56921387
39.0521333333333	998312.456848145
39.0965433333333	976694.774795532
39.1406283333333	977780.781860352
39.1849533333333	1024074.26818848
39.2296766666667	1135063.0559082
39.2733683333333	916768.106292725
39.317515	1013464.40795898
39.3613533333333	1053493.80435181
39.405	1054817.32269287
39.4494416666667	1083224.85731506
39.4945716666667	1253322.29083252
39.5382283333333	1121778.17047119
39.58211	1074009.12680054
39.626635	1109405.67419434
39.6703933333333	990974.690582275
39.7143566666667	1126420.26257324
39.75783	1024277.75030518
39.8027283333333	1121590.37780762
39.846795	930253.906585693
39.891175	1073164.09875488
39.93467	915351.328460693
39.9782966666667	992118.976959229
40.0217633333333	1033631.91937256
40.06573	1089367.91760254
40.1098483333333	1152832.19558716
40.15408	1115254.07220459
40.1989083333333	927950.199157715
40.2428033333333	1035709.80752563
40.2857083333333	1016774.16958618
40.329955	1054116.38772583
40.3746866666667	1122600.99978638
40.4188233333333	1029059.27835083
40.46223	1112096.63140869
40.50581	951315.752410889
40.5504183333333	1071102.11529541
40.5939066666667	961957.26739502
40.6379733333333	1018749.98474121
40.68164	1146198.80725098
40.72509	1066185.89041138
40.7693233333333	1048454.13693237
40.8132633333333	1040889.08352661
40.8573866666667	1014916.08602905
40.9015283333333	988634.60736084
40.945365	1139487.52523804
40.9890866666667	1072656.97735596
41.0334616666667	1111514.49836731
41.0782766666667	969687.157928467
41.1226166666667	1121329.97546387
41.1672466666667	970507.436187744
41.210755	971597.202697754
41.2548483333333	1177947.18133545
41.2988083333333	1063967.11099243
41.34276	1168341.9291687
41.3865733333333	1188553.72412109
41.429895	938159.46484375
41.474825	1123016.81744385
41.5185416666667	1156265.37954712
41.562495	1229752.58953857
41.6060233333333	1182637.97631836
41.6487933333333	1051435.96798706
41.6930883333333	1184337.78747559
41.7368716666667	1151255.26776123
41.7807416666667	1078880.9552002
41.8248683333333	1130118.35827637
41.8696766666667	1130451.33340454
41.9129216666667	1171908.1418457
41.9566766666667	1086798.54351807
42.0012666666667	1018999.97457886
42.045865	1083978.42626953
42.09052	974978.742980957
42.13458	1106222.62985229
42.17826	1174337.80249023
42.2222916666667	1170632.38839722
42.2662916666667	1032901.98440552
42.3098466666667	1061862.91741943
42.3538383333333	1019927.06030273
42.3983083333333	1283563.30371094
42.442745	1141052.92663574
42.4862183333333	1154593.13192749
42.5314066666667	1070456.70458984
42.576215	1156513.80963135
42.6205616666667	1347732.50762939
42.6651983333333	1243188.26257324
42.709375	1214561.42169189
42.7538266666667	1383357.42456055
42.79893	1191020.55661011
42.8431533333333	1140351.43844604
42.88714	1101212.40957642
42.9312783333333	1052305.76742554
42.97524	1204552.03543091
43.0196916666667	1172271.15707397
43.0630316666667	1249163.10519409
43.105895	1134339.3319397
43.149725	1220891.62908936
43.1941166666667	1200317.90032959
43.2379166666667	1196833.00802612
43.2814883333333	1233243.86450195
43.3251666666667	1272906.67977905
43.3704083333333	1216220.91732788
43.4149516666667	1132890.62185669
43.4589683333333	1199122.96447754
43.5035016666667	1310184.59851074
43.5473816666667	1538447.43814087
43.5906316666667	1297730.02020264
43.6346816666667	1261579.89578247
43.6782583333333	1109061.26123047
43.7225483333333	1368378.53518677
43.766875	1097258.75765991
43.81081	1176696.34399414
43.8549583333333	1084065.77813721
43.8994566666667	1122221.69299316
43.94332	1163961.96166992
43.9874716666667	1210444.6078186
44.0313416666667	1224658.69995117
44.0758033333333	1135614.0539856
44.1209366666667	1051713.56814575
44.1643516666667	1155438.82363892
44.2080283333333	1106613.67016602
44.25239	1080989.28196716
44.297645	1206719.77059937
44.3424983333333	1161141.12265015
44.3866316666667	1241332.99026489
44.4302983333333	1252888.32693481
44.4744416666667	1079554.64974976
44.5183766666667	1147700.44335938
44.5616283333333	1200767.98074341
44.60532	1244816.4822998
44.64956	1345417.36334229
44.6934116666667	1176591.75976563
44.7368533333333	1303304.78479004
44.7798383333333	1088459.11502075
44.8238416666667	1261839.10244751
44.8682033333333	1180527.51644897
44.9121766666667	1324119.21200562
44.95572	1232606.16369629
45.0002666666667	1297950.17022705
45.0438966666667	1268263.88427734
45.087665	1352063.90692139
45.13184	1424972.33139038
45.1756233333333	1390820.09915161
45.2208733333333	1318255.13565063
45.26553	1451552.57711792
45.3099883333333	1380218.62738037
45.35363	1233142.64199829
45.3973466666667	1251995.93206787
45.440745	1137015.36029053
45.48451	1132947.6444397
45.52857	1299505.5328064
45.5730633333333	1287557.39401245
45.616405	1293019.83285522
45.6604133333333	1218104.39224243
45.7041633333333	1159546.0534668
45.7483066666667	1200123.40609741
45.7926116666667	1392578.63412476
45.8367683333333	1141760.15148926
45.8802066666667	1369896.06231689
45.9242516666667	1184224.59735107
45.96801	1094343.39663696
46.0120183333333	1239215.22158813
46.0544366666667	1105356.56472778
46.0977533333333	1305462.89309692
46.1423216666667	1275808.63763428
46.1870333333333	1400823.49389648
46.2314366666667	1232586.30432129
46.2760166666667	1207523.49429321
46.3198	1373869.56704712
46.3634133333333	1369111.30966187
46.4072133333333	1542611.5489502
46.45115	1651851.17697144
46.4961216666667	2168935.24633789
46.5387783333333	2302596.29327393
46.58231	2503865.3425293
46.6251766666667	2346855.70263672
46.6694516666667	2192592.16079712
46.7142266666667	1945701.92935181
46.7582883333333	1749815.35458374
46.801725	1916148.74810791
46.8460183333333	1473324.99316406
46.8904016666667	1486531.20388794
46.934475	1640455.00216675
46.9789933333333	1681921.97686768
47.0227616666667	1372807.33831787
47.067535	1525473.68615723
47.11199	1320808.7381897
47.1561566666667	1560387.18273926
47.1996066666667	1599469.29373169
47.2446033333333	1403171.68634033
47.2894666666667	1382895.65734863
47.3338833333333	1563504.51638794
47.37843	1144692.79977417
47.4233883333333	1348184.01309204
47.4672016666667	1459891.2456665
47.5105716666667	1571774.03024292
47.5536916666667	1413314.98919678
47.5983666666667	1495838.49951172
47.6429566666667	1380116.64456177
47.686875	1414730.13998413
47.7312	1344400.59176636
47.77548	1326618.55523682
47.819895	1517639.93725586
47.8641583333333	1421972.64334106
47.9092133333333	1312504.84750366
47.9533233333333	1380336.30722046
47.997415	1376333.1237793
48.04157	1345013.81689453
48.0863333333333	1395973.90289307
48.1302733333333	1290451.52954102
48.1752183333333	1461023.43719482
48.21978	1196234.23150635
48.2644716666667	1359644.91427612
48.3091316666667	1537607.06726074
48.353265	1405684.05288696
48.3969916666667	1294596.57962036
48.4405366666667	1406702.23312378
48.48405	1411891.52441406
48.5278733333333	1366779.57852173
48.5718283333333	1549118.16958618
48.6159133333333	1378293.46633911
48.6588633333333	1621656.9347229
48.7031466666667	1556521.17224121
48.7478433333333	1476801.9961853
48.791655	1590923.62020874
48.83572	1288782.61523438
48.8797683333333	1391456.03271484
48.9244183333333	1325379.56341553
48.9682866666667	1203263.15963745
49.01206	1294019.99246216
49.0563033333333	1358539.11868286
49.1003233333333	1428182.49728394
49.144855	1398731.77737427
49.1895083333333	1422503.77539063
49.2333066666667	1367923.80386353
49.27764	1313037.59970093
49.3219816666667	1333292.01803589
49.3665	1433996.19552612
49.4091666666667	1573613.60372925
49.4527833333333	1436572.96743774
49.4975983333333	1608983.13674927
49.5417266666667	1337776.79776001
49.5853633333333	1743873.01473999
49.629405	1500334.82598877
49.673925	1388223.85461426
49.7176166666667	1531561.70925903
49.7619616666667	1421108.63876343
49.8060283333333	1460125.68978882
49.8502433333333	1563306.18157959
49.8942133333333	1345150.175354
49.93788	1697399.59143066
49.9814433333333	1503355.54058838
50.0261433333333	1352331.85263062
50.0707583333333	1531845.92297363
50.1150983333333	1329406.16271973
50.1593016666667	1351848.11090088
50.2043966666667	1535326.1539917
50.248375	1468437.86669922
50.29226	1562973.92459106
50.335975	1411904.64205933
50.3795016666667	1625887.73864746
50.4231466666667	1772005.77124023
50.4669566666667	1702001.97341919
50.5101816666667	1808722.97692871
50.5546783333333	1457242.25234985
50.6000216666667	1740417.1366272
50.64403	1749891.2130127
50.6879583333333	1273458.35775757
50.7322166666667	1347016.86849976
50.7763366666667	1359344.35025024
50.8206116666667	1488225.11508179
50.865505	1392374.07821655
50.9096216666667	1579041.38198853
50.953895	1696725.75286865
50.9985166666667	1835885.00018311
51.0431983333333	1704768.91818237
51.0871	1524002.43652344
51.1315883333333	1601764.24945068
51.1756766666667	1742214.8381958
51.2188566666667	1604819.88839722
51.2631883333333	1893816.30026245
51.3072083333333	1787221.14041138
51.3513033333333	1791082.46353149
51.39555	1785326.00726318
51.4381966666667	1889522.63668823
51.4821333333333	1722909.44824219
51.5271533333333	2049589.7305603
51.571175	1515731.77255249
51.6150716666667	1705773.5637207
51.65858	1643983.63452148
51.7035016666667	1732828.27926636
51.7478966666667	1754566.06515503
51.7924916666667	1772177.62347412
51.8361916666667	1795795.32495117
51.88122	1911784.71807861
51.9257266666667	1901507.24832153
51.9703866666667	2047633.43972778
52.0143616666667	1774359.85733032
52.0583883333333	1757351.37136841
52.1025116666667	1748596.24984741
52.1466216666667	1686065.30804443
52.19141	1973003.4800415
52.2353733333333	2021351.5798645
52.2801766666667	2378252.65307617
52.3244416666667	2498015.71936035
52.36775	2339826.44821167
52.412605	2512610.69335938
52.45782	2428381.94985962
52.5026316666667	2298669.88418579
52.5471583333333	1840313.74099731
52.5913966666667	1726909.56515503
52.6367316666667	1952970.62750244
52.6810316666667	1792071.69616699
52.7259683333333	1747967.22387695
52.7689116666667	1953065.01449585
52.8137316666667	1980955.40188599
52.8574716666667	1943889.95321655
52.9019066666667	1873518.66436768
52.9461583333333	1815737.18121338
52.9910083333333	2088423.64199829
53.033985	2115091.09170532
53.0790116666667	1793751.63204956
53.1228966666667	1735793.01541138
53.1669416666667	1785990.88162231
53.2116183333333	1968271.89169312
53.255825	1809775.00054932
53.3001666666667	1917061.91677856
53.3445383333333	1718665.57342529
53.38893	2235504.17687988
53.4345	1961481.54580688
53.4788516666667	2062398.90063477
53.5226333333333	1882169.83053589
53.5686666666667	2038035.6456604
53.613095	1879323.47644043
53.6584933333333	2022153.88800049
53.7025416666667	2015365.4432373
53.74789	1957858.06048584
53.7925633333333	2213590.73034668
53.8375916666667	1980742.82894897
53.8815233333333	1819142.11703491
53.9256916666667	2089161.99520874
53.97001	1950451.04614258
54.0140433333333	1979621.5007019
54.0582883333333	2037434.42825317
54.1021566666667	1826724.14453125
54.1466866666667	1862544.30770874
54.1914	1823013.98355103
54.2352333333333	1731559.53982544
54.2795633333333	1987357.99642944
54.324135	2087136.76452637
54.3685266666667	1886899.33166504
54.4118316666667	1833554.62667847
54.4555933333333	1976883.99267578
54.5002233333333	2022981.49295044
54.5447616666667	2016828.18945313
54.5891816666667	1889809.97720337
54.6333983333333	1903268.6321106
54.67806	2178957.49060059
54.72217	1735663.66711426
54.767045	2051297.32992554
54.8115766666667	1902469.21368408
54.8562383333333	1999430.40341187
54.9001533333333	2077979.60934448
54.94349	2038622.41766357
54.9874466666667	1971030.26956177
55.0317566666667	2077540.27322388
55.0766416666667	2154386.83886719
55.1216516666667	2361379.66247559
55.1654116666667	1830600.71826172
55.2098483333333	2203306.46170044
55.2547666666667	1965678.30679321
55.3002233333333	2044493.47198486
55.3443416666667	1853218.22369385
55.3894866666667	1873329.26190186
55.43338	2006647.6739502
55.477895	1932095.52648926
55.5230933333333	2446500.90234375
55.5666483333333	2084202.39523315
55.6120733333333	2206046.55374146
55.6563733333333	2344111.24603271
55.7015166666667	2575586.86221313
55.746205	2504031.18600464
55.7909983333333	3849455.9553833
55.8350383333333	1976071.93878174
55.87972	2328091.17169189
55.9235516666667	2209190.96670532
55.9676666666667	2217445.82797241
56.01236	2260609.89978027
56.0567	2066958.36260986
56.1009033333333	2177534.2359314
56.145925	2244530.98449707
56.1905333333333	2128627.98202515
56.2354183333333	2427635.13796997
56.279665	2258367.35421753
56.3243283333333	1969001.85345459
56.3689033333333	2088054.14691162
56.4133	1948666.31008911
56.45868	2340282.50900269
56.502905	2082364.60540771
56.5479116666667	2132141.68695068
56.5929866666667	2231737.40921021
56.6374783333333	2218361.82095337
56.68162	2140992.03445435
56.7265416666667	2034052.96438599
56.7712166666667	2008756.86550903
56.8155916666667	2082152.54763794
56.8603333333333	2051812.06988525
56.9047566666667	1774724.05603027
56.9496716666667	1823840.74151611
56.993515	1880193.22744751
57.037055	1970052.67602539
57.081195	1850812.84399414
57.126115	2086410.03536987
57.170935	2460647.2366333
57.2158366666667	2203521.62875366
57.259635	2169303.08358765
57.3038416666667	2377088.99710083
57.3482233333333	2276870.9699707
57.3935033333333	2320290.48544312
57.437565	2357069.5489502
57.4833683333333	2398726.62185669
57.5290283333333	2612407.56442261
57.5737516666667	2366876.30935669
57.6188916666667	2603948.41204834
57.6638383333333	2434255.76959229
57.7076116666667	2483523.1673584
57.751835	2662183.4331665
57.7959633333333	2609312.5435791
57.8401116666667	2386529.81176758
57.8847383333333	2247768.23565674
57.927955	2100738.14807129
57.9721266666667	2204520.66744995
58.0170683333333	2465969.78317261
58.0617833333333	2026915.49905396
58.106315	2214931.06210327
58.150595	2405671.77023315
58.19435	2122546.89926147
58.2393083333333	2179904.57803345
58.2843833333333	2089239.12451172
58.329455	2198576.51879883
58.37316	2328224.67745972
58.41786	2626120.43545532
58.461815	2181149.03488159
58.5068133333333	2498882.50259399
58.5512266666667	1867921.37347412
58.5958133333333	2377019.41522217
58.6395016666667	2142023.09164429
58.683845	2424504.83041382
58.7289416666667	2311652.39553833
58.7723483333333	2603785.01901245
58.81672	2517937.65026855
58.8596866666667	2065522.76538086
58.904215	2183409.91601563
58.9488916666667	2248686.91009521
58.993735	2386924.15380859
59.0387716666667	2406015.45904541
59.0836433333333	2203571.49914551
59.1273766666667	2649997.57754517
59.1718533333333	3199755.23110962
59.215905	3423363.39343262
59.2599133333333	3397225.36105347
59.3036033333333	3546943.19415283
59.3487816666667	3321412.26553345
59.393295	3038357.65774536
59.4378183333333	2464872.74041748
59.4813566666667	2892593.16757202
59.5256	2913628.81918335
59.57008	2556033.50424194
59.61426	2278392.98974609
59.6593	2137911.77703857
59.702895	2371702.35629272
59.7474983333333	2295205.26831055
59.79133	2029323.01885986
59.8358466666667	2215408.01864624
59.880595	2317563.32949829
59.9260183333333	2392665.9362793
59.9705083333333	2437868.67999268
60.01508	2459538.22412109
60.059195	2883864.50140381
60.1040216666667	2627367.63421631
60.1491166666667	2844828.88674927
60.1942516666667	2963329.82559204
60.2378666666667	2948074.43167114
60.2823116666667	3162389.01748657
60.325605	2565482.33297729
60.370195	2445869.00100708
60.41469	2467411.42419434
60.4590416666667	2919487.27893066
60.5034183333333	2794209.13674927
60.54605	3423214.83016968
60.590795	3955283.84121704
60.63507	3638549.2545166
60.6793066666667	3512579.92648315
60.7237366666667	3604118.10354614
60.767515	2996043.10467529
60.8122483333333	2761049.80047607
60.8563866666667	3037256.1640625
60.9006266666667	3699960.50958252
60.9438816666667	2866664.23916626
60.9880933333333	2633203.34707642
61.0331866666667	2266674.99581909
61.0779483333333	2694674.43582153
61.1229333333333	3806134.81512451
61.16385	2558741.14651489
61.2077183333333	2711582.43554688
61.252615	2549109.89724731
61.2978766666667	2718574.29614258
61.3411216666667	2132190.38021851
61.3856633333333	2542825.25289917
61.4294683333333	2551791.91418457
61.474125	2423086.57730103
61.5190883333333	2524831.3062439
61.5631366666667	2406173.80230713
61.6074083333333	2495502.29660034
61.65192	2589632.12097168
61.6958733333333	2557473.65948486
61.7403383333333	3279576.31143188
61.7846666666667	2392093.05404663
61.8289816666667	2527209.57620239
61.8734583333333	2462611.37945557
61.918095	2598622.14584351
61.9630433333333	2354628.68255615
62.0076433333333	2215390.57662964
62.0535116666667	2581920.84786987
62.09864	2323702.52435303
62.1428383333333	2247242.61154175
62.1874266666667	2778082.23666382
62.2324783333333	2516996.66702271
62.2768183333333	2719082.28085327
62.320145	2599311.20071411
62.3643916666667	2331572.15679932
62.4095833333333	2205988.8833313
62.4543833333333	2655229.69946289
62.4989283333333	2384571.65158081
62.54333	2593819.71298218
62.5877716666667	2709456.66970825
62.6322016666667	2773784.87280273
62.6765916666667	2482687.72143555
62.7207083333333	3009550.41696167
62.76551	2573118.949646
62.8100433333333	2562051.05895996
62.8539316666667	3310985.64538574
62.897455	2357880.73080444
62.9424816666667	2492149.7194519
62.986965	2403833.78814697
63.030635	2282146.36956787
63.074745	2454734.9866333
63.1195933333333	2330255.38046265
63.1639233333333	2506492.0824585
63.2077233333333	2270512.00973511
63.2510116666667	2593051.87271118
63.294355	2309721.76834106
63.3391166666667	2424727.41223145
63.3836	2457267.03619385
63.427855	2702210.72262573
63.4728566666667	2373162.50180054
63.5171283333333	2415458.94342041
63.5606783333333	3020847.18670654
63.6056316666667	2420493.20547485
63.6511183333333	2292173.02053833
63.695385	2925581.23171997
63.7391916666667	2718172.37155151
63.78365	2779385.75146484
63.8284433333333	2078001.57095337
63.8729133333333	2782785.22998047
63.91817	2173888.7355957
63.962385	2511042.56570435
64.0066816666667	2627712.71252441
64.0505683333333	2595948.02294922
64.094665	2808103.31710815
64.13854	2380434.777771
64.18148	3188594.03890991
64.2255133333333	3797718.64733887
64.270545	4061200.72186279
64.3122583333333	4118867.94235229
64.35638	4465588.55349731
64.4008083333333	3658440.94244385
64.4452166666667	3402933.19750977
64.4896733333333	3647909.48480225
64.5353233333333	3218412.99801636
64.58013	2695360.67724609
64.624815	2538872.04812622
64.6688833333333	2732617.06845093
64.71337	2728088.92221069
64.7575883333333	3154142.0675354
64.8029366666667	2571575.72598267
64.8478016666667	2541172.88308716
64.892935	2540469.25723267
64.9373466666667	3186646.89962769
64.98218	2540255.57559204
65.026155	2606098.43630981
65.070315	2493844.92431641
65.11407	2441789.97784424
65.1577316666667	2721820.1008606
65.2022283333333	2334079.79589844
65.2467016666667	2368442.06015015
65.2901266666667	2579077.31018066
65.33468	2470979.42984009
65.3789283333333	2419707.05627441
65.4225	2272212.88690186
65.4674533333333	2712126.57443237
65.5125616666667	2569361.55728149
65.5577566666667	2759150.75967407
65.6019016666667	2991907.19064331
65.6466016666667	3236063.01699829
65.6901466666667	2788531.69717407
65.7351166666667	3200494.52709961
65.78043	3109663.3164978
65.82576	3384746.40408325
65.8701733333333	2756232.32821655
65.915255	2852573.57693481
65.9600183333333	3251155.5993042
66.0048833333333	3231368.35253906
66.0487533333333	2870762.43804932
66.0929766666667	2872984.84921265
66.137725	2861631.79562378
66.1823516666667	2952853.20797729
66.2263833333333	2805913.37948608
66.2710383333333	2989675.66412354
66.3155533333333	2983562.11920166
66.3592916666667	2637657.3102417
66.4040866666667	2243802.11993408
66.44824	2731626.81011963
66.4928166666667	2551987.55276489
66.5363516666667	2853792.93786621
66.5804	3217536.08135986
66.62439	3663561.75418091
66.6681616666667	3409909.33831787
66.7134183333333	3445555.32312012
66.7593433333333	3881058.77932739
66.8037516666667	4154197.5930481
66.849425	4071982.24945068
66.8942983333333	3943821.59268188
66.9385583333333	4632055.95251465
66.9803183333333	5069024.08685303
67.0243133333333	4688279.6812439
67.068695	4609848.32150269
67.1128316666667	3854470.72473145
67.1574016666667	5082445.25830078
67.2021016666667	3581328.75091553
67.2468816666667	2711669.73693848
67.291195	2993255.81567383
67.33646	3003138.29464722
67.381595	2809110.93499756
67.4259866666667	2794149.72314453
67.4696483333333	2765380.1204834
67.5136433333333	2750335.66326904
67.5583783333333	2583797.25933838
67.60298	2983574.78704834
67.6478866666667	3065741.83026123
67.69296	2964165.26098633
67.736675	2892024.85168457
67.7816133333333	2688360.49279785
67.8262783333333	2618529.85375977
67.87076	2721050.49584961
67.914135	3119951.66275024
67.9582683333333	2566705.03909302
68.0035066666667	2769125.37612915
68.0478233333333	2870042.43234253
68.0909866666667	2667209.31365967
68.1342816666667	2692412.67041016
68.1786783333333	2479454.94238281
68.2226433333333	2915131.10592651
68.2675766666667	2723709.81359863
68.3125316666667	3367927.56829834
68.3576566666667	2759798.1697998
68.4005866666667	4197976.16864014
68.4432866666667	3366585.34091187
68.4877666666667	5411649.05841064
68.5298833333333	3318433.82659912
68.5745266666667	3458970.40667725
68.6188366666667	3254641.78341675
68.6642566666667	2964192.47958374
68.7087383333333	3170941.31735229
68.7532833333333	3069887.62371826
68.7977133333333	3171193.17218018
68.841725	3032298.1703186
68.8852583333333	3288706.39920044
68.929945	2770054.96310425
68.9745266666667	2592097.31646729
69.0177716666667	2709141.56723022
69.06103	3249843.31164551
69.1051666666667	2568612.00067139
69.149715	3140328.68154907
69.195335	2614225.47229004
69.23993	2746804.10253906
69.28557	2507712.17120361
69.3298616666667	2674122.43527222
69.37375	2870731.34512329
69.4175166666667	2998764.46380615
69.4621383333333	2817285.5609436
69.5074283333333	2754130.08703613
69.5525316666667	2728893.76647949
69.5976166666667	2832167.68008423
69.6423433333333	3187316.97692871
69.68764	3134274.57305908
69.731555	2934236.51763916
69.7756583333333	2725470.68884277
69.8192466666667	2922567.58071899
69.8643683333333	3081513.45117188
69.909015	3282159.83731079
69.953065	3019958.65704346
69.9970366666667	3205870.35528564
70.0410816666667	3001326.66622925
70.08623	3216682.79611206
70.13134	3386270.11743164
70.1748283333333	3081897.996521
70.219755	2682279.61117554
70.2636616666667	3479649.56204224
70.3075766666667	3361985.49014282
70.351835	2795939.75784302
70.3969016666667	2996782.07244873
70.4412633333333	2598833.04299927
70.4859883333333	3027973.06271362
70.5311933333333	3392652.80154419
70.5749983333333	2962589.60461426
70.62025	2837117.57672119
70.6652266666667	3065750.51617432
70.70932	2757053.11315918
70.7526933333333	3447253.1383667
70.7977383333333	2946646.97583008
70.8422133333333	2890075.56225586
70.88641	3087676.96600342
70.9301633333333	2535011.63101196
70.9740183333333	3068967.41705322
71.0187333333333	2703717.46694946
71.0635116666667	2809435.78024292
71.1080966666667	2813067.12789917
71.1526933333333	2585108.61611938
71.1976483333333	3026904.28598022
71.2421883333333	2867378.54458618
71.2861216666667	3112166.10125732
71.3308333333333	2772602.79888916
71.3755866666667	2780993.88574219
71.4198416666667	2813272.23739624
71.4651766666667	2625344.07739258
71.5095366666667	2843207.75897217
71.5549216666667	3329777.70986938
71.6002166666667	2721327.4866333
71.644295	3100275.08535767
71.6877433333333	2814865.04022217
71.7327566666667	2443090.93395996
71.7773066666667	3320130.31085205
71.8212816666667	2976862.56112671
71.8655316666667	2711387.0324707
71.9095233333333	2568308.09707642
71.9523233333333	2633279.6368103
71.99706	2863529.41366577
72.0413283333333	3168955.53659058
72.0854866666667	3088626.85745239
72.1290316666667	2835658.21026611
72.1732233333333	3026974.36703491
72.2176716666667	3140926.92236328
72.26201	2993891.27194214
72.3073033333333	2938992.12493896
72.3515183333333	3053096.92752075
72.3961933333333	2875727.2482605
72.44092	3189745.17596436
72.4861116666667	2897264.81967163
72.5303833333333	3298827.68624878
72.5744066666667	2798112.00857544
72.6185283333333	3028004.87591553
72.66346	2765745.96057129
72.7071233333333	2744763.19720459
72.75011	3018692.31558228
72.79356	2826376.19528198
72.8371166666667	3131782.8475647
72.88152	2701755.69619751
72.9263283333333	3349334.4012146
72.970575	3531739.97494507
73.0153016666667	2605727.2774353
73.0595866666667	2414674.20315552
73.1030783333333	2619847.90365601
73.146705	3306342.48641968
73.1921516666667	2999211.50360107
73.2375583333333	3191831.57214355
73.2828083333333	2844768.61499023
73.3280283333333	3777320.1388855
73.3720066666667	3359053.51116943
73.4171866666667	2897633.00485229
73.4602833333333	3342826.9753418
73.5051833333333	3493763.50637817
73.5485266666667	3351701.25222778
73.5937066666667	3195940.2802124
73.6387216666667	3296100.10046387
73.6825066666667	3452176.18457031
73.726735	3256230.90200806
73.7707416666667	3144816.07952881
73.8151783333333	3300965.21484375
73.8599466666667	2918146.74804688
73.90501	3376369.99752808
73.94943	4259266.9765625
73.9945666666667	3226384.95996094
74.0384416666667	3229473.37710571
74.0829583333333	3208933.99362183
74.1282233333333	3058807.0015564
74.172435	3435983.85272217
74.2181016666667	3366196.51821899
74.2633816666667	3166691.40115356
74.3069583333333	3327239.2805481
74.351775	3878408.58642578
74.39617	3224861.70657349
74.4402633333333	3075901.62942505
74.48345	3809038.44680786
74.528095	3431457.56219482
74.57346	3768735.53128052
74.6168283333333	3790908.36898804
74.6605616666667	4165387.24078369
74.7042966666667	3957731.34368896
74.74866	4202363.72128296
74.7935833333333	3823690.62512207
74.838835	3476178.34011841
74.88343	3222983.71221924
74.92868	3520961.66445923
74.9726033333333	3197838.93460083
75.0173666666667	3585713.51434326
75.0627516666667	3246941.3397522
75.1073733333333	3469374.31695557
75.1519716666667	3359559.0149231
75.1976033333333	3836017.38491821
75.2432716666667	3638317.15246582
75.2877716666667	4449904.59597778
75.3319166666667	4161850.90316772
75.37604	4239826.59613037
75.4200316666667	4594747.36773682
75.463595	5809136.2293396
75.5088933333333	7209076.45245361
75.553705	7077338.884552
75.5979633333333	6031665.27764893
75.6419033333333	8138427.67156982
75.6866533333333	5438622.4828186
75.732875	5299770.29293823
75.77663	5543178.29986572
75.821225	5622819.69519043
75.8667983333333	4750249.86456299
75.9107916666667	4521632.92868042
75.9559683333333	4212124.02294922
76.00154	3716755.68447876
76.0466116666667	4482901.06417847
76.0907283333333	4354814.32171631
76.1365566666667	4043440.24215698
76.1820383333333	4470512.30841064
76.2261783333333	4358591.58764648
76.2697916666667	3713257.62744141
76.3147533333333	3573951.10873413
76.359015	3552363.45913696
76.4026566666667	3709065.89627075
76.4473216666667	4066296.59936523
76.4907633333333	4435442.46478271
76.5337066666667	3817668.13656616
76.5781516666667	3568531.08517456
76.6221883333333	4107822.83465576
76.6680016666667	4079546.61248779
76.713395	5248281.80685425
76.7591016666667	5460068.62243652
76.8038583333333	5375710.76974487
76.8487916666667	6103117.39135742
76.8935566666667	5274141.08074951
76.93872	4589465.94714355
76.9845083333333	4146212.06976318
77.02891	3696781.65408325
77.07418	4386849.91995239
77.1195533333333	4432147.81433105
77.1640066666667	4503113.06225586
77.2093933333333	4811206.1144104
77.2528083333333	5064081.77682495
77.297645	5087207.23190308
77.3425366666667	5347854.04504395
77.3877466666667	5828848.26171875
77.43244	5546568.07141113
77.4773533333333	5238090.28451538
77.5216016666667	5421218.39465332
77.5667733333333	4878583.90838623
77.6126833333333	4534729.94854736
77.6575583333333	4594186.22073364
77.7035283333333	5169272.63348389
77.74878	4692256.14437866
77.7928866666667	5149877.73287964
77.8370983333333	5313456.71765137
77.8818716666667	5600021.19592285
77.9272666666667	4918133.6277771
77.9716283333333	5077222.16629028
78.016065	4930689.14855957
78.0616733333333	4701750.18994141
78.1069866666667	4429996.76583862
78.1511983333333	4688994.79159546
78.1961816666667	5176464.93060303
78.240465	4562561.01260376
78.2861316666667	5441641.52172852
78.332175	4857923.96499634
78.3765983333333	4809367.95544434
78.42097	4558572.66665649
78.46587	3758645.04928589
78.50938	4131565.39025879
78.5550833333333	4140060.40917969
78.6006583333333	4216731.66702271
78.6452766666667	3708118.99124146
78.690605	4568003.90072632
78.73535	4000971.78768921
78.7801116666667	4431528.70529175
78.8249066666667	3839209.45819092
78.8692016666667	4186484.01269531
78.9140833333333	4194217.31912231
78.958765	3812153.06698608
79.00416	4178403.32891846
79.04913	4235676.83810425
79.0938033333333	4220013.5553894
79.1382416666667	4343987.9105835
79.1827283333333	4792025.39111328
79.228345	4371507.55078125
79.2724783333333	4932532.58041382
79.31679	4375716.25860596
79.3621583333333	5021121.85717773
79.4062083333333	4185447.33145142
79.4498816666667	3942464.99041748
79.4954066666667	4232663.38977051
79.540425	4040437.45074463
79.5855533333333	4411309.3531189
79.6311016666667	4966912.99691772
79.6764466666667	5418068.01702881
79.7217333333333	5215451.21191406
79.767725	5497212.54730225
79.81267	5319742.02139282
79.8577083333333	5048689.56097412
79.9034533333333	5533629.33056641
79.949165	6491761.9230957
79.99404	5741608.33551025
80.03915	7028217.01559448
80.0843016666667	6136546.05859375
80.1287833333333	7659532.14746094
80.1745166666667	7412838.74487305
80.2196983333333	7073226.62878418
80.2653233333333	6914129.42367554
80.310825	6949362.35980225
80.3551283333333	6034733.47729492
80.398735	6204529.54769897
80.4442916666667	6965013.93682861
80.4899783333333	5502817.79504395
80.5347283333333	4541159.18804932
80.5808033333333	4218007.17181396
80.6251466666667	3792718.42977905
80.6705133333333	4659556.30111694
80.7159416666667	4135624.86950684
80.7603966666667	4250756.99719238
80.80475	4430775.30297852
80.8499883333333	4057543.48745728
80.8954716666667	5481954.27844238
80.939005	6330507.10629272
80.9838933333333	6830037.74026489
81.0252283333333	7634431.72747803
81.0697883333333	6489239.7769165
81.1150683333333	5585074.42153931
81.1602783333333	5621447.92678833
81.2063216666667	5157200.46142578
81.2520083333333	6099197.98220825
81.296325	5826984.11355591
81.34018	6524502.40527344
81.385425	5939030.99615479
81.43087	4748448.7064209
81.47605	5110964.1098938
81.5214133333333	5219116.8190918
81.567295	5031244.50939941
81.6128733333333	5578671.65783691
81.65774	5028057.77124023
81.7030566666667	4017680.79159546
81.7482583333333	4999443.29684448
81.7936566666667	4020853.55844116
81.839845	4123830.37744141
81.8857233333333	4048021.28015137
81.9320566666667	4972522.39944458
81.97755	4095596.34234619
82.0219083333333	3939617.49761963
82.0669516666667	4208461.51171875
82.1120116666667	4199411.59750366
82.157285	4167019.78479004
82.202025	3896885.72866821
82.2466033333333	3048002.57922363
82.2896466666667	3926802.97946167
82.334715	4711043.39431763
82.3800066666667	4580245.59957886
82.424505	3233224.45022583
82.4690016666667	3339220.25469971
82.5140833333333	3231088.23538208
82.559315	3150266.84707642
82.60321	3289143.90420532
82.648015	2928844.26531982
82.6924766666667	3519340.98699951
82.73675	3783329.09155273
82.78168	3714890.50222778
82.82658	3811187.45648193
82.8717783333333	4003100.2159729
82.9165783333333	3525278.44711304
82.9603933333333	2776539.41552734
83.0046	3391070.56668091
83.0480883333333	3431936.3600769
83.093365	3879144.32617188
83.1376483333333	3447952.73242188
83.1814716666667	3515733.60647583
83.2243333333333	3937948.07369995
83.26861	3269043.08389282
83.3137866666667	3640442.34765625
83.35869	3209111.79504395
83.4041716666667	3153743.62301636
83.448995	3739523.57058716
83.493575	3675476.51171875
83.538035	3818057.77371216
83.58218	3619654.99456787
83.627395	4114922.18618774
83.6720533333333	3827387.76608276
83.71703	3521725.57559204
83.76181	3313543.45272827
83.80621	3499340.11581421
83.850275	3511461.23422241
83.8938016666667	3889972.61486816
83.937825	3357378.83978271
83.982005	2813916.00732422
84.026805	3159330.33670044
84.070615	2706790.62567139
84.1152233333333	2478603.02519226
84.1593166666667	3047821.70565796
84.20291	3159118.07330322
84.2478116666667	3493189.55096436
84.2927	3768826.90982056
84.3366133333333	3256688.70089722
84.3811533333333	3353900.96459961
84.4252783333333	4433460.24609375
84.4708266666667	4255175.98110962
84.5154	4201908.90423584
84.5613883333333	3584254.26141357
84.6069383333333	3797452.70291138
84.6509166666667	3229655.72418213
84.6952333333333	3725942.11929321
84.739735	3560143.71621704
84.7836166666667	3754251.27709961
84.8276516666667	3284430.24441528
84.8714983333333	3330376.43954468
84.9156766666667	3323220.15524292
84.961035	4011862.10494995
85.005605	3492936.32275391
85.0503166666667	3715878.82711792
85.09366	3690126.46893311
85.1370466666667	3540994.5022583
85.181305	3075453.51809692
85.2253816666667	3720243.54803467
85.2698166666667	3104922.37011719
85.313035	3331812.40652466
85.3579333333333	3830698.20449829
85.4030733333333	3672561.03533936
85.4481666666667	3462293.16540527
85.49295	3208980.86517334
85.5385983333333	3079174.40246582
85.5824816666667	4238660.95263672
85.6263783333333	3433693.90756226
85.6705416666667	3006255.63049316
85.7154333333333	3291555.58303833
85.7568116666667	3555529.25140381
85.8003466666667	2735400.97311401
85.8440183333333	3059917.97341919
85.88962	2707540.44369507
85.93401	2488267.30004883
85.9778916666667	2308794.8754425
86.0226216666667	3250000.47848511
86.06635	2685214.64804077
86.1117733333333	3568675.04724121
86.155465	2612397.95584106
86.199865	3049926.53204346
86.2441	2803432.26654053
86.28771	3163188.41159058
86.3324366666667	2846719.23348999
86.3777816666667	2622414.28935242
86.422675	3199858.35464478
86.4675316666667	3086995.69189453
86.5117466666667	2869292.38522339
86.5564333333333	3674297.21722412
86.6007733333333	3099259.02667236
86.6454816666667	3278122.80767822
86.6901066666667	2692720.89624023
86.7346033333333	3108595.59231567
86.7787	3259720.59295654
86.8226783333333	3420078.04760742
86.8674783333333	2594393.93884277
86.9105816666667	3029718.03683472
86.9544883333333	3573551.37359619
86.9995266666667	3409686.86526489
87.0440283333333	3398691.80728149
87.0876783333333	3158286.64141846
87.13232	3343787.0602417
87.1761666666667	3219321.63024902
87.2197216666667	3980520.33328247
87.2647033333333	2711154.7434082
87.3094966666667	3525377.42822266
87.3539366666667	3716386.46008301
87.3992116666667	4107563.93502808
87.4413933333333	3227342.64074707
87.486485	3485861.434021
87.5298533333333	3153869.16311646
87.5747066666667	3258220.39172363
87.6188333333333	3780598.19650269
87.66234	2997172.71755981
87.7064916666667	3339513.38793945
87.7502633333333	3223956.62490845
87.7952333333333	2766625.28112793
87.8384	3338639.02487183
87.881885	3322675.06030273
87.9268466666667	3557554.91333008
87.97085	3903077.00604248
88.0143783333333	4447788.34655762
88.0579916666667	3368406.7593689
88.1018266666667	4034781.26107788
88.1450333333333	4321844.71237183
88.18959	3537458.6491394
88.233985	3448711.62625122
88.2757216666667	3672634.14605713
88.3190783333333	3400268.93481445
88.3613433333333	3196520.36907959
88.4067883333333	4285948.39324951
88.4485966666667	3222029.40344238
88.4933	3599372.17367554
88.5367333333333	3430127.84036255
88.5801083333333	2847681.31210327
88.6245033333333	3709241.4803772
88.668595	3109954.86450195
88.7129233333333	3521990.94940186
88.7558266666667	3251555.92276001
88.7994666666667	3180140.18408203
88.84418	3006491.29849243
88.8876733333333	3146190.46612549
88.93273	2837784.5475769
88.9773366666667	3792170.53796387
89.0204733333333	3678911.80407715
89.0650916666667	4455056.36526489
89.10882	4984888.45507813
89.1521483333333	3404023.1267395
89.193835	3622887.66766357
89.2372233333333	3061671.09777832
89.279925	2996905.93453979
89.324955	3103880.14303589
89.3673216666667	4243995.75128174
89.41227	5285034.53109741
89.4558133333333	5696775.12579346
89.495675	4818861.94348145
89.53934	6241368.55737305
89.58354	6225151.21520996
89.627045	5070494.21929932
89.66983	5271522.04440308
89.714215	4806733.31491089
89.7585683333333	4710027.72793579
89.8014666666667	4847905.85772705
89.8456766666667	3791494.88015747
89.8893966666667	3922866.67745972
89.9334716666667	4129093.5144043
89.977265	3883134.09906006
90.021805	3553348.00579834
90.065435	3722156.22427368
90.10856	3804051.61672974
90.151955	4779301.17214966
90.19452	3903288.75927734
90.2381666666667	4945152.54837036
90.2812583333333	5518513.92810059
90.324555	5689620.34991455
90.367145	4169297.07391357
90.40827	3962132.96517944
90.45175	4768219.86520386
90.494205	4236418.68835449
90.5379016666667	3920248.44613647
90.58135	4155074.20275879
90.6252216666667	5064594.08044434
90.6704166666667	4088607.79055786
90.7129616666667	4687101.15286255
90.75664	3474827.3253479
90.801055	3772461.98052979
90.8463516666667	3840917.14151001
90.891425	4367831.74969482
90.93514	4291214.45767212
90.9790916666667	4353938.26931763
91.0226816666667	3830031.32766724
91.0670716666667	4722905.77398682
91.10967	3469236.16931152
91.1526366666667	3115904.29650879
91.1959833333333	4072000.93225098
91.2391766666667	5204491.65582275
91.2819316666667	3991427.12316895
91.3244716666667	3302583.00860596
91.368805	3757367.69320679
91.411995	3878220.25170898
91.4541716666667	4913327.76409912
91.4980483333333	3499923.90942383
91.5412716666667	3533109.18371582
91.5864416666667	3651812.6763916
91.63013	3398741.26074219
91.6752333333333	3945974.26190186
91.71935	4037903.2913208
91.7638416666667	3517086.0050354
91.8088566666667	3876250.94342041
91.8542066666667	3674602.98071289
91.89857	4340443.47296143
91.941515	4355673.14556885
91.9865583333333	4026238.16616821
92.0308583333333	4858584.90234375
92.0749633333333	5102076.56985474
92.117945	4068460.48239136
92.1621133333333	4100624.99200439
92.206385	4229592.43008423
92.2480633333333	3864658.8895874
92.291795	3700356.55462646
92.3350533333333	3365142.82489014
92.3792716666667	3743962.69070435
92.4223716666667	3865214.5567627
92.4665266666667	4797363.34936523
92.5109683333333	4392402.55609131
92.5545016666667	3711827.9225769
92.5993016666667	3960452.76773071
92.6429866666667	4944673.44003296
92.6862133333333	5560830.54693604
92.7314116666667	5029297.66137695
92.7761516666667	4265840.40118408
92.81886	4268445.32043457
92.8620516666667	4287865.3347168
92.9070583333333	5132943.4737854
92.950665	5183482.37768555
92.993625	4936592.60705566
93.0368166666667	6352903.55102539
93.079435	4352894.33856201
93.1228266666667	6089162.89874268
93.1632916666667	5399869.39315796
93.2057316666667	5713774.68008423
93.248885	5188356.83389282
93.2913983333333	5162091.15609741
93.335375	5273429.89212036
93.3783083333333	5499955.61523438
93.4210883333333	5045385.49960327
93.46389	5872111.28515625
93.5076216666667	5248367.26806641
93.5507	5534933.6192627
93.5941666666667	5007906.51565552
93.6374416666667	5157154.89682007
93.6805533333333	4726448.41595459
93.7241883333333	5150212.24209595
93.7670716666667	5571776.76119995
93.8114933333333	5123253.77307129
93.852225	5929761.57479858
93.8960133333333	4687906.86459351
93.93945	6025823.79208374
93.9820766666667	5551558.76422119
94.0242766666667	4478103.41116333
94.06597	5303999.3447876
94.1094233333333	4837688.32217407
94.1527683333333	5578377.53753662
94.1969733333333	4968433.50247192
94.241055	6294338.41223145
94.2836	4720373.57977295
94.326725	5109372.22763062
94.3699583333333	6227380.90985107
94.4131416666667	6205304.19573975
94.4548633333333	6385898.7590332
94.49731	5663041.38528442
94.5396133333333	5961917.58599854
94.584085	5420074.57369995
94.6273433333333	5899982.53137207
94.6714483333333	7011964.57940674
94.7151816666667	5802917.88867188
94.75853	6174694.44064331
94.7996916666667	6017832.79415894
94.84172	6136619.04199219
94.8840883333333	6135577.39361572
94.9271966666667	5536114.2756958
94.9690883333333	6884588.36120605
95.01242	6489854.15203857
95.0547716666667	6973344.78778076
95.0977916666667	5453083.65872192
95.142025	7346462.52929688
95.18424	6267235.70898438
95.2276233333333	7378513.99414063
95.269585	7910987.19140625
95.3120466666667	7677498.74371338
95.3522366666667	7606556.46099854
95.3939916666667	7461360.86291504
95.43473	8427030.92340088
95.47919	7697494.07403564
95.5211016666667	8470272.70288086
95.5638133333333	7712736.92108154
95.607995	7293376.50875854
95.65148	9465277.51745605
95.6898983333333	7835281.57299805
95.7321166666667	7271436.52575684
95.77468	9324801.04333496
95.8165133333333	9526704.06787109
95.8571583333333	9058318.06768799
95.8988733333333	10228140.0244141
95.9404733333333	11878968.0778198
95.983405	9571006.8314209
96.0267933333333	9869908.92425537
96.0691266666667	10973998.1608887
96.1112766666667	12034491.187561
96.1549816666667	10194032.2827148
96.197615	9662034.68737793
96.2381516666667	10769441.2428589
96.279975	9865547.4029541
96.3203983333333	10053193.9168091
96.3643883333333	13340488.9419556
96.402995	11765227.3618164
96.445045	12519637.5831299
96.4866233333333	9841059.07373047
96.5295816666667	10513069.4675293
96.5671916666667	9344724.53845215
96.60974	9700118.40795898
96.6531666666667	9262619.46691895
96.6963433333333	11820356.1912231
96.736955	10592376.0230103
96.7777783333333	10006659.2836914
96.81949	10083800.0182495
96.86172	10061788.3552856
96.90469	8793208.64587402
96.946955	9001768.45922852
96.9896366666667	8837387.98724365
97.0329566666667	7615518.3258667
97.0760016666667	6015366.89263916
97.1174583333333	7555009.13769531
97.1603716666667	6650481.24536133
97.201105	6732676.24969482
97.2438066666667	6058258.35876465
97.287755	7662209.88458252
97.3312083333333	6033677.62887573
97.3747883333333	6006156.31530762
97.418415	4985302.77471924
97.4617483333333	5622416.96905518
97.5051933333333	5749190.92553711
97.5472166666667	4869197.79403687
97.5893716666667	4698696.09823608
97.6319983333333	5061175.93554688
97.675725	3851267.9453125
97.71934	4623979.58178711
97.763535	4598408.26080322
97.8078833333333	3707883.87310791
97.853025	3823989.45153809
97.8972016666667	3882426.90405273
97.9410933333333	3938131.62191772
97.985355	4704895.89871216
98.0267066666667	4451709.62112427
98.07086	3110985.12753296
98.1150166666667	3506444.01748657
98.1580083333333	4052525.7399292
98.2016966666667	4089597.72427368
98.2463066666667	3154579.480896
98.290795	3744038.77630615
98.3343733333333	4145997.51873779
98.378855	2837688.95596313
98.4237233333333	3108345.75497437
98.4683916666667	2730743.39405823
98.5123316666667	3439386.58294678
98.5547816666667	3129011.38766479
98.5988733333333	3996232.9006958
98.6445533333333	2805871.82487488
98.6897666666667	2924793.56512451
98.7342583333333	2877149.65768433
98.7786333333333	2232960.0962677
98.8238433333333	2549975.86245728
98.86832	2538411.18273926
98.9124983333333	2185451.92755127
98.9557816666667	2235236.53239441
