RetentionTime	Intensity
0.00529166666666667	4654499.71520996
0.04669	3486664.77597046
0.09105	3544056.78588867
0.135616666666667	2969582.46228027
0.180308333333333	3537168.23730469
0.225826666666667	3337905.07769775
0.271693333333333	2668144.08236694
0.317635	2902205.01934814
0.364306666666667	2956879.04812622
0.410758333333333	2452489.83892822
0.457015	2322426.46838379
0.503635	2260500.29901123
0.550018333333333	2148230.78656006
0.59672	2242916.65267944
0.643135	2368985.0579834
0.689908333333333	2542506.85507202
0.736918333333333	2437573.36010742
0.783323333333333	1874407.82092285
0.830016666666667	2030946.20098877
0.877146666666667	1977909.59970093
0.923438333333333	1721997.81796265
0.968968333333333	1828424.53936768
1.015315	1769725.10882568
1.05788666666667	1949853.0144043
1.10254333333333	1794860.60061646
1.14645166666667	1631198.22366333
1.19182666666667	1712018.81869507
1.236605	1703104.94134521
1.28196833333333	1701879.88519287
1.32872	1669756.08013916
1.37539333333333	1700061.17407227
1.42054333333333	1792717.50933838
1.46630666666667	1711904.59603882
1.51277333333333	1603433.94537354
1.55891333333333	1777240.32336426
1.60458666666667	1587191.93984985
1.65069	1514611.23535156
1.69717333333333	1671966.44021606
1.74492666666667	1738085.12387085
1.79101666666667	1675329.99572754
1.83672333333333	1927577.50332642
1.88366166666667	2084563.09671021
1.930375	1914416.1239624
1.97653	1734014.45611572
2.02261666666667	1802797.25769043
2.06435833333333	1755440.28713989
2.10971333333333	1768211.65280151
2.1549	1810129.77310181
2.200315	1958394.11325073
2.24537166666667	1639859.50933838
2.29226166666667	1705708.77276611
2.33866333333333	1569141.64242554
2.38401666666667	1651699.54302979
2.42968	1757117.03503418
2.47648	1739973.94857788
2.52231833333333	2200567.93869019
2.56872	1795450.85870361
2.61520333333333	1927640.12115479
2.66090833333333	1643826.07443237
2.70731166666667	1726814.81906128
2.75400833333333	1726827.75619507
2.80047333333333	1674886.85421753
2.846405	1989767.47207642
2.89283333333333	1825023.81048584
2.939085	1830116.21936035
2.98451	1854322.11700439
3.03015	1599282.28842163
3.07275833333333	1804241.37207031
3.11777166666667	1842439.3182373
3.16301833333333	1768020.69204712
3.20881333333333	1861274.36627197
3.25372333333333	2073002.29611206
3.29962666666667	1848837.44104004
3.34556	1769774.79312134
3.39101666666667	1736168.8651123
3.43623	1958700.59121704
3.483335	1604089.16906738
3.52891333333333	1696968.50769043
3.575675	1908538.57211304
3.62329666666667	1724283.07434082
3.66897166666667	1832334.17553711
3.71466166666667	1731435.23345947
3.76225833333333	1496324.59408569
3.80842166666667	1767923.49252319
3.854465	2010807.8444519
3.90122	1657113.597229
3.947855	1779953.64923096
3.99385833333333	1870161.35491943
4.03967333333333	1734699.14074707
4.08254666666667	1722623.23876953
4.12688166666667	1763928.07983398
4.17082333333333	1654045.71124268
4.2158	1773146.91558838
4.26099666666667	1732317.23806763
4.30675166666667	1584855.97009277
4.35303833333333	1832699.03424072
4.398365	1524435.92562866
4.444225	1593393.09921265
4.491175	1829014.63336182
4.53703333333333	1584041.13171387
4.58343833333333	1598138.74868774
4.62956166666667	1649157.93066406
4.67589833333333	1535599.33322144
4.72196833333333	1558741.19049072
4.76869	1676275.87481689
4.81476333333333	2535309.83059692
4.86192666666667	1796619.30935669
4.90844833333333	1683962.8722229
4.95472166666667	1785231.40155029
5.00050833333333	1420604.63812256
5.046825	1576047.93569946
5.090475	1613707.55072021
5.13562666666667	1716724.86724854
5.18109	1536757.93359375
5.22695166666667	1717265.80273438
5.27158833333333	1525567.14044189
5.31726333333333	1473949.41021729
5.363765	1433394.2845459
5.41011833333333	1657914.55438232
5.455115	1667650.61624146
5.501215	1976037.86816406
5.54572166666667	1808732.32263184
5.59218166666667	1545411.41049194
5.63788833333333	1862592.52243042
5.68339666666667	1654552.16049194
5.72869833333333	1468860.71728516
5.77457333333333	2111291.28945923
5.82060333333333	1484363.68536377
5.854775	1656851.05712891
5.90097666666667	1615514.00646973
5.947505	1575272.33093262
5.99458166666667	1920204.98275757
6.04127333333333	1645836.91262817
6.08683833333333	1608815.37033081
6.12956166666667	1414239.7661438
6.17517166666667	1663204.90087891
6.22050333333333	1489079.7326355
6.26548	1509194.73907471
6.31091833333333	1524983.59933472
6.35647666666667	1435157.75891113
6.40255666666667	1538645.92449951
6.44829	1647676.29177856
6.49381666666667	1501811.99432373
6.54036666666667	1535092.54943848
6.58627	1354822.775177
6.63158333333333	1909095.60671997
6.67721666666667	1750621.08248901
6.72354666666667	1816778.89117432
6.768335	1673564.64819336
6.813875	1670639.862854
6.85983166666667	1695646.1399231
6.90659	1823368.09680176
6.95345666666667	1579511.38284302
6.999105	1732836.60440063
7.046225	1698535.15048218
7.09245666666667	1814062.99542236
7.13668333333333	1676162.01605225
7.18338166666667	1568040.57473755
7.22991166666667	1530426.65237427
7.276375	1594591.44512939
7.32191333333333	1851633.92242432
7.36781166666667	1540144.1583252
7.41251333333333	1518323.65563965
7.45905166666667	1750283.95266724
7.50500333333333	1573051.00863647
7.55059	1572337.09060669
7.59669333333333	1482517.3520813
7.64225333333333	1464363.31936646
7.68858666666667	1794827.34701538
7.73500333333333	1465723.15625
7.781035	1667626.27355957
7.827755	1467072.33084106
7.87431333333333	1372655.22918701
7.91994666666667	1534885.30426025
7.96632166666667	1541336.38342285
8.01199666666667	1591090.85974121
8.05819	1757235.51968384
8.105115	1423255.39215088
8.149005	1840638.33306885
8.19542	1526728.13275146
8.24106666666667	1724356.09591675
8.28753166666667	1580088.80743408
8.3327	1918500.80303955
8.37836333333333	2191611.54086304
8.42379166666667	2134845.69909668
8.470595	2936940.38574219
8.51742333333333	4147277.71868896
8.56440166666667	7808139.72790527
8.61091	11254995.8892212
8.65762166666667	13589107.0859985
8.70305666666667	17924746.3208008
8.748275	19875847.9158936
8.79289333333333	23197005.4799805
8.838195	26274721.0511475
8.88221833333333	28375754.746582
8.925075	27862299.8133545
8.97345333333333	31080539.7884521
9.01538666666667	34182894.4206543
9.061665	36169750.5534668
9.100685	41244524.2739258
9.146465	59281063.0900879
9.18398	64276017.7250977
9.23277	74669598.9892578
9.27508166666667	82171981.90625
9.317285	91254491.2060547
9.35614666666667	125981468.433105
9.39540333333333	126096975.449219
9.43872333333333	135431633.071289
9.48326	158603944.280762
9.51864166666667	160733004.12207
9.56251	177944054.3125
9.602615	162244305.019043
9.63914333333333	147471910.948242
9.67432333333333	162991066.993164
9.711615	146056372.587891
9.74746166666667	171126471.736816
9.78764666666667	143872583.54541
9.82722166666667	178985231.321289
9.86453333333333	152960597.491211
9.89928	140229103.093262
9.93923166666667	127314694.257813
9.97345166666667	148492998.958984
10.0099716666667	153877514.276367
10.0460566666667	149102781.03418
10.0764466666667	160943245.618164
10.113655	160757134.151367
10.14976	171696460.769531
10.191455	209146799.729492
10.224005	245315896.069336
10.26481	326142664.37793
10.300195	370902964.318359
10.3349033333333	372335703.751953
10.3745866666667	478563844.060547
10.407425	444899281.445313
10.441055	518947091.050781
10.47789	458612159.296875
10.51241	451021810.796875
10.5476183333333	435287546.660156
10.5797766666667	496945242.640625
10.6147616666667	485064408.976563
10.647735	451239920.804688
10.6825133333333	545535153.982422
10.71487	586443768.419922
10.75138	616553346.679688
10.7864	607917732.611328
10.820525	637330737.033203
10.8532533333333	637746962.601563
10.8889883333333	556504195.8125
10.9236283333333	627700339.748047
10.957195	638016992.705078
10.9903916666667	742971907.253906
11.0244266666667	875599469.769531
11.0554633333333	907931284.300781
11.0875766666667	885867948.251953
11.11976	867830643.693359
11.15643	830357364.761719
11.191135	891858099.464844
11.2232066666667	794036060.998047
11.2542633333333	856723934.109375
11.2864866666667	813749870.310547
11.3186983333333	913243913.205078
11.3510733333333	927455063.660156
11.38444	1075436004.27734
11.4171	1186469063.1875
11.4500416666667	1405544520.59375
11.4856733333333	1587198757.5625
11.5216683333333	1712400587.03516
11.5542233333333	1986478442.70313
11.5860566666667	1735832031.84375
11.6205233333333	1578214826.85156
11.654995	1253138649.53516
11.6893483333333	1150542540.07813
11.7223483333333	1187763993.48438
11.756775	1079304170.44922
11.7892116666667	947364370.195313
11.8219983333333	844733378.277344
11.8568433333333	857695269.949219
11.89105	969372276.492188
11.9236433333333	942080449.53125
11.9552083333333	958383929.300781
11.9884016666667	1118242974.95313
12.021275	974181112.644531
12.0543166666667	939943963.066406
12.086865	1104348526.94141
12.118985	1212198254.65234
12.1518033333333	1126209710.13672
12.18337	1111671989.27734
12.2170033333333	1215408540.83594
12.2494516666667	1418646929.36719
12.2813666666667	1241763484.12109
12.3147083333333	1283973359.64453
12.3462633333333	1397747975.70703
12.379165	1333397379.22656
12.4120983333333	1306726326.43359
12.4451733333333	1266398198.53516
12.48126	1270365490.42969
12.5194766666667	1482044342.28516
12.5550433333333	1582174926.0625
12.5889633333333	1713203388.21875
12.6192933333333	1724422737.33594
12.6522133333333	1796088085.69141
12.6855916666667	1936295580.84375
12.7189833333333	1948074496.89844
12.7505766666667	2025569751.25
12.781175	2128282258.42188
12.8114383333333	2078261506.58594
12.8433616666667	2367384989.03125
12.8763966666667	2524236761.85938
12.9077083333333	2613400457.85156
12.9392766666667	2697506851.39844
12.9711866666667	2432068089.74219
13.0029216666667	2655955333.40625
13.0352133333333	2780237993.84375
13.067825	2666967536.5
13.1011416666667	2748773539.90625
13.1331266666667	2464980211.73438
13.1672183333333	2786329253.28125
13.19801	2321653796.14844
13.2307416666667	2388706407.70313
13.26629	2391735761
13.2998083333333	2525827822.625
13.3319966666667	2522589462.50781
13.363285	2680448605.45313
13.395285	2495243086.28125
13.4260883333333	2914836823.24219
13.4569366666667	3074883758.49219
13.4884466666667	2750384951.57813
13.5200516666667	2818552736.73438
13.5518866666667	2584822652.84375
13.5844166666667	2497581327.80469
13.61709	2479952309.69531
13.6498283333333	2361212611.1875
13.6833166666667	2289673710.74219
13.7154816666667	2151698024.30469
13.7476016666667	1995466845.64453
13.7792533333333	2150449434.64063
13.81071	2066529309.74219
13.8435033333333	2130890239.25781
13.87537	2205124811.15625
13.9063133333333	1954692282.60938
13.936735	1960229706.12109
13.9687033333333	1825173494.76563
14.00162	1895299765.35156
14.033675	1847339985.78125
14.0649033333333	1856570532.17188
14.09658	1812687833.95313
14.12701	1964187924.64063
14.1573333333333	1816359533.71094
14.188705	1789723316.16406
14.22039	2192078408.03125
14.2514366666667	1950442625.21875
14.2832383333333	2050353781.35938
14.3141866666667	2345479465.625
14.3459166666667	2391508289.875
14.3766483333333	2648825008.42188
14.40652	2648852613.10938
14.4377033333333	2581396886.30469
14.469125	2588524657.86719
14.501225	2488512628.77344
14.5337033333333	2523602493
14.5663983333333	2355931052.28906
14.59864	2714607522.1875
14.6305516666667	2329975772.67969
14.6639483333333	2400208616.58594
14.6955483333333	2731594608.00781
14.7264883333333	2613747761.6875
14.7587983333333	2579776910.34375
14.7925083333333	2612420533.60938
14.824015	2564668770.40625
14.856385	2465724960.47656
14.8891483333333	2504241289.03906
14.9196983333333	2545732064.74219
14.9521633333333	2324786604.6875
14.9840283333333	2483888066.0625
15.0165166666667	2033227463.21484
15.0489833333333	2006174709.11328
15.0816266666667	1939084148.625
15.1133433333333	2022990900.77344
15.1462116666667	2144066811.92969
15.1793816666667	2078751078.27344
15.2119066666667	1977305984.83594
15.24271	2218669196.79688
15.2760816666667	2101071361.44531
15.3084016666667	2125231408.75
15.3404966666667	1911979970.29688
15.3728083333333	2215264908.64063
15.4034933333333	1777231906.01563
15.437505	2052978008.46094
15.46911	1961695361.59375
15.50088	2009132562.98438
15.53418	2062151495.03906
15.5668816666667	1998110442.69531
15.598205	1960243096.0625
15.63255	2242056921.07031
15.6647516666667	2236331075.3125
15.697385	2325783280.16406
15.730465	2270074775.57031
15.7637016666667	1870540753.96875
15.7973666666667	2195210405.07813
15.8314616666667	2201825923.79688
15.8642383333333	1762813266.50781
15.8958383333333	2069788537.32031
15.92751	1995169131.95313
15.9606183333333	2046565745.53906
15.9925583333333	2025412144.88281
16.026055	2144414350.73438
16.0568833333333	2246642457.55469
16.0879483333333	2197430585.64063
16.1197533333333	2232115478.98438
16.15206	2417381147.84375
16.1832266666667	2385468165.6875
16.2141916666667	2466308958.52344
16.24617	2381256273.17969
16.277745	2566418231.70313
16.3087966666667	2688667832.36719
16.3397566666667	2786520798.6875
16.37249	2868278636.15625
16.4043416666667	2811400150.61719
16.43576	3107529416.625
16.4664333333333	3015729303.3125
16.4977816666667	3104775640.57813
16.52981	3219979883.24219
16.5621466666667	3167086809.89844
16.5952216666667	2933385946.60156
16.6263	2861321720.03125
16.6588216666667	2672084274.13281
16.6910866666667	2251747681.36719
16.7231966666667	2655301548.26563
16.7540283333333	2346604091.74219
16.7850483333333	2344627564.95313
16.81709	2217972980.5
16.84878	2282003105.88281
16.88027	2020840194.46875
16.911275	2006086656.07031
16.9431633333333	2046821407.82031
16.9743983333333	2230242698.74219
17.0056116666667	1908727769.04688
17.037275	2016500616.10156
17.0696216666667	2040600943.8125
17.1016016666667	2090941372.85156
17.1318433333333	2223122790.25781
17.1625283333333	2296932880.6875
17.1941033333333	2122710069.60938
17.2264916666667	2244451426.36719
17.2584333333333	2298159869.25781
17.2890566666667	2193391741.14063
17.320625	2411947360.14844
17.352705	2353296313.32031
17.3840233333333	2305218072.9375
17.415745	2154408010.51563
17.4465733333333	2333249808.99219
17.4781866666667	2328959106.52344
17.5098466666667	2302617664.66406
17.54169	2339520301.4375
17.57326	2350597719.60938
17.6048866666667	2459286969.05469
17.6352416666667	2463167190.95313
17.6671916666667	2542881030.53906
17.6990266666667	2402177254.33594
17.7324	2607612752.1875
17.7643633333333	2653343356.51563
17.7971766666667	2613718107.30469
17.8298983333333	2481586367.64844
17.86209	2314579947.05469
17.8931133333333	2352513249.52344
17.924525	2454775171.26563
17.9554566666667	2607675944.32813
17.9870766666667	2272133300.26563
18.0183566666667	2399064532.94531
18.04961	2798210232.15625
18.0808816666667	2714008613.86719
18.1108733333333	2879594814.78125
18.142365	2872748788.74219
18.1741083333333	3149533021.77344
18.2067833333333	3133897042.75781
18.237455	3196854206.11719
18.2699183333333	3219694515.83594
18.3014383333333	2533035907.51563
18.3329183333333	3149029959.59375
18.3639866666667	2857489939.72656
18.3958383333333	2786393133.57031
18.4272783333333	2444702088.1875
18.4586716666667	2693826569.00781
18.489465	2475704064.10156
18.52038	2220619143.91406
18.5521383333333	2219652712.04688
18.583895	2407223160.78125
18.6162	2085516573.53125
18.6476333333333	2286751692.61719
18.6803483333333	2419648826.86719
18.7122033333333	2354965239.85938
18.74328	2241573492.125
18.7768833333333	2392056193.21094
18.8086616666667	2524695961.21875
18.838865	2753268519.83594
18.8685683333333	2463379177.67969
18.9009883333333	2747928853.30469
18.9310183333333	3021213147.21875
18.9629733333333	2900796946.59375
18.99368	2672360872.69531
19.026025	2722978038.4375
19.0584733333333	2774305405.50781
19.0901616666667	2474237151.17188
19.1226133333333	2384202931.40625
19.1548616666667	2553846565.33594
19.1871616666667	2588877992.42188
19.2186133333333	2412655793.19531
19.24934	2332679850.86719
19.2802316666667	2368977614.15625
19.311285	2350306014.30469
19.3424066666667	2258627026.14844
19.373895	2242688214.38281
19.4048366666667	2134409481.14063
19.436055	2392304568.75
19.4669383333333	2054127422.71094
19.49973	2108681366.35938
19.5314283333333	1974055169.67188
19.5627833333333	2099637627.46094
19.5945083333333	2205874437.47656
19.62593	1930827599.53125
19.6587433333333	2088610032.05469
19.6905366666667	2240534762.22656
19.722565	2124362940.01563
19.753875	2081232886.71875
19.78486	2322849032.42188
19.8152883333333	2303144071.84375
19.8470983333333	2449281313.375
19.8795683333333	2349966750.91406
19.91172	2430635222.60938
19.94259	2650021751.84375
19.9743	2449419775.75781
20.0067816666667	2645830168.46875
20.0377233333333	2426134555.35938
20.0690483333333	2466714620.57031
20.1019966666667	2654175290.27344
20.1342466666667	2586788966.26563
20.1661633333333	2812951156.35938
20.1981383333333	2799661056.57813
20.2294233333333	2828967709.78906
20.2603683333333	2660628441.23438
20.2915833333333	2846277635.1875
20.3222066666667	2949243999.13281
20.3527216666667	2904917867.02344
20.383955	2345458656.875
20.4148866666667	2665854776.72656
20.4459166666667	2577845308.30469
20.4774983333333	2731107654.82813
20.50969	2440944927.73438
20.5410866666667	2523068965.97656
20.572545	2350937844.21094
20.6036083333333	2248654979.07031
20.6355516666667	2415389231.32813
20.6677383333333	2189197447.60938
20.6995816666667	2510717106.98438
20.73056	2467805846.65625
20.7623183333333	2506315350.75781
20.7946766666667	2460828032.11719
20.8256566666667	2571130029.3125
20.85769	2745386282.14844
20.8896816666667	2688926233.73438
20.9216766666667	2741615000.65625
20.9528016666667	2837300136.04688
20.9845683333333	2667787962.66406
21.016345	2873492533.50781
21.04736	2817605258.32813
21.07934	2755184185.23438
21.1100516666667	2759911934.73438
21.141165	2762488487.67188
21.173515	2912663306.19531
21.2052333333333	2833835752.46875
21.237485	2838850235.53125
21.26925	2588616313.60938
21.30258	2656830185.61719
21.3340183333333	2589131124.52344
21.3648283333333	2398248124.23438
21.3969483333333	2292494574.28125
21.429515	2562746672.02344
21.4605083333333	2462101556.39844
21.4922933333333	2423112192.60938
21.5238566666667	2520748154.26563
21.55585	2471667340.26563
21.5868516666667	2520330944.8125
21.6189416666667	2337978910.32031
21.6507266666667	2479703752.07813
21.6810716666667	2438138850.32031
21.7130883333333	2401612098.76563
21.7452983333333	2452631997.17188
21.7773516666667	2311264744.46094
21.8074233333333	2258630850.78125
21.83718	2363624384.00781
21.86703	2270560433.39844
21.8976316666667	2348510278.29688
21.92893	2493454249.27344
21.9610883333333	2212993797.35938
21.9914466666667	2434769752.65625
22.0217433333333	2526716079.60938
22.05254	2408886868.38281
22.0832416666667	2684985963.52344
22.1134966666667	2642731076.625
22.1446883333333	2731028808.60156
22.1762266666667	2732214939.46094
22.2068016666667	2915623656.00781
22.2384816666667	3048504101.04688
22.2685533333333	2700875643.25781
22.2991283333333	2909190473.22656
22.3310033333333	2725065914.11719
22.36305	2994506071.49219
22.3955016666667	3116532752.50781
22.42645	2792824735.8125
22.4586816666667	2833325024.42969
22.4904116666667	2815548105.21094
22.5213383333333	2710604685.07031
22.5532066666667	2842119556.49219
22.5850083333333	2729813955.07813
22.6175766666667	2621306487.14844
22.6491266666667	2689015621.23438
22.6812633333333	2986518247.85938
22.7129333333333	2578519299.11719
22.7465033333333	2709295548
22.779805	2821374877.46094
22.810805	2814176784.39063
22.8417	3043610505.03906
22.873005	2815827263.21094
22.9045316666667	3087903539.03906
22.9349483333333	3214048989.75781
22.966675	2938880804.19531
22.99795	3487738856.61719
23.028265	3499148420.77344
23.0604983333333	3306647754.71875
23.0912733333333	3114186068.52344
23.1232383333333	2948415253.32813
23.1559866666667	3297046347.32031
23.1881516666667	3002844426.17969
23.2187333333333	3322698816.35156
23.2498183333333	3411725462.63281
23.2807933333333	2879727628.42188
23.3125	3272546114.57031
23.343965	3164150971.14063
23.3751466666667	2995382951.96094
23.4067833333333	3043158120.61719
23.4377066666667	2782583236
23.4690416666667	2956209542.83594
23.5007083333333	2906311260.51563
23.531815	2666782118.25
23.563045	3069924011.38281
23.5943783333333	2774525658.53125
23.62555	2883118745.08594
23.657265	2711087941.63281
23.68842	2712972695.96875
23.7195216666667	2794282147.35938
23.75089	2699640917.70313
23.7827616666667	2884558971.70313
23.8142683333333	2720940085.71875
23.8454116666667	2507975953.05469
23.8776166666667	2602885949.79688
23.9087283333333	2609767383.61719
23.940385	2902056486.88281
23.972005	2633718055.14844
24.0048616666667	2744555919.91406
24.0370983333333	2521025525.19531
24.070095	2736799273.05469
24.101445	2509271029.36719
24.13354	2641105623.03125
24.1647416666667	2878939847.21875
24.197345	2661319792.96094
24.2291783333333	2615532848.86719
24.2607966666667	3012199252.39844
24.2939283333333	3060207047.38281
24.32572	3027177405.74219
24.3555883333333	2946085248.99219
24.3871383333333	2967359512.03125
24.4191116666667	2942626986.9375
24.450045	2856939341.74219
24.482635	2975639823.67188
24.5151933333333	2956180626.07031
24.5470916666667	2807726886.13281
24.5790783333333	2708498963.13281
24.6101633333333	2850990611.16406
24.6424366666667	2715045033.52344
24.674595	2771042374.64063
24.7057316666667	2852719130.35938
24.73641	2659872389.40625
24.7674733333333	2717400622.92188
24.79936	2870870551.83594
24.8300433333333	2918622909.88281
24.8620683333333	2727483319.53906
24.8930566666667	2950474428.21094
24.9242566666667	2667392522.28125
24.9549883333333	2911175230.375
24.9865383333333	2706816108.55469
25.01772	2818275418.03906
25.04963	2963774596.95313
25.0817183333333	2912902579.76563
25.1133833333333	2744620792.65625
25.1450016666667	2713679985.875
25.17669	2807384521.26563
25.208695	2746026722.61719
25.2401516666667	2887435808.57813
25.2717366666667	2749420231.75781
25.30331	2633295710.625
25.33375	2836058119.19531
25.3657616666667	2806429324.00781
25.3971783333333	2825732174.77344
25.4293766666667	2700749724.9375
25.4611166666667	2606614250.92188
25.49402	2742948117.36719
25.5249383333333	2372403626.05469
25.5571466666667	2732543258.21094
25.5886766666667	2563824654.71094
25.6207683333333	2674940348.48438
25.65065	2975553995.60156
25.6828633333333	2962907270.50781
25.7150516666667	2804829446.42188
25.7459133333333	2801908485.54688
25.7775383333333	2769446471.3125
25.8103083333333	2970675543.95313
25.8436633333333	2782763988.85938
25.874215	2645371623.27344
25.904745	2943097585.21875
25.935755	2920372639.65625
25.9663233333333	2933341411.42188
25.998385	2949054026.96875
26.0299166666667	2788421129.28906
26.0623683333333	2796977322.38281
26.0943166666667	2632352616.75
26.1259433333333	2776144193.72656
26.1570483333333	2694399848.66406
26.1881783333333	2834764529.35156
26.2205166666667	2713876755.29688
26.2521283333333	2825786889.02344
26.2835883333333	2448194582.34375
26.3160283333333	2647485651.53906
26.34845	2407169163.00781
26.3802983333333	2588650981.21875
26.41065	2557144376.89063
26.4426433333333	2494306793.36719
26.4745033333333	2609348770.13281
26.506675	2697916097.86719
26.5376766666667	2651774619.4375
26.5679316666667	2409712852.17188
26.5990716666667	2599521425.90625
26.63104	2459528812.625
26.6634833333333	2573308611.70313
26.694875	2347642170.22656
26.7262133333333	2598394436.28906
26.7585266666667	2469902599.35938
26.7907266666667	2586440199.94531
26.8218516666667	2493831257.82031
26.8537	2492873157.72656
26.8848533333333	2875731728.17188
26.9164583333333	2627125265.89063
26.9472983333333	2876904062.77344
26.97903	2689320535.69531
27.0101166666667	2659266218.10156
27.0409066666667	2921408250.64063
27.07304	2884791655.03125
27.1050383333333	3052060896.21094
27.1352816666667	3024984979.10156
27.1669916666667	3008823669.4375
27.1992033333333	3025885211.59375
27.2299233333333	3175412844.01563
27.2613333333333	3217900360.42969
27.292255	3090153052.32031
27.3226683333333	3151145225.45313
27.35396	2983956659.89844
27.384125	3201135774.98438
27.4162283333333	3189087815.51563
27.44793	3274664592.07813
27.4788516666667	3400035754.16406
27.511565	3396640630.60156
27.5426366666667	3342173856.96094
27.573525	3548124753.15625
27.6049583333333	3471901805.28906
27.6358383333333	3635830381.23438
27.6666466666667	3494281048.21094
27.6995933333333	3498114242.73438
27.732735	3625049224.60938
27.76531	3829466542.83594
27.7986616666667	3884082038.29688
27.8316083333333	3747479483.09375
27.8627583333333	3992487125.21094
27.8939516666667	3840491967.85156
27.9270633333333	4187477802.14844
27.95861	4289146384.76563
27.990715	4120957943.51563
28.0227933333333	4055479365.63281
28.0540566666667	4012652726.65625
28.0864916666667	4094589589.94531
28.1183316666667	4165396791
28.1498616666667	3936652963.48438
28.18261	4240535479.89063
28.212805	4419150904.10938
28.2451383333333	4119576946.51563
28.27706	4054713205.69531
28.309465	4031579693.10156
28.3420133333333	3874019802.11719
28.3748	3908165335.07031
28.4067283333333	3650455664.78125
28.4387866666667	3679119553.47656
28.4707833333333	3648468912.76563
28.5029266666667	3564163083.32031
28.5341733333333	3566102741.60156
28.56666	3396690904.46875
28.5998833333333	3331926858.29688
28.6339216666667	3286510842.46875
28.6656066666667	3460461627.19531
28.69973	3534005224.25781
28.73259	3822665097.09375
28.76606	3342481310.28125
28.79943	3229862378.96875
28.8317066666667	3579085220.19531
28.8636733333333	3193870957.84375
28.8952266666667	3249362915.6875
28.928295	3247831085.25
28.96063	3119342162.23438
28.9924583333333	3241840290.03906
29.02468	3052583505.74219
29.0571933333333	3105106392.24219
29.0897383333333	3131085378.52344
29.1212433333333	3097532451.41406
29.1541933333333	3282334434.65625
29.1855766666667	3178550388.79688
29.218315	3020073306.29688
29.2506416666667	3006136086.625
29.283005	3386491714.64844
29.31354	3389910116.71094
29.3452016666667	3187264334.82031
29.3763733333333	3512139274.30469
29.4078833333333	3555487391.97656
29.439875	3302708880.92969
29.4702333333333	3311683477.97656
29.5007683333333	3372963103.15625
29.5315683333333	3457378497.80469
29.5633633333333	3574865731.38281
29.5948566666667	3584817881.89844
29.6255516666667	3641597597.4375
29.657295	3767995707.07813
29.6884066666667	3770034605.9375
29.7197283333333	3762699617.53906
29.7508316666667	3866101720.3125
29.7820066666667	4096992393.32031
29.8134166666667	4108437429.40625
29.8442666666667	4101501339.42188
29.8768266666667	4148050839.5625
29.9081833333333	4311164794.10156
29.9398716666667	4459236138.375
29.97237	4184168821.46875
30.00648	4652245162.75
30.0373833333333	4326050432.77344
30.0688066666667	4382576917.78906
30.100525	4473528462.48438
30.132605	4440781109.79688
30.1647366666667	4821657201.76563
30.1975366666667	4750785494.42969
30.2298966666667	5111634853.01563
30.262255	5402363978.39063
30.2951466666667	5593991310.67188
30.3267433333333	5430806072.1875
30.3584233333333	5375280653.8125
30.3896016666667	5458752240.96875
30.42158	5604448574.14063
30.4545466666667	5337516216.10938
30.4859466666667	5643018800.70313
30.5177083333333	5446017791.01563
30.54986	5172619454.07813
30.5819383333333	5231009635.4375
30.61343	4780112034.76563
30.6453816666667	5088110451.82813
30.6772366666667	4484585618.26563
30.70919	4649588931.73438
30.74164	4645656614.29688
30.7734216666667	4600728473.83594
30.8049466666667	4338613663.52344
30.8363216666667	4386378049.84375
30.8677016666667	4300622405.66406
30.8991583333333	4286739871.14063
30.9311766666667	4259583627.625
30.9641033333333	4389673521.875
30.9956816666667	4618592954.63281
31.0279616666667	4644482232.9375
31.0602	4482307354.64844
31.0910316666667	4782025458.92188
31.122135	5052912048.16406
31.1529433333333	5267039087.67188
31.18436	5120589390.49219
31.2159366666667	4683972162.03125
31.2476966666667	5037440208.23438
31.2786933333333	4779213036.125
31.3096716666667	4996028560.94531
31.34034	5001173157.89063
31.3710733333333	4298402360.57813
31.40345	4177844779.78906
31.434685	4009474164.67969
31.466075	3909975823.25
31.4967583333333	3853852742.03125
31.5290016666667	3878489032.60938
31.5617383333333	3479182844.78125
31.5936	3594530395.5625
31.6248133333333	3531757254.34375
31.6557	3495340147.94531
31.6885916666667	3515936896.53906
31.7210883333333	3622132987.33594
31.7528416666667	3713752838.19531
31.78547	3789753437.71875
31.8173866666667	3889980628.92188
31.8500116666667	3769627440.17969
31.8820216666667	3832186009.25781
31.9143833333333	3698341621.96875
31.9466433333333	3880489877.51563
31.978785	3992280357.00781
32.0096733333333	3881443400.91406
32.0420216666667	3988321229.35156
32.07488	3994089992.92188
32.10809	4203616312.29688
32.1393016666667	4165963490.32813
32.1713	4205553997.78125
32.2038333333333	3791089423.97656
32.2358766666667	3810598159.13281
32.2684483333333	3898998309.11719
32.3007383333333	3613986587.35156
32.3338016666667	3492179124.65625
32.3668816666667	3604152453.25781
32.40151	3246904765.85938
32.434705	3541690327.65625
32.4683933333333	3581544792.57031
32.50103	3703055892.55469
32.5336533333333	3652734100.96875
32.5655916666667	3903414867.71094
32.59713	3686620893.57813
32.62952	3639348368.67188
32.66084	3795449518.01563
32.692885	3914242321.52344
32.7246816666667	3947868784.38281
32.756155	4353872383.60938
32.787765	4327224136.39844
32.819895	4238888121.57031
32.8519316666667	4067047579.15625
32.8846516666667	4346852409.82813
32.916005	4498983886.91406
32.9481766666667	4168810253.57031
32.9808916666667	4455174225.19531
33.01352	4153385712.3125
33.0456033333333	4393219324.375
33.07801	4340659918.78906
33.1115683333333	3987360704.90625
33.1430383333333	3770822374.02344
33.1739283333333	3926533183.09375
33.205955	3477128163.92188
33.2382433333333	3822398196.70313
33.2700433333333	3601250525.47656
33.3009766666667	3793596128.36719
33.3325566666667	4022326754.80469
33.3640016666667	4089054444.60938
33.3961166666667	3869186482.88281
33.42805	4111804805.4375
33.4605766666667	4158853726.57813
33.49297	4167118884.30469
33.52508	4016576910.54688
33.5574716666667	3908337595.375
33.5902883333333	3801749249.86719
33.6221133333333	4061772838.10938
33.6532083333333	4035114483.86719
33.68471	3415861493.22656
33.7173883333333	4030742438.44531
33.74878	4275589004.28906
33.7798533333333	4051052888.26563
33.8122316666667	4255041707.47656
33.8441083333333	4220369895
33.8756533333333	4169000433.40625
33.9071916666667	3884449795.01563
33.9398283333333	3884375602.94531
33.9724916666667	4204938073.28125
34.00569	4161123586.65625
34.03781	4624166131.02344
34.0701366666667	4656485934.22656
34.1014133333333	4742327858.40625
34.1329633333333	4861803642.125
34.1650966666667	4634899186.57813
34.19629	4629441725.70313
34.2284466666667	4694570657.875
34.2605066666667	4434953676.22656
34.292455	4291072039.625
34.3258716666667	4612379223.49219
34.3579	4268128589.95313
34.3903616666667	4067900220.92188
34.4216116666667	4159934326.49219
34.4543366666667	4184777027.86719
34.4865366666667	4162355124.89063
34.5179466666667	4422224565.92969
34.549005	4161152472.46094
34.5813716666667	4032780362.375
34.61397	3502555241.49219
34.6457466666667	3749917005.96875
34.67747	3857788312.64844
34.70925	3625139950.57031
34.7404133333333	3591088164.96094
34.77247	3769867012.01563
34.804335	3613131657.02344
34.8357666666667	3685338310.6875
34.8678083333333	3713754288.55469
34.89987	3914604653.97656
34.93311	3694544551.28125
34.965915	3781771576.60938
34.9980816666667	3799511256.30469
35.0307866666667	4012587229.14844
35.0627716666667	4224106433.07813
35.09443	3957765939.28125
35.12633	4327756019.42188
35.1572783333333	4426141145.21875
35.1894733333333	4434066539.55469
35.2201716666667	4393485028.33594
35.25222	4767079980.67188
35.2827883333333	5345380723.54688
35.3145266666667	5088267603.6875
35.3458216666667	5460771893.6875
35.37705	5405360003.41406
35.4084866666667	5310316109.85938
35.4410466666667	5500464413.40625
35.4738383333333	5851824645.39063
35.5054183333333	5842589433.17188
35.53707	5410809749.35938
35.5692083333333	5410926680.07813
35.6024216666667	5424549337.09375
35.63432	5067372633.01563
35.6663083333333	4621431873.60938
35.69909	4744787917.10938
35.7321683333333	4453493763.74219
35.7653533333333	4171348633.19531
35.7980333333333	3940090872.34375
35.8301316666667	4257639106.875
35.8632133333333	4079740003.16406
35.8953566666667	3956192099.99219
35.9275016666667	3839188010.47656
35.959165	3767000970.91406
35.9896616666667	3749462370.92188
36.0206783333333	3583338804.3125
36.0534366666667	3752640843.33594
36.0853033333333	3809400374.90625
36.1162983333333	3969588997.52344
36.1480283333333	4175779430.39063
36.17966	3811660243.75781
36.2120516666667	4029499320.03125
36.2431916666667	4193041352.63281
36.2755883333333	4371644917.04688
36.3074483333333	4260730892.16406
36.33939	4232608184.67969
36.3719083333333	4613459627.6875
36.4039783333333	4581554831.4375
36.4361333333333	4558398903.78125
36.4694016666667	4891591393.625
36.5007683333333	4594126201.32813
36.5329216666667	4671513138.11719
36.5659516666667	4506222605.96875
36.5991566666667	4784575858.34375
36.6322416666667	4471596152.75
36.6640383333333	4446937900.5625
36.6963866666667	4429439805.64063
36.7290233333333	4263732141.84375
36.760695	4312581226.05469
36.79172	4151394885.20313
36.82352	4338308511.25781
36.856035	4174744251.53125
36.8873	4181828837.625
36.91895	4429917819.23438
36.950715	4369047356.82031
36.98126	4223677993.95313
37.0129033333333	4352662115.36719
37.0451683333333	4279529850.04688
37.0766133333333	4334742296.96875
37.1068566666667	4578191410.00781
37.1384316666667	4264558214.77344
37.1704916666667	4713647731.59375
37.2022666666667	4286939451.85938
37.2336466666667	4923261654.78906
37.2659033333333	4596376571.13281
37.2980716666667	4742423158.64063
37.32967	4528598099.89844
37.3619833333333	4735677891.34375
37.39518	4633440637.14063
37.42735	4470818134.69531
37.4600733333333	4216235603.73438
37.4922383333333	4118915037.76563
37.5254533333333	4382918183.59375
37.557735	4052931502.30469
37.5893883333333	3716373574.70313
37.6207816666667	3950148911.95313
37.65221	3964456273.35938
37.6839083333333	3864957578.46875
37.7156616666667	3690389457.96875
37.7457233333333	3950312195.42188
37.7767766666667	3846298933.49219
37.80777	3929072031.9375
37.8398333333333	4010934488.875
37.8710416666667	3964067236.625
37.902435	4074208873.78906
37.9337866666667	4099915536.35156
37.9642816666667	4172009109.65625
37.9965216666667	4257260479.01563
38.02784	4436460074.75
38.0598383333333	4318070806.38281
38.0914633333333	4643416835.07813
38.1230433333333	4101106918.15625
38.1545383333333	4137419809.89844
38.1860566666667	3931632862.20313
38.21826	4207233399.73438
38.2494666666667	3896281970.27344
38.2820983333333	4001854168.66406
38.314115	3969087297.00781
38.3452333333333	3995930822.74219
38.3778916666667	3735029053.45313
38.4108383333333	3152354335.70313
38.4431183333333	3413829113.50781
38.4755783333333	3518753440.88281
38.5079383333333	3440980623.85156
38.5392083333333	3513878041.44531
38.5692966666667	3440759667.53125
38.6005133333333	3619684707.89063
38.632625	3434123696.57813
38.6639816666667	3954885471.32813
38.69526	4283476490.27344
38.7275916666667	4124306983.15625
38.75874	4374471881.20313
38.7901483333333	4478077891.11719
38.82359	4808109002.78125
38.8555516666667	4766484424.84375
38.88691	4940322381.5
38.9185416666667	5046623821.04688
38.9503366666667	4917068527.73438
38.9826466666667	4483114856.76563
39.0137283333333	4913159426.9375
39.04519	5044048799.54688
39.0765333333333	4836531978.89063
39.1098516666667	4833991002.34375
39.1416916666667	4619816543.53125
39.1733883333333	4596282151.94531
39.206355	4750653365.1875
39.2386716666667	4985933868.17188
39.2707233333333	4734360513.92188
39.3024183333333	4602077892.5625
39.3342383333333	4721729181.5
39.366905	4726690525.29688
39.39725	4328622067.85156
39.429865	4661803445.32813
39.462785	4476679657.38281
39.4970516666667	4572422078.98438
39.5295733333333	4477204410.60938
39.5617666666667	4147807825.89844
39.5931	4721187681.17188
39.6243583333333	4592794930.92188
39.6557033333333	4722508641.09375
39.6876833333333	4763384577.01563
39.7197033333333	4446344035.60156
39.7522666666667	4430468849.0625
39.783795	4360529248.64063
39.8166	4515941512.67188
39.8486433333333	4297454520.34375
39.8815016666667	4499565547.44531
39.91334	4092866087.71094
39.9453566666667	4080107254.21094
39.9778733333333	4312669707.28125
40.00941	4311400356.19531
40.0408316666667	4334848215.78125
40.0731266666667	4115041170.36719
40.10498	4342213898.42188
40.136615	4160514564.89844
40.1683766666667	4286251657.92188
40.20094	3598000373.25781
40.23385	3982316354.35938
40.2657166666667	3890265909.72656
40.298715	3802879174.57031
40.3308166666667	3783453153.77344
40.3634266666667	3717410377.10938
40.3945866666667	4011282400.45313
40.4257016666667	3869006825.50781
40.4584866666667	3760768749.375
40.49117	4139990686.60938
40.521895	4433281345.14844
40.5557233333333	4310092433.39063
40.589085	4138051985.25
40.6207233333333	4536204163.0625
40.6531833333333	4791200495.54688
40.6849116666667	4413203697.79688
40.7171433333333	4466038860.67188
40.749525	4304237141.32813
40.7823983333333	4286608257.85938
40.8144316666667	4154151590.71875
40.84664	3912677577
40.8786816666667	4025568994.82813
40.911535	4084395102.74219
40.94355	4136765307.98438
40.975145	4133799201.54688
41.0073633333333	4150111927.8125
41.0388516666667	4180605606.40625
41.0718166666667	4272560343.67969
41.1034283333333	4170341956.03125
41.1368783333333	4162090633
41.1696166666667	4335137863.88281
41.2015766666667	4067944560.05469
41.2341316666667	3993165452.78125
41.26509	3928726155.41406
41.297535	3792733452.03125
41.3308016666667	3563877456.24219
41.3641533333333	3891753178.11719
41.3958833333333	3799879477.65625
41.428525	3759229964.82031
41.461445	3490239242.07031
41.4925566666667	3971926677.59375
41.52488	3936479310.60938
41.5573466666667	3976357728.89063
41.5901316666667	4177327591.60938
41.62204	4045771807.64844
41.654175	4295211317.51563
41.6868566666667	4169570634.34375
41.718405	4045199953.55469
41.749955	3926592262.85156
41.78177	4149541378.84375
41.8135266666667	4062298668.625
41.8462783333333	3725148665.21094
41.8788416666667	3777071864.74219
41.911595	3848799226.15625
41.9442266666667	3907207304.125
41.9757716666667	4029709716.39063
42.0075233333333	4187599604.8125
42.0388216666667	4209112899.71875
42.070925	4345956877.54688
42.10216	4402737759.21875
42.13509	4618705545.5625
42.166565	4511275246.98438
42.1986216666667	4536180077.3125
42.2313216666667	4455049097.46875
42.263515	4788246242.57813
42.295665	4463255251.875
42.3278783333333	4665554480.70313
42.3601616666667	4759923851.64063
42.3915783333333	4381504117.79688
42.4230383333333	4658357335.57813
42.4547116666667	4616935223.51563
42.485965	4819877410.85938
42.517955	4448424863.38281
42.549875	4692986209.84375
42.58193	4607899619.875
42.6139216666667	4746072513.26563
42.64692	4430821947.26563
42.67991	4402042873.10938
42.713955	4183590371.36719
42.74618	4318171902.53125
42.7785433333333	4135971118.14844
42.8111933333333	4467721543.70313
42.8426433333333	4259511488.32813
42.8742966666667	4527283717.07031
42.9063	4186520039.89063
42.9377866666667	4411115233.0625
42.9704116666667	4413790912.1875
43.0025333333333	4471017533.53125
43.033945	4293108331.45313
43.065175	4184918939.45313
43.0979433333333	3938983640.92969
43.1296033333333	3924004027.42969
43.16202	4276665483.42188
43.1928366666667	3874032910.42969
43.224445	4223128450.60938
43.2548666666667	4355262278.51563
43.2863	4112675517.01563
43.3177866666667	4331972361.96875
43.3500566666667	4376624177.4375
43.3824083333333	4154863362.67188
43.4135233333333	4393096756.71875
43.4442716666667	4472447882
43.4770083333333	4618732184.4375
43.5093666666667	4692058859.70313
43.5421	4527300967.625
43.57349	4484208695.98438
43.6045383333333	4512253551.95313
43.6365783333333	5045947077.01563
43.6682016666667	4741385951.9375
43.7006666666667	4890974047.89063
43.7318716666667	4806518269.21875
43.7634233333333	4754150339.40625
43.7966366666667	4699706911
43.829885	4530196314.07813
43.8634033333333	4631712826.5625
43.896275	4442163929.03125
43.928825	4655608066.85938
43.9611933333333	4769784127.75
43.9942066666667	4764311332.8125
44.0270116666667	4833613244.125
44.0587483333333	4924316539.07813
44.0904566666667	5361161788.14063
44.12341	5265831495.20313
44.1558083333333	5422401526.45313
44.1879116666667	4968102841.96875
44.2198716666667	4966566230.9375
44.2520066666667	5106171775.01563
44.2838733333333	5122019165.73438
44.3157466666667	4931516266.51563
44.34763	4486750139.625
44.37884	4534952574.9375
44.4113216666667	4336586691.36719
44.4438666666667	4117645698.41406
44.47703	4369182003.82813
44.5097483333333	4417979097.4375
44.54309	4297769181.98438
44.57661	4673734132.92188
44.6096966666667	4872388256.6875
44.64126	4637741003.20313
44.6741283333333	4545660370.79688
44.7067816666667	4530597245.15625
44.7379033333333	4733326481.01563
44.7702033333333	4828066647.0625
44.8015	4711360441.48438
44.833175	4908152881.46875
44.8658333333333	4595583782.5
44.8980333333333	4807508725.78125
44.929775	4814431137.28125
44.96163	4609623171.45313
44.9939316666667	4297315621.46875
45.025705	4745213562.46875
45.0573983333333	4499920379.75
45.0893616666667	4598395980.20313
45.120875	4625334280.98438
45.15263	4685138588.35938
45.1848966666667	4994412659.03125
45.215955	4818420531.40625
45.2474066666667	4708777740.92188
45.2786666666667	5043227745.29688
45.3106933333333	5339523736.1875
45.34397	5557075053.6875
45.3762933333333	5201181552.70313
45.408475	5316986575.70313
45.4398	5178861011.625
45.4725216666667	5235756583.64063
45.5050916666667	5235253211.26563
45.5372166666667	5273246950.71875
45.5698633333333	5089249290.625
45.60351	4911047068.70313
45.6347083333333	4523264154.8125
45.6668483333333	4435746342.14063
45.6992033333333	4605069451.25
45.73074	4654467532.5
45.7638933333333	4429857088.11719
45.7964833333333	4272055455.8125
45.82855	4241651711.98438
45.8619283333333	4269701149.51563
45.8933016666667	4253826605.10938
45.9253833333333	4547339224.84375
45.957455	4762963499.54688
45.9906166666667	5162363962.0625
46.023875	5256832220.82813
46.0577016666667	5486602313.64063
46.0905083333333	5232660300.76563
46.1219	5323321300.84375
46.1548683333333	5331758440.17188
46.1872083333333	5250363374.53125
46.2201916666667	5600649375.20313
46.2521083333333	5497363765.46875
46.28455	5801999078.79688
46.3181866666667	5098970501.125
46.3513633333333	5780596703.45313
46.383805	5460562089.04688
46.4163816666667	5760840658.09375
46.4489883333333	5623638640.34375
46.4817566666667	5262848639.79688
46.5150516666667	5470885533.29688
46.5480783333333	5006275047.95313
46.58201	4760890369.79688
46.6140816666667	4820218780.07813
46.6472766666667	4785091192.17188
46.6803466666667	4645124774.64063
46.71334	4300859266.5
46.7474416666667	4392345456.875
46.779765	4537243127.625
46.81101	4636480472.65625
46.8420133333333	4317342684.53125
46.8741366666667	4800756900.64063
46.9061016666667	4714143926.15625
46.9375083333333	4483680311.71875
46.9701633333333	4330604555.79688
47.0024433333333	4583338052.15625
47.03546	4426347060.82813
47.0686283333333	4346296731.9375
47.100575	4337891134.90625
47.1317816666667	4364902210.46875
47.1639783333333	4313319544.14844
47.1974083333333	4261083547.4375
47.2300816666667	4200297295.15625
47.2628516666667	4383147548.54688
47.295445	4107729216.90625
47.3274933333333	4520848929.375
47.3612683333333	4289525269.92969
47.393375	4555080380.375
47.4258233333333	4454766302.42969
47.4580666666667	4867997549.60938
47.4917333333333	5033857213.46875
47.52537	5124188389.78125
47.55695	5019906705.375
47.58891	4970691251.0625
47.6215633333333	5285000845.51563
47.6543816666667	4339658858.90625
47.6866033333333	4822288180.53906
47.7182983333333	5208648412.42188
47.7506983333333	5444301379.45313
47.7824416666667	5343299184.23438
47.8148833333333	5574666812
47.848215	5480018955.65625
47.8810916666667	5005935247.64063
47.9119133333333	5213739145.17188
47.9442033333333	4923202046.84375
47.975085	5056661247.10938
48.0067633333333	5291804230.6875
48.0392466666667	5437734919.78125
48.0723366666667	5209618313.53125
48.10545	5493621107.85938
48.1378033333333	5510064140.26563
48.171345	5180440584.28125
48.2042383333333	5464364394.17188
48.2374	5044316422.46875
48.27062	5315736666.3125
48.3030883333333	5546528936.92188
48.335225	5474885440.14063
48.36836	5215285056.20313
48.4009683333333	5152939691.34375
48.43413	5079136519.375
48.4666016666667	4902140117.32813
48.4987783333333	5194921486.89063
48.5318983333333	4702455282.17188
48.56544	5447382458.4375
48.5996316666667	5352649341.25
48.633195	5150139551.45313
48.66732	5328800058.15625
48.7001933333333	5343155107.45313
48.7326066666667	4597053552.57813
48.7667883333333	5042578242.46875
48.8007083333333	5104164748.73438
48.8345316666667	5366998222.07813
48.867675	5137245664.70313
48.9010366666667	5773080825.8125
48.93247	5872129744.89063
48.9656283333333	5983391319.5625
48.9986266666667	5543710672.125
49.0317133333333	5634955890.0625
49.0649833333333	6087873000.53125
49.0978383333333	6230052270.84375
49.130775	5849810351.57813
49.1640916666667	6270084222.98438
49.1971933333333	5988032851.82813
49.2300133333333	5664676035.28125
49.2638966666667	5832554430.54688
49.2977716666667	5727019983.78125
49.330595	5251003274.42188
49.3634033333333	5415215034.3125
49.3967233333333	5204053310.23438
49.4301266666667	4987617561.15625
49.4625716666667	4860644104.20313
49.49526	5168515928.84375
49.5295066666667	5003718167.40625
49.5638116666667	5201680926.59375
49.5976033333333	4946315769.10938
49.6324766666667	5568515967.0625
49.6656116666667	5514607119.60938
49.6986566666667	5137751843.79688
49.73251	5536416549.46875
49.7660033333333	5235126996.90625
49.799925	5545550202.8125
49.83239	5348026187.01563
49.8657633333333	5330440121.14063
49.8985483333333	5468821096.70313
49.93255	5766942488.82813
49.9654	5266499023.82813
49.997985	5718748753.8125
50.0306516666667	4878815907
50.06412	5250272531.75
50.095485	4686151790.84375
50.12917	5106058114.64063
50.1631233333333	5204226691.10938
50.1974233333333	4691052899.50781
50.2301216666667	5036485084.10938
50.2630883333333	4826198815.07813
50.2956566666667	4845580604.32813
50.32813	4680202966.5
50.3599716666667	5062450890.96875
50.3928666666667	4576679371.67188
50.4242666666667	5099739251.98438
50.45726	5253728653.4375
50.4893133333333	4829181815.26563
50.5207783333333	4867601948.51563
50.55252	4829513416.34375
50.5852133333333	5124425335.95313
50.6176933333333	4939531155.45313
50.6499733333333	4794786672.46875
50.68312	5038313168.78125
50.7158083333333	5041527577.71875
50.7486066666667	4920482971.625
50.7803733333333	4818046116.82813
50.8125583333333	5000390301.46875
50.8455433333333	4838000201.625
50.8777133333333	5089207893.09375
50.9100133333333	4683858154.46875
50.943405	4980075451.07813
50.9763483333333	4892394000.20313
51.01052	4944931965.95313
51.04312	5258799786.39063
51.0758833333333	5086164598.98438
51.1086116666667	5143283467.76563
51.1422866666667	5149408375.5
51.1752966666667	4776679837.08594
51.2083433333333	5191074136.28125
51.24025	4756952186.45313
51.2734583333333	4640944780.03125
51.3059816666667	5107683663
51.3397866666667	4942939930.96875
51.3718233333333	4618670895.15625
51.404895	4980578317.54688
51.4386116666667	5139750643.28125
51.47193	5254473327.125
51.50406	5057807762.35938
51.53752	4633805824.98438
51.57188	5185453917.25
51.6058516666667	4740573827.6875
51.64035	4684929015.375
51.6729183333333	4586754098.21875
51.70644	4464623260.92188
51.7400983333333	4374579270.29688
51.772295	4353393781.35156
51.80525	4593816012.32813
51.8370466666667	4485211629.55469
51.86905	4899166248.61719
51.9016816666667	4612562259.64063
51.9336716666667	4909766739.35938
51.9671566666667	4777709174.07813
52.0002933333333	5062663541.73438
52.033535	4475021081.91406
52.0663533333333	4581404708.83594
52.0989316666667	4505981371.59375
52.1321216666667	4357980262.48438
52.165125	4501893523.65625
52.1988583333333	4670016500.64063
52.2309833333333	4690700215.95313
52.264485	4494512400.40625
52.2970916666667	4758065430.375
52.3297633333333	5092701480.67188
52.3633716666667	4883734888.48438
52.396665	4885383621.42188
52.4285183333333	5554835926.04688
52.4619	5315088361.34375
52.495985	5581682430.10938
52.5289566666667	5024704202.35938
52.5620083333333	5313640406.4375
52.5938066666667	5199236480.89063
52.6261683333333	4910900906.03125
52.6592883333333	4812590532.21094
52.69171	4441264892.96094
52.7242616666667	4530273586.6875
52.7568966666667	4574999798.42188
52.7899833333333	4218227925.96875
52.821855	4339456539.1875
52.855145	3920324462.88281
52.8875566666667	4298334223.32031
52.9205916666667	3996624098.71094
52.952765	3845752571.97656
52.9852116666667	4524971496.07813
53.0187033333333	4291137584.49219
53.0511833333333	3963284557.47656
53.084325	4159465910.8125
53.11697	4276575396.49219
53.1504216666667	3692380030.92188
53.1830316666667	4223542451.09375
53.2162816666667	3689293291.125
53.2506	4113035772.5
53.2837416666667	4068557976.65625
53.31652	3939729095.89844
53.3498766666667	3869002280.625
53.3830383333333	4325661438.82031
53.4163566666667	4185821836.22656
53.44879	4522117788.46875
53.4817366666667	4592505745.79688
53.51482	4652263044.42188
53.54853	4568257288.75
53.581215	4544546425.375
53.6143266666667	4811253181.10938
53.6474466666667	4582070189.64063
53.680965	4741124950.5625
53.71329	4694044530.45313
53.7474066666667	4828997105.89063
53.779865	4492024219.98438
53.8131883333333	4821037564.75
53.8471266666667	4851841296.67188
53.8808033333333	5003877116.89063
53.91356	4434902509.57031
53.9465733333333	4818220055.90625
53.9802	4517381364.34375
54.0142366666667	4589694266.55469
54.0479416666667	4794746521.125
54.0806	4742181731.53125
54.1131833333333	4654816836.46094
54.14621	4429557624.89063
54.1794083333333	4666653760.51563
54.2129633333333	4665324638.85938
54.246295	4561876573.26563
54.2791333333333	4467288192.90625
54.312435	4180055201.67188
54.34622	3963548908.79688
54.379545	3999527732.53125
54.4138083333333	4173330629
54.4476916666667	4158134459.21875
54.4808166666667	4445369902.54688
54.5132333333333	4260190208.40625
54.5455266666667	3980172881.96875
54.5797133333333	3830646023.15625
54.6134883333333	4244293964.32813
54.6461133333333	3752272691.14844
54.679055	3723304999.45313
54.7116083333333	3992969172.14063
54.7452666666667	4036226362.70313
54.7788733333333	4072473532.01563
54.8125883333333	3885328782.11719
54.844795	4397712786.10938
54.8775216666667	4453607511.04688
54.9100116666667	4397313382.10938
54.9425166666667	4562572293.3125
54.9747166666667	4543774564.53125
55.0070516666667	4547156201.73438
55.040225	4576445988.64063
55.0732166666667	4608122954.26563
55.1053566666667	4693447593.74219
55.1376083333333	4484918834.32813
55.1697566666667	4308827797.57813
55.2016733333333	4162608515.6875
55.2340783333333	3884069236.28125
55.268095	3935905358.78125
55.3012833333333	4257932795.23438
55.3339083333333	4290583517.57031
55.3670516666667	3911390810.07031
55.40042	4582399877.89063
55.4332066666667	4177978402.53906
55.4669066666667	4354715630.82813
55.5009116666667	4336356610.57031
55.5338566666667	4337581629.21875
55.5666833333333	3972277701.28125
55.6006616666667	3972459379.17188
55.633475	3895902529.98438
55.6669733333333	4371655707.78125
55.70085	4091220473.53125
55.7339766666667	4144500521.38281
55.7673483333333	4040083326.26563
55.8005	4229882421.375
55.833775	4324504272.09375
55.8665933333333	4436072317.23438
55.89917	4216809045.08594
55.930785	4175354485.71875
55.9633366666667	4490194708.92188
55.995575	4517836502.90625
56.0290983333333	5025736476.89063
56.0628966666667	5018754925.14063
56.0967916666667	4572124032.23438
56.129875	5414357794.0625
56.1637133333333	5156762971.28125
56.1982683333333	5060404326.3125
56.2317383333333	4714498737.8125
56.265445	4720220295.40625
56.2996183333333	4869370071.07813
56.3326166666667	4724421732.6875
56.366165	4631770062.1875
56.4009166666667	4360951646.03125
56.43356	4001531091.50781
56.4674683333333	4035048672.67188
56.500985	4140555716.27344
56.533435	4420491259.34375
56.56701	4038562247.04688
56.6008316666667	3903085688.20313
56.634435	4574373393.20313
56.66678	4066094443.01563
56.6998283333333	4672531736.42188
56.7321333333333	4648561013.39063
56.76523	3955038895.41406
56.7990233333333	4977052458.65625
56.8326266666667	4807702938.89063
56.8662566666667	4667790769.95313
56.9002333333333	4363458465.4375
56.932415	4462460097.38281
56.965695	4312416553.6875
56.9994033333333	4244321248.54688
57.0315916666667	4585754067.48438
57.0649383333333	4168309968.29688
57.09876	4497675109.03125
57.1317183333333	4296220594.04688
57.1652983333333	4631880311.1875
57.1993566666667	4460424699.90625
57.23325	4831250360.35938
57.2671566666667	4617936328.76563
57.3012516666667	4788411905.34375
57.3332633333333	4712109182.5625
57.3660133333333	4730485762.9375
57.3988	4288268250.34375
57.4322233333333	4503984729.82813
57.4650066666667	4972647792.40625
57.49843	4879083762.92188
57.531715	4847346415.09375
57.5649716666667	4395628091.73438
57.5975316666667	4255946694.125
57.63026	4654028157.60938
57.6638983333333	4603013368.51563
57.6974833333333	4534327341.63281
57.7313983333333	4428227996.10938
57.7659733333333	4197281000.28125
57.80048	3941313757.23438
57.835525	4298087259.67969
57.86956	4067199331.73438
57.90293	4224657074.69531
57.9362016666667	4095946217.4375
57.9709166666667	4369056365.78125
58.0040566666667	4372596174.3125
58.03733	4684362392.89063
58.0700016666667	4734300775.5
58.1040316666667	4759188002.83594
58.1365816666667	4707310871.42188
58.1701683333333	5226579806.10938
58.2029483333333	5331086989.63281
58.236065	5122186924.77344
58.2690383333333	5030996574.125
58.3021483333333	4870935131.01563
58.3353833333333	4453850480.00781
58.3693666666667	4733655704.9375
58.4033583333333	4611018758.39063
58.4373633333333	4426008550.17969
58.4712133333333	4513182943.88281
58.5037666666667	4874802460.90625
58.53768	4476431738.40625
58.5711683333333	4805065746.48438
58.6050433333333	4325916451.1875
58.63841	4684249609.39063
58.6713366666667	3908899205.19531
58.7049933333333	3784422725.22656
58.7386183333333	3947031684.07813
58.7722783333333	4169294181.42188
58.805885	4093214601.1875
58.8401533333333	3905993099.14063
58.8734383333333	3982225691.6875
58.90625	4129040003.88281
58.9394416666667	4588181302.10938
58.97286	4731123126.96875
59.00636	4786096982.60938
59.0404316666667	4198056881.94531
59.0738983333333	4153706825.10938
59.10764	4282003788.65625
59.1414566666667	3801700783.96875
59.1748533333333	3891653670.74219
59.20932	3483822352.72656
59.2435916666667	3344501409.8125
59.27703	3595820832.15625
59.3089066666667	3571053719.23438
59.3412916666667	3413442191.78906
59.3738183333333	3643830525.28125
59.4068683333333	3466984597.10156
59.4402033333333	3763625766.04688
59.473795	3911268099.73438
59.5072833333333	3917211879.14844
59.5416033333333	3793288400.65625
59.5753783333333	4089615779.89844
59.6080133333333	4047841768.60938
59.64221	4191574817.04688
59.6756383333333	4103220490.05469
59.709725	4349350756.67969
59.7428683333333	4655160339.51563
59.7766566666667	4790259383.27344
59.80961	5074637020
59.8430483333333	5164168063.78125
59.8771683333333	4701477424.8125
59.909315	4994563741.67188
59.9423433333333	4748674801.34375
59.97494	4540529838.48438
60.00826	4628794183.07813
60.0414883333333	4276328448.72656
60.0748283333333	4637215849.8125
60.1080966666667	4496025821.46875
60.1418616666667	4551971021.40625
60.1750233333333	4624185798.07031
60.2083183333333	4523322478.78125
60.2415983333333	4249655397.125
60.2750533333333	4582496329.375
60.3076733333333	4125726104.73438
60.34002	4371301074.79688
60.3735866666667	4199830268.16406
60.4072483333333	4084151585.38281
60.4407466666667	4458175341.80469
60.473775	3898442713.52344
60.50649	4179728765.45313
60.5401083333333	4244764085.65625
60.57336	4350001077.69531
60.606695	4646691274.46094
60.640075	4491834486.08594
60.672805	4649226035.65625
60.70481	4873885579.82813
60.7382533333333	5034005615.35938
60.771265	5132111012.625
60.80517	4496414243.02344
60.839185	4801719931.57813
60.8736216666667	4807432052.3125
60.9076933333333	4401871334.49219
60.94143	4514203598.23438
60.97496	4040579530.51563
61.0089283333333	4170294297.70313
61.04281	4257534335.20313
61.07672	3872072185.03906
61.109955	4100141659.35938
61.1439233333333	3756765114.46094
61.17672	3654671941.42969
61.210495	3933201739.33594
61.24324	3428250196.30469
61.276965	3799694168.65625
61.3095933333333	3302927884.89844
61.342345	3507223806.10156
61.376145	3734312735.53906
61.408735	3493079053.98438
61.441955	3560567473.14063
61.4750533333333	3509912229.85156
61.5074266666667	3448418638.04688
61.54097	3570380976.00781
61.57379	3819443203.05469
61.6070716666667	3287325520.00781
61.6404066666667	3716737458.96094
61.6738	3740565673.46875
61.70631	3647100988.40625
61.73885	3789492679.67188
61.7719983333333	3911388443.28906
61.80523	3975410397.20313
61.8392683333333	3810497145.35156
61.8720833333333	3969901509.66406
61.90494	4061560894.25
61.9390366666667	3899997223.49219
61.9726116666667	3859810085.14844
62.0058683333333	3581790282.13281
62.0403483333333	4096127100.03906
62.0744483333333	3588813012.34375
62.1070966666667	3803049170.98438
62.1405966666667	3616396872.14844
62.1744816666667	3641716399.83594
62.2080983333333	3592203092.5625
62.2418766666667	3811023758.49219
62.2748833333333	4100228583.13281
62.3083016666667	4032473390.57813
62.3417916666667	3707576292.89844
62.3745233333333	4255484264.96875
62.4081566666667	4157164842.78906
62.441675	3837149480.64063
62.4764283333333	4184687895.875
62.509085	4388163741.48438
62.542615	4248527571.99219
62.5760883333333	4167120803.5625
62.6103483333333	3959277236.07031
62.6431883333333	3909926633.05469
62.6762316666667	4189368711.36719
62.7095666666667	4119866434.10156
62.7419416666667	3848972380.02344
62.7744833333333	4106595752.35938
62.807855	3385746626.23438
62.84192	3369712465.02344
62.8759133333333	3156406934.74219
62.9097683333333	2835160335.80469
62.942845	3307172219.29688
62.97609	3329636084.0625
63.0098616666667	3110129588.28125
63.0435616666667	2994857945.33594
63.07678	3206109590.83594
63.1099466666667	3415629091.92188
63.1432066666667	3383955570.82031
63.1760333333333	3523371872.92188
63.207945	4139394615.98438
63.241035	4439452722.01563
63.2738216666667	4171004777.89844
63.306865	4824589760.92188
63.3401766666667	4885209453.1875
63.3735216666667	4825654747.98438
63.4063216666667	5430362824.64063
63.4393716666667	5550244155.46875
63.472785	5680137989.03906
63.506135	5381970197.20313
63.5394983333333	5129608486.0625
63.5730366666667	5244325997.82813
63.606965	5285431573.1875
63.6405016666667	4949490186.78125
63.6741766666667	4948687358.95313
63.70877	4736070391.66406
63.7428666666667	4774232176.25
63.7761933333333	4912300966.15625
63.809475	4351708074.39063
63.84307	4042965919.38281
63.87548	4189599166.26563
63.908985	3977046684.22656
63.942585	4062243504.72656
63.97629	3876493347.0625
64.0101566666667	3681508491.28125
64.041975	3625774117.98438
64.074935	3795432316.875
64.1077683333333	3467213884.98438
64.1406	3269717335.82031
64.1744133333333	3323744963.875
64.2068583333333	3598923723.21875
64.2406483333333	3147753598.28125
64.2738783333333	3307477733.82813
64.307295	3746898268.83594
64.34005	3500119517.60156
64.37255	3267301701.17969
64.4056433333333	3698613924.91406
64.438135	3803683836.03125
64.471405	3750338163.96094
64.5052733333333	3966151983.15625
64.5395566666667	3586374235.3125
64.57321	3899061753.73438
64.6059166666667	3606451015.08594
64.6388983333333	4436685688.625
64.6721366666667	4131912782.0625
64.7065666666667	4246022686.39844
64.7399033333333	3692188488.65625
64.7738266666667	3682293311.20313
64.8072116666667	3387102689.11719
64.8415116666667	3545124712.85938
64.8750616666667	3155567610.04688
64.9093533333333	3220286330.19531
64.9428583333333	3129140086.28125
64.9763016666667	3331342097.95313
65.0080083333333	3259191792.49219
65.0412916666667	3399912766.92969
65.0741166666667	3332497348.88281
65.10714	3039808394.8125
65.140035	3467023331.28906
65.1729633333333	3391236656.05469
65.20598	3512452970.77344
65.2395383333333	3383151956.67969
65.2727483333333	3374933387.48438
65.306845	3308580978.625
65.3404466666667	3818022438.76563
65.3742433333333	3434877778.44531
65.4085183333333	3659716725.10938
65.442685	3634724476.03906
65.476595	3448292993.78906
65.5103916666667	3884806514.71094
65.543535	3539006561.42969
65.577235	3213934337.83594
65.610135	3544921275.33594
65.6434083333333	3273807956.64844
65.6771816666667	3418171597.91406
65.71115	3686354028.04688
65.7448166666667	3431593948.14063
65.7784666666667	3747981252.4375
65.8121233333333	3495855592.96875
65.8454783333333	3543895756.21875
65.8778283333333	4221123720.97656
65.910665	4196622905.00781
65.94501	4598365529.03125
65.977735	4198448085.67188
66.0113333333333	4160178504.61719
66.04536	4636525211.00781
66.0797916666667	4562918535.97656
66.1134816666667	4607455449.99219
66.1467566666667	4724956520.0625
66.1801266666667	4385890505.80469
66.2131383333333	4896619435.45313
66.2474733333333	4727430037.40625
66.280385	4637887090.92969
66.3139933333333	4567433107.02344
66.348115	4172864842.21094
66.3818083333333	4366955661.01563
66.41549	3850294545.32031
66.4490633333333	3515829677.125
66.4817666666667	3796934565.70313
66.51579	3568103360.03906
66.5492116666667	3817339206.85938
66.583055	3900935461.78125
66.6160783333333	3653140892.27344
66.6493233333333	3341322144.49219
66.6827116666667	3561264313.21094
66.7152483333333	4002007440.90625
66.7477116666667	3708569944.5625
66.7810316666667	3663631578.19531
66.8133716666667	3747237425.42188
66.84656	4275333938.46094
66.878705	4012862185.67969
66.9115966666667	3842535944.66406
66.9450216666667	4122541552.46875
66.978255	4290077421.29688
67.0116566666667	4443803883.02344
67.045195	4206029644.69531
67.0794633333333	4358116207.46094
67.1132683333333	4485777814.67188
67.14645	4635944819.07813
67.17978	4212230755.99219
67.21468	4663748647.78125
67.2485516666667	4354288411.42188
67.28296	4038570288.89063
67.317005	3713137692.38281
67.3505716666667	3887719155.35938
67.3838716666667	3989948320.58594
67.4175183333333	3899859767.08594
67.4516783333333	3526414652.48438
67.4853033333333	3573589003.07813
67.5190516666667	3643869326.58594
67.5528683333333	3193435463.27344
67.586765	3146273911.77344
67.62016	3271569749.38281
67.6537016666667	2961596013.00781
67.6868183333333	3149237724.60938
67.72109	2660069642.41406
67.753735	2587921401.98438
67.7872883333333	2648270090.5
67.81994	3141673129.05469
67.853675	3127756367.86719
67.88674	2951756442.42969
67.919735	3119664678.30469
67.95327	3311790910.73438
67.986915	3418860332.05469
68.021015	3704083500.82813
68.0550916666667	3508397778.76563
68.08827	3319287392.63281
68.1213566666667	3622691235.46875
68.1541416666667	3393500813.625
68.1873516666667	3632684925.74219
68.220375	3601985406.16406
68.25436	3681440942.46094
68.2877966666667	3289464215.61719
68.3212166666667	3352224540.17969
68.3552566666667	3434987288.83594
68.389095	2962688106.79688
68.42264	2921930912.85156
68.4560733333333	3190738395.45313
68.4883833333333	3216411131.59375
68.5220233333333	3303224629.10938
68.5549266666667	3351632783.35938
68.5878083333333	3547796946.84375
68.6208983333333	4154017786.84375
68.6545183333333	3701250483.54688
68.68809	3668808908.84375
68.7223	3379953440.40625
68.7566116666667	3942898314.40625
68.79125	3763021418.39844
68.82561	3619784081.02344
68.8591766666667	3828972137.78125
68.8921833333333	4363384376.22656
68.9250366666667	4622080195.69531
68.9578083333333	4606520999.94531
68.990815	4346356920.83594
69.0249716666667	4564241274.29688
69.0596266666667	4557641108.40625
69.0935433333333	5133155851.125
69.1271116666667	4485873572.72656
69.1601166666667	4727547763.16406
69.1937916666667	4303550758.28125
69.2278383333333	4437388530.61719
69.2611633333333	4191192797.79688
69.2952366666667	4152187351.89063
69.3276716666667	3825981779.32031
69.3615783333333	3828526568.85156
69.3954716666667	4201546049.98438
69.4287616666667	3510041315.96875
69.4624983333333	3201305385
69.4963716666667	3781863755.3125
69.5297766666667	3673916967.47656
69.5633316666667	3606757455.05469
69.5970133333333	4223964985.94531
69.6317116666667	3679769367.67188
69.6656866666667	4087215368.78906
69.6986116666667	4148778123.89063
69.7328233333333	4489265792.3125
69.7659683333333	4438635599.10156
69.8002266666667	4348512857.94531
69.8330566666667	3649331229.53906
69.8667883333333	3826779012.17188
69.8999333333333	3805570906.23438
69.9334866666667	3436711461.15625
69.966705	3179963234.89844
70.0007583333333	3273833646.25
70.0341783333333	3285531794.02344
70.0682266666667	3346922292.1875
70.102605	3310357851.73438
70.1370833333333	3491940379.03906
70.1707216666667	3145009289.92188
70.2050783333333	2894854790.98438
70.2392883333333	2777741625.58594
70.2732966666667	3521318149.89844
70.3076266666667	2974381960.67188
70.341585	3072787552.75781
70.3760566666667	3236372585.98438
70.4106016666667	2797069573.58594
70.4451833333333	3505895738.14844
70.479615	3373433572.97656
70.5133033333333	3260173905.69531
70.5462466666667	3438230961.69531
70.5807	3494562936.48438
70.61442	3150530786.42188
70.6484666666667	3111447842.82813
70.6818233333333	3175230209.10938
70.7152166666667	3447592465.66406
70.749025	3110123851.85156
70.78325	2761654716.28125
70.816995	2807902401.88281
70.851605	3126732898.375
70.8852483333333	2672940935.82031
70.91785	2644953128.26563
70.9512066666667	2609491136.5
70.9832016666667	2864698082.52344
71.0173916666667	2414823706.9375
71.0509566666667	2607555690.42188
71.08438	2937016157.02344
71.1188183333333	2609033801.6875
71.1520483333333	2635564539.72656
71.186695	2538088862.34375
71.2203566666667	2662192816.96094
71.2534383333333	2584995734.04688
71.2864883333333	2495772285.41406
71.3200433333333	3032167613.77344
71.3527883333333	3199083692.25
71.3854366666667	3758302680.01563
71.41836	3666427626.21094
71.4522683333333	4070521127.72656
71.4863016666667	3779055440.21875
71.51918	4296071303.15625
71.55123	4375292079.95313
71.5842133333333	4407501993.36719
71.6172333333333	4346563203.23438
71.6507516666667	4312008878.29688
71.6841216666667	5064402469.94531
71.7170116666667	4499609338.88281
71.75059	4765252647.09375
71.7846783333333	5153603116.67188
71.8182333333333	5072360902.36719
71.85088	5297065330.94531
71.8843066666667	4926148886
71.9187183333333	5009730851.79688
71.95273	4995650837.99219
71.987015	5239953388.90625
72.01984	4874700118.125
72.053375	4839384762.99219
72.0876583333333	4724493009.04688
72.1216583333333	4690948888.07813
72.155795	4216209594.35938
72.18959	4488817058.42969
72.2237716666667	4192203824.60156
72.256705	4669111128.27344
72.2901333333333	4129780870.51563
72.323615	3655351285.28125
72.35814	3566464314.45313
72.3928433333333	3577880487.53125
72.4262583333333	3201653773.54688
72.4602683333333	3373349251.82031
72.4942466666667	3004251674.46094
72.5287316666667	3315820771.5625
72.5629416666667	2825719726.875
72.5976833333333	2926415054.82813
72.6313766666667	2714271407.85938
72.6653266666667	2700373634.32813
72.70038	2575486518.72656
72.7340816666667	2506360989.39063
72.768255	2324240799.98438
72.801925	2456777861
72.83662	2491329541.88281
72.8704866666667	2574402725.92969
72.9041283333333	2226986102.27344
72.9378766666667	2351827416.25781
72.971175	2334724093.91406
73.004235	2182276759.78906
73.03826	2517420420.25781
73.0723983333333	2692751877.57813
73.1053133333333	2940826820.64844
73.1386466666667	3401431171.65625
73.1715533333333	3422178967.60156
73.2049883333333	3888294570.99219
73.23888	3455856703.40625
73.271725	3912536394.44531
73.3051483333333	4262319504.4375
73.3383633333333	4431699497.83594
73.3719333333333	4080318648.75
73.4049883333333	4446568431.89063
73.438485	4310274450.34375
73.4708416666667	4586570808.74219
73.503015	4115868335.27344
73.5364233333333	4779956699.78125
73.5694683333333	5132766416.95313
73.6033633333333	4942887609.07031
73.636115	4473262548.89844
73.6707033333333	5195582671.52344
73.7032383333333	4819937226.875
73.7358566666667	4480930008.96094
73.7682883333333	4542982329.55469
73.8015333333333	4154707622.29688
73.8355433333333	4319624066.67188
73.868775	3678730413.28125
73.9024666666667	3653779831.26563
73.9360433333333	3781841076.39844
73.9682516666667	3529537692.60156
74.0023583333333	3338061009.85156
74.03575	3381802193.14844
74.069015	3163319955.35938
74.10245	3539564393.96094
74.1361933333333	3303751912.5625
74.1710383333333	3071337322.53906
74.2044083333333	3541119130.07031
74.2385666666667	3429258475.50781
74.2725033333333	3295906695.01563
74.306195	3203870624.23438
74.3392716666667	3024302296.79688
74.3732016666667	2978702407.99219
74.4066	2922273487.22656
74.4413033333333	2862065327
74.47529	2531996480.17188
74.509045	3086882070.92188
74.54263	2588643270.03125
74.576475	2495413933.36719
74.6102083333333	2522995921.08594
74.645445	2578007386.89844
74.6800733333333	2539149715.35938
74.7145083333333	2315143249.55469
74.7486616666667	2456569079.78906
74.78243	2019160767.53125
74.816635	2369425916.89844
74.8507466666667	2604304445.23438
74.884465	2388739204.09375
74.9195866666667	2545458201.83594
74.9534683333333	2970054740.64844
74.986285	3162054250.89063
75.0195783333333	3007137153.77344
75.0528333333333	3605733987.61719
75.0858683333333	3198782657.97656
75.11953	3209994613.14844
75.15292	3191131662.47656
75.1866416666667	2871290459.375
75.220145	2718010560.19531
75.253965	3118393571.17969
75.287995	2703339400.92969
75.32225	3336042245.10156
75.3564416666667	3088411366.42969
75.3890433333333	3146329884.22656
75.4221016666667	3077188864.48438
75.4555616666667	3156343725.16406
75.4892983333333	2851240540.53906
75.5235916666667	2670695995.99219
75.5567616666667	2914634643.64063
75.5909533333333	2637825173.65625
75.6251166666667	2819767539.90625
75.6586633333333	3170986301.8125
75.6925883333333	2630454908.72656
75.726125	2220809944.78906
75.76001	2285320899.35156
75.7945766666667	2088826819.83594
75.828765	2093384781.03906
75.86252	2056958661.5
75.8971733333333	1918213639.75
75.9307966666667	2194737031.10156
75.964275	2274071800.96875
75.9976333333333	2409003640.0625
76.03102	2389245751.01563
76.0641066666667	2133372649.63281
76.09809	2098254507.42188
76.13165	2484772282.98438
76.165105	2576625001.72656
76.1980183333333	2174541625.71875
76.23164	1934644073.24219
76.2661233333333	2110499778.03125
76.299135	2266658841.74219
76.3332083333333	2044415847.26563
76.366875	2207034621.89844
76.4012466666667	2554749181.89844
76.4344516666667	1979853496.28906
76.4678483333333	1925862653.10156
76.5016216666667	1865771055.04688
76.5349933333333	1705955327.10938
76.5686766666667	1711827481.22656
76.6021016666667	1936858119.58594
76.6356533333333	1847509749.02734
76.6694466666667	1801772367.33594
76.7035233333333	2044671955.51563
76.7366466666667	1863040032.97656
76.770555	1747765752.35156
76.8043383333333	1828629923.46094
76.8376916666667	2063034610.74609
76.8708733333333	2366465495.16406
76.9038333333333	2163952693.00781
76.9382116666667	2475295253.70313
76.9711116666667	2656770703.96875
77.0049066666667	2490854844.03125
77.0380716666667	2924892467.82813
77.0719133333333	2954316601.1875
77.10604	2816690058.83594
77.1404633333333	3128882627.42188
77.17466	2853102934.67969
77.2083316666667	2588939604.77344
77.2416166666667	2920046786.36719
77.2753533333333	2858703482.91406
77.3098416666667	2432709186.38281
77.343915	2728579747.46875
77.3784483333333	2808975479.60938
77.4128883333333	2838907385.17188
77.4466183333333	2842679436.71875
77.4800966666667	3312051281.47656
77.5138283333333	2931718306.07031
77.5479	2744219972.78906
77.58291	3082059686.21875
77.6174283333333	2890295430.65625
77.6513816666667	2507483892.16406
77.685625	2508350979.82813
77.7199083333333	2261080133.69531
77.7549583333333	2585063240.625
77.7893233333333	2245906831.60938
77.8235433333333	2444535574.70313
77.8575183333333	2021430538.6875
77.89262	2251836478.20313
77.926905	2002865209.125
77.95979	2081067707.01953
77.994065	1912080324.50781
78.0277216666667	2230602001.53906
78.06149	2060541269.35938
78.094545	2503994852.15625
78.1282233333333	2084330293.61328
78.1623466666667	2345625055.1875
78.1963083333333	2509002323.375
78.2303883333333	2162054734.53125
78.2649866666667	2099639271.42188
78.2991283333333	2115068681.59375
78.3346783333333	2009297907.9375
78.3680816666667	2238270795.03125
78.4029016666667	2205991603.88281
78.437155	2269636028.22656
78.471275	2177329287.54688
78.5061	2417727420.47656
78.5405733333333	2304519245.67188
78.5745866666667	2326341119.82031
78.6084033333333	2171470036.67969
78.6424216666667	2109428552.0625
78.6758566666667	2044129910.18359
78.7090683333333	2367913341.82031
78.7427966666667	2264236023.72656
78.7765483333333	2318522691.1875
78.810925	2397074058.35938
78.8440033333333	2411930037
78.8770433333333	2337202584.41406
78.9116866666667	2421927366.3125
78.9452283333333	2228164959.86719
78.97972	2299555769.17969
79.0137166666667	2207059759.21094
79.0480183333333	2083904802.35156
79.0819366666667	2253712391.36719
79.11557	2127835965.64844
79.1494183333333	1817536500.14453
79.1832116666667	1887218774.60938
79.2182183333333	2202171350.25
79.2531033333333	1981375931.79688
79.2873383333333	1882614333.46875
79.3222416666667	2410205905.55469
79.3556466666667	2065457365.83984
79.3885133333333	2267241084.84375
79.4223966666667	2191174500.46875
79.4550633333333	2156585258.60547
79.48812	2181189401.65234
79.5220433333333	2781906350.67188
79.5562966666667	2398652936.39844
79.591185	1852383191.97656
79.6259283333333	1962071010.42969
79.660055	1955773319.71875
79.694925	2103551042.8125
79.7295833333333	2041788655.23438
79.7642383333333	1964299918.08984
79.79887	1917957567.91406
79.8338566666667	1834426487.08594
79.868365	1842532706.46484
79.9023433333333	1764071577.59766
79.937705	2146798343.17578
79.9724183333333	2360129550.47656
80.0067066666667	2340869561.24609
80.041165	1894218355.28516
80.07483	1852296992.89063
80.108715	2001869405.8125
80.1437383333333	2151743634.42969
80.1773933333333	2051843492.78516
80.2118383333333	1785929933.36719
80.2462583333333	1800820461.60156
80.2802183333333	2091373882.78516
80.31356	1835966151.17969
80.348095	1871841517.30469
80.381995	1981039777.21875
80.4158333333333	2155231969.21094
80.4496283333333	2263425814.25781
80.4838433333333	2581775279.46875
80.5184083333333	2567344200.21094
80.55357	2324471693.4375
80.5893783333333	2135486140.88672
80.6247133333333	2200950282.83594
80.6592133333333	2126002036.11719
80.6948583333333	2291526324.02344
80.729505	1940261962.26953
80.7650016666667	2101680564.375
80.7994033333333	2097388417.125
80.8330933333333	2263949362.37891
80.867115	1956253342.16406
80.9009366666667	1970351819.375
80.9341883333333	2512294432.89844
80.9672183333333	2758200393.92188
81.000425	3056739209.14844
81.0340133333333	3207214192.14844
81.0668283333333	2677206547.77344
81.1005633333333	3076290119.44531
81.1331933333333	3686671353.61719
81.166885	3177522613.96875
81.1999983333333	3239220228.39063
81.2338266666667	3413987758.54688
81.2673233333333	3431638712.47656
81.3013566666667	3615191720.48438
81.3351516666667	2705210631.40625
81.3684916666667	2407136916.75781
81.4027716666667	2453045804.76563
81.436345	2723298197.5
81.470005	2602316448.625
81.5037	2548653845.57031
81.5370416666667	2310865200.00781
81.5710366666667	2336597340.32422
81.6047533333333	2604383829.64844
81.6383166666667	2581585152.28906
81.67141	2389637903.58594
81.7054416666667	2383312204.63281
81.73944	2258275247.53906
81.7738566666667	2272838806.36719
81.8081466666667	1915114487.78125
81.8414883333333	1938610285.02734
81.875015	1817870324.14063
81.9087616666667	2170222512.32031
81.9421	2295389848.48438
81.9765366666667	2135896894.31641
82.0109616666667	2052938817.66797
82.0450466666667	2541354609.55469
82.0785016666667	2785638044.8125
82.1112933333333	2965941268.54688
82.144415	2550230580.625
82.17777	2933329456.84375
82.210675	2938454271.44531
82.243545	2663529297.44531
82.2770266666667	3025070210.44531
82.3105666666667	2890729842.29688
82.34443	3055121785.60938
82.37829	2307855256.61719
82.411975	2341389134.36719
82.44526	2850384200.28125
82.4792883333333	2254460135.61719
82.5134616666667	1990249935.28125
82.5475166666667	2127886324.82422
82.5818833333333	2105015804
82.6153616666667	2428798043.9375
82.64885	2561960165.89844
82.68243	2226267739.46094
82.7148816666667	2384977190.34375
82.747575	2824655600.51563
82.7816033333333	3059750506.25781
82.8154516666667	2735703124.02344
82.8480183333333	2857942509.95313
82.8821733333333	2681683736.67188
82.9152866666667	2732400950.05859
82.9487483333333	2777096512.60938
82.982995	2600083597.95313
83.0168466666667	2333417959.28125
83.0509566666667	2304242602.55469
83.08451	2352997550.55469
83.1185283333333	2401781466.0625
83.1519866666667	2665289002.29688
83.1857533333333	2565892415.13672
83.2193333333333	3523626026.24219
83.252925	3144154749.21094
83.2866383333333	3385047796.46094
83.32112	3441523410.16406
83.3547016666667	3234011301.75781
83.388985	3107607532.47656
83.4230016666667	2821572755.27344
83.45717	2731640523.57813
83.4906066666667	2539037205.69531
83.5242983333333	3013330644.60156
83.5576533333333	2423259601.53125
83.5918216666667	2887998587.8125
83.6259033333333	3126719559.27344
83.6599883333333	2724951076.07813
83.6929616666667	2803563259.74219
83.7272916666667	2925835061
83.7618633333333	3233758767.14844
83.7965433333333	2504327463.22656
83.831775	2583914849.89844
83.8665283333333	2727179394.375
83.9007183333333	2299555164.23047
83.934445	2696181137.54688
83.9688133333333	2479556956.29688
84.002545	2630696330.94531
84.0364316666667	2458048638.54297
84.0699083333333	2882522603.44531
84.1035	3303508546.52344
84.13681	4199727838.63281
84.1707933333333	3422371175.63281
84.2040366666667	3083477176.17969
84.2371733333333	3177279977.63281
84.270975	2442134049.89063
84.3055983333333	2087575493.01953
84.3408183333333	2054834729.58594
84.3749483333333	1559384278.75781
84.4083116666667	1688816544.10156
84.4419266666667	1592748908.77734
84.475775	1477206646.90234
84.5094166666667	1372780638.45703
84.54308	1409220534.39453
84.5769216666667	1275507548.11719
84.610625	1388025309.26172
84.6434066666667	1417789906.08203
84.6768633333333	1034056228.29688
84.7106666666667	1321786969.17578
84.743995	1253266699.70703
84.7782633333333	1262744222.61328
84.8110366666667	1400218803.36719
84.8444366666667	1504255439.48438
84.8772116666667	1589732412.09375
84.910685	1486011761.19922
84.9430016666667	2053073621.34766
84.9762783333333	2038626581.96484
85.0097916666667	2072408059.25391
85.0432116666667	1729439537.10938
85.0765	1766484858.91797
85.1105816666667	1551872854.24219
85.1447316666667	1772094930
85.1787483333333	2190852865.67188
85.2125566666667	1705372501.64063
85.2470766666667	1603669655.22266
85.281395	2091994254.52734
85.3167016666667	1531982689.01172
85.3516666666667	1485659032.55078
85.3852516666667	1243029750.40234
85.418825	1857362808.07422
85.4520666666667	1365285871.90234
85.4865716666667	1233407011.70703
85.5201316666667	1710459411.96484
85.5535183333333	1369372941.74219
85.5885	1488346209.87109
85.6219816666667	1407631564.51172
85.6559233333333	1338651991.93359
85.689685	1188204127.57813
85.7240616666667	1361312600.24219
85.7587783333333	1452573187.17188
85.7931166666667	1260876600.15625
85.8265433333333	1432113047.6875
85.8613333333333	1755659305.69141
85.896135	1512150966.68359
85.929965	1121187757.74219
85.9638483333333	1054423182.70703
85.9980333333333	1128712609.43359
86.03326	1436897151.57813
86.0673533333333	1478449358.68359
86.1011616666667	1334753267.41016
86.135195	1145221736.14453
86.1691983333333	1266854693.30859
86.2038816666667	1261519016.0625
86.2398483333333	1188411959.96094
86.27411	910430800.144531
86.3087833333333	1140200706.89844
86.3431333333333	837887474.339844
86.3777383333333	830464798.529297
86.4125716666667	917657628.623047
86.4450733333333	1014433565.07422
86.4788833333333	876160967.083984
86.5131566666667	916917258.939453
86.5469633333333	1063501821.08594
86.5809083333333	725580749.660156
86.6163816666667	830535031.861328
86.6500966666667	679704040.152344
86.6856966666667	704575018.628906
86.7191766666667	627923021.347656
86.7526416666667	769054847.492188
86.786625	716595057.673828
86.8221066666667	659002203.095703
86.8561033333333	659009145.064453
86.8916883333333	666135594.867188
86.92659	723607970.152344
86.961345	582544930.525391
86.9961783333333	617018895.560547
87.0312266666667	712236911.75
87.0655716666667	612825980.435547
87.1010383333333	550818904.96875
87.1361733333333	612910825.332031
87.1701633333333	534078044.791016
87.2050733333333	624828046.400391
87.2421033333333	504680621.984375
87.2771833333333	763699471.361328
87.3109166666667	605132369.210938
87.3444333333333	731219015.410156
87.3777216666667	637000520.03125
87.4119116666667	599901988.431641
87.4471383333333	792874127.378906
87.4810433333333	692051972.849609
87.5152883333333	560021684.078125
87.5510366666667	596178676.291016
87.5857066666667	557983348.509766
87.6214583333333	512564806.023438
87.6566983333333	464295738.058594
87.6931383333333	533054067.351563
87.727135	489874925.712891
87.7631316666667	511153703.558594
87.7994366666667	426132822.9375
87.8359866666667	497297244.509766
87.8720383333333	413858094.5
87.9049183333333	397912527.632813
87.9400333333333	436772699.745117
87.975055	591272753.5
88.0090533333333	559645661.074219
88.0447216666667	562701445.978516
88.079565	665756969.925781
88.1142183333333	930336462.90625
88.1491866666667	589674390.474609
88.1882633333333	636741477.230469
88.2242583333333	538255594.544922
88.260425	639605336.326172
88.297905	450483570.740234
88.33422	453972206.267578
88.369625	602264291.207031
88.40361	579946685.914063
88.4380483333333	553098967.673828
88.47416	526877659.765625
88.5088416666667	512857268.902344
88.5451183333333	426035541.226563
88.5818566666667	516123259.953125
88.61711	474327185.755859
88.6524716666667	405018458.524414
88.6876816666667	497052433.769531
88.72437	585974764.306641
88.75841	478237372.796875
88.79347	398067103.264648
88.8311916666667	444316821.568359
88.8665283333333	459744377.939453
88.9035366666667	430624672.388672
88.939695	328244277.825195
88.97691	346111816.912109
89.01351	356000519.652344
89.0483616666667	394643264.398438
89.084965	276568712.983398
89.121605	311392325.424805
89.15797	377502343.197266
89.1933116666667	288547802.801758
89.2334833333333	377040301.770508
89.27001	348172966.987305
89.306125	465687189.044922
89.3419216666667	517065878.082031
89.3761516666667	495031127.744141
89.4122383333333	516822389.111328
89.4456933333333	393470075.206055
89.48247	368942890.363281
89.5188133333333	424201948.994141
89.5538266666667	427539264.65625
89.5917983333333	289447496.130859
89.6272333333333	294947175.371094
89.6633	273082809.769531
89.7014616666667	249084427.341797
89.73821	259778010.433594
89.7753283333333	241957943.27832
89.8138466666667	267607300.200195
89.8514283333333	300152154.116211
89.8885233333333	301187434.814453
89.9272066666667	333008174.698242
89.963165	344306278.274414
90.00008	267979243.391602
90.03707	290894252.958984
90.071785	325544061.592773
90.11005	288131074.080078
90.1463216666667	252804020.777344
90.1820316666667	247853775.480469
90.2212366666667	213847265.835938
90.2615266666667	193565592.858398
90.30123	185514811.642578
90.3404283333333	198604132.505859
90.3835366666667	221186599.290039
90.4188566666667	231399465.615234
90.4558933333333	261555451.258789
90.4932616666667	189342294.628906
90.5297183333333	153466930.794922
90.569305	189847496.755859
90.6068316666667	209648717.78418
90.643125	173016309.41748
90.6835483333333	208220582.202148
90.7220783333333	221683000.185547
90.7586466666667	193834878.334961
90.8001383333333	268405664.055664
90.83841	205587986.334961
90.880565	165772075.694336
90.9195333333333	215634614.211914
90.9589216666667	163769081.88916
90.997755	196541580.413086
91.036365	226795908.699219
91.071205	214220365.712891
91.1085733333333	178337688.432617
91.1438566666667	189198940.719727
91.1827266666667	229078926.988281
91.2208416666667	184459472.905762
91.2606933333333	179834139.869141
91.2997383333333	211442354.71582
91.3400983333333	223439829.495117
91.3789583333333	230622768.264648
91.4185883333333	146083219.38916
91.4558633333333	176496605.011719
91.493025	194904926.738281
91.5313583333333	281713754.291016
91.5663483333333	276890920.510742
91.60298	230594260.820313
91.6431266666667	205809217.098145
91.68195	199520848.011719
91.7258916666667	177291834.771484
91.7663366666667	194438265.183594
91.8047083333333	150270734.788086
91.8465816666667	150015389.100098
91.8865583333333	188125349.970703
91.9274616666667	194295395.855469
91.9636383333333	133370540.170898
92.0094833333333	171436455.950195
92.0462866666667	172771248.337891
92.084725	169913815.021973
92.1265116666667	130859946.008301
92.1666033333333	137335133.058105
92.2081366666667	141811084.236328
92.2484116666667	150349597.143555
92.2910816666667	164399010.763672
92.3331333333333	178767064.275391
92.3742766666667	143182517.617188
92.4131283333333	155432919.244141
92.4528716666667	126498858.625488
92.4935616666667	113412485.389648
92.53563	154972181.660645
92.5726133333333	162231665.543945
92.6114966666667	167724773.5
92.6511616666667	126720949.513184
92.6896016666667	130195507.375977
92.7271983333333	143105837.956543
92.7690766666667	252074278.460938
92.80956	188565059.792969
92.848835	261675375.689453
92.888625	210960894.379883
92.928255	202578919.711914
92.96871	223132127.107422
93.0055733333333	184686989.954102
93.0446633333333	212413707.051758
93.0806666666667	227912750.660156
93.11762	135334193.619629
93.1608233333333	122485614.05957
93.20361	133002957.169434
93.243265	125072092.587891
93.2876066666667	136163000.454102
93.3284033333333	119081844.739746
93.3731316666667	165447651.039063
93.416555	172621888.100586
93.45235	144320335.623535
93.4925766666667	126622319.471191
93.5323166666667	111951205.921875
93.57039	135490503.019043
93.6107433333333	134547829.67627
93.6531933333333	155156605.709961
93.6912916666667	129073079.222656
93.731205	178968285.947266
93.7693583333333	118714485.680176
93.8108333333333	158058669.511719
93.8544083333333	137018387.348145
93.89462	126258608.038574
93.936205	171085321.729492
93.9733783333333	135646761.251465
94.0156366666667	182941121.345703
94.05639	121706928.782227
94.0950183333333	105283177.41748
94.1348333333333	104609196.707031
94.17789	118609539.521484
94.2184916666667	107991541.554199
94.2614	100247610.473633
94.3031633333333	103797699.012695
94.343215	89400810.1577148
94.3892216666667	179770682.664063
94.4322383333333	106183214.856445
94.4720733333333	167164440.776367
94.50981	124384180.486816
94.5503833333333	155203269.078125
94.59082	132773922.821777
94.6326216666667	138045082.201172
94.6699083333333	99448010.671875
94.7128066666667	85681808.5629883
94.7535533333333	142180232.292969
94.7928616666667	138268601.163574
94.8350966666667	109023739.796875
94.8795633333333	75347119.9858398
94.9235083333333	104250893.865234
94.9650983333333	79809165.8833008
95.0099966666667	83900995.4047852
95.0531633333333	84481038.296875
95.095245	77120737.1201172
95.1400466666667	75394147.2089844
95.1833766666667	75374121.7866211
95.22682	80509225.1337891
95.2681116666667	85597889.3808594
95.3115233333333	114746170.399902
95.3523633333333	89594126.0332031
95.395905	109252631.744141
95.440155	91337254.7529297
95.48165	101264020.023926
95.526175	83116430.3891602
95.569545	77813360.9150391
95.6124483333333	116391375.94873
95.6557666666667	90920910.6816406
95.6952083333333	87054135.4135742
95.7387216666667	90974538.8530273
95.7810433333333	75918639.3525391
95.8244116666667	103367975.056152
95.868255	73828975.7817383
95.9141183333333	76813530.5585938
95.9566616666667	76206752.7597656
96.003065	102113896.724609
96.04391	93621639.2592773
96.0882233333333	89815765.3305664
96.1330083333333	93521182.7617188
96.1755683333333	102991317.546387
96.21528	68824723.5825195
96.2619533333333	77710085.0947266
96.305445	98633882.0791016
96.3481133333333	64091318.0429688
96.3933566666667	72480450.2373047
96.4346716666667	68068663.1699219
96.4803116666667	72060350.4179688
96.5238733333333	68543678.3500977
96.57163	92975270.0424805
96.61299	75455448.4711914
96.653705	60652668.7121582
96.7005716666667	95530383.9707031
96.743615	59347383.1901855
96.7893983333333	53023251.3925781
96.8315683333333	57589428.9555664
96.877255	73799326.0512695
96.9208	67707820.9648438
96.9648216666667	67944597.3364258
97.012545	58636863.3754883
97.05689	59221624.767334
97.0995566666667	61171993.7768555
97.1458683333333	49399057.9667969
97.1933566666667	71927450.5512695
97.2375583333333	52126943.965332
97.2824066666667	74753169.5600586
97.3255916666667	81752412.059082
97.3685766666667	75749753.7226563
97.4129083333333	90042091.9160156
97.4548166666667	53426476.5585938
97.4978816666667	59964116.4584961
97.5413516666667	78936923.9267578
97.5863	53269704.6921387
97.6301816666667	53296272.0991211
97.6720616666667	50232520.8901367
97.7176066666667	49645108.824707
97.7629233333333	51299989.2939453
97.8096616666667	72656091.3374023
97.8525366666667	72363671.1835938
97.8982966666667	54860375.8671875
97.9412466666667	52487345.5336914
97.9868566666667	72036613.9829102
98.033805	51074912.0087891
98.0761066666667	60205816.8129883
98.1185183333333	56535006.8522949
98.1640116666667	59606084.2978516
98.2119683333333	64449859.7426758
98.254335	68268917.4956055
98.2981216666667	62935883.6064453
98.3432666666667	45229024.0263672
98.3896633333333	55858311.0449219
98.4336833333333	61798579.3359375
98.4776633333333	65318866.4282227
98.519575	53266135.1435547
98.5622616666667	86084348.1845703
98.6071566666667	48251784.1420898
98.65249	51219013.9655762
98.6950433333333	80215696.8642578
98.74043	55498896.8015137
98.78407	57213533.095459
98.8287216666667	76960343.1411133
98.870015	69527859.4143066
98.9144966666667	64082939.5810547
98.9583166666667	79049294.9042969
