RetentionTime	Intensity
0.00525666666666667	137352.151348114
0.0433483333333333	156549.97145462
0.0772833333333333	147569.70268631
0.0943033333333333	144256.259796143
0.118943333333333	179259.665431976
0.142336666666667	170726.002933502
0.160056666666667	184639.229042053
0.180715	144297.156974792
0.195596666666667	166698.981365204
0.220438333333333	134537.126888275
0.24024	131964.001739502
0.261946666666667	188835.385925293
0.301073333333333	132785.227237701
0.315291666666667	140654.295051575
0.337371666666667	129650.933311462
0.359748333333333	152081.140686035
0.379655	126086.64837265
0.401821666666667	172744.887008667
0.420461666666667	142614.636886597
0.442616666666667	184923.895915985
0.466853333333333	140863.904720306
0.483306666666667	191923.209190369
0.506731666666667	130034.392940521
0.523256666666667	150557.155094147
0.545713333333333	169904.43372345
0.566126666666667	117019.660900116
0.582375	160328.587226868
0.606848333333333	131008.136585236
0.623238333333333	127745.967025757
0.64545	214411.585037231
0.673318333333333	142823.559623718
0.690341666666667	181671.254928589
0.707111666666667	268480.009601593
0.727581666666667	386133.814453125
0.772328333333333	342105.042778015
0.810458333333333	300506.809150696
0.849561666666667	241864.939155579
0.874556666666667	235400.417922974
0.911896666666667	275829.750839233
0.949486666666667	219922.689243317
0.960498333333333	315978.436935425
1.00642833333333	186547.107330322
1.01885833333333	255619.641342163
1.060555	246938.050491333
1.09816333333333	187555.809818268
1.11196666666667	199874.495681763
1.13128	180520.344848633
1.17084666666667	220043.642791748
1.182115	275099.057266235
1.22679833333333	141742.078010559
1.24102666666667	128103.857948303
1.26302	283263.127655029
1.309535	173285.639205933
1.324965	166845.108421326
1.34541333333333	199687.302375793
1.38928333333333	159266.779647827
1.40527166666667	290029.931838989
1.44730833333333	134538.966342926
1.461375	165233.35269165
1.48363	179783.094085693
1.51374833333333	164179.141784668
1.52792833333333	130848.906906128
1.55000333333333	148712.102062225
1.57251333333333	175595.452129364
1.59441	446884.685470581
1.638315	778053.296417236
1.67425333333333	814239.749572754
1.71099333333333	820887.505218506
1.74759333333333	1103516.31759644
1.78277833333333	567855.086013794
1.81963333333333	339849.944656372
1.85838166666667	339996.272277832
1.895755	246040.179256439
1.921505	196995.22693634
1.93904	310333.029174805
1.97203833333333	319397.043190002
1.99431166666667	230061.033672333
2.01079166666667	344354.515136719
2.04017333333333	230857.315937042
2.07109333333333	433688.142532349
2.10796833333333	263717.905296326
2.149165	307417.176208496
2.187515	402850.329479218
2.2279	355665.223136902
2.26489	214413.43775177
2.27968833333333	365682.850379944
2.315725	248519.046161652
2.33957666666667	240074.590045929
2.361305	216561.645107269
2.38188333333333	318736.758422852
2.40389166666667	288340.205448151
2.42921166666667	242304.731315613
2.44954333333333	478208.070075989
2.489755	302713.835681915
2.51582166666667	328942.970790863
2.53362666666667	381657.59753418
2.54976166666667	376263.780479431
2.578065	271278.846321106
2.592755	272222.661483765
2.614905	400594.547691345
2.639305	439019.720802307
2.66464666666667	271168.585800171
2.67666333333333	281406.503700256
2.694935	278200.539066315
2.71617166666667	225229.662994385
2.73388	192595.715080261
2.75901833333333	203517.907905579
2.78067333333333	264592.495140076
2.80240833333333	206920.064369202
2.81838666666667	559772.737457275
2.85946833333333	294241.19228363
2.89488833333333	257766.588115692
2.92340166666667	183056.146099091
2.94087666666667	405525.262207031
2.983575	196121.639980316
2.998135	233395.951557159
3.02360666666667	318271.051719666
3.05882166666667	268642.485443115
3.09404833333333	259488.237304688
3.11479166666667	275721.733894348
3.13420333333333	292645.579368591
3.15646666666667	306013.688056946
3.179425	223656.654788971
3.19409	274031.65020752
3.21573166666667	299980.482536316
3.23470833333333	321226.921245575
3.27089833333333	210564.152839661
3.28833833333333	297979.566558838
3.31398333333333	234452.519271851
3.32639666666667	310140.846679688
3.36758	235621.899307251
3.38735833333333	398563.810806274
3.41643833333333	248396.245182037
3.44289166666667	504279.670852661
3.4817	448852.04737854
3.52066166666667	356498.889614105
3.54033166666667	372749.56086731
3.56276666666667	457560.825416565
3.58337	328839.936405182
3.599335	337795.409332275
3.62314666666667	414152.424133301
3.65286	233344.644142151
3.67057	242699.169033051
3.69597	354304.955505371
3.73286333333333	291453.986663818
3.74729	369420.538597107
3.77622833333333	445546.234329224
3.81343333333333	231639.307662964
3.83083333333333	286828.668449402
3.85936666666667	418770.958396912
3.89102666666667	263186.395927429
3.92502166666667	300830.262268066
3.96307833333333	454752.058166504
4.00320833333333	480027.98285675
4.02883666666667	439534.968666077
4.04949	610063.122451782
4.08846666666667	449483.27696228
4.120635	327504.211536407
4.14717833333333	729704.925018311
4.185405	529132.709663391
4.22492666666667	607170.412872314
4.26309333333333	679526.976318359
4.30401333333333	453027.38495636
4.34385333333333	344504.274303436
4.370405	706830.233078003
4.40830833333333	526389.764015198
4.44842833333333	491860.794750214
4.49042833333333	325701.857532501
4.51418833333333	449955.893966675
4.53258833333333	550473.949005127
4.56853666666667	336638.390441895
4.59229666666667	626498.525146484
4.63123	788743.463790894
4.669365	568892.082191467
4.711485	649821.93535614
4.75225833333333	353408.6379776
4.77349666666667	740931.146026611
4.81087166666667	817689.692886353
4.850425	614727.954772949
4.8827	634100.016891479
4.914305	398961.528373718
4.93216333333333	807724.643783569
4.97436166666667	427517.206035614
5.00463166666667	744831.139968872
5.03578666666667	922899.557350159
5.07357	889233.829162598
5.11060333333333	847310.401275635
5.14836666666667	456799.819202423
5.16876333333333	542309.563209534
5.19275333333333	661664.351547241
5.22959833333333	433001.490673065
5.252905	830203.971229553
5.29245	453147.221801758
5.32486666666667	420615.912685394
5.34326666666667	835096.35861969
5.38667666666667	559138.244022369
5.41049166666667	656241.797019958
5.434465	695457.55241394
5.47418	480332.88343811
5.50604666666667	294039.733062744
5.52426833333333	472246.308639526
5.56524333333333	446276.851203918
5.58559833333333	493924.063514709
5.60825	407691.959129333
5.64755333333333	271681.130073547
5.66262	528219.83883667
5.70185	527418.457267761
5.73995666666667	289951.222938538
5.7631	384250.837265015
5.78791833333333	407690.075836182
5.82278666666667	332570.711471558
5.83980666666667	366084.97951889
5.85598333333333	372284.202339172
5.88266833333333	411667.112228394
5.911725	336865.369026184
5.93008666666667	505573.687995911
5.96478	297108.109577179
5.99292666666667	503699.624084473
6.03297833333333	677581.750427246
6.07211333333333	532126.932739258
6.10098666666667	455743.187549591
6.12165	378974.191455841
6.148565	428357.614315033
6.164245	560019.069107056
6.20295	706346.377304077
6.24116	305103.789070129
6.26132666666667	479522.686035156
6.28765833333333	673300.549095154
6.32154166666667	863000.662231445
6.36163166666667	324004.619701385
6.39128166666667	437336.524799347
6.41295666666667	639370.884094238
6.438855	358486.391166687
6.45928666666667	592916.90978241
6.49544333333333	560752.341407776
6.53442333333333	557689.254135132
6.57344666666667	374732.509147644
6.592725	271900.694286346
6.613325	383553.512908936
6.62652333333333	402058.897666931
6.65311666666667	314721.282222748
6.66576333333333	427679.052383423
6.69829166666667	290310.447013855
6.71248666666667	413158.5027771
6.75827833333333	470458.313697815
6.78157166666667	575959.575241089
6.8121	526870.652359009
6.84355	489017.653461456
6.87056	444710.330097198
6.89214833333333	671967.568527222
6.91700166666667	947773.294815063
6.953955	918588.188858032
6.99285333333333	1118507.51722717
7.03203833333333	1230825.49446869
7.07067666666667	1190609.68483734
7.10995666666667	1041748.11190796
7.14940666666667	1205153.01602936
7.18746833333333	507567.047397614
7.20232833333333	587851.215263367
7.23108333333333	986999.877502441
7.271845	911361.899917603
7.311985	723929.876113892
7.348465	485919.567581177
7.37122166666667	512301.004066467
7.41134666666667	411120.584602356
7.42633	639973.471878052
7.47025333333333	491867.202178955
7.50806666666667	452409.929412842
7.531545	405829.171733856
7.55642	685725.856208801
7.5966	430716.319869995
7.61593	824549.420005798
7.65633166666667	394006.284751892
7.67631333333333	829704.279502869
7.71737333333333	788575.992988586
7.757995	741816.868721008
7.79778	608281.803501129
7.83917833333333	1336555.25692749
7.87819833333333	1171683.48283386
7.91664166666667	1138265.18955994
7.95527166666667	924322.481643677
7.99493166666667	1128949.41199493
8.03426833333333	697079.945102692
8.07577333333333	822952.185752869
8.11599	1120609.76203918
8.15774333333333	2022330.87141418
8.195255	2653381.72410583
8.23237833333333	3219253.64448547
8.27019	2197366.64700317
8.30808	1638650.57872009
8.34801833333333	1280274.22733307
8.38971	1447208.39437103
8.42902166666667	3197248.86552429
8.467355	2974907.7436676
8.507335	2392665.60211945
8.54639666666667	3115079.10787964
8.584825	1648437.51017761
8.62604166666667	2936557.39155579
8.66592166666667	2689385.09692383
8.70603833333333	3535605.47279358
8.745265	3048018.12435913
8.785155	6965036.02398682
8.82232333333333	4756396.66546631
8.86142333333333	2582520.98620605
8.89987	5425435.77059937
8.93833166666667	4083781.14007568
8.976845	3862693.27880859
9.01315666666667	4050659.93051147
9.05154	4390872.0854187
9.09051666666667	2436712.40299988
9.12907	2807294.99090576
9.16782166666667	2397546.395401
9.20876333333333	3660721.83055115
9.24845166666667	6350348.20767212
9.28789166666667	14216126.1636963
9.32423666666667	10458661.2547913
9.36022	8181386.72088623
9.398265	6887573.93978882
9.43555	9495116.4281311
9.473735	4996802.24449158
9.51057333333333	6650303.71325684
9.550605	4150803.3789978
9.589975	6260515.43649292
9.62846833333333	5125728.18603516
9.666385	10640320.8880005
9.705555	12393331.9018555
9.744465	6996709.20019531
9.78357333333333	16526127.425415
9.822945	12040859.9664612
9.860785	15084456.1378174
9.90081666666667	23041155.8005371
9.93824	15851969.7459106
9.97411833333333	10739745.1332397
10.01246	8200893.32498169
10.0507616666667	12224044.4072876
10.090025	9576607.67633057
10.1286783333333	11753170.665863
10.1691233333333	15633583.8010254
10.2068416666667	18142124.1391602
10.2444083333333	15267765.1897583
10.2812583333333	23229709.8938599
10.316625	28083985.9806519
10.354925	42683796.4407959
10.3909283333333	29366245.7267456
10.4268066666667	25834957.7425537
10.46492	25051171.0629883
10.5042433333333	23074540.0675659
10.5417716666667	15002984.0205078
10.5815016666667	17796028.8342896
10.62025	20009911.6293335
10.6576166666667	18331954.6401978
10.6973466666667	30567473.2767334
10.7338066666667	22089134.0023804
10.7708166666667	30383450.477356
10.8073183333333	36462104.6959839
10.8431883333333	34854021.6889038
10.8781033333333	57603382.5285645
10.9137616666667	31586665.749939
10.9508616666667	46790433.045166
10.9876366666667	47616041.7178955
11.0217083333333	48634890.0982666
11.0568033333333	75271206.3532715
11.0931466666667	54508818.1149902
11.13049	82345756.4367676
11.16752	49009465.4442139
11.2064633333333	31796177.2576904
11.2443483333333	22473756.3533325
11.2837116666667	19873237.1488647
11.32257	26410645.0753174
11.3607133333333	18867052.7191772
11.3980266666667	18950930.5327148
11.4356133333333	21337461.5638428
11.476145	20193154.5681763
11.515505	18864995.0472412
11.5546316666667	11604519.6694031
11.5938766666667	23068225.3981934
11.6311633333333	23259498.9950562
11.6688783333333	39194678.3592529
11.70635	20260088.9827881
11.744285	20446813.2755737
11.7827683333333	23124218.5861206
11.8207083333333	21837181.4815674
11.8566116666667	35967647.8356934
11.8956666666667	31949598.0223389
11.9337216666667	34490520.2633667
11.970125	50802371.7415771
12.0047233333333	92605672.2150879
12.0429233333333	46369054.6899414
12.0797633333333	83038171.862793
12.1158	53250435.0056152
12.1517216666667	54746482.8793945
12.1859083333333	30124138.4156494
12.2243283333333	46193836.2913818
12.25729	35317952.1940918
12.2942	26427297.3129883
12.3310883333333	36717574.2747803
12.3678183333333	54273312.8621826
12.407645	38347850.7293701
12.4403883333333	77578115.4821777
12.4769416666667	56490066.2058105
12.5142966666667	59283687.2456055
12.552925	64422171.9572754
12.5891933333333	61649368.5541992
12.6235633333333	53231053.0412598
12.660355	62283957.7285156
12.6983383333333	50299533.4277344
12.7337783333333	61888343.6678467
12.7699316666667	52681403.0008545
12.8084733333333	52035189.5895996
12.8464933333333	40221991.0179443
12.88669	43573671.935791
12.9258916666667	41845107.6402588
12.9602316666667	54041596.1173096
12.9942516666667	46183651.6102295
13.0312933333333	46506850.9609375
13.0682716666667	82817517.5769043
13.1021366666667	56100202.8192139
13.1387866666667	60085812.6149902
13.17554	77564867.1726074
13.2138883333333	67046032.7303467
13.2505233333333	64629328.3496094
13.28611	70366690.1777344
13.321385	63255558.8122559
13.3597633333333	82890456.8022461
13.3968133333333	129603093.23291
13.4332233333333	82414631.9953613
13.468655	80289619.0170898
13.5073266666667	73434514.8806152
13.54256	69542451.8603516
13.57987	75207525.7331543
13.61606	64365298.8742676
13.6539466666667	74583149.869873
13.6908316666667	61552376.3294678
13.7295783333333	49975468.7751465
13.7681383333333	58808939.2111816
13.8051266666667	64345948.185791
13.8410033333333	67421845.6881104
13.8788116666667	61610285.5974121
13.9152933333333	80500032.7702637
13.9527816666667	79180308.5117188
13.98981	71574502.3631592
14.0252516666667	72048740.3352051
14.06012	117717075.0979
14.095755	65393995.1121826
14.1343283333333	66812774.0437012
14.1706816666667	86359361.4069824
14.2043033333333	66776320.6500244
14.241055	61255329.59021
14.2793516666667	65719101.3901367
14.3163033333333	66228329.6591797
14.351125	63373475.5810547
14.388735	58105996.1784668
14.4244783333333	44205803.5291748
14.4625716666667	64363725.8395996
14.4957133333333	66646119.302002
14.533015	62835764.6556396
14.570995	55343495.5797119
14.6097116666667	46329967.8981934
14.6459466666667	68338162.6577148
14.6811633333333	66069044.2099609
14.7197133333333	48237544.6363525
14.75602	82041219.954834
14.792395	74738599.0925293
14.8280833333333	63996234.9915771
14.8644466666667	95202924.4509277
14.8982533333333	81761959.8815918
14.9371916666667	61337794.052002
14.9737533333333	56893637.8511963
15.0113633333333	61965303.4317627
15.0462616666667	76168830.2059326
15.080655	67148521.9425049
15.1165933333333	86451532.6396484
15.1547366666667	89214581.5917969
15.1883883333333	102671172.507324
15.22694	103225460.405518
15.2625816666667	93791179.5581055
15.298535	102406137.250977
15.335165	92319960.1416016
15.37264	91048007.2102051
15.410315	74737170.3736572
15.4472516666667	92122097.6899414
15.48598	67527590.7076416
15.52367	80411711.0845947
15.5614616666667	94304594.4643555
15.5996216666667	129547389.571045
15.6366683333333	141334045.474121
15.671155	189911629.935059
15.709335	124432945.049561
15.74756	77370830.3679199
15.78519	76659174.9963379
15.8237183333333	82751653.829834
15.86037	81754671.2773438
15.8976883333333	77774055.21875
15.9347116666667	67443637.7436523
15.9710466666667	107570289.958252
16.00709	79490328.8083496
16.0423466666667	98005938.6386719
16.078535	147889968.822266
16.1136133333333	97560825.1264648
16.1489783333333	79932210.1782227
16.1873933333333	91737657.375
16.22553	79020939.8852539
16.2610483333333	81021304.6123047
16.2972833333333	91677332.6923828
16.33137	38415531.6724854
16.3691366666667	52602892.4589844
16.4048233333333	56496331.2667236
16.4424383333333	55986643.8260498
16.4798683333333	60769496.9228516
16.517425	42919534.7147217
16.5541316666667	61611398.4813232
16.5904166666667	72003418.7800293
16.62837	98501972.5749512
16.6646866666667	91985477.6599121
16.7025066666667	72743053.4318848
16.7391616666667	105328785.148682
16.7743766666667	107948242.639648
16.812825	120255843.637695
16.8497783333333	73806045.7983398
16.883975	84807200.25
16.92205	69584057.5090332
16.95813	70955424.5134277
16.9932366666667	65303748.9616699
17.030485	80974147.3684082
17.0662066666667	97755518.3686523
17.10198	82479606.2165527
17.1351966666667	96023161.2307129
17.169765	81045665.8894043
17.2043733333333	111884174.84668
17.2400783333333	122164280.641357
17.2741633333333	116292260.148926
17.3110116666667	132714180.466309
17.3463016666667	150414078.447754
17.381355	127716983.297119
17.42014	275947852.168945
17.4537933333333	258130482.857422
17.4869283333333	113927246.908691
17.52541	225940230.638184
17.5566933333333	205394165.604492
17.593795	151935741.218262
17.6311383333333	142767335.933105
17.6669266666667	133210918.26416
17.7012783333333	135075881.513184
17.739375	113037597.775879
17.77658	71380742.994751
17.81253	100391924.970947
17.850215	78390126.3886719
17.8865883333333	58307087.1481934
17.9189266666667	56727594.7336426
17.9549616666667	52027828.5238037
17.9924816666667	71702765.5300293
18.0292916666667	80568860.0834961
18.0653666666667	84321746.4650879
18.0996516666667	103413308.010986
18.1359633333333	87757016.7478027
18.1698866666667	91562451.5043945
18.206335	105110352.588867
18.24065	91733477.7971191
18.2768033333333	77604368.8615723
18.3130083333333	82688566.7480469
18.348665	67401540.4345703
18.3845216666667	78444088.9069824
18.41961	71766025.8857422
18.4552383333333	47909707.6116943
18.49434	65888128.9450684
18.5288966666667	70174104.861084
18.566205	50720726.7624512
18.6016833333333	97408272.2446289
18.6372333333333	63770382.211792
18.6731783333333	82085311.6931152
18.7074816666667	82562364.2770996
18.7433466666667	92691844.269043
18.7819883333333	86542287.197998
18.8195783333333	79222411.5478516
18.8549933333333	107552822.55835
18.8918983333333	93710623.8071289
18.9304266666667	103375558.835205
18.9606783333333	85771353.2272949
18.9972916666667	85187784.7817383
19.03586	71975280.8366699
19.0715133333333	88971251.9956055
19.1061166666667	91876997.5385742
19.1430116666667	83531913.7912598
19.1796333333333	107169365.621582
19.2141316666667	105943885.756104
19.2479633333333	102119820.490967
19.2867533333333	123597565.75708
19.3229233333333	101384657.811279
19.358115	116954155.460449
19.3942183333333	112865404.263428
19.429085	67220037.6821289
19.4658866666667	150892009.193359
19.501595	132317419.959473
19.540505	117011479.83667
19.5727833333333	126865644.856689
19.6095116666667	138520337.73584
19.642395	177759176.088379
19.6815883333333	165095297.368652
19.7168683333333	161093546.21582
19.75235	145284570.177734
19.7873783333333	174650957.412109
19.8234033333333	97698304.9897461
19.8589233333333	147531906.172363
19.8968966666667	143643890.321289
19.934185	152196559.87207
19.9708833333333	120641233.297363
20.0004033333333	144238311.831543
20.0379866666667	150659093.023438
20.0759533333333	127186439.273926
20.1128966666667	152790730.45752
20.1496683333333	142835311.221191
20.1850166666667	98752117.6330566
20.219425	143989609.228027
20.2535066666667	85902147.9111328
20.2877583333333	103844494.905518
20.324705	77228428.5090332
20.3600733333333	92315088.7185059
20.3942916666667	66710565.4824219
20.4326266666667	62551632.4431152
20.47042	67621090.6069336
20.506865	59957642.1286621
20.542195	69242775.21875
20.5784383333333	73570189.2495117
20.61771	57413093.5981445
20.6550483333333	63878524.9737549
20.692165	71283615.9206543
20.7283116666667	77623060.7822266
20.764625	110722624.667236
20.8003566666667	104920557.118652
20.8371083333333	105332509.538086
20.8740616666667	166842573.268311
20.9067533333333	171635903.317871
20.9428883333333	171652893.801758
20.9792533333333	196490784.687988
21.014035	135903726.320313
21.0521866666667	169316387.441895
21.0895433333333	149282339.192383
21.1238716666667	130690927.968018
21.1593683333333	106364385.958252
21.194765	94366054.8361816
21.2288833333333	71838685.1032715
21.2689116666667	94410224.1733398
21.3053633333333	91018139.921875
21.3408366666667	98625086.0317383
21.3750433333333	105313406.602539
21.4089133333333	115426492.320313
21.4465533333333	93633523.3903809
21.4818316666667	129761671.601563
21.517425	154865732.023438
21.5528816666667	154503692.254883
21.5876816666667	134376381.869141
21.6205733333333	117136492.450195
21.6589733333333	108520397.551758
21.6928316666667	121828511.140381
21.7265983333333	103413678.886719
21.7612466666667	95694255.699707
21.79703	94714109.3522949
21.8335166666667	105652719.224854
21.868645	130091083.602051
21.903215	99185753.8278809
21.9396466666667	86599268.2275391
21.9763083333333	91684952.6655273
22.0112783333333	110498103.281982
22.0471666666667	113838934.556152
22.0818466666667	133874569.762207
22.11703	107816938.012207
22.15331	99035086.5571289
22.1878933333333	120244530.683594
22.2233833333333	120678445.392334
22.2603833333333	98965553.3007813
22.295365	107424961.697754
22.3301766666667	92676180.3129883
22.3650683333333	98270688.9414063
22.39747	86007922.4985352
22.4323666666667	85153709.0751953
22.4668866666667	109761104.367676
22.5019016666667	110334131.629395
22.5345766666667	114968335.296875
22.57048	118981641.585449
22.6057716666667	113895530.64624
22.64101	114376921.243652
22.67758	117178992.626953
22.713975	121899796.597656
22.7467666666667	116316190.445801
22.7827216666667	104273929.601074
22.8215433333333	113788549.458252
22.8596716666667	125621680.95752
22.8945383333333	143264748.672852
22.9281866666667	171896058.063477
22.9654433333333	168084578.785645
23.0011633333333	161677712.54834
23.0376033333333	149055621.81543
23.0717833333333	146264040.694824
23.1090783333333	207332261.984375
23.1437666666667	184759029.848633
23.1819583333333	163198790.483887
23.2182616666667	132587696.637207
23.2536933333333	157913622.142578
23.2909333333333	110519943.758301
23.32724	133905255.505859
23.3651666666667	99192578.4987793
23.4011966666667	103940866.836182
23.4379316666667	86571079.3818359
23.4716583333333	127109773.060547
23.5069366666667	124849488.924316
23.5417666666667	124607260.76416
23.5750266666667	113995566.27832
23.6080516666667	119371447.811035
23.6413733333333	131889056.241455
23.678505	129062220.04248
23.7142383333333	142664038.125488
23.7503283333333	128299980.917725
23.7845116666667	148417035.372559
23.8199316666667	123036746.630859
23.8534716666667	151711047.123535
23.889635	132914697.904785
23.926505	116134835.749268
23.96093	84154356.9338379
23.99659	106483445.295654
24.032555	90248448.359375
24.067595	99829824.5031738
24.0998233333333	117790069.459961
24.1366933333333	111690007.678955
24.173205	114800167.068359
24.2087133333333	127516176.296875
24.2443033333333	127765390.40918
24.27976	147716919.554688
24.3151083333333	174174597.982422
24.350725	108043824.580566
24.3882083333333	151461012.697266
24.422595	105635630.131348
24.4561366666667	170989051.877441
24.490365	156229980.268066
24.5276433333333	198016793.671875
24.5611	119595996.973633
24.5976433333333	113884711.334961
24.632575	127215710.759277
24.6670633333333	139962132.635254
24.7028	112943076.315674
24.7402816666667	91527829.9943848
24.77705	100796081.252686
24.8140483333333	140163570.635254
24.8462566666667	108532826.636475
24.880975	108755733.567139
24.916175	137699422.590332
24.951465	111671625.703125
24.9860833333333	110836302.645996
25.0234783333333	141644901.879883
25.0607816666667	121571984.284668
25.095035	157770202.179199
25.1310033333333	147832374.436035
25.1672616666667	166688278.844727
25.20121	150445432.708496
25.2398833333333	178662212.736328
25.2768883333333	156731617.444824
25.311805	195019106.389648
25.3492466666667	186041029.807617
25.3866666666667	170859136.87793
25.4250983333333	205691184.960938
25.45958	193029289.119141
25.497855	187820257.062988
25.5350833333333	177679320.425781
25.5675133333333	243507786.53125
25.6049233333333	195412490.802246
25.63677	238497312.057617
25.6710016666667	188682616.631348
25.7051066666667	213546393.983887
25.738295	200019284.35791
25.7716233333333	164474537.782227
25.80963	147509295.444824
25.84588	113370343.970459
25.87945	95317661.6430664
25.9151683333333	116477494.4646
25.95034	66946048.7973633
25.9877933333333	116055901.291992
26.0239233333333	118449772.196045
26.0595166666667	131073728.641602
26.095595	196439863.644531
26.1297466666667	180537220.855957
26.1638083333333	168745355.022461
26.19753	186613031.78125
26.232195	188558117.861328
26.270335	152440550.537598
26.307435	188844266.40332
26.3409366666667	171391112.437988
26.3764483333333	137033216.254883
26.4128733333333	181712122.728027
26.44982	162408775.522461
26.4837916666667	204390599.330566
26.51973	239164890.494141
26.55306	188352812.812012
26.5840366666667	195236392.922852
26.6177866666667	156832421.872559
26.65028	191043955.541992
26.6859283333333	205779653.476074
26.7211	167227600.649414
26.7560416666667	154358403.574219
26.7906416666667	155440957.199219
26.8268066666667	125005489.328613
26.8637916666667	128965573.238281
26.899105	145475153.48584
26.9359916666667	175931288.5
26.970805	175968367.006348
27.00562	187086118.615723
27.0403166666667	110669575.911133
27.0745533333333	162503491.018066
27.1070016666667	187547773.902344
27.1416	157184007.098145
27.1753283333333	179331262.957031
27.2083233333333	146959559.212891
27.2428366666667	128529926.621094
27.2788933333333	215341242.460449
27.3129433333333	171351603.283691
27.3502566666667	156830675.957031
27.38441	175796694.353516
27.4204316666667	151408703.298828
27.4579933333333	179450665.790527
27.4896866666667	214554800.298828
27.524715	163272845.929199
27.5615683333333	206707419.803711
27.5919316666667	157450692.989746
27.6256416666667	197614014.262207
27.660345	192454318.602539
27.6950666666667	179879078.05127
27.72883	152600117.487305
27.7628183333333	148048594.540527
27.7989833333333	123481875.144043
27.8343033333333	135424742.494141
27.8708666666667	160163572.596191
27.90839	185194307.630371
27.942195	137568083.835938
27.9794633333333	190804566.099609
28.0086933333333	163187270.912109
28.0457366666667	153115761.958008
28.080885	120849917.437012
28.1128383333333	132183218.710693
28.14937	94235660.3928223
28.1826633333333	221074262.104492
28.21511	226828048.663086
28.2493	257222872.475586
28.2856416666667	259539958.814453
28.3223083333333	224785937.837402
28.35531	254334448.003906
28.3915016666667	299519372.429688
28.4260083333333	249147957.642578
28.4605966666667	208619451.179688
28.4982916666667	176311985.224121
28.5302083333333	152884002.298828
28.5661216666667	155848700.543457
28.6010266666667	121648219.814697
28.6328283333333	128306968.575684
28.66505	129958340.125977
28.6998	125807040.188477
28.735985	145100848.005859
28.765155	159174062.321777
28.8007	181542379.532227
28.8348133333333	152797210.273438
28.8673416666667	186202780.520996
28.9004216666667	149384581.612305
28.9375433333333	213958973.524902
28.9730033333333	146612340.176758
29.0079066666667	189415398.020508
29.0395683333333	186895744.618652
29.073945	146956991.070801
29.1098166666667	193658095.266602
29.143265	218000034.726563
29.1755616666667	205512974.270996
29.2073016666667	197022892.138672
29.23998	207677101.397949
29.2693283333333	178935183.838379
29.304495	195662541.989746
29.3381666666667	180149494.254883
29.37147	198091128.527344
29.4103866666667	201528377.733887
29.446115	116942390.349121
29.4829183333333	244743739.354492
29.5158683333333	236554397.181152
29.5478283333333	169576018.791504
29.5828616666667	214108693.949219
29.61753	255652743.366211
29.65003	255201210.794922
29.6832083333333	247712630.869629
29.7150083333333	305630881.787109
29.7479283333333	271364114.541016
29.7823333333333	425692209.464844
29.8157333333333	327034569.681641
29.8485166666667	361640063.709961
29.88197	279611292.255859
29.9168	319766737.543945
29.9509766666667	408548448.227539
29.98521	380481750.367188
30.018265	404485270.770508
30.0539783333333	439174904.833984
30.088745	344608585.103516
30.1246216666667	235229030.561035
30.1589983333333	358455993.958984
30.1951883333333	285513847.120117
30.232845	348804613.266602
30.26868	362040655.825195
30.3022333333333	277713769.748047
30.3360333333333	379558744.333984
30.3717416666667	234363198.919922
30.4079283333333	304864657.566406
30.44506	238765411.90625
30.47959	202607516.985352
30.5138633333333	276641992.727539
30.5498233333333	236829670.797852
30.5847033333333	205591146.035156
30.6180483333333	226759550.897461
30.6510633333333	254283901.337891
30.681115	196201580.196777
30.7135766666667	135011148.532227
30.74471	192982490.557129
30.77794	216817219.583008
30.8116516666667	181236040.969238
30.8448016666667	252265528.68457
30.88024	236048043.804688
30.9130816666667	321268748.094727
30.9460183333333	309779146.397461
30.9789533333333	241935911.188477
31.01544	335789642.908203
31.05018	305963653.679688
31.086545	391829204.992188
31.1209583333333	347709963.294922
31.1555283333333	337363212
31.18847	354878907.348633
31.2196166666667	270249846.859375
31.2538066666667	282545890.496094
31.2867566666667	264571319.71875
31.3197966666667	209339912.844238
31.3553916666667	194878323.286621
31.3917216666667	197963234.285156
31.427775	230795436.194336
31.4591933333333	175653073.114258
31.4932683333333	277100116.020508
31.526635	301791455.286133
31.5606316666667	372956740.446289
31.59318	217785824.34082
31.628455	403160007.783203
31.66061	360518727.803711
31.6933566666667	450514349.682617
31.7260316666667	405028918.354492
31.75831	441309508.303711
31.7897766666667	542914656.876953
31.8245266666667	364324775.911133
31.8601966666667	554268581.757813
31.8959183333333	472734872.993164
31.930355	448481755.96582
31.963405	515628569.890625
31.9963166666667	354203973.339844
32.030345	606819206.529297
32.0618383333333	609067981.794922
32.0939983333333	563832851.80957
32.132145	449593984.797852
32.1666466666667	505939684.84668
32.2018816666667	351622631.172852
32.2409933333333	517514818.34082
32.2755933333333	427101994.195313
32.3111216666667	468081437.014648
32.3459633333333	474116457.417969
32.3798216666667	464537594.708008
32.4140916666667	402849592.15625
32.4494866666667	449741022.301758
32.4840633333333	289643787.446289
32.5187066666667	375921824.220703
32.5528333333333	440860610.44043
32.5874533333333	417083686.571289
32.6220933333333	413936438.763672
32.6568166666667	315536396.667969
32.6907516666667	336144222.790039
32.7255283333333	296922981.941406
32.7577233333333	242891741.206055
32.790625	291633292.172852
32.8259966666667	287171098.163086
32.85785	232718206.150391
32.8901316666667	333885964.833984
32.92253	447398426.586914
32.9548216666667	302716419.058594
32.9883166666667	300288500.052734
33.0224833333333	347136534.366211
33.0551883333333	350023124.06543
33.08654	392024601.219727
33.12179	393053982.705078
33.1551216666667	506971351.386719
33.1900133333333	471247351.255859
33.2219266666667	421659437.091797
33.2560433333333	396991676.306641
33.287785	488493499.43457
33.3195416666667	332481043.328125
33.3510883333333	380515194.001953
33.3882383333333	459617889.59082
33.4198966666667	292576721.885742
33.4538916666667	359288193.573242
33.4880183333333	329311211.881836
33.5233983333333	363607949.990234
33.5559333333333	379290856.091797
33.5899616666667	313788476.462891
33.6229566666667	316285300.708008
33.6568733333333	351457106.945313
33.689385	349824751.650391
33.7265183333333	395199426.423828
33.7597033333333	403890537.75
33.791605	363004859.326172
33.8237933333333	342123153.427734
33.8567633333333	421943664.743164
33.890815	400987423.777344
33.923695	410728643.125
33.9544866666667	418529847.768555
33.9858333333333	339676712.483398
34.0189383333333	277073163.825195
34.0523116666667	327627741.163086
34.0842116666667	427173048.793945
34.1171016666667	371057019.963867
34.1519233333333	351609951.829102
34.18474	383151812.258789
34.2168166666667	340866562.780273
34.2484916666667	354097918.277344
34.2805166666667	358206040.334961
34.3157016666667	316527659.469727
34.3482766666667	287034736.147461
34.3829316666667	248158087.007813
34.418195	252962005.564941
34.451545	275324956.926758
34.4841083333333	337912100.808594
34.516675	287417147.978516
34.54928	317496001.34375
34.5842033333333	429320602.344727
34.61732	334902948.041992
34.65078	400971089.749023
34.6816016666667	336352913.386719
34.715345	352213755.547852
34.74854	305131391.595703
34.7822133333333	234560089.175781
34.8154833333333	239388348.744141
34.8500366666667	315151822.96875
34.88473	373601494.810547
34.91966	347367276.8125
34.952255	325570493.012695
34.9870416666667	308765366.988281
35.0197966666667	478165247.925781
35.052465	365609389.918945
35.0891266666667	427024286.816406
35.1260333333333	318520200.879883
35.162075	415399327.170898
35.1956783333333	398056150.827148
35.228815	373831750.785156
35.2618166666667	442146179.075195
35.2936033333333	425109982.033203
35.3281283333333	254446785.514648
35.3613666666667	359221810.928711
35.3956016666667	313589737.411133
35.4293116666667	258779763.756836
35.46107	301827380.032227
35.4958	295897596.520508
35.529725	321220666.077148
35.562925	279495722.135742
35.5973866666667	285405213.169922
35.6317133333333	237123367.487305
35.667155	372997497.901367
35.6976333333333	371667715.973633
35.7292583333333	288705139.080078
35.764015	283930258.819336
35.79632	407336507.876953
35.8290933333333	373281078.957031
35.862405	346766693.459961
35.8967433333333	356215969.095703
35.9312283333333	402231623.157227
35.963235	472665886.729492
35.9968766666667	404712142.429688
36.0303066666667	436073645.012695
36.0620116666667	516416710.416992
36.0960166666667	382084583.175781
36.1307466666667	383017801.623047
36.1647466666667	325072140.623047
36.1981083333333	496089083.640625
36.2293366666667	420568634.848633
36.2631283333333	604740277.757813
36.2935433333333	451889313.013672
36.3258083333333	454760171.645508
36.3587616666667	503364086.183594
36.3902716666667	431393831.818359
36.4250866666667	478297899.764648
36.4604716666667	519707858.563477
36.4950183333333	354659814.676758
36.5331133333333	385870719.378906
36.5668483333333	393713750.865234
36.6036416666667	449700253.064453
36.6376516666667	406251596.473633
36.6732133333333	341257292.68457
36.7069016666667	409995359.769531
36.7359683333333	358919907.266602
36.769265	348342908.626953
36.80224	381169733.564453
36.8377433333333	438316893.880859
36.8660466666667	338803978.970703
36.901255	365476209.229492
36.9345666666667	402930013.543945
36.9702966666667	338364517.797852
37.0046933333333	368836922.241211
37.0343616666667	401541310.748047
37.0681066666667	228820095.34375
37.10317	289186710.183594
37.13669	334454905.204102
37.1680766666667	305442710.827148
37.2006616666667	322486039.929688
37.2344933333333	456437656.360352
37.26802	375016711.475586
37.3005316666667	419551706.193359
37.3324066666667	419293029.610352
37.3648816666667	408045237.708984
37.3975666666667	425815828.313477
37.431	389429589.911133
37.4636783333333	378272110.904297
37.4979116666667	518014837.527344
37.5333683333333	411992417.573242
37.5690683333333	400791873.104492
37.6012183333333	439770376.080078
37.63456	308391811.296875
37.6682966666667	368619770.56543
37.7006033333333	501334465.298828
37.7344166666667	390057500.196289
37.765855	282607267.183594
37.7980266666667	283436907.263672
37.8300816666667	290193838.005859
37.8607016666667	339162470.87793
37.8927516666667	324135394.686523
37.9246116666667	349976469.760742
37.9567833333333	273650132.129883
37.9896633333333	309165861.533203
38.0265316666667	331139056.842773
38.0621983333333	399674093.268555
38.0955066666667	369659132.617188
38.1268316666667	484541933.600586
38.1601483333333	545948122.291016
38.1920533333333	628958954.34375
38.2260233333333	552053467.710938
38.2604533333333	553246532.642578
38.2928316666667	586423619.808594
38.3269516666667	664051922.291016
38.3592783333333	560776011.384766
38.3917116666667	576641524.464844
38.4214966666667	625267270.091797
38.4534883333333	446235733.341797
38.48726	356088554.34375
38.5187083333333	453032042.558594
38.5496	326572810.453125
38.58436	392276239.708008
38.6202516666667	424220658.208008
38.653465	234977329.897461
38.688605	370386665.819336
38.720795	336739047.328125
38.7545216666667	391027652.470703
38.7878783333333	427908255.423828
38.8193966666667	410813496.46875
38.85366	529607945.779297
38.8879183333333	433557705.433594
38.9209433333333	546145569.230469
38.9544133333333	587798048.300781
38.9857016666667	476128390.186523
39.0170883333333	444678122.632813
39.0496566666667	448251907.043945
39.0807216666667	424771947.90918
39.1120766666667	486459739.168945
39.1434266666667	507319801.175781
39.1754666666667	435543410.101563
39.2086883333333	440053978.331055
39.24313	461443531.164063
39.2777783333333	503583585.016602
39.3115116666667	321254592.855469
39.346185	328789423.530273
39.38195	329202986.381836
39.41562	317831101.634766
39.446895	300566670.491211
39.48077	301285889.31543
39.5141783333333	322853146.642578
39.546185	328260951.202148
39.579	351972364.132813
39.6106083333333	404888773.680664
39.643035	360141748.365234
39.67583	441337217.314453
39.708215	366548469.46875
39.7410883333333	359528577.563477
39.772775	546395262.175781
39.803005	440095379.393555
39.8341483333333	586907498.910156
39.8642916666667	786643965.626953
39.89607	587361487.529297
39.929965	542205099.162109
39.959675	707888688.310547
39.9931933333333	757063438.476563
40.022455	607122383.072266
40.055235	456885080.101563
40.088755	410154262.266602
40.120075	304131690.802734
40.1505533333333	308644306.773438
40.18435	393984391.639648
40.2176633333333	366426907.092773
40.2515083333333	479698125.025391
40.283285	409023684.638672
40.3186416666667	422461782.666992
40.3520283333333	362829042.738281
40.38448	413512653.036133
40.4169216666667	591319817.369141
40.451275	480586670.226563
40.48454	332994496.404297
40.5181116666667	502558119.874023
40.5496266666667	383322268.581055
40.5812	421156727.863281
40.615685	543074236.623047
40.6481733333333	390237423.666016
40.6835766666667	419472743.300781
40.712305	509974753.673828
40.744005	330987518.285156
40.7752816666667	345027143.891602
40.8077216666667	410352930.506836
40.8412416666667	417289650.841797
40.873945	427776414.898438
40.9064066666667	376373165.961914
40.94052	528414118.991211
40.974465	386483388.938477
41.00684	416104310.133789
41.0403083333333	450339344.858398
41.0731233333333	422951935.888672
41.1058166666667	449166749.529297
41.136465	378467298.507813
41.1712466666667	399254426.652344
41.2024916666667	562577413.261719
41.2359733333333	468470501.480469
41.2687616666667	417917568.650391
41.302105	421390040.647461
41.33543	348990736.929688
41.3687616666667	367683976.945313
41.4001433333333	408450484.856445
41.4324716666667	385828798.891602
41.4636583333333	304061107.048828
41.494875	364309291.607422
41.5255	420745852.867188
41.5589583333333	351369264.016602
41.5877866666667	400522316.264648
41.622415	388833929.8125
41.6551483333333	466860360.388672
41.6881466666667	463737401.623047
41.7190066666667	450147798.236328
41.7508283333333	624197566.255859
41.7823716666667	472458651.039063
41.8125466666667	525892994.165039
41.846035	583384641.619141
41.8768966666667	694524228.21875
41.90819	671606397.669922
41.94034	697171026.726563
41.972715	811071985.416016
42.0035616666667	810748371.097656
42.0346883333333	948467409.693359
42.0668966666667	702735338.560547
42.09815	748626634.757813
42.1295266666667	709808508.609375
42.1596583333333	556329404.576172
42.1937716666667	568319309.082031
42.2269183333333	585450675.111328
42.2568283333333	745327275.050781
42.28821	626818397.035156
42.3198566666667	490351306.009766
42.3523266666667	414976682.063477
42.3843816666667	534455995.8125
42.4145416666667	407254932.214844
42.4445766666667	530846145.996094
42.4764183333333	622178790.443359
42.50974	433914100.09668
42.5434616666667	454017288.996094
42.5754316666667	485894424.470703
42.60689	622520036.253906
42.63747	388904923.751953
42.6691116666667	331257242.526367
42.699605	469254523.818359
42.7325466666667	376414517.636719
42.7649916666667	481554566.573242
42.7973216666667	479436292.922852
42.8294233333333	403823953.325195
42.8634833333333	446485687.863281
42.8956433333333	635555316.923828
42.927295	387802791.25
42.9593616666667	396400303.646484
42.9916833333333	312059076.864258
43.0271833333333	379621143.555664
43.06101	273666762.085938
43.096125	363161261.337891
43.1305083333333	304449949.825195
43.1630633333333	330866830.723633
43.1963633333333	364781566.505859
43.227885	398902026.359375
43.2589316666667	383996411.910156
43.28885	461494511.849609
43.3202583333333	434874819.353516
43.351665	402815506.722656
43.3817916666667	583677714.232422
43.4129783333333	607726135.683594
43.4421066666667	569772026.632813
43.4728333333333	466443414.509766
43.5050366666667	420619737.803711
43.5376883333333	314340405.603516
43.5711383333333	450853144.443359
43.604525	438602807.75293
43.6375416666667	477045980.509766
43.67183	510672398.660156
43.7042833333333	620028811.535156
43.73465	366847111.433594
43.76728	467793678.817383
43.8001616666667	528261258.134766
43.8310716666667	564518742.685547
43.8614433333333	596793921.269531
43.8942316666667	524440949.892578
43.9258483333333	722550025.171875
43.954995	487732976.888672
43.985855	545022323.505859
44.016945	527304002.220703
44.0490333333333	634225143.328125
44.0801583333333	460129021.789063
44.1128383333333	476145684.037109
44.14517	580867980.712891
44.1767416666667	495551229.501953
44.2114183333333	421344382.50293
44.2429566666667	415800060.634766
44.2753616666667	432334832.664063
44.3060766666667	478945765.294922
44.33819	507085878.335938
44.3689133333333	458081597.675781
44.4021066666667	532682012.564453
44.432405	652393399.726563
44.4636933333333	490314437.970703
44.4956366666667	412985645.173828
44.5271416666667	624953116.314453
44.5577683333333	454275387.951172
44.5896266666667	483461664.083984
44.6206516666667	452964512.703125
44.65189	603131126.431641
44.6850816666667	735148348.416016
44.7160433333333	517256438.024414
44.7475516666667	702892397.015625
44.777145	606617239.244141
44.80618	618747202.625
44.8378416666667	624385632.482422
44.86917	735001088.050781
44.8999383333333	413776439.608398
44.9343466666667	462898146.939453
44.9651283333333	425149264.009766
44.99537	475891185.539063
45.02681	521023170.638672
45.0590916666667	377816665.210938
45.091275	360896348.328125
45.1234333333333	342146884.021484
45.15551	487414712.464844
45.1860583333333	653649709.158203
45.2173833333333	474192521.179688
45.2488883333333	539259363.777344
45.2785166666667	649920026.113281
45.308585	553185098.095703
45.3379416666667	402728622.837891
45.3677983333333	567942956.929688
45.39859	575357157.644531
45.4293116666667	753301507.478516
45.459645	523847997.298828
45.4919633333333	632157170.572266
45.524925	690040366.402344
45.5569066666667	581773053.216797
45.58828	773667037.173828
45.6175983333333	659067102.890625
45.6470866666667	438090597.84375
45.6784316666667	621260961.107422
45.7079616666667	599181236.023438
45.7386766666667	384169993.356445
45.7721933333333	639586619.730469
45.8037516666667	587152607.371094
45.8347783333333	800114463.363281
45.86651	694214781.28125
45.89854	607516267.404297
45.9314083333333	656699245.21875
45.9638866666667	802939497.386719
45.9951666666667	757364868.982422
46.026125	1008457543.96484
46.0579433333333	802743647.951172
46.0902983333333	777341131.222656
46.1215683333333	818261238.509766
46.151625	904097109.265625
46.1820766666667	971930604.710938
46.213155	858423982.873047
46.2441633333333	793204389.660156
46.2766566666667	724473072.779297
46.3069283333333	545410716.376953
46.338535	549447789.142578
46.3699033333333	825158354.548828
46.4005433333333	712223821.923828
46.4312533333333	702678552.638672
46.4629683333333	687729572.8125
46.4965766666667	817830124.4375
46.5275416666667	894971405.957031
46.5573266666667	811418766.550781
46.5883716666667	674047103.304688
46.6192416666667	844692462.982422
46.6499416666667	904451106.701172
46.6804	1039284509.64063
46.7106716666667	760900873.810547
46.742745	720100148.779297
46.7742116666667	779510445.660156
46.8042033333333	685915496.28125
46.8347233333333	663793906.587891
46.864605	506338988.066406
46.897275	669531330.402344
46.9267683333333	754428477.994141
46.9573716666667	556195357.091797
46.988345	646587650.050781
47.0207183333333	411865195.552734
47.0517166666667	648759191.751953
47.0833816666667	611573529.730469
47.11478	534424126.861328
47.1453816666667	588529901.029297
47.1764366666667	608493260.378906
47.206815	608559951.882813
47.2386133333333	648444791.740234
47.2694383333333	752366405.464844
47.30224	686760969.871094
47.334845	840860459.730469
47.3641033333333	590683092.447266
47.395105	562228176.597656
47.4263	616156655.427734
47.456595	626600576.275391
47.4874966666667	528717569.982422
47.51988	584823413.369141
47.5501966666667	431415330.763672
47.583415	436356137.858398
47.6147416666667	647800554.273438
47.6447833333333	625846944.523438
47.67504	464826208.423828
47.7070466666667	547187877.142578
47.73759	693913985.710938
47.7682683333333	620728193.085938
47.8012383333333	616995429.355469
47.8327066666667	594085581.916016
47.8647683333333	653223458.357422
47.8972683333333	492181302.705078
47.928635	710974966.09375
47.95906	524309944.816406
47.98989	763607261.03125
48.0203133333333	787997073.375
48.0507766666667	632015222.503906
48.0819716666667	647280224.679688
48.11432	773429344.117188
48.1452183333333	849361619.736328
48.1753516666667	937848127.140625
48.20521	879513999.136719
48.2371333333333	847142832.595703
48.267995	754428809.097656
48.2993683333333	703679426.662109
48.3311883333333	515204942.837891
48.3619366666667	537496061.962891
48.3925566666667	544241059.195313
48.4227633333333	458546560.140625
48.4533583333333	544998251.117188
48.4841533333333	542492561.580078
48.5148183333333	731932476.230469
48.5458983333333	536774660.435547
48.5756333333333	724493218.849609
48.604895	747275202.953125
48.6351133333333	577349002.035156
48.66688	675840944.763672
48.6981483333333	742932826.779297
48.7306466666667	897964646.095703
48.76144	801194113.300781
48.7915483333333	713462797.830078
48.8235766666667	789507475.738281
48.85531	1020784038.89844
48.8862833333333	705697651.164063
48.9174283333333	983494749.685547
48.9489816666667	1050347752.53906
48.9812566666667	920515719.009766
49.0135583333333	869888581.945313
49.0460466666667	723271295.671875
49.0791116666667	854530175.546875
49.109265	762646502.615234
49.1396116666667	693374153.365234
49.1689533333333	651374712.119141
49.19897	898578891.191406
49.2281783333333	594490489.740234
49.25833	651255085.589844
49.2903233333333	485470665.460938
49.322705	675889479.15625
49.3544483333333	701676655.431641
49.3854566666667	451911820.925781
49.41758	758210698.818359
49.449245	471037903.811523
49.484015	694864023.242188
49.5158583333333	890503868.646484
49.5472366666667	758173427.453125
49.5802166666667	597681744.242188
49.6120883333333	718431732.185547
49.64482	695781020.863281
49.6761483333333	638992827.011719
49.7083033333333	534972176.464844
49.74025	467788539.912109
49.7715283333333	399957692.617188
49.80423	558612174.869141
49.8353483333333	648738780.767578
49.86727	522468600.623047
49.8997983333333	466232925.567383
49.9308466666667	449395272.464844
49.9645683333333	551279054.775391
49.99743	810955498.492188
50.02855	702577521.255859
50.0606266666667	465123252.701172
50.0921366666667	607089935.666016
50.1235466666667	706697558.751953
50.154235	517679787.695313
50.1846416666667	558041635.371094
50.21517	583004437.59375
50.24721	503548692.277344
50.27835	610628504.265625
50.310985	693086699.617188
50.3428366666667	595891637.15625
50.3734516666667	769811556.220703
50.4028533333333	603571156.720703
50.4334633333333	607171303.886719
50.4638266666667	642145724.166016
50.4957366666667	536770348.533203
50.5257166666667	593217811.917969
50.557015	513071007.667969
50.5898216666667	760040786.783203
50.62135	782273850.765625
50.6519616666667	639046497.28125
50.6863766666667	741436111.855469
50.716765	608276135.666016
50.7480666666667	783331922.726563
50.778045	798793331.333984
50.80953	883002500.738281
50.83934	1181549111.35547
50.8694433333333	999388852.015625
50.8993783333333	910690236.818359
50.930795	988833258.998047
50.9621866666667	690449331.958984
50.9942666666667	934774124.482422
51.024855	708173696.242188
51.0559083333333	796324359.228516
51.0876883333333	861113435.763672
51.1192	701039161.792969
51.1531066666667	652513560.144531
51.187925	676935810.707031
51.2192866666667	602792032.351563
51.251595	930188055.521484
51.2836133333333	648474038.195313
51.317515	693291669.167969
51.35026	628951841.669922
51.382355	985344713.953125
51.4127633333333	1030287873.41406
51.4436933333333	814836430.707031
51.47569	704773457.949219
51.50797	714909432.730469
51.5402633333333	853600560.126953
51.5715866666667	727654578.416016
51.6037116666667	563917978.943359
51.6363516666667	562228639.808594
51.6687116666667	667571815.166016
51.6999883333333	540160856.5
51.7326433333333	645416742.005859
51.7647583333333	465214785.4375
51.79778	614530178.929688
51.827385	686426693.677734
51.858885	700092049.666016
51.8894416666667	710284683.871094
51.920425	766895392.484375
51.9512233333333	705859052.621094
51.98343	792107460.009766
52.013955	930506561.183594
52.0443566666667	898433916.1875
52.07476	838597836.892578
52.1055033333333	823780443.255859
52.137215	949738150.318359
52.1683133333333	620638999.908203
52.1994733333333	597617314.65625
52.2312466666667	1022406089.6582
52.262985	784228985.298828
52.2946133333333	690826839.316406
52.3250533333333	627366513.574219
52.3578066666667	460417360.546875
52.3903066666667	658452944.640625
52.42135	688054947.400391
52.4526483333333	732694052.441406
52.4830133333333	494658577.552734
52.5150283333333	805504303.15625
52.5464633333333	687355256.447266
52.5784583333333	841286631.324219
52.6103333333333	827461698.498047
52.6405483333333	480146993.900391
52.6744133333333	622950428.371094
52.7061016666667	668467592.748047
52.73768	596197470.691406
52.7711216666667	664561030.466797
52.80306	830749240.072266
52.8353666666667	599184892.398438
52.864705	523760124.09375
52.8980683333333	508441905.417969
52.9302283333333	618099323.021484
52.9622916666667	460441013.460938
52.9935833333333	408399408.807617
53.024905	483906726.541016
53.05651	508169644.896484
53.0877033333333	643095818.832031
53.1181833333333	497720549.232422
53.1502616666667	423330968.494141
53.1822633333333	341053171.307617
53.2136783333333	572137967.681641
53.2456366666667	519231780.605469
53.2785933333333	526104411.728516
53.3087666666667	576073697.455078
53.3402933333333	574663588.607422
53.3717416666667	542883730.15625
53.40205	608350991.621094
53.432215	661417454.865234
53.463975	886896748.039063
53.4948033333333	863692099.597656
53.5253366666667	739770065.230469
53.5555016666667	831080604.759766
53.58542	903357073.011719
53.6152533333333	777828560.171875
53.646125	703260063.189453
53.6764116666667	582445949.107422
53.7069266666667	774807583.384766
53.7378766666667	564300942.761719
53.76985	650750049.355469
53.8011833333333	684346480.318359
53.8325733333333	625974436.753906
53.864765	866227896
53.8956466666667	648523238.90625
53.926945	726000426.761719
53.9565516666667	967626415.632813
53.98563	751448737.570313
54.0163733333333	768143728.425781
54.0469816666667	674232708.375
54.077955	649402140.943359
54.1084483333333	756770902.464844
54.1397766666667	963926316.212891
54.171685	802904803.474609
54.2027683333333	945637962.560547
54.2342016666667	816558662.560547
54.266775	744522028.046875
54.2999583333333	564008289.0625
54.3331383333333	598100845.207031
54.3649933333333	465865749.990234
54.396175	663082580.943359
54.4271	447000249.771484
54.4582733333333	492450900.648438
54.4891633333333	602058098.896484
54.52079	647849193.445313
54.55105	467946112.714844
54.5833333333333	533937017.556641
54.6147416666667	723943075.744141
54.6461683333333	722659934.402344
54.67635	737779207.734375
54.7075633333333	831453014.832031
54.7380633333333	670909355.359375
54.7698983333333	784219730.552734
54.8009266666667	670160506.878906
54.83169	628533102.548828
54.8631633333333	687537659.119141
54.8957783333333	664459951.886719
54.9274183333333	544818026.28125
54.9589616666667	796955020.857422
54.9900033333333	736599399.546875
55.0217416666667	607630785.5
55.0513416666667	705102759.449219
55.0819633333333	675613893.283203
55.1121333333333	713109567.681641
55.14285	501678245.001953
55.1736766666667	635264806.697266
55.2052083333333	696384387.533203
55.236385	652646929.15625
55.2687283333333	510163776.730469
55.3000133333333	691865089.396484
55.331935	875907890.416016
55.36317	574681239.482422
55.3944466666667	606252031.982422
55.4255733333333	705900206.521484
55.4563683333333	739715974.841797
55.488105	768942016.46875
55.5188983333333	680020125.041016
55.5507866666667	537096664.511719
55.58323	676715163.957031
55.6136066666667	566015103.003906
55.6442566666667	600195148.146484
55.6758133333333	507557599.691406
55.7083916666667	568189191.242188
55.7389583333333	623948971.896484
55.7685316666667	590768407.792969
55.7986433333333	513330087.451172
55.8292833333333	487547656.464844
55.85886	539718565.787109
55.88962	614036138.509766
55.9207966666667	524799826.513672
55.9528333333333	642117833.425781
55.98442	517635246.130859
56.0162716666667	659474205.638672
56.0456716666667	718563287.652344
56.0757283333333	832825931.822266
56.105105	813468800.724609
56.13626	916477886.501953
56.1669716666667	917435469.207031
56.1987216666667	764483325.666016
56.2282733333333	849516680.769531
56.2589066666667	695473407.388672
56.2898783333333	742814619.488281
56.3217966666667	847376157.019531
56.35331	867961218.515625
56.38441	968077505.025391
56.41645	785087357.037109
56.4473916666667	855024362.867188
56.4781866666667	911435329.136719
56.508095	870702658.767578
56.5379416666667	836437515.566406
56.569085	625905422.25
56.6018616666667	692564549.419922
56.6333266666667	870842713.302734
56.6647066666667	714311812.080078
56.69689	810889288.673828
56.7288066666667	582040219.4375
56.76047	693905133.513672
56.7910283333333	532275801.767578
56.8228516666667	666766963.615234
56.8543216666667	671620628.746094
56.8846416666667	724944167.308594
56.9154816666667	731361560.667969
56.9470016666667	715702094.363281
56.9774433333333	731548077.8125
57.0082833333333	602280412.953125
57.0393116666667	786108351.087891
57.0700366666667	532560467.404297
57.10094	675520670.876953
57.1318183333333	592927379.240234
57.164385	779103114.566406
57.1973383333333	541655235.931641
57.2287783333333	545905525.724609
57.2607466666667	506478802.46875
57.2936816666667	555150188.097656
57.32537	535161501.554688
57.3586916666667	514917581.933594
57.3909	617353765.607422
57.42189	546953065.041016
57.453615	532796732.589844
57.4847483333333	533612722.675781
57.515705	620857363.568359
57.5458316666667	594289894.849609
57.5767466666667	866668864.039063
57.6071666666667	630436907.384766
57.6371316666667	714738058.884766
57.6676483333333	721007721.798828
57.698535	761592735.210938
57.7285833333333	595452893.337891
57.7590933333333	574927392.431641
57.79015	1122073475.55859
57.8210366666667	609174565.451172
57.8532633333333	792941107.544922
57.8855733333333	763242391.880859
57.917	634898790.160156
57.9487566666667	568560617.662109
57.9809166666667	643590269.335938
58.0127283333333	578596813.958984
58.0446	527449652.695313
58.0763083333333	435687833.691406
58.1087666666667	549303595.386719
58.14054	537820762.628906
58.171135	605029984.652344
58.2022683333333	548503705.679688
58.2344066666667	508105341.357422
58.2658666666667	507727751.128906
58.29664	482763379.150391
58.3283366666667	502030987.171875
58.358875	505149454.671875
58.3905133333333	606069018.642578
58.4202116666667	436634310.013672
58.4510133333333	554275909.583984
58.480815	594732457.498047
58.5117516666667	425355876.863281
58.5429583333333	605256368.730469
58.5740433333333	724610313.910156
58.6052333333333	396305949.662109
58.63721	375933803.666016
58.6688816666667	387325169.882813
58.7008816666667	352341698.134766
58.7319533333333	324001481.926758
58.76421	498331987.90625
58.795705	710781242.226563
58.8259266666667	733504047.261719
58.85779	657113485.390625
58.8880483333333	546679014.261719
58.9194033333333	494481266.242188
58.9517833333333	576899218.65625
58.9824466666667	792532025.763672
59.0137416666667	717193358.875
59.04526	686706661.595703
59.076355	587318319.519531
59.108535	497808379.568359
59.13944	623149842.251953
59.17074	604294591.126953
59.2024716666667	726300085.757813
59.2332916666667	743718003.529297
59.263505	837697352.699219
59.2935866666667	893599740.660156
59.3247083333333	769763120.349609
59.3546166666667	1187482816.98047
59.384385	1245005804.76563
59.4151916666667	978951738.6875
59.4458466666667	846653724.59375
59.4757516666667	909860384.150391
59.505925	880868163.376953
59.5361866666667	701766462.779297
59.566625	643804208.516602
59.5988566666667	887949485.113281
59.6296033333333	637706324.890625
59.6613766666667	756984185.976563
59.69294	635404155.46875
59.7249183333333	695937143.802734
59.758285	689439121.65625
59.78938	735910974.980469
59.8194133333333	768904210.117188
59.8513183333333	669396027.933594
59.8831066666667	617559210.935547
59.9134316666667	403420678.771484
59.94534	523269990.767578
59.9768533333333	690137578.8125
60.0077	437570008.042969
60.0389516666667	544316675.373047
60.0689733333333	439779041.087891
60.1001916666667	360037014.113281
60.13166	717705001.486328
60.1615016666667	535772160.505859
60.19157	717571434.884766
60.2231633333333	606149456.285156
60.25414	443467060.679688
60.28507	628004253.726563
60.3178433333333	560082812.654297
60.3495716666667	566214675.207031
60.380745	548001102.783203
60.4115	529449444.058594
60.4421333333333	506689045.458984
60.473475	550717861.058594
60.5048066666667	612503567.517578
60.5360533333333	633825714.748047
60.567455	461488083.119141
60.6003066666667	386326852.533203
60.6325716666667	546823342.8125
60.66518	506688056.03125
60.696835	609434547.179688
60.72694	621303675.21875
60.7581	715234257.886719
60.7888116666667	754296549.166016
60.8198933333333	575350639.193359
60.8520733333333	961309633.867188
60.8828133333333	623755566.623047
60.9145783333333	838531751.142578
60.9462	626889287.521484
60.9772233333333	527100589.173828
61.0080133333333	530250019.779297
61.041155	555597377.056641
61.07381	600714101.3125
61.1072866666667	563824846.789063
61.1382016666667	550399544.511719
61.169385	474239735.46875
61.2003566666667	730245672.648438
61.23132	422896147.294922
61.2636466666667	370223325.069336
61.29538	463553581.175781
61.3267983333333	335041916.235352
61.3593233333333	391499542.244141
61.390825	336570040.494141
61.4220983333333	434318322.972656
61.4531783333333	387646176.865234
61.4839333333333	650684197.828125
61.5126433333333	500824790.070313
61.5432583333333	465326864.90625
61.5741783333333	592543108.408203
61.6049816666667	608804679.492188
61.6354733333333	632559341.861328
61.66603	578935944.878906
61.6960233333333	670184193.935547
61.7269366666667	984883281.585938
61.75787	842541210.275391
61.7883783333333	784433256.458984
61.8194266666667	762004088.892578
61.85008	661393886.355469
61.8821166666667	513227257.555664
61.9139116666667	688175557.681641
61.9449783333333	577389926.585938
61.9758633333333	537214716.302734
62.007005	588700981.865234
62.039195	627294213.892578
62.0694583333333	608054339.865234
62.1009766666667	667299919.214844
62.1312366666667	638546358.990234
62.161505	607558941.097656
62.1924016666667	545472961.025391
62.2241083333333	758402017.701172
62.2537833333333	757288669.203125
62.2839716666667	590142418.376953
62.31594	495846099.519531
62.3494466666667	638269828.146484
62.3814383333333	506320272.941406
62.41314	453904766.863281
62.444185	489466143.767578
62.4759533333333	438358485.568359
62.5065683333333	539828441.275391
62.537985	461220808.605469
62.5699966666667	376680468.328125
62.6019583333333	422854366.333984
62.6343466666667	413316720.761719
62.6660616666667	316757267.014648
62.700445	456035888.685547
62.7332	598828728.867188
62.765075	391529964.188477
62.79614	587951621.611328
62.8267633333333	469713446.589844
62.8580383333333	443581601.089844
62.8904333333333	488605307.601563
62.92234	564414296.394531
62.953755	628946569.074219
62.9850083333333	479492817.802734
63.0178616666667	595575712.935547
63.0498283333333	648484130.679688
63.0813933333333	609756054.003906
63.1140533333333	571607306.021484
63.1441366666667	527312301.041016
63.175675	549027682.007813
63.207695	511421859.123047
63.2396933333333	458306676.239258
63.2733916666667	587812724.423828
63.3043233333333	641618911.996094
63.33519	421542502.033203
63.3665883333333	433986970.744141
63.3978316666667	521456653.736328
63.428085	443566683.894531
63.460895	617499642.384766
63.4917216666667	498618543.439453
63.52359	537678329.253906
63.5545033333333	520257721.548828
63.58571	606540008.820313
63.6177566666667	446460091.079102
63.6492083333333	458516374.581055
63.6816083333333	473741823.828125
63.7130033333333	437771185.619141
63.74557	603145849.710938
63.777795	472956049.052734
63.8095633333333	441581433.339844
63.8427766666667	505069436.330078
63.8747633333333	377139769.250977
63.9076166666667	598736940.744141
63.939335	415585152.460938
63.9712066666667	348970107.392578
64.002425	363431433.094727
64.0342116666667	463932558.657227
64.06548	523030163.841797
64.0961516666667	883922021.111328
64.12671	831138735.248047
64.1575483333333	615626884.511719
64.1884066666667	794910789.783203
64.2185783333333	606234913.988281
64.24981	773639052.089844
64.280125	553877028.402344
64.31036	489142453.249023
64.3429733333333	536231762.517578
64.374175	591050857.529297
64.4049916666667	600593522.515625
64.4359833333333	548357627.410156
64.4692266666667	531474489.625
64.5013466666667	452583203.918945
64.533145	603002570.857422
64.5647133333333	462661588.292969
64.59741	452886185.424805
64.62897	584077010.470703
64.660625	499978630.990234
64.6909866666667	479780520.035156
64.7213266666667	394374657.166992
64.7526333333333	436250684.334961
64.7849083333333	528147145.00293
64.814605	462044812.529297
64.8448933333333	570305490.886719
64.8754416666667	652513155.388672
64.9055	537044872.994141
64.936575	472065878.226563
64.96778	520273619.853516
64.998975	449124300.894531
65.0317583333333	493282123.176758
65.0643483333333	470591282.351563
65.0966233333333	500244116.441406
65.130175	441498437.279297
65.16325	332829545.238281
65.1960866666667	459922860.322266
65.2283716666667	457045784.542969
65.25941	466607846.091797
65.2917083333333	370881491.357422
65.3241583333333	380634713.070313
65.3568783333333	341110342.112305
65.3886683333333	339288206.955078
65.4211866666667	378373420.265625
65.4527633333333	357368096.651367
65.4834516666667	372744613.912109
65.5137783333333	423825493.381836
65.5449733333333	426341667.222656
65.576255	590789476.060547
65.6071716666667	632177810.529297
65.6388333333333	602652607.726563
65.67026	521301980.259766
65.70251	623695324.541016
65.733925	657318672.126953
65.7676283333333	611347329.417969
65.80089	746735189.861328
65.8331616666667	802515367.779297
65.865265	564682105.474609
65.8980516666667	566196983.079102
65.92968	582118424.625
65.9635583333333	701147035.037109
65.9954216666667	563573296.667969
66.026585	617773020.048828
66.058545	410872971.28418
66.0917316666667	448748108.561523
66.122805	468825951.900391
66.1558516666667	510213417.611328
66.18831	480562682.662109
66.2202783333333	572375227.605469
66.25151	662167817.691406
66.2824383333333	532688827.003906
66.314345	571060785.964844
66.3453583333333	730140689.783203
66.3766933333333	538485662.544922
66.4081483333333	506666857.652344
66.440025	505120842.300781
66.4712283333333	420920323.803711
66.5027966666667	490834349.551758
66.5348733333333	486069728.882813
66.5673366666667	564394019.207031
66.597925	591947389.427734
66.6296733333333	419883450.693359
66.661955	429635938.416016
66.694155	626465829.773438
66.7261683333333	530786342.193359
66.7575633333333	547753355.916016
66.7911816666667	475732294.289063
66.8231716666667	553423994.019531
66.8556316666667	713436907.210938
66.8872016666667	544272226.628906
66.91888	486570488.523438
66.950965	415941613.754883
66.9837833333333	432194813.860352
67.01535	437132816.138672
67.0470216666667	630500206.880859
67.078495	478982901.009766
67.1101166666667	563503351.746094
67.1429966666667	420904414.462891
67.175155	379138383.046875
67.2087733333333	376076888.955078
67.24218	484864372.075195
67.2751283333333	490749041.869141
67.307865	348338106.092773
67.3398983333333	364693521.371094
67.3725183333333	302328987.212891
67.4046516666667	372612850.391602
67.43771	432071818.098633
67.47003	428949136.831055
67.50294	412898045.511719
67.53645	513646019.457031
67.5672266666667	475968795.59668
67.5989533333333	389355368.259766
67.63188	423479658.420898
67.66332	514901722.862305
67.695	412283972.316406
67.7270316666667	455113150.158203
67.758055	641402092.847656
67.7869283333333	552388530.525391
67.817575	489291304.576172
67.8482033333333	478252410.081055
67.877925	533734756.222656
67.9089166666667	562237338.244141
67.9399233333333	505304460.822266
67.9712483333333	651127831.339844
68.0021533333333	583684321.509766
68.0337933333333	524841260.128906
68.0646933333333	534823355.610352
68.0962016666667	536843281.416992
68.128605	461357390.522461
68.1598116666667	652950798.503906
68.1912316666667	667919669.658203
68.221415	558929081.786133
68.2515816666667	612174571.449219
68.2822666666667	420384330.623047
68.3140883333333	594868181.941406
68.3456766666667	641933850.322266
68.3758816666667	588230561.994141
68.4074	421704278.435547
68.44079	348649074.742188
68.473745	452058487.026367
68.505535	736825363.421875
68.53614	395574796.648438
68.5676566666667	587439550.919922
68.5991016666667	458264939.851563
68.6311033333333	374646506.852539
68.6659166666667	323649198.770508
68.6996066666667	335552328.186523
68.731745	388059634.21875
68.76354	517309849.6875
68.7953233333333	420464076.177734
68.8276883333333	419084527.786133
68.85975	409911114.919922
68.89159	430683153.825195
68.9235183333333	445936962.313477
68.9555166666667	510368733.228516
68.987115	445888545.959961
69.0187083333333	332393021.823242
69.05073	340668437.816406
69.0820783333333	362445817.955078
69.114855	327142188.03418
69.14844	513348376.951172
69.180865	425049520.458984
69.213865	492832672.890625
69.24509	437475476.060547
69.2776633333333	420555309.118164
69.3100566666667	438446903.055664
69.3408716666667	312820634.192383
69.3741133333333	313688377.263672
69.407695	450783456.306641
69.4390683333333	431638808.561523
69.4700383333333	472202581.082031
69.5013666666667	335731929.800781
69.5341433333333	412151604.582031
69.5661216666667	412024074.048828
69.596345	642060252.166016
69.6272833333333	527369122.476563
69.6571816666667	600327594.496094
69.6896683333333	514687250.886719
69.7212666666667	506786750.351563
69.75201	427460168.075195
69.7855016666667	606858979.548828
69.8174666666667	456016218.607422
69.84985	359026921.820313
69.882275	440336754.446289
69.9140883333333	446318884.203125
69.9452033333333	392271285.373047
69.9762583333333	462663260.615234
70.0071433333333	364749122.46582
70.03855	319390135.379883
70.0710783333333	291612373.566406
70.104125	488813617.413086
70.1356633333333	478137358.3125
70.167425	602939453.419922
70.1978516666667	730903736.515625
70.2294433333333	810617688.785156
70.259735	844124066.722656
70.2899183333333	728409807.539063
70.3195166666667	923529536.005859
70.3504666666667	1102330035.86133
70.380295	863444891.927734
70.409895	943935733.955078
70.4400516666667	1071596387.44141
70.47012	898885708.566406
70.5013033333333	829525187.982422
70.5327066666667	804897429.328125
70.5647933333333	564545821.117188
70.5973233333333	618437482.054688
70.6293833333333	592290728.068359
70.6621266666667	588671283.293945
70.694105	583374406.519531
70.7258616666667	586776877.578125
70.75811	579310857.320313
70.789915	471840936.00293
70.8237016666667	480471938.675781
70.8558933333333	336583719.500977
70.888465	486778625.533203
70.9188416666667	504512642.18457
70.9509	399331118.262695
70.9832483333333	375005447.615234
71.015885	424117246.206055
71.0479483333333	435605880.901367
71.0784883333333	471549492.579102
71.1111666666667	441807150.037109
71.144185	418251873.441406
71.1767266666667	321486373.229492
71.2090766666667	334997300.663086
71.24077	273962748.352051
71.271875	348269146.619141
71.3042433333333	334064823.301758
71.3350283333333	207836326.164063
71.3703183333333	363805453.228516
71.4032683333333	344761513.761719
71.4363733333333	591767852.78125
71.4674566666667	469533522.75293
71.4992	369408468.161133
71.5314866666667	420019340.735352
71.564855	460743845.330078
71.5979783333333	544907445.302734
71.6308633333333	445290108.413086
71.6631716666667	633078759.208984
71.69538	487438339.512695
71.7283133333333	426316022.449219
71.7617683333333	419333555.365234
71.7942833333333	356567463.15332
71.829055	356575792.364258
71.8628883333333	383823571.875
71.894335	333672931.529297
71.9283133333333	432470763.158203
71.9606616666667	373500499.313477
71.9924016666667	277858609.430664
72.0250833333333	372670562.22168
72.0581333333333	340991394.423828
72.09072	328242934.740234
72.1235516666667	342250605.326172
72.1578133333333	342922489.505859
72.19068	274153712.193359
72.2243883333333	300450255.799805
72.258135	449859926.708008
72.2905183333333	382359111.828125
72.32173	313217997.985352
72.3538933333333	351625423.985352
72.3862266666667	322910324.446289
72.4195066666667	396911082.321289
72.45126	352661047.736328
72.4835766666667	322263212.416016
72.5164916666667	469566319.735352
72.547725	414097072.280273
72.579335	491613228.99707
72.610535	453497408.582031
72.6425633333333	372383867.419922
72.6733866666667	476120072.830078
72.7036033333333	557033182.34668
72.734475	514367223.535156
72.7664183333333	364845925.411133
72.7986816666667	570516728.513672
72.82985	571018837.09668
72.8627	538075851.378906
72.8952816666667	608013651.655273
72.9278583333333	486971768.761719
72.9607933333333	482671421.90625
72.9938383333333	496262789.039063
73.02596	512126077.307617
73.0599316666667	565054230.085938
73.0931733333333	469061667.394531
73.1246583333333	579933105.583008
73.1562566666667	657602958.969727
73.1878033333333	692497963.357422
73.2186083333333	716564989.291016
73.25067	772067490.513672
73.282885	567992906.779297
73.3152783333333	582136552.083008
73.348575	504011319.513672
73.3828716666667	534149825.405273
73.4152816666667	527772766.305664
73.44846	426001656.197266
73.4823666666667	355334930.105469
73.5149683333333	358140538.795898
73.548365	384370053.916016
73.5798466666667	280284688.706055
73.6144983333333	470445996.242188
73.6459816666667	454938860.537109
73.6776516666667	466379871.595703
73.7086316666667	318211817.067383
73.7415083333333	351827226.87207
73.774035	396461099.948242
73.8055533333333	411415956.665039
73.8373516666667	529167462.513672
73.8687983333333	509950251.969727
73.9001366666667	539221813.133789
73.9315483333333	731207710.696289
73.9630983333333	535426034.849609
73.9955133333333	840313346.464844
74.0263533333333	587637350.888672
74.058175	754646890.470703
74.08956	399184681.683594
74.1218	468792155.464844
74.154025	359445584.625
74.1865366666667	531936907.330078
74.2185233333333	369671139.428711
74.25097	433009284.328125
74.28273	608635857.796875
74.3147983333333	481199049.264648
74.3477	455902133.074219
74.3816966666667	383210703.896484
74.4154166666667	508864622.693359
74.44642	609809128.479492
74.4783183333333	552915864.925781
74.5093466666667	354193213.741211
74.5408916666667	461084787.839844
74.57247	434949864.099609
74.6039866666667	429953713.217773
74.6354266666667	472484388.861328
74.6678583333333	526050246.810547
74.6989683333333	383086370.837891
74.7318533333333	424561543.842773
74.7632683333333	452385640.758789
74.7940733333333	274918650.734375
74.8272733333333	234554810.281738
74.86101	311835457.235352
74.8925516666667	320354791.631836
74.9252266666667	270711983.728027
74.9586816666667	280645150.542969
74.9927166666667	324930411.60791
75.0267266666667	462521035.275391
75.05976	490332540.6875
75.0922866666667	609144291.664063
75.1266966666667	745678780.488281
75.16	577554178.881836
75.1936283333333	692550621.193359
75.2243483333333	587798334.3125
75.25793	601216292.867188
75.289125	607195683.083984
75.32173	640299182.102539
75.3541716666667	541667134.841797
75.3879116666667	428140132.56543
75.421525	387814818.709961
75.453325	423571650.360352
75.4848933333333	380663812.166992
75.51775	383127118.146484
75.5522016666667	326538886.211914
75.586435	351098440.441406
75.6199866666667	310937610.162109
75.6538383333333	343458848.243164
75.68941	364646146.165039
75.723695	440658473.678711
75.7552366666667	473666759.380859
75.78895	367271122.270508
75.8242233333333	242550279.182129
75.8594883333333	273565673.573242
75.8943866666667	375320966.165039
75.9281666666667	339028727.318359
75.9619566666667	313726284.438477
75.99671	335557917.798828
76.03006	256113433.444336
76.0642733333333	314325876.911133
76.0976016666667	248319427.123535
76.1324866666667	231531089.189941
76.1668533333333	249324610.986328
76.2006966666667	186147459.32959
76.2357083333333	172793823.097168
76.2694033333333	163761832.596191
76.3040316666667	159763274.888184
76.3392916666667	158148118.388184
76.37627	172081142.09082
76.4106466666667	214342235.560547
76.445125	245098737.806152
76.477725	226736787.977051
76.5113016666667	232937134.502441
76.54407	233244431.688965
76.5760266666667	279755597.764648
76.610075	239358353.446289
76.6419916666667	235876540.581543
76.6732683333333	206698487.686523
76.70831	233806545.247559
76.74085	271246253.346191
76.77181	275797995.989258
76.8036383333333	249419843.65625
76.8357666666667	213551822.67041
76.8675033333333	155003771.133301
76.8998033333333	180428755.171387
76.9345783333333	240996807.197266
76.968005	153077927.296875
77.0035683333333	182263594.430176
77.03935	190850251.084961
77.071775	142001852.766602
77.1069033333333	165008950.764648
77.1418766666667	238631514.166992
77.176785	243608586.591309
77.2110083333333	185974085.672363
77.2460966666667	285696455.383789
77.2790683333333	292328647.754883
77.3123533333333	414892739.12793
77.3451483333333	245515349.739258
77.3799216666667	311107605.935547
77.413745	325066295.426758
77.4459683333333	199438871.370117
77.4794766666667	203303655.522949
77.51171	245985962.509766
77.5445933333333	231338963.00293
77.577865	254339144.674805
77.6118116666667	264508994.09375
77.6455716666667	253615514.224121
77.6789383333333	216616482.950684
77.7141566666667	220383220.378418
77.74777	257411832.816895
77.7799083333333	359098234.849609
77.8125616666667	351878396.829102
77.8444833333333	305956062.53418
77.8770483333333	303734842.447266
77.90988	401711137.321289
77.9430266666667	390779239.701172
77.975505	437883421.716797
78.008005	479940132.131836
78.0408733333333	360352195.386719
78.0752983333333	367154474.211914
78.1098716666667	384797629.929688
78.1426233333333	358249986.179688
78.17554	273708104.432129
78.2105733333333	275590628.22168
78.2436866666667	229520011.421875
78.2802383333333	246797701.825684
78.3162183333333	273855581.262207
78.3507666666667	168645812.358887
78.3858533333333	163823415.558105
78.42152	167040234.091797
78.4551683333333	208351552.188965
78.488395	222020196.036621
78.5223016666667	250910492.645508
78.557275	266586608.760254
78.5911633333333	326695710.463867
78.62414	392643500.054688
78.6572916666667	263547436.338867
78.693695	319016263.269531
78.726685	306584880.46875
78.7603583333333	205147789.635742
78.7950616666667	215652695.736328
78.83161	186264467.795898
78.866535	184474242.96875
78.902695	153146734.188477
78.9391666666667	133146885.718262
78.97528	240858558.873535
79.0067816666667	191068274.730957
79.042015	194591009.949707
79.07605	233635559.395996
79.111715	216144193.123047
79.1463983333333	234569435.365723
79.18185	221465108.685547
79.2177183333333	228138221.612793
79.25282	194576426.550293
79.2877633333333	206931446.967285
79.321645	189880976.802734
79.3568433333333	220947405.865234
79.3922366666667	184848847.600586
79.4257766666667	186834212.229004
79.4617183333333	207462347.864746
79.4949116666667	201946104.976074
79.5302566666667	205325549.980469
79.5639316666667	241214892.804688
79.5992966666667	167423956.601563
79.6327916666667	172278643.762939
79.6678216666667	224918532.473633
79.7039416666667	216574661.746582
79.73793	216375997.128418
79.7721366666667	215576497.729004
79.80913	228431004.21875
79.8419516666667	185864500.029297
79.87291	241913371.378906
79.9083766666667	290166930.443359
79.9423933333333	199176563.067871
79.977625	267784791.507813
80.0126216666667	195879776.052246
80.0470333333333	253648087.089844
80.0801566666667	198655557.325684
80.11489	187671942.186523
80.149765	202962563.137695
80.1837283333333	256363010.811523
80.2178	172059316.719238
80.2535616666667	144285702.059082
80.2874533333333	156033846.236816
80.32381	167184864.339355
80.3545716666667	165422258.741699
80.390085	109572393.40332
80.4249366666667	126819975.243164
80.4604133333333	150072270.062988
80.4934966666667	165585830.633789
80.52735	220128814.484863
80.5598583333333	163357774.979492
80.594005	226967703.399902
80.6271266666667	202845328.591797
80.6605066666667	204539945.025879
80.693545	289890446.524414
80.7272066666667	238311899.108887
80.7606966666667	241680119.474121
80.7946116666667	253775228.072754
80.827735	224872881.334961
80.86152	206879876.30127
80.895365	214506302.572266
80.9294116666667	171350238.086426
80.9634183333333	212852071.807129
80.9974283333333	248552716.73584
81.0336216666667	186102164.315186
81.067365	247916379.908203
81.0999166666667	291783740.932129
81.1334383333333	409442352.3125
81.1655133333333	331223632.857422
81.19959	226524332.510254
81.2337983333333	314415875.796387
81.2684616666667	215576409.85791
81.3027133333333	193265907.11377
81.336755	221717143.526855
81.369365	305510774.168945
81.4009466666667	320387473.15332
81.43203	234654847.207031
81.4643733333333	285052320.71875
81.4981383333333	238483168.405273
81.5311366666667	233317802.512207
81.5647433333333	238755551.791504
81.597765	207174433.548828
81.63202	179188268.511719
81.666975	171309102.407227
81.7013133333333	161938562.009766
81.73548	187653691.14209
81.769805	140090435.530029
81.8045433333333	141034153.81543
81.8380083333333	218551691.793457
81.8703533333333	176541826.847656
81.904475	201315182.560547
81.9377566666667	239709801.134277
81.9699166666667	258684879.495605
82.00245	278008913.807129
82.0347133333333	314589805.15625
82.066	309298683.683594
82.0989433333333	277020452.075195
82.13191	319667551.087891
82.164055	282446797.039063
82.1954833333333	258972352.860352
82.2292516666667	337034848.428711
82.2609116666667	333216466.476563
82.2937666666667	371389912.695313
82.32527	309717845.578613
82.3570633333333	328757235.322266
82.3880166666667	282420022.76709
82.4198316666667	233965039.143555
82.4526116666667	294399697.496094
82.4849016666667	426910969.264648
82.51615	346550081.31543
82.54785	350042390.4375
82.5803833333333	341662404.726563
82.61183	290431667.016602
82.6447133333333	435869030.09375
82.6760416666667	554850383.555664
82.7072316666667	446546262.5
82.738865	405207414.548828
82.7711916666667	347340164.314453
82.8026933333333	315504298.866211
82.8328733333333	455037925.120117
82.863205	287555679.421875
82.89516	326994881.37207
82.9265516666667	424546881.544922
82.9582016666667	423544501.22168
82.9899783333333	219698233.902832
83.02344	284020706.692383
83.0545133333333	239621554.664551
83.0873183333333	342214119.332031
83.1194633333333	384045841.21875
83.1525616666667	501207597.699219
83.1861233333333	494724358.216797
83.2192416666667	467173736.841797
83.254	409263309.4375
83.2892533333333	342434249.561523
83.3243866666667	486884953.073242
83.35633	361697566.244141
83.3888883333333	489323036.141602
83.4211666666667	460326955.65625
83.454655	476943095.147461
83.4878933333333	334530734.441406
83.522175	365808297.660156
83.5543266666667	381737623.771484
83.5858816666667	287009815.65332
83.6202966666667	222433251.268066
83.65475	225539816.342773
83.6883033333333	195697316.259277
83.7226833333333	241250887.922363
83.7555166666667	236938586.752441
83.78962	196089404.436523
83.8246216666667	219126551.006836
83.859765	213197101.033203
83.8944533333333	174961291.832031
83.93036	133861659.172363
83.96645	153962234.258301
83.999965	138974411.841064
84.0353416666667	125269030.368408
84.070305	120992588.111328
84.1050916666667	169749488.137207
84.14024	179536155.17334
84.1742083333333	115183887.551514
84.2111766666667	158538244.876465
84.245875	148117931.848633
84.2800733333333	133433490.268311
84.3131883333333	135821703.630127
84.3486783333333	167206055.048828
84.3812383333333	146854943.68335
84.41635	174842315.244629
84.451	206450343.032715
84.486555	123168324.305176
84.5221266666667	134666797.174561
84.556925	131322353.793457
84.5933133333333	124577536.005371
84.6252533333333	219131186.050293
84.6577383333333	159475868.760498
84.6909683333333	150093420.710205
84.72532	134816067.022949
84.75922	213294655.181641
84.7946383333333	168258344.005859
84.829855	167933630.751953
84.866385	202424752.291992
84.899095	160589017.314941
84.9349233333333	175154634.381348
84.9693666666667	102351130.902588
85.0045733333333	95050388.3476563
85.03931	100613573.636963
85.0744516666667	88516926.9106445
85.1114266666667	224443951.825195
85.1442216666667	156312937.111328
85.1783966666667	159103988.333008
85.2131183333333	142905137.016357
85.2494483333333	180072880.873779
85.286055	192512065.800293
85.3189533333333	231399564.982422
85.3512916666667	197117527.280273
85.3848483333333	201340560.520508
85.4193016666667	266012977.801758
85.4526283333333	163462169.362305
85.4862083333333	173189292.371582
85.5200066666667	159996432.284668
85.5534133333333	125792275.681152
85.58829	141330102.595947
85.6250883333333	112879743.121338
85.6598383333333	127568716.611572
85.6966483333333	127575684.759277
85.7305816666667	157546528.469482
85.7656416666667	162214896.198242
85.8004883333333	129310116.33252
85.83507	110570731.532227
85.871595	126687258.486572
85.9076016666667	122812424.022949
85.9425833333333	92834184.0402832
85.9783383333333	169583197.90918
86.0128433333333	133214228.978027
86.0476316666667	99471727.7592773
86.083765	80763059.677002
86.119085	86640122.7617188
86.1558566666667	55693545.145752
86.19305	76898399.40271
86.229705	74382190.9163818
86.2671933333333	63834178.0349121
86.3035133333333	55599972.435791
86.3408733333333	72056631.0351563
86.3780133333333	44743805.5736084
86.4145666666667	56991184.506958
86.452105	57337272.2200928
86.48884	65821010.2050781
86.52421	74720295.4989014
86.5600933333333	75148558.2087402
86.597205	76256646.3756104
86.6334433333333	111370623.845947
86.6691683333333	104053371.973633
86.7062016666667	70902422.03125
86.7422483333333	77527631.2971191
86.7789033333333	66742627.9838867
86.8144916666667	57590465.7810059
86.8523233333333	69184669.3737793
86.8888233333333	58333287.7077637
86.9254416666667	33166982.9602661
86.9629916666667	70856157.8879395
86.999435	86415640.6142578
87.0366583333333	70415955.4875488
87.0710916666667	55679313.4060059
87.1088616666667	62042540.7137451
87.1450883333333	98876980.7058105
87.1802933333333	89723571.3225098
87.215625	82294477.0357666
87.25274	78245426.2463379
87.2894433333333	71086812.9562988
87.325975	48518956.8546143
87.3635733333333	38203854.6662598
87.4010066666667	40281557.3338623
87.438535	37693200.8927002
87.47585	34095247.7171631
87.5131933333333	25568789.5507813
87.5512183333333	33018188.0222168
87.5882816666667	44708916.1281738
87.6259866666667	44356302.9755859
87.6628516666667	52424312.9295654
87.6996683333333	42198265.9575195
87.7366766666667	37386297.5635986
87.7741566666667	57525884.5710449
87.8111933333333	41309023.12854
87.84721	55985572.5552979
87.8848533333333	36095950.9455566
87.921895	32144450.7791748
87.9590883333333	25425242.7045288
87.9966733333333	26376025.3931274
88.0339433333333	32242043.9481201
88.0717583333333	40235052.2099609
88.1068233333333	36004107.8904419
88.1440283333333	26791680.5205688
88.1816866666667	50120181.8554688
88.21887	32106587.1955566
88.2562166666667	27077444.6071167
88.2936783333333	32589554.1500244
88.3307316666667	42109825.6656494
88.3676	37814101.9173584
88.404855	29555909.5771484
88.4415566666667	37866977.8210449
88.4787066666667	44287484.9763184
88.51538	36063046.4558105
88.552545	32702480.031189
88.5896766666667	31489811.5685425
88.6278983333333	43950191.2826538
88.66579	34087262.7468872
88.70391	32840375.6882324
88.7415416666667	33313376.4692383
88.7788733333333	26453030.9592896
88.8163533333333	33067356.2026367
88.8543966666667	24677278.6398926
88.8922633333333	27492270.1184082
88.9303216666667	34371512.5970459
88.9677866666667	22011281.4078979
89.005045	32190911.1729736
89.0418316666667	26946080.7163696
89.0796266666667	24129281.5091553
89.1166383333333	36556060.8474121
89.1542383333333	34970002.0919189
89.1912133333333	37628591.5317383
89.228845	26276118.0704346
89.2660566666667	23489815.4202881
89.3034866666667	23986958.8490601
89.3397416666667	34143025.8884277
89.375495	30793948.2709961
89.41259	37709416.145874
89.4495966666667	29348096.4481201
89.4864833333333	29447400.1400146
89.52398	24026563.8996582
89.56189	25711631.5776978
89.5996033333333	26238227.6203003
89.6373216666667	21739214.8294067
89.6743933333333	19478604.4314575
89.7115783333333	29542725.7728271
89.7486883333333	29987903.7911377
89.78633	22410870.0419922
89.8227233333333	26350132.4624023
89.8588	21441886.8948364
89.895715	25878101.9213257
89.9326466666667	28069829.2296143
89.9699366666667	28823290.3746338
90.0064966666667	15805332.8519897
90.0437933333333	17452692.6611938
90.081475	13315648.4587097
90.1191116666667	20351037.0820923
90.1560166666667	11281703.3846741
90.193315	16505940.8562012
90.2305033333333	15769429.0031738
90.2681316666667	22911134.5376587
90.3051683333333	17361094.0999756
90.34209	23724016.7578735
90.3789183333333	27507066.0861816
90.4166383333333	20226012.7696533
90.4538633333333	19414835.3416748
90.4917216666667	13840881.3337097
90.5296633333333	21513939.6517944
90.56658	15650182.1060791
90.604415	11167228.9432678
90.6404983333333	16135772.189209
90.6768666666667	19605763.7878418
90.7132633333333	22121469.5211792
90.749905	17530160.166687
90.7866	19627445.3137817
90.82347	16669976.0340576
90.8607866666667	16429252.2485962
90.8979	22254930.4472656
90.9347216666667	19145217.8662109
90.971135	24177047.2266846
91.0080483333333	18541416.090332
91.0459816666667	17908240.2340698
91.0830216666667	14857398.6290283
91.1206883333333	19473898.4434204
91.1582083333333	17752944.0339355
91.19544	20018331.831604
91.233315	19722545.6071777
91.27037	14217883.8647461
91.308025	22631532.9663086
91.3444833333333	23657914.5922241
91.3811383333333	13961465.4668579
91.41819	16102022.5004883
91.45464	22464020.4016724
91.4917066666667	21343999.2554321
91.5286	18237297.9127197
91.5656583333333	13426567.1343384
91.6033316666667	14431338.0341797
91.6401016666667	17492741.994873
91.6768566666667	13512584.2579956
91.7130666666667	18160012.1501465
91.7493116666667	16862573.2387695
91.786255	15230342.1889648
91.8225016666667	13442707.1159058
91.86018	11170194.0535278
91.8976816666667	15134765.2636719
91.9349033333333	7819074.72944641
91.973455	11635540.2823181
92.0115633333333	14706033.8191528
92.04841	14465779.8704224
92.0853533333333	19302924.4327393
92.1222483333333	13081710.0666504
92.1602666666667	21478020.0062256
92.1973733333333	15424995.6739502
92.234185	13811066.4674072
92.2716683333333	17554237.9072876
92.3077566666667	17599376.1533813
92.344825	14063549.3149414
92.3811683333333	13056358.2674255
92.4188383333333	14900251.055542
92.45663	11926746.6984863
92.4934783333333	11616576.4718323
92.5313083333333	12364239.2276611
92.5688666666667	14064244.5872803
92.6059966666667	12455245.9212341
92.643245	16608949.7471313
92.680985	11091290.7644043
92.7172516666667	14366519.0023499
92.7536533333333	11991475.7562256
92.7911566666667	12981104.8626404
92.8282733333333	14489857.2331543
92.86467	14820329.8591309
92.90051	14046422.9624634
92.93753	15530225.086853
92.9753333333333	20137272.5459595
93.012505	14817691.5828247
93.0503316666667	12176876.7575684
93.0882283333333	10679533.529541
93.1257283333333	11732891.2606812
93.16197	13355635.9688721
93.19903	10599108.3162842
93.2361066666667	9396564.02990723
93.2737933333333	8945833.53726196
93.3121716666667	11419478.7282715
93.3487983333333	11136503.5247192
93.3868566666667	16585623.4873657
93.422885	13269995.7930908
93.4602216666667	18081371.510498
93.4978416666667	14393479.1391602
93.5343916666667	16291624.8994751
93.5712866666667	14898375.6930542
93.60845	19759969.0092773
93.6451683333333	7857774.78805542
93.681925	15108368.2554932
93.7187716666667	12131631.3764648
93.7562266666667	10642061.2980347
93.792965	8127099.31802368
93.8305483333333	10114006.5972595
93.8674416666667	8945615.14907837
93.9054366666667	14640855.4758301
93.9424083333333	15786426.5584106
93.9791	12570788.928009
94.0170133333333	14988318.7206421
94.053425	20058516.8258667
94.0892433333333	11725656.3177795
94.12677	15224029.3459167
94.1641266666667	11823034.8537292
94.20145	16094589.8383789
94.2385183333333	16244902.3110962
94.2747533333333	12806279.0683594
94.312575	9725789.29980469
94.3486866666667	9037358.81176758
94.3857366666667	14805141.1760254
94.42405	8044337.43887329
94.4611733333333	6834681.83117676
94.49851	11768226.3060303
94.5357833333333	12290892.7267456
94.5720566666667	10728749.8566284
94.608445	9034597.27920532
94.6456433333333	12768237.9378052
94.6829816666667	10545234.3110962
94.719825	7937715.72097778
94.7562	11619223.1800232
94.793185	11667036.0259399
94.8310083333333	11936813.7969971
94.86837	12052576.0031433
94.9054516666667	8395207.18414307
94.9428383333333	6780901.55163574
94.979675	9821863.80456543
95.0161516666667	6609468.04608154
95.053885	9716413.24911499
95.0918416666667	7631227.07067871
95.13048	6456270.21589661
95.1683083333333	7996862.45388794
95.2042733333333	9969020.57403564
95.241335	9164660.48822021
95.27962	8911112.94418335
95.3170766666667	13046882.2708435
95.3542616666667	12265474.29245
95.3916866666667	12631062.7319946
95.4284233333333	11764181.481842
95.46431	11197508.1522827
95.4999483333333	8320391.65081787
95.5371116666667	10783469.5767822
95.5747483333333	9287949.12921143
95.6107433333333	6881943.00250244
95.6475966666667	9302765.14508057
95.6852466666667	5798622.05635071
95.7205766666667	11299832.1654358
95.7579433333333	9160331.94802856
95.7937433333333	10557082.3371582
95.8303183333333	15579107.2927856
95.8663033333333	12122086.9280396
95.903145	11281715.9721069
95.9400433333333	16529902.2335205
95.9770233333333	13113184.2949829
96.0133733333333	13923095.513916
96.04995	12400283.5297852
96.08729	7570064.47254944
96.12572	10207746.0108032
96.1634316666667	12128443.7210083
96.1999983333333	9379413.73510742
96.2355416666667	7428747.7338562
96.27345	6546681.72569275
96.3117583333333	8840021.02816772
96.3492366666667	9458768.5484314
96.386455	7719691.65304565
96.4240183333333	13652187.6708984
96.46019	7872412.39932251
96.496965	9737665.26715088
96.5337116666667	8364993.84924316
96.570105	12147928.6735229
96.6066533333333	7320809.05670166
96.6437466666667	10540931.4551086
96.67947	8268388.3977356
96.7175816666667	6397515.30093384
96.756745	10102558.6036987
96.79384	4894563.90115356
96.8324333333333	8809827.80187988
96.8696483333333	7826353.67663574
96.9057066666667	8509603.4274292
96.941925	6328680.01638794
96.97929	8836728.50595093
97.0153316666667	8342949.64358521
97.05157	6927285.40701294
97.0893066666667	9292469.55767822
97.12713	12302229.6746826
97.1643983333333	6359842.00546265
97.2018566666667	7226158.92718506
97.2392416666667	9389743.025177
97.2739	9768754.03146362
97.3111933333333	10643245.0948486
97.3485516666667	11495782.4854736
97.38589	7309172.02697754
97.4225833333333	9962165.62750244
97.4583316666667	6176882.84655762
97.4949333333333	4851772.37335205
97.532125	9714034.8248291
97.568795	9237388.25054932
97.6050533333333	8107764.70425415
97.6424016666667	12083290.6009521
97.6792866666667	8752684.14395142
97.7163166666667	8715148.57635498
97.7538483333333	10896785.7231445
97.7909216666667	7843535.61712646
97.8269583333333	7008053.97497559
97.864875	8472830.25939941
97.9026683333333	11441779.8184204
97.9389316666667	5907892.87442017
97.975515	9885808.92398071
98.0119166666667	8187635.47158813
98.0490916666667	6496020.38955688
98.0860083333333	10092836.0207825
98.12303	8610045.43521118
98.160265	8474503.4052124
98.1966933333333	6490555.89819336
98.2334833333333	8745542.99139404
98.27034	9019854.51004028
98.3058933333333	9288707.80505371
98.3431933333333	8631068.24450684
98.3807466666667	5907366.83450317
98.4188383333333	7173825.8114624
98.4554066666667	6792681.27816772
98.4926133333333	8399297.22772217
98.5296	5775724.2520752
98.565825	6533841.91790771
98.602575	9054710.93005371
98.6399766666667	7398793.50973511
98.67546	9675950.05950928
98.711435	7338547.58630371
98.7487816666667	5446557.27436829
98.7865616666667	7785678.9039917
98.824115	8476523.53311157
98.8612733333333	7138637.49630737
98.89904	10085878.9723816
98.9370633333333	5874323.10844421
98.9741716666667	7393340.65863037
